1607460 1619
1607470 1619
1607480 1621
1607490 1624
1607500 1624
1607510 1625
1607520 1627
1607530 1629
1607540 1629
1607550 1633
1607560 1636
1607570 1636
1607580 1639
1607590 1642
1607600 1642
1607610 1644
1607620 1647
1607630 1647
1607640 1649
1607650 1652
1607660 1655
1607670 1655
1607680 1658
1607690 1659
1607700 1662
1607710 1661
1607720 1659
1607730 1659
1607740 1655
1607750 1648
1607760 1648
1607770 1640
1607780 1627
1607790 1616
1607800 1616
1607810 1610
1607820 1604
1607830 1604
1607840 1599
1607850 1593
1607860 1593
1607870 1588
1607880 1583
1607890 1583
1607900 1576
1607910 1571
1607920 1571
1607930 1567
1607940 1564
1607950 1562
1607960 1562
1607970 1559
1607980 1558
1607990 1558
1608000 1556
1608010 1552
1608020 1552
1608030 1550
1608040 1548
1608050 1548
1608060 1548
1608070 1546
1608080 1544
1608090 1544
1608100 1543
1608110 1541
1608120 1541
1608130 1539
1608140 1536
1608150 1536
1608160 1533
1608170 1528
1608180 1528
1608190 1523
1608200 1518
1608210 1518
1608220 1511
1608230 1504
1608240 1498
1608250 1498
1608260 1494
1608270 1490
1608280 1490
1608290 1486
1608300 1481
1608310 1481
1608320 1474
1608330 1467
1608340 1467
1608350 1461
1608360 1457
1608370 1451
1608380 1451
1608390 1447
1608400 1445
1608410 1445
1608420 1443
1608430 1443
1608440 1443
1608450 1441
1608460 1440
1608470 1440
1608480 1438
1608490 1435
1608500 1431
1608510 1431
1608520 1428
1608530 1426
1608540 1426
1608550 1425
1608560 1422
1608570 1422
1608580 1420
1608590 1416
1608600 1416
1608610 1413
1608620 1409
1608630 1409
1608640 1405
1608650 1403
1608660 1401
1608670 1401
1608680 1398
1608690 1395
1608700 1395
1608710 1392
1608720 1391
1608730 1391
1608740 1387
1608750 1384
1608760 1384
1608770 1381
1608780 1379
1608790 1376
1608800 1376
1608810 1373
1608820 1369
1608830 1369
1608840 1366
1608850 1363
1608860 1363
1608870 1359
1608880 1354
1608890 1354
1608900 1349
1608910 1344
1608920 1340
1608930 1340
1608940 1337
1608950 1333
1608960 1333
1608970 1329
1608980 1326
1608990 1326
1609000 1323
1609010 1320
1609020 1320
1609030 1317
1609040 1314
1609050 1314
1609060 1312
1609070 1310
1609080 1308
1609090 1308
1609100 1306
1609110 1303
1609120 1303
1609130 1300
1609140 1297
1609150 1297
1609160 1293
1609170 1290
1609180 1290
1609190 1286
1609200 1284
1609210 1280
1609220 1280
1609230 1278
1609240 1274
1609250 1274
1609260 1269
1609270 1265
1609280 1265
1609290 1261
1609300 1255
1609310 1255
1609320 1251
1609330 1249
1609340 1249
1609350 1247
1609360 1243
1609370 1240
1609380 1240
1609390 1237
1609400 1234
1609410 1234
1609420 1232
1609430 1230
1609440 1230
1609450 1228
1609460 1226
1609470 1226
1609480 1224
1609490 1223
1609500 1221
1609510 1221
1609520 1220
1609530 1218
1609540 1218
1609550 1215
1609560 1211
1609570 1211
1609580 1208
1609590 1205
1609600 1205
1609610 1204
1609620 1202
1609630 1200
1609640 1200
1609650 1200
1609660 1200
1609670 1200
1609680 1201
1609690 1202
1609700 1202
1609710 1201
1609720 1199
1609730 1199
1609740 1198
1609750 1196
1609760 1196
1609770 1194
1609780 1192
1609790 1190
1609800 1190
1609810 1188
1609820 1185
1609830 1185
1609840 1182
1609850 1178
1609860 1178
1609870 1175
1609880 1173
1609890 1173
1609900 1170
1609910 1167
1609920 1162
1609930 1162
1609940 1159
1609950 1156
1609960 1156
1609970 1153
1609980 1150
1609990 1150
1610000 1148
1610010 1147
1610020 1147
1610030 1146
1610040 1145
1610050 1143
1610060 1143
1610070 1141
1610080 1137
1610090 1137
1610100 1133
1610110 1128
1610120 1128
1610130 1123
1610140 1123
1610150 1123
1610160 1124
1610170 1124
1610180 1124
1610190 1127
1610200 1131
1610210 1135
1610220 1135
1610230 1137
1610240 1137
1610250 1137
1610260 1137
1610270 1138
1610280 1138
1610290 1140
1610300 1145
1610310 1145
1610320 1150
1610330 1153
1610340 1156
1610350 1156
1610360 1160
1610370 1166
1610380 1166
1610390 1172
1610400 1176
1610410 1176
1610420 1182
1610430 1187
1610440 1187
1610450 1193
1610460 1201
1610470 1209
1610480 1209
1610490 1216
1610500 1222
1610510 1222
1610520 1227
1610530 1231
1610540 1231
1610550 1233
1610560 1234
1610570 1234
1610580 1235
1610590 1235
1610600 1235
1610610 1233
1610620 1230
1610630 1228
1610640 1228
1610650 1226
1610660 1222
1610670 1222
1610680 1211
1610690 1196
1610700 1196
1610710 1184
1610720 1175
1610730 1175
1610740 1166
1610750 1158
1610760 1153
1610770 1153
1610780 1148
1610790 1148
1610800 1148
1610810 1151
1610820 1146
1610830 1146
1610840 1139
1610850 1138
1610860 1138
1610870 1139
1610880 1140
1610890 1140
1610900 1142
1610910 1145
1610920 1146
1610930 1146
1610940 1148
1610950 1150
1610960 1150
1610970 1151
1610980 1152
1610990 1152
1611000 1153
1611010 1153
1611020 1153
1611030 1149
1611040 1142
1611050 1134
1611060 1134
1611070 1127
1611080 1124
1611090 1124
1611100 1122
1611110 1118
1611120 1118
1611130 1117
1611140 1115
1611150 1115
1611160 1115
1611170 1114
1611180 1115
1611190 1115
1611200 1116
1611210 1114
1611220 1114
1611230 1111
1611240 1110
1611250 1110
1611260 1108
1611270 1108
1611280 1108
1611290 1105
1611300 1101
1611310 1101
1611320 1099
1611330 1101
1611340 1105
1611350 1105
1611360 1105
1611370 1103
1611380 1103
1611390 1103
1611400 1106
1611410 1106
1611420 1109
1611430 1111
1611440 1111
1611450 1112
1611460 1108
1611470 1103
1611480 1103
1611490 1106
1611500 1115
1611510 1115
1611520 1122
1611530 1128
1611540 1128
1611550 1133
1611560 1137
1611570 1137
1611580 1141
1611590 1145
1611600 1148
1611610 1148
1611620 1151
1611630 1154
1611640 1154
1611650 1157
1611660 1159
1611670 1159
1611680 1161
1611690 1163
1611700 1163
1611710 1164
1611720 1165
1611730 1165
1611740 1165
1611750 1163
1611760 1157
1611770 1157
1611780 1148
1611790 1140
1611800 1140
1611810 1133
1611820 1128
1611830 1128
1611840 1123
1611850 1118
1611860 1118
1611870 1115
1611880 1111
1611890 1108
1611900 1108
1611910 1104
1611920 1100
1611930 1100
1611940 1096
1611950 1092
1611960 1092
1611970 1088
1611980 1083
1611990 1083
1612000 1077
1612010 1073
1612020 1073
1612030 1068
1612040 1064
1612050 1060
1612060 1060
1612070 1056
1612080 1055
1612090 1055
1612100 1055
1612110 1056
1612120 1056
1612130 1057
1612140 1061
1612150 1061
1612160 1065
1612170 1070
1612180 1073
1612190 1073
1612200 1075
1612210 1078
1612220 1078
1612230 1081
1612240 1085
1612250 1085
1612260 1088
1612270 1091
1612280 1091
1612290 1093
1612300 1095
1612310 1097
1612320 1097
1612330 1099
1612340 1100
1612350 1100
1612360 1102
1612370 1104
1612380 1104
1612390 1105
1612400 1105
1612410 1105
1612420 1103
1612430 1097
1612440 1097
1612450 1089
1612460 1081
1612470 1074
1612480 1074
1612490 1068
1612500 1062
1612510 1062
1612520 1056
1612530 1051
1612540 1051
1612550 1047
1612560 1051
1612570 1051
1612580 1053
1612590 1057
1612600 1060
1612610 1060
1612620 1064
1612630 1068
1612640 1068
1612650 1071
1612660 1074
1612670 1074
1612680 1075
1612690 1067
1612700 1067
1612710 1059
1612720 1050
1612730 1041
1612740 1041
1612750 1034
1612760 1031
1612770 1031
1612780 1034
1612790 1038
1612800 1038
1612810 1042
1612820 1045
1612830 1045
1612840 1049
1612850 1055
1612860 1055
1612870 1060
1612880 1064
1612890 1069
1612900 1069
1612910 1074
1612920 1077
1612930 1077
1612940 1079
1612950 1079
1612960 1079
1612970 1079
1612980 1080
1612990 1080
1613000 1081
1613010 1083
1613020 1084
1613030 1084
1613040 1085
1613050 1085
1613060 1085
1613070 1084
1613080 1084
1613090 1084
1613100 1083
1613110 1082
1613120 1082
1613130 1080
1613140 1084
1613150 1093
1613160 1093
1613170 1101
1613180 1106
1613190 1106
1613200 1110
1613210 1114
1613220 1114
1613230 1116
1613240 1118
1613250 1118
1613260 1119
1613270 1117
1613280 1117
1613290 1114
1613300 1111
1613310 1112
1613320 1112
1613330 1117
1613340 1122
1613350 1122
1613360 1128
1613370 1131
1613380 1131
1613390 1132
1613400 1130
1613410 1130
1613420 1130
1613430 1134
1613440 1140
1613450 1140
1613460 1145
1613470 1153
1613480 1153
1613490 1157
1613500 1160
1613510 1160
1613520 1163
1613530 1170
1613540 1170
1613550 1180
1613560 1189
1613570 1189
1613580 1195
1613590 1199
1613600 1201
1613610 1201
1613620 1204
1613630 1205
1613640 1205
1613650 1208
1613660 1207
1613670 1207
1613680 1210
1613690 1213
1613700 1213
1613710 1217
1613720 1221
1613730 1224
1613740 1224
1613750 1227
1613760 1231
1613770 1231
1613780 1234
1613790 1238
1613800 1238
1613810 1241
1613820 1244
1613830 1244
1613840 1248
1613850 1251
1613860 1255
1613870 1255
1613880 1259
1613890 1261
1613900 1261
1613910 1262
1613920 1261
1613930 1261
1613940 1260
1613950 1261
1613960 1261
1613970 1263
1613980 1265
1613990 1265
1614000 1267
1614010 1269
1614020 1270
1614030 1270
1614040 1271
1614050 1272
1614060 1272
1614070 1273
1614080 1273
1614090 1273
1614100 1274
1614110 1275
1614120 1275
1614130 1276
1614140 1277
1614150 1278
1614160 1278
1614170 1280
1614180 1281
1614190 1281
1614200 1283
1614210 1285
1614220 1285
1614230 1287
1614240 1289
1614250 1289
1614260 1291
1614270 1293
1614280 1294
1614290 1294
1614300 1295
1614310 1296
1614320 1296
1614330 1296
1614340 1295
1614350 1295
1614360 1293
1614370 1289
1614380 1289
1614390 1285
1614400 1282
1614410 1282
1614420 1279
1614430 1276
1614440 1274
1614450 1274
1614460 1271
1614470 1270
1614480 1270
1614490 1267
1614500 1266
1614510 1266
1614520 1266
1614530 1265
1614540 1265
1614550 1265
1614560 1264
1614570 1263
1614580 1263
1614590 1264
1614600 1268
1614610 1268
1614620 1268
1614630 1262
1614640 1262
1614650 1264
1614660 1264
1614670 1264
1614680 1263
1614690 1261
1614700 1261
1614710 1257
1614720 1252
1614730 1256
1614740 1256
1614750 1261
1614760 1263
1614770 1263
1614780 1266
1614790 1268
1614800 1268
1614810 1270
1614820 1271
1614830 1271
1614840 1271
1614850 1271
1614860 1275
1614870 1275
1614880 1278
1614890 1281
1614900 1281
1614910 1284
1614920 1288
1614930 1288
1614940 1292
1614950 1296
1614960 1296
1614970 1300
1614980 1304
1614990 1308
1615000 1308
1615010 1311
1615020 1316
1615030 1316
1615040 1320
1615050 1324
1615060 1324
1615070 1327
1615080 1330
1615090 1330
1615100 1335
1615110 1340
1615120 1340
1615130 1343
1615140 1347
1615150 1350
1615160 1350
1615170 1354
1615180 1357
1615190 1357
1615200 1359
1615210 1362
1615220 1362
1615230 1364
1615240 1365
1615250 1365
1615260 1366
1615270 1367
1615280 1368
1615290 1368
1615300 1368
1615310 1370
1615320 1370
1615330 1371
1615340 1373
1615350 1373
1615360 1374
1615370 1376
1615380 1376
1615390 1378
1615400 1381
1615410 1383
1615420 1383
1615430 1383
1615440 1384
1615450 1384
1615460 1386
1615470 1388
1615480 1388
1615490 1390
1615500 1390
1615510 1390
1615520 1391
1615530 1390
1615540 1390
1615550 1392
1615560 1394
1615570 1394
1615580 1394
1615590 1392
1615600 1394
1615610 1394
1615620 1396
1615630 1399
1615640 1399
1615650 1399
1615660 1398
1615670 1398
1615680 1398
1615690 1399
1615700 1403
1615710 1403
1615720 1407
1615730 1411
1615740 1411
1615750 1413
1615760 1414
1615770 1414
1615780 1416
1615790 1418
1615800 1418
1615810 1420
1615820 1424
1615830 1427
1615840 1427
1615850 1428
1615860 1430
1615870 1430
1615880 1433
1615890 1436
1615900 1436
1615910 1440
1615920 1441
1615930 1441
1615940 1442
1615950 1444
1615960 1444
1615970 1447
1615980 1452
1615990 1457
1616000 1457
1616010 1462
1616020 1466
1616030 1466
1616040 1468
1616050 1468
1616060 1468
1616070 1467
1616080 1467
1616090 1467
1616100 1466
1616110 1467
1616120 1472
1616130 1472
1616140 1479
1616150 1487
1616160 1487
1616170 1494
1616180 1502
1616190 1502
1616200 1512
1616210 1525
1616220 1525
1616230 1539
1616240 1553
1616250 1553
1616260 1559
1616270 1561
1616280 1568
1616290 1568
1616300 1580
1616310 1588
1616320 1588
1616330 1596
1616340 1600
1616350 1600
1616360 1604
1616370 1611
1616380 1611
1616390 1617
1616400 1620
1616410 1624
1616420 1624
1616430 1630
1616440 1637
1616450 1637
1616460 1643
1616470 1647
1616480 1647
1616490 1651
1616500 1655
1616510 1655
1616520 1659
1616530 1662
1616540 1659
1616550 1659
1616560 1663
1616570 1665
1616580 1665
1616590 1667
1616600 1667
1616610 1667
1616620 1664
1616630 1658
1616640 1658
1616650 1653
1616660 1648
1616670 1648
1616680 1643
1616690 1639
1616700 1633
1616710 1633
1616720 1626
1616730 1616
1616740 1616
1616750 1608
1616760 1602
1616770 1602
1616780 1597
1616790 1590
1616800 1590
1616810 1584
1616820 1577
1616830 1570
1616840 1570
1616850 1563
1616860 1558
1616870 1558
1616880 1554
1616890 1549
1616900 1549
1616910 1542
1616920 1538
1616930 1538
1616940 1532
1616950 1526
1616960 1519
1616970 1519
1616980 1512
1616990 1504
1617000 1504
1617010 1498
1617020 1494
1617030 1494
1617040 1492
1617050 1490
1617060 1490
1617070 1487
1617080 1483
1617090 1483
1617100 1476
1617110 1470
1617120 1464
1617130 1464
1617140 1458
1617150 1453
1617160 1453
1617170 1447
1617180 1441
1617190 1441
1617200 1435
1617210 1430
1617220 1430
1617230 1426
1617240 1421
1617250 1417
1617260 1417
1617270 1413
1617280 1407
1617290 1407
1617300 1402
1617310 1397
1617320 1397
1617330 1392
1617340 1387
1617350 1387
1617360 1383
1617370 1378
1617380 1378
1617390 1373
1617400 1370
1617410 1367
1617420 1367
1617430 1364
1617440 1361
1617450 1361
1617460 1357
1617470 1355
1617480 1355
1617490 1349
1617500 1346
1617510 1346
1617520 1342
1617530 1338
1617540 1334
1617550 1334
1617560 1330
1617570 1325
1617580 1325
1617590 1321
1617600 1317
1617610 1317
1617620 1314
1617630 1310
1617640 1310
1617650 1308
1617660 1306
1617670 1303
1617680 1303
1617690 1299
1617700 1295
1617710 1295
1617720 1290
1617730 1286
1617740 1286
1617750 1281
1617760 1277
1617770 1277
1617780 1273
1617790 1271
1617800 1271
1617810 1268
1617820 1264
1617830 1259
1617840 1259
1617850 1255
1617860 1251
1617870 1251
1617880 1248
1617890 1243
1617900 1243
1617910 1238
1617920 1234
1617930 1234
1617940 1231
1617950 1227
1617960 1225
1617970 1225
1617980 1221
1617990 1218
1618000 1218
1618010 1215
1618020 1211
1618030 1211
1618040 1206
1618050 1201
1618060 1201
1618070 1197
1618080 1193
1618090 1191
1618100 1191
1618110 1189
1618120 1187
1618130 1187
1618140 1183
1618150 1181
1618160 1181
1618170 1177
1618180 1173
1618190 1173
1618200 1169
1618210 1166
1618220 1166
1618230 1162
1618240 1158
1618250 1154
1618260 1154
1618270 1149
1618280 1144
1618290 1144
1618300 1139
1618310 1134
1618320 1134
1618330 1130
1618340 1125
1618350 1125
1618360 1123
1618370 1121
1618380 1119
1618390 1119
1618400 1117
1618410 1115
1618420 1118
1618430 1116
1618440 1113
1618450 1113
1618460 1109
1618470 1106
1618480 1106
1618490 1103
1618500 1099
1618510 1099
1618520 1095
1618530 1091
1618540 1084
1618550 1084
1618560 1077
1618570 1069
1618580 1069
1618590 1064
1618600 1055
1618610 1055
1618620 1050
1618630 1052
1618640 1052
1618650 1053
1618660 1048
1618670 1042
1618680 1042
1618690 1041
1618700 1040
1618710 1040
1618720 1036
1618730 1035
1618740 1035
1618750 1034
1618760 1033
1618770 1033
1618780 1031
1618790 1028
1618800 1025
1618810 1025
1618820 1027
1618830 1028
1618840 1028
1618850 1028
1618860 1025
1618870 1025
1618880 1023
1618890 1023
1618900 1023
1618910 1022
1618920 1020
1618930 1020
1618940 1017
1618950 1013
1618960 1009
1618970 1009
1618980 1008
1618990 1008
1619000 1008
1619010 1007
1619020 1006
1619030 1006
1619040 1005
1619050 1004
1619060 1004
1619070 1003
1619080 1002
1619090 1003
1619100 1003
1619110 1005
1619120 1008
1619130 1008
1619140 1010
1619150 1012
1619160 1012
1619170 1014
1619180 1011
1619190 1011
1619200 1004
1619210 996
1619220 989
1619230 989
1619240 982
1619250 975
1619260 975
1619270 970
1619280 965
1619290 965
1619300 962
1619310 958
1619320 958
1619330 954
1619340 948
1619350 948
1619360 943
1619370 938
1619380 932
1619390 932
1619400 927
1619410 924
1619420 924
1619430 919
1619440 915
1619450 915
1619460 912
1619470 907
1619480 907
1619490 899
1619500 891
1619510 884
1619520 884
1619530 876
1619540 869
1619550 869
1619560 862
1619570 855
1619580 855
1619590 848
1619600 844
1619610 844
1619620 839
1619630 834
1619640 834
1619650 833
1619660 835
1619670 837
1619680 837
1619690 841
1619700 847
1619710 847
1619720 852
1619730 856
1619740 856
1619750 860
1619760 863
1619770 863
1619780 864
1619790 869
1619800 875
1619810 875
1619820 881
1619830 888
1619840 888
1619850 894
1619860 900
1619870 900
1619880 907
1619890 914
1619900 914
1619910 922
1619920 933
1619930 944
1619940 944
1619950 954
1619960 960
1619970 960
1619980 965
1619990 969
