1600000 809
1600010 814
1600020 814
1600030 818
1600040 820
1600050 820
1600060 822
1600070 825
1600080 829
1600090 829
1600100 831
1600110 835
1600120 835
1600130 838
1600140 840
1600150 840
1600160 843
1600170 845
1600180 845
1600190 848
1600200 851
1600210 851
1600220 857
1600230 864
1600240 869
1600250 869
1600260 875
1600270 881
1600280 881
1600290 886
1600300 893
1600310 893
1600320 898
1600330 904
1600340 904
1600350 906
1600360 907
1600370 907
1600380 907
1600390 906
1600400 908
1600410 908
1600420 913
1600430 919
1600440 919
1600450 923
1600460 926
1600470 926
1600480 929
1600490 933
1600500 933
1600510 936
1600520 940
1600530 944
1600540 944
1600550 948
1600560 952
1600570 952
1600580 955
1600590 959
1600600 959
1600610 960
1600620 960
1600630 960
1600640 960
1600650 959
1600660 957
1600670 957
1600680 956
1600690 956
1600700 956
1600710 956
1600720 956
1600730 956
1600740 956
1600750 956
1600760 956
1600770 956
1600780 956
1600790 956
1600800 956
1600810 956
1600820 955
1600830 955
1600840 955
1600850 955
1600860 955
1600870 954
1600880 954
1600890 954
1600900 954
1600910 955
1600920 955
1600930 955
1600940 955
1600950 955
1600960 955
1600970 954
1600980 954
1600990 954
1601000 953
1601010 953
1601020 953
1601030 952
1601040 952
1601050 952
1601060 951
1601070 952
1601080 952
1601090 953
1601100 954
1601110 956
1601120 956
1601130 957
1601140 957
1601150 957
1601160 957
1601170 955
1601180 955
1601190 953
1601200 950
1601210 950
1601220 949
1601230 948
1601240 947
1601250 947
1601260 945
1601270 943
1601280 943
1601290 942
1601300 942
1601310 942
1601320 942
1601330 942
1601340 942
1601350 942
1601360 942
1601370 942
1601380 941
1601390 940
1601400 940
1601410 940
1601420 939
1601430 939
1601440 939
1601450 939
1601460 938
1601470 938
1601480 938
1601490 937
1601500 937
1601510 936
1601520 936
1601530 935
1601540 935
1601550 935
1601560 934
1601570 934
1601580 934
1601590 933
1601600 933
1601610 933
1601620 933
1601630 933
1601640 933
1601650 933
1601660 933
1601670 933
1601680 933
1601690 933
1601700 933
1601710 933
1601720 933
1601730 933
1601740 934
1601750 934
1601760 934
1601770 934
1601780 935
1601790 935
1601800 935
1601810 935
1601820 936
1601830 936
1601840 936
1601850 936
1601860 936
1601870 936
1601880 936
1601890 936
1601900 936
1601910 936
1601920 936
1601930 936
1601940 936
1601950 936
1601960 936
1601970 936
1601980 936
1601990 936
1602000 936
1602010 936
1602020 936
1602030 936
1602040 936
1602050 936
1602060 936
1602070 937
1602080 937
1602090 937
1602100 938
1602110 939
1602120 939
1602130 940
1602140 940
1602150 940
1602160 940
1602170 941
1602180 941
1602190 941
1602200 941
1602210 941
1602220 942
1602230 942
1602240 942
1602250 942
1602260 943
1602270 943
1602280 943
1602290 943
1602300 943
1602310 943
1602320 943
1602330 943
1602340 943
1602350 943
1602360 944
1602370 944
1602380 944
1602390 944
1602400 944
1602410 944
1602420 944
1602430 945
1602440 945
1602450 946
1602460 947
1602470 947
1602480 947
1602490 948
1602500 948
1602510 948
1602520 949
1602530 949
1602540 949
1602550 949
1602560 950
1602570 950
1602580 950
1602590 951
1602600 951
1602610 952
1602620 952
1602630 952
1602640 952
1602650 953
1602660 953
1602670 953
1602680 953
1602690 953
1602700 953
1602710 953
1602720 954
1602730 954
1602740 954
1602750 954
1602760 954
1602770 954
1602780 954
1602790 954
1602800 953
1602810 953
1602820 953
1602830 952
1602840 952
1602850 951
1602860 951
1602870 951
1602880 951
1602890 951
1602900 950
1602910 950
1602920 950
1602930 950
1602940 949
1602950 949
1602960 949
1602970 948
1602980 948
1602990 948
1603000 947
1603010 947
1603020 947
1603030 949
1603040 952
1603050 952
1603060 954
1603070 955
1603080 955
1603090 954
1603100 955
1603110 955
1603120 956
1603130 956
1603140 957
1603150 957
1603160 956
1603170 955
1603180 955
1603190 955
1603200 955
1603210 955
1603220 953
1603230 950
1603240 950
1603250 947
1603260 947
1603270 947
1603280 947
1603290 946
1603300 946
1603310 946
1603320 944
1603330 944
1603340 944
1603350 945
1603360 945
1603370 945
1603380 946
1603390 946
1603400 947
1603410 947
1603420 947
1603430 946
1603440 946
1603450 947
1603460 947
1603470 947
1603480 947
1603490 948
1603500 948
1603510 948
1603520 948
1603530 948
1603540 949
1603550 949
1603560 949
1603570 949
1603580 950
1603590 950
1603600 950
1603610 951
1603620 951
1603630 951
1603640 951
1603650 951
1603660 951
1603670 951
1603680 951
1603690 951
1603700 951
1603710 950
1603720 950
1603730 950
1603740 951
1603750 951
1603760 951
1603770 953
1603780 957
1603790 957
1603800 960
1603810 963
1603820 963
1603830 967
1603840 970
1603850 972
1603860 972
1603870 974
1603880 976
1603890 976
1603900 974
1603910 968
1603920 968
1603930 959
1603940 952
1603950 952
1603960 947
1603970 944
1603980 942
1603990 942
1604000 941
1604010 944
1604020 944
1604030 948
1604040 951
1604050 951
1604060 954
1604070 959
1604080 959
1604090 963
1604100 965
1604110 965
1604120 967
1604130 968
1604140 968
1604150 968
1604160 966
1604170 963
1604180 963
1604190 958
1604200 955
1604210 955
1604220 951
1604230 948
1604240 948
1604250 945
1604260 943
1604270 940
1604280 940
1604290 938
1604300 934
1604310 934
1604320 928
1604330 925
1604340 925
1604350 925
1604360 925
1604370 923
1604380 922
1604390 922
1604400 922
1604410 922
1604420 921
1604430 920
1604440 920
1604450 921
1604460 922
1604470 922
1604480 923
1604490 923
1604500 923
1604510 925
1604520 926
1604530 926
1604540 927
1604550 929
1604560 930
1604570 930
1604580 932
1604590 934
1604600 934
1604610 936
1604620 939
1604630 939
1604640 939
1604650 938
1604660 938
1604670 937
1604680 937
1604690 937
1604700 933
1604710 931
1604720 937
1604730 937
1604740 943
1604750 947
1604760 947
1604770 949
1604780 951
1604790 951
1604800 948
1604810 946
1604820 946
1604830 942
1604840 938
1604850 933
1604860 933
1604870 928
1604880 922
1604890 922
1604900 923
1604910 927
1604920 927
1604930 928
1604940 927
1604950 927
1604960 926
1604970 927
1604980 927
1604990 923
1605000 922
1605010 928
1605020 928
1605030 929
1605040 930
1605050 930
1605060 931
1605070 935
1605080 935
1605090 938
1605100 941
1605110 941
1605120 945
1605130 948
1605140 950
1605150 950
1605160 952
1605170 953
1605180 953
1605190 955
1605200 956
1605210 956
1605220 957
1605230 958
1605240 958
1605250 958
1605260 956
1605270 956
1605280 954
1605290 953
1605300 953
1605310 953
1605320 953
1605330 953
1605340 953
1605350 953
1605360 954
1605370 954
1605380 953
1605390 952
1605400 952
1605410 947
1605420 943
1605430 937
1605440 937
1605450 932
1605460 927
1605470 927
1605480 925
1605490 930
1605500 930
1605510 932
1605520 933
1605530 933
1605540 933
1605550 934
1605560 934
1605570 933
1605580 930
1605590 931
1605600 931
1605610 934
1605620 935
1605630 935
1605640 936
1605650 936
1605660 936
1605670 934
1605680 928
1605690 928
1605700 923
1605710 923
1605720 920
1605730 920
1605740 916
1605750 915
1605760 915
1605770 913
1605780 908
1605790 908
1605800 905
1605810 909
1605820 909
1605830 916
1605840 923
1605850 923
1605860 929
1605870 931
1605880 932
1605890 932
1605900 932
1605910 932
1605920 932
1605930 932
1605940 930
1605950 930
1605960 929
1605970 925
1605980 925
1605990 921
1606000 917
1606010 914
1606020 914
1606030 909
1606040 903
1606050 903
1606060 899
1606070 898
1606080 898
1606090 896
1606100 895
1606110 895
1606120 896
1606130 900
1606140 900
1606150 904
1606160 908
1606170 912
1606180 912
1606190 915
1606200 917
1606210 917
1606220 920
1606230 923
1606240 923
1606250 925
1606260 928
1606270 928
1606280 930
1606290 933
1606300 936
1606310 936
1606320 939
1606330 942
1606340 942
1606350 946
1606360 949
1606370 949
1606380 952
1606390 955
1606400 955
1606410 956
1606420 958
1606430 958
1606440 958
1606450 958
1606460 958
1606470 958
1606480 958
1606490 958
1606500 958
1606510 957
1606520 953
1606530 953
1606540 950
1606550 947
1606560 947
1606570 946
1606580 946
1606590 948
1606600 948
1606610 952
1606620 956
1606630 956
1606640 960
1606650 963
1606660 963
1606670 966
1606680 967
1606690 967
1606700 969
1606710 970
1606720 970
1606730 972
1606740 973
1606750 974
1606760 974
1606770 976
1606780 977
1606790 977
1606800 978
1606810 979
1606820 979
1606830 979
1606840 978
1606850 978
1606860 976
1606870 975
1606880 977
1606890 977
1606900 980
1606910 984
1606920 984
1606930 987
1606940 989
1606950 989
1606960 990
1606970 990
1606980 990
1606990 990
1607000 990
1607010 990
1607020 990
1607030 991
1607040 991
1607050 991
1607060 992
1607070 993
1607080 993
1607090 993
1607100 993
1607110 993
1607120 993
1607130 992
1607140 992
1607150 990
1607160 986
1607170 981
1607180 981
1607190 977
1607200 972
1607210 972
1607220 968
1607230 966
1607240 966
1607250 965
1607260 965
1607270 965
1607280 964
1607290 960
1607300 960
1607310 957
1607320 952
1607330 948
1607340 948
1607350 945
1607360 941
1607370 941
1607380 938
1607390 934
1607400 934
1607410 929
1607420 925
1607430 925
1607440 922
1607450 919
1607460 916
1607470 917
1607480 914
1607490 911
1607500 911
1607510 908
1607520 907
1607530 907
1607540 905
1607550 904
1607560 904
1607570 903
1607580 902
1607590 902
1607600 900
1607610 899
1607620 898
1607630 898
1607640 897
1607650 896
1607660 896
1607670 895
1607680 895
1607690 895
1607700 894
1607710 893
1607720 893
1607730 892
1607740 891
1607750 890
1607760 890
1607770 889
1607780 886
1607790 886
1607800 882
1607810 881
1607820 881
1607830 881
1607840 880
1607850 880
1607860 880
1607870 882
1607880 882
1607890 882
1607900 882
1607910 882
1607920 882
1607930 883
1607940 885
1607950 885
1607960 889
1607970 892
1607980 892
1607990 893
1608000 894
1608010 894
1608020 895
1608030 896
1608040 898
1608050 898
1608060 901
1608070 903
1608080 903
1608090 906
1608100 911
1608110 911
1608120 914
1608130 918
1608140 918
1608150 923
1608160 927
1608170 927
1608180 932
1608190 938
1608200 943
1608210 943
1608220 948
1608230 954
1608240 954
1608250 958
1608260 961
1608270 961
1608280 961
1608290 960
1608300 960
1608310 958
1608320 955
1608330 952
1608340 952
1608350 948
1608360 945
1608370 945
1608380 942
1608390 939
1608400 939
1608410 938
1608420 937
1608430 937
1608440 937
1608450 938
1608460 938
1608470 938
1608480 937
1608490 937
1608500 937
1608510 936
1608520 935
1608530 935
1608540 935
1608550 934
1608560 934
1608570 935
1608580 934
1608590 934
1608600 935
1608610 936
1608620 936
1608630 936
1608640 936
1608650 936
1608660 936
1608670 937
1608680 938
1608690 938
1608700 938
1608710 940
1608720 940
1608730 941
1608740 945
1608750 945
1608760 951
1608770 956
1608780 959
1608790 959
1608800 962
1608810 965
1608820 965
1608830 969
1608840 972
1608850 972
1608860 976
1608870 982
1608880 982
1608890 985
1608900 989
1608910 994
1608920 994
1608930 998
1608940 1002
1608950 1002
1608960 1006
1608970 1010
1608980 1010
1608990 1014
1609000 1017
1609010 1017
1609020 1018
1609030 1019
1609040 1019
1609050 1021
1609060 1023
1609070 1026
1609080 1026
1609090 1030
1609100 1033
1609110 1033
1609120 1038
1609130 1043
1609140 1043
1609150 1047
1609160 1051
1609170 1051
1609180 1055
1609190 1058
1609200 1060
1609210 1060
1609220 1063
1609230 1065
1609240 1065
1609250 1066
1609260 1069
1609270 1069
1609280 1072
1609290 1076
1609300 1076
1609310 1080
1609320 1084
1609330 1084
1609340 1088
1609350 1091
1609360 1096
1609370 1096
1609380 1100
1609390 1103
1609400 1103
1609410 1107
1609420 1109
1609430 1109
1609440 1113
1609450 1116
1609460 1116
1609470 1119
1609480 1122
1609490 1120
1609500 1120
1609510 1122
1609520 1122
1609530 1122
1609540 1121
1609550 1120
1609560 1120
1609570 1119
1609580 1118
1609590 1118
1609600 1116
1609610 1116
1609620 1116
1609630 1119
1609640 1124
1609650 1130
1609660 1130
1609670 1135
1609680 1138
1609690 1138
1609700 1142
1609710 1144
1609720 1144
1609730 1146
1609740 1149
1609750 1149
1609760 1152
1609770 1154
1609780 1157
1609790 1157
1609800 1159
1609810 1162
1609820 1162
1609830 1164
1609840 1167
1609850 1167
1609860 1168
1609870 1168
1609880 1168
1609890 1170
1609900 1172
1609910 1174
1609920 1174
1609930 1175
1609940 1177
1609950 1177
1609960 1179
1609970 1182
1609980 1182
1609990 1184
1610000 1185
1610010 1185
1610020 1186
1610030 1187
1610040 1187
1610050 1190
1610060 1194
1610070 1197
1610080 1197
1610090 1201
1610100 1204
1610110 1204
1610120 1206
1610130 1209
1610140 1209
1610150 1211
1610160 1212
1610170 1212
1610180 1213
1610190 1215
1610200 1215
1610210 1215
1610220 1214
1610230 1209
1610240 1209
1610250 1206
1610260 1207
1610270 1207
1610280 1207
1610290 1207
1610300 1207
1610310 1205
1610320 1201
1610330 1201
1610340 1198
1610350 1195
1610360 1191
1610370 1191
1610380 1188
1610390 1185
1610400 1185
1610410 1182
1610420 1178
1610430 1178
1610440 1172
1610450 1166
1610460 1166
1610470 1160
1610480 1154
1610490 1144
1610500 1144
1610510 1138
1610520 1132
1610530 1132
1610540 1126
1610550 1121
1610560 1121
1610570 1117
1610580 1114
1610590 1114
1610600 1110
1610610 1108
1610620 1108
1610630 1106
1610640 1107
1610650 1107
1610660 1107
1610670 1107
1610680 1106
1610690 1106
1610700 1104
1610710 1100
1610720 1100
1610730 1096
1610740 1091
1610750 1091
1610760 1085
1610770 1079
1610780 1073
1610790 1073
1610800 1068
1610810 1062
1610820 1062
1610830 1057
1610840 1053
1610850 1053
1610860 1049
1610870 1046
1610880 1046
1610890 1044
1610900 1040
1610910 1040
1610920 1037
1610930 1036
1610940 1035
1610950 1035
1610960 1033
1610970 1031
1610980 1031
1610990 1031
1611000 1031
1611010 1031
1611020 1031
1611030 1030
1611040 1030
1611050 1032
1611060 1033
1611070 1032
1611080 1032
1611090 1031
1611100 1030
1611110 1030
1611120 1030
1611130 1031
1611140 1031
1611150 1033
1611160 1036
1611170 1036
1611180 1037
1611190 1039
1611200 1039
1611210 1039
1611220 1039
1611230 1039
1611240 1039
1611250 1039
1611260 1037
1611270 1037
1611280 1036
1611290 1033
1611300 1033
1611310 1030
1611320 1025
1611330 1025
1611340 1021
1611350 1017
1611360 1012
1611370 1012
1611380 1006
1611390 999
1611400 999
1611410 996
1611420 992
1611430 992
1611440 985
1611450 980
1611460 980
1611470 974
1611480 969
1611490 969
1611500 964
1611510 960
1611520 954
1611530 954
1611540 947
1611550 939
1611560 939
1611570 932
1611580 925
1611590 925
1611600 919
1611610 914
1611620 914
1611630 908
1611640 904
1611650 902
1611660 902
1611670 900
1611680 897
1611690 897
1611700 894
1611710 892
1611720 892
1611730 886
1611740 881
1611750 881
1611760 875
1611770 870
1611780 870
1611790 865
1611800 860
1611810 856
1611820 856
1611830 852
1611840 848
1611850 848
1611860 845
1611870 842
1611880 842
1611890 839
1611900 837
1611910 837
1611920 835
1611930 833
1611940 831
1611950 831
1611960 830
1611970 828
1611980 828
1611990 825
1612000 820
1612010 820
1612020 814
1612030 808
1612040 808
1612050 802
1612060 797
1612070 797
1612080 792
1612090 788
1612100 784
1612110 784
1612120 781
1612130 778
1612140 778
1612150 776
1612160 775
1612170 775
1612180 774
1612190 773
1612200 773
1612210 772
1612220 772
1612230 771
1612240 771
1612250 771
1612260 771
1612270 771
1612280 770
1612290 770
1612300 770
1612310 774
1612320 773
1612330 773
1612340 769
1612350 766
1612360 766
1612370 765
1612380 765
1612390 764
1612400 764
1612410 763
1612420 762
1612430 762
1612440 761
1612450 760
1612460 760
1612470 767
1612480 769
1612490 769
1612500 773
1612510 778
1612520 782
1612530 782
1612540 787
1612550 790
1612560 790
1612570 789
1612580 786
1612590 786
1612600 780
1612610 773
1612620 773
1612630 770
1612640 772
1612650 772
1612660 773
1612670 775
1612680 780
1612690 780
1612700 784
1612710 786
1612720 786
1612730 788
1612740 788
1612750 788
1612760 789
1612770 789
1612780 789
1612790 790
1612800 791
1612810 792
1612820 792
1612830 793
1612840 793
1612850 793
1612860 794
1612870 794
1612880 794
1612890 792
1612900 789
1612910 789
1612920 785
1612930 780
1612940 780
1612950 774
1612960 768
1612970 773
1612980 773
1612990 782
1613000 788
1613010 788
1613020 794
1613030 798
1613040 798
1613050 803
1613060 803
1613070 803
1613080 800
1613090 793
1613100 786
1613110 786
1613120 788
1613130 795
1613140 795
1613150 800
1613160 804
1613170 804
1613180 808
1613190 811
1613200 811
1613210 815
1613220 818
1613230 818
1613240 819
1613250 821
1613260 822
1613270 822
1613280 822
1613290 822
1613300 822
1613310 822
1613320 821
1613330 821
1613340 818
1613350 815
1613360 815
1613370 815
1613380 815
1613390 813
1613400 813
1613410 809
1613420 801
1613430 801
1613440 789
1613450 786
1613460 786
1613470 784
1613480 782
1613490 782
1613500 782
1613510 783
1613520 783
1613530 784
1613540 784
1613550 784
1613560 784
1613570 783
1613580 783
1613590 783
1613600 782
1613610 782
1613620 782
1613630 783
1613640 782
1613650 782
1613660 781
1613670 780
1613680 781
1613690 781
1613700 782
1613710 782
1613720 782
1613730 783
1613740 783
1613750 783
1613760 781
1613770 776
1613780 776
1613790 768
1613800 761
1613810 761
1613820 755
1613830 752
1613840 752
1613850 752
1613860 757
1613870 761
1613880 761
1613890 764
1613900 767
1613910 767
1613920 767
1613930 770
1613940 770
1613950 776
1613960 777
1613970 779
1613980 779
1613990 783
1614000 786
1614010 786
1614020 789
1614030 792
1614040 792
1614050 794
1614060 794
1614070 794
1614080 791
1614090 785
1614100 785
1614110 778
1614120 773
1614130 775
1614140 775
1614150 778
1614160 779
1614170 779
1614180 779
1614190 778
1614200 778
1614210 776
1614220 772
1614230 772
1614240 768
1614250 760
1614260 751
1614270 751
1614280 746
1614290 743
1614300 743
1614310 742
1614320 749
1614330 749
1614340 753
1614350 757
1614360 757
1614370 763
1614380 769
1614390 769
1614400 774
1614410 782
1614420 787
1614430 787
1614440 792
1614450 797
1614460 797
1614470 801
1614480 805
1614490 805
1614500 807
1614510 806
1614520 806
1614530 805
1614540 803
1614550 802
1614560 802
1614570 801
1614580 800
1614590 800
1614600 799
1614610 797
1614620 797
1614630 795
1614640 793
1614650 793
1614660 790
1614670 788
1614680 788
1614690 786
1614700 784
1614710 782
1614720 782
1614730 781
1614740 781
1614750 781
1614760 780
1614770 780
1614780 780
1614790 780
1614800 779
1614810 779
1614820 779
1614830 778
1614840 776
1614850 776
1614860 768
1614870 759
1614880 759
1614890 751
1614900 745
1614910 745
1614920 738
1614930 732
1614940 732
1614950 731
1614960 729
1614970 729
1614980 728
1614990 725
1615000 720
1615010 720
1615020 715
1615030 710
1615040 710
1615050 704
1615060 699
1615070 699
1615080 695
1615090 694
1615100 694
1615110 695
1615120 694
1615130 693
1615140 693
1615150 691
1615160 690
1615170 690
1615180 686
1615190 683
1615200 683
1615210 681
1615220 681
1615230 681
1615240 681
1615250 681
1615260 681
1615270 682
1615280 682
1615290 682
1615300 682
1615310 682
1615320 679
1615330 679
1615340 676
1615350 677
1615360 677
1615370 678
1615380 678
1615390 678
1615400 678
1615410 678
1615420 678
1615430 678
1615440 679
1615450 682
1615460 682
1615470 685
1615480 687
1615490 687
1615500 693
1615510 697
1615520 697
1615530 701
1615540 705
1615550 705
1615560 710
1615570 711
1615580 713
1615590 713
1615600 714
1615610 714
1615620 714
1615630 714
1615640 716
1615650 716
1615660 717
1615670 717
1615680 717
1615690 717
1615700 716
1615710 715
1615720 715
1615730 711
1615740 709
1615750 709
1615760 714
1615770 718
1615780 718
1615790 720
1615800 722
1615810 722
1615820 725
1615830 725
1615840 725
1615850 725
1615860 727
1615870 729
1615880 729
1615890 732
1615900 733
1615910 733
1615920 736
1615930 738
1615940 738
1615950 741
1615960 744
1615970 744
1615980 748
1615990 751
1616000 754
1616010 754
1616020 756
1616030 758
1616040 758
1616050 759
1616060 759
1616070 759
1616080 757
1616090 751
1616100 751
1616110 742
1616120 734
1616130 730
1616140 730
1616150 729
1616160 722
1616170 722
1616180 713
1616190 709
1616200 709
1616210 714
1616220 721
1616230 721
1616240 726
1616250 728
1616260 728
1616270 732
1616280 735
1616290 734
1616300 734
1616310 731
1616320 726
1616330 722
1616340 717
1616350 713
1616360 713
1616370 711
1616380 718
1616390 718
1616400 725
1616410 732
1616420 738
1616430 738
1616440 742
1616450 746
1616460 746
1616470 749
1616480 753
1616490 753
1616500 756
1616510 758
1616520 758
1616530 762
1616540 765
1616550 765
1616560 767
1616570 769
1616580 769
1616590 769
1616600 765
1616610 758
1616620 758
1616630 748
1616640 736
1616650 736
1616660 728
1616670 723
1616680 723
1616690 728
1616700 739
1616710 747
1616720 747
1616730 749
1616740 747
1616750 747
1616760 747
1616770 748
1616780 748
1616790 750
1616800 751
1616810 751
1616820 753
1616830 756
1616840 756
1616850 757
1616860 759
1616870 760
1616880 760
1616890 759
1616900 754
1616910 754
1616920 748
1616930 742
1616940 742
1616950 735
1616960 737
1616970 737
1616980 743
1616990 748
1617000 753
1617010 753
1617020 755
1617030 758
1617040 758
1617050 760
1617060 762
1617070 762
1617080 766
1617090 771
1617100 771
1617110 773
1617120 774
1617130 774
1617140 775
1617150 775
1617160 775
1617170 775
1617180 775
1617190 775
1617200 775
1617210 775
1617220 774
1617230 774
1617240 774
1617250 773
1617260 773
1617270 772
1617280 768
1617290 765
1617300 765
1617310 762
1617320 757
1617330 757
1617340 750
1617350 743
1617360 743
1617370 736
1617380 731
1617390 731
1617400 726
1617410 719
1617420 719
1617430 711
1617440 698
1617450 695
1617460 695
1617470 692
1617480 690
1617490 690
1617500 686
1617510 683
1617520 683
1617530 681
1617540 678
1617550 678
1617560 676
1617570 674
1617580 673
1617590 673
1617600 679
1617610 684
1617620 684
1617630 690
1617640 697
1617650 697
1617660 703
1617670 708
1617680 708
1617690 713
1617700 716
1617710 716
1617720 720
1617730 725
1617740 731
1617750 731
1617760 737
1617770 744
1617780 744
1617790 749
1617800 754
1617810 754
1617820 758
1617830 761
1617840 761
1617850 763
1617860 764
1617870 763
1617880 763
1617890 761
1617900 757
1617910 757
1617920 751
1617930 747
1617940 747
1617950 743
1617960 736
1617970 736
1617980 732
1617990 740
1618000 740
1618010 748
1618020 754
1618030 760
1618040 760
1618050 764
1618060 767
1618070 767
1618080 769
1618090 770
1618100 770
1618110 770
1618120 771
1618130 771
1618140 769
1618150 763
1618160 757
1618170 757
1618180 753
1618190 747
1618200 747
1618210 738
1618220 733
1618230 733
1618240 730
1618250 730
1618260 730
1618270 730
1618280 732
1618290 732
1618300 735
1618310 738
1618320 743
1618330 743
1618340 745
1618350 747
1618360 747
1618370 749
1618380 749
1618390 749
1618400 745
1618410 737
1618420 737
1618430 728
1618440 720
1618450 713
1618460 713
1618470 707
1618480 701
1618490 701
1618500 695
1618510 691
1618520 691
1618530 692
1618540 695
1618550 695
1618560 706
1618570 713
1618580 713
1618590 713
1618600 713
1618610 713
1618620 713
1618630 714
1618640 714
1618650 714
1618660 715
1618670 716
1618680 716
1618690 717
1618700 717
1618710 717
1618720 720
1618730 723
1618740 726
1618750 726
1618760 730
1618770 733
1618780 733
1618790 735
1618800 735
1618810 735
1618820 732
1618830 727
1618840 727
1618850 720
1618860 714
1618870 714
1618880 713
1618890 716
1618900 719
1618910 719
1618920 723
1618930 727
1618940 727
1618950 731
1618960 735
1618970 735
1618980 739
1618990 742
1619000 742
1619010 744
1619020 744
1619030 741
1619040 741
1619050 733
1619060 729
1619070 729
1619080 725
1619090 722
1619100 722
1619110 719
1619120 717
1619130 717
1619140 716
1619150 713
1619160 713
1619170 713
1619180 713
1619190 712
1619200 712
1619210 712
1619220 712
1619230 712
1619240 713
1619250 719
1619260 719
1619270 726
1619280 732
1619290 732
1619300 738
1619310 744
1619320 750
1619330 750
1619340 755
1619350 759
1619360 759
1619370 766
1619380 772
1619390 772
1619400 777
1619410 777
1619420 777
1619430 773
1619440 766
1619450 766
1619460 759
1619470 754
1619480 749
1619490 749
1619500 743
1619510 737
1619520 737
1619530 730
1619540 725
1619550 725
1619560 722
1619570 715
1619580 715
1619590 717
1619600 716
1619610 713
1619620 713
1619630 721
1619640 728
1619650 728
1619660 733
1619670 738
1619680 738
1619690 742
1619700 746
1619710 746
1619720 750
1619730 754
1619740 754
1619750 757
1619760 756
1619770 749
1619780 749
1619790 741
1619800 734
1619810 734
1619820 726
1619830 718
1619840 718
1619850 709
1619860 699
1619870 699
1619880 690
1619890 686
1619900 687
1619910 687
1619920 696
1619930 708
1619940 708
1619950 715
1619960 717
1619970 717
1619980 717
1619990 719
