1600000 1518
1600010 1518
1600020 1529
1600030 1534
1600040 1534
1600050 1531
1600060 1541
1600070 1541
1600080 1552
1600090 1561
1600100 1561
1600110 1571
1600120 1578
1600130 1578
1600140 1578
1600150 1576
1600160 1575
1600170 1575
1600180 1577
1600190 1584
1600200 1584
1600210 1591
1600220 1597
1600230 1597
1600240 1603
1600250 1610
1600260 1610
1600270 1617
1600280 1623
1600290 1629
1600300 1629
1600310 1636
1600320 1643
1600330 1643
1600340 1645
1600350 1645
1600360 1645
1600370 1644
1600380 1642
1600390 1642
1600400 1642
1600410 1641
1600420 1641
1600430 1640
1600440 1639
1600450 1636
1600460 1636
1600470 1633
1600480 1629
1600490 1629
1600500 1626
1600510 1623
1600520 1623
1600530 1623
1600540 1623
1600550 1623
1600560 1622
1600570 1620
1600580 1619
1600590 1619
1600600 1619
1600610 1618
1600620 1618
1600630 1618
1600640 1617
1600650 1617
1600660 1617
1600670 1616
1600680 1616
1600690 1614
1600700 1612
1600710 1612
1600720 1610
1600730 1606
1600740 1602
1600750 1602
1600760 1598
1600770 1595
1600780 1595
1600790 1592
1600800 1588
1600810 1588
1600820 1586
1600830 1585
1600840 1585
1600850 1583
1600860 1580
1600870 1578
1600880 1578
1600890 1577
1600900 1574
1600910 1574
1600920 1572
1600930 1570
1600940 1570
1600950 1568
1600960 1567
1600970 1567
1600980 1566
1600990 1563
1601000 1563
1601010 1560
1601020 1557
1601030 1554
1601040 1555
1601050 1553
1601060 1550
1601070 1550
1601080 1548
1601090 1547
1601100 1547
1601110 1546
1601120 1545
1601130 1545
1601140 1543
1601150 1539
1601160 1535
1601170 1535
1601180 1533
1601190 1530
1601200 1530
1601210 1527
1601220 1524
1601230 1524
1601240 1520
1601250 1515
1601260 1515
1601270 1511
1601280 1506
1601290 1506
1601300 1503
1601310 1499
1601320 1496
1601330 1496
1601340 1493
1601350 1491
1601360 1491
1601370 1489
1601380 1487
1601390 1487
1601400 1485
1601410 1482
1601420 1482
1601430 1480
1601440 1478
1601450 1478
1601460 1475
1601470 1473
1601480 1471
1601490 1471
1601500 1469
1601510 1469
1601520 1469
1601530 1468
1601540 1467
1601550 1467
1601560 1465
1601570 1463
1601580 1463
1601590 1462
1601600 1463
1601610 1463
1601620 1463
1601630 1461
1601640 1458
1601650 1458
1601660 1455
1601670 1453
1601680 1453
1601690 1450
1601700 1449
1601710 1449
1601720 1449
1601730 1449
1601740 1449
1601750 1447
1601760 1446
1601770 1443
1601780 1443
1601790 1440
1601800 1438
1601810 1438
1601820 1435
1601830 1432
1601840 1432
1601850 1430
1601860 1428
1601870 1428
1601880 1425
1601890 1422
1601900 1422
1601910 1422
1601920 1423
1601930 1423
1601940 1423
1601950 1426
1601960 1429
1601970 1429
1601980 1439
1601990 1443
1602000 1443
1602010 1442
1602020 1439
1602030 1439
1602040 1436
1602050 1433
1602060 1431
1602070 1431
1602080 1428
1602090 1425
1602100 1425
1602110 1426
1602120 1423
1602130 1423
1602140 1420
1602150 1417
1602160 1417
1602170 1414
1602180 1411
1602190 1407
1602200 1407
1602210 1404
1602220 1400
1602230 1400
1602240 1397
1602250 1393
1602260 1393
1602270 1391
1602280 1389
1602290 1389
1602300 1388
1602310 1386
1602320 1386
1602330 1384
1602340 1382
1602350 1380
1602360 1380
1602370 1379
1602380 1378
1602390 1378
1602400 1377
1602410 1375
1602420 1375
1602430 1373
1602440 1371
1602450 1371
1602460 1370
1602470 1368
1602480 1365
1602490 1365
1602500 1361
1602510 1358
1602520 1358
1602530 1355
1602540 1352
1602550 1352
1602560 1348
1602570 1351
1602580 1351
1602590 1354
1602600 1356
1602610 1356
1602620 1359
1602630 1363
1602640 1367
1602650 1367
1602660 1371
1602670 1376
1602680 1376
1602690 1381
1602700 1386
1602710 1386
1602720 1389
1602730 1392
1602740 1392
1602750 1394
1602760 1397
1602770 1399
1602780 1399
1602790 1401
1602800 1403
1602810 1403
1602820 1404
1602830 1405
1602840 1405
1602850 1405
1602860 1404
1602870 1404
1602880 1401
1602890 1399
1602900 1399
1602910 1397
1602920 1396
1602930 1395
1602940 1395
1602950 1394
1602960 1392
1602970 1392
1602980 1392
1602990 1392
1603000 1392
1603010 1392
1603020 1392
1603030 1392
1603040 1391
1603050 1390
1603060 1390
1603070 1389
1603080 1388
1603090 1387
1603100 1387
1603110 1386
1603120 1387
1603130 1387
1603140 1388
1603150 1387
1603160 1387
1603170 1383
1603180 1382
1603190 1382
1603200 1382
1603210 1382
1603220 1381
1603230 1381
1603240 1380
1603250 1379
1603260 1379
1603270 1379
1603280 1379
1603290 1379
1603300 1378
1603310 1376
1603320 1376
1603330 1375
1603340 1375
1603350 1375
1603360 1374
1603370 1374
1603380 1374
1603390 1374
1603400 1375
1603410 1377
1603420 1377
1603430 1379
1603440 1381
1603450 1381
1603460 1381
1603470 1379
1603480 1379
1603490 1377
1603500 1377
1603510 1377
1603520 1377
1603530 1376
1603540 1375
1603550 1375
1603560 1375
1603570 1375
1603580 1375
1603590 1377
1603600 1381
1603610 1381
1603620 1385
1603630 1389
1603640 1389
1603650 1392
1603660 1394
1603670 1396
1603680 1396
1603690 1396
1603700 1396
1603710 1396
1603720 1392
1603730 1385
1603740 1385
1603750 1379
1603760 1373
1603770 1373
1603780 1369
1603790 1363
1603800 1359
1603810 1359
1603820 1356
1603830 1353
1603840 1353
1603850 1351
1603860 1349
1603870 1349
1603880 1346
1603890 1344
1603900 1344
1603910 1343
1603920 1342
1603930 1342
1603940 1340
1603950 1337
1603960 1334
1603970 1334
1603980 1331
1603990 1329
1604000 1329
1604010 1329
1604020 1329
1604030 1329
1604040 1329
1604050 1331
1604060 1331
1604070 1333
1604080 1333
1604090 1332
1604100 1332
1604110 1330
1604120 1330
1604130 1330
1604140 1331
1604150 1332
1604160 1332
1604170 1333
1604180 1335
1604190 1335
1604200 1340
1604210 1344
1604220 1343
1604230 1348
1604240 1351
1604250 1352
1604260 1352
1604270 1354
1604280 1356
1604290 1356
1604300 1358
1604310 1361
1604320 1361
1604330 1365
1604340 1369
1604350 1369
1604360 1373
1604370 1375
1604380 1376
1604390 1376
1604400 1375
1604410 1373
1604420 1373
1604430 1369
1604440 1363
1604450 1363
1604460 1357
1604470 1352
1604480 1352
1604490 1348
1604500 1343
1604510 1343
1604520 1337
1604530 1331
1604540 1327
1604550 1327
1604560 1322
1604570 1316
1604580 1316
1604590 1310
1604600 1307
1604610 1307
1604620 1307
1604630 1308
1604640 1308
1604650 1310
1604660 1311
1604670 1311
1604680 1312
1604690 1313
1604700 1314
1604710 1314
1604720 1314
1604730 1315
1604740 1315
1604750 1315
1604760 1314
1604770 1314
1604780 1310
1604790 1306
1604800 1306
1604810 1305
1604820 1306
1604830 1305
1604840 1305
1604850 1302
1604860 1297
1604870 1297
1604880 1290
1604890 1286
1604900 1286
1604910 1291
1604920 1300
1604930 1300
1604940 1316
1604950 1334
1604960 1334
1604970 1329
1604980 1316
1604990 1313
1605000 1313
1605010 1309
1605020 1300
1605030 1300
1605040 1298
1605050 1299
1605060 1299
1605070 1300
1605080 1302
1605090 1302
1605100 1304
1605110 1303
1605120 1303
1605130 1303
1605140 1304
1605150 1305
1605160 1305
1605170 1309
1605180 1313
1605190 1313
1605200 1317
1605210 1319
1605220 1319
1605230 1322
1605240 1321
1605250 1321
1605260 1308
1605270 1293
1605280 1279
1605290 1279
1605300 1269
1605310 1259
1605320 1259
1605330 1253
1605340 1246
1605350 1246
1605360 1240
1605370 1235
1605380 1235
1605390 1230
1605400 1224
1605410 1216
1605420 1216
1605430 1205
1605440 1196
1605450 1196
1605460 1192
1605470 1188
1605480 1188
1605490 1186
1605500 1184
1605510 1184
1605520 1184
1605530 1188
1605540 1188
1605550 1189
1605560 1193
1605570 1195
1605580 1195
1605590 1195
1605600 1195
1605610 1195
1605620 1194
1605630 1199
1605640 1199
1605650 1205
1605660 1208
1605670 1208
1605680 1210
1605690 1207
1605700 1203
1605710 1203
1605720 1199
1605730 1194
1605740 1194
1605750 1188
1605760 1184
1605770 1184
1605780 1184
1605790 1184
1605800 1184
1605810 1185
1605820 1186
1605830 1186
1605840 1186
1605850 1184
1605860 1182
1605870 1182
1605880 1178
1605890 1171
1605900 1171
1605910 1163
1605920 1156
1605930 1156
1605940 1152
1605950 1150
1605960 1150
1605970 1151
1605980 1157
1605990 1157
1606000 1162
1606010 1167
1606020 1169
1606030 1169
1606040 1171
1606050 1173
1606060 1173
1606070 1176
1606080 1177
1606090 1177
1606100 1175
1606110 1170
1606120 1170
1606130 1166
1606140 1163
1606150 1161
1606160 1161
1606170 1160
1606180 1157
1606190 1157
1606200 1152
1606210 1145
1606220 1145
1606230 1138
1606240 1136
1606250 1136
1606260 1137
1606270 1140
1606280 1140
1606290 1141
1606300 1133
1606310 1133
1606320 1133
1606330 1133
1606340 1133
1606350 1133
1606360 1134
1606370 1136
1606380 1136
1606390 1137
1606400 1137
1606410 1137
1606420 1138
1606430 1138
1606440 1138
1606450 1138
1606460 1138
1606470 1138
1606480 1138
1606490 1140
1606500 1142
1606510 1142
1606520 1142
1606530 1142
1606540 1142
1606550 1142
1606560 1141
1606570 1141
1606580 1141
1606590 1139
1606600 1134
1606610 1134
1606620 1127
1606630 1122
1606640 1122
1606650 1123
1606660 1124
1606670 1124
1606680 1122
1606690 1119
1606700 1119
1606710 1117
1606720 1113
1606730 1111
1606740 1111
1606750 1109
1606760 1108
1606770 1108
1606780 1111
1606790 1112
1606800 1112
1606810 1111
1606820 1108
1606830 1108
1606840 1108
1606850 1106
1606860 1106
1606870 1106
1606880 1095
1606890 1079
1606900 1079
1606910 1071
1606920 1062
1606930 1062
1606940 1054
1606950 1047
1606960 1047
1606970 1042
1606980 1038
1606990 1038
1607000 1031
1607010 1023
1607020 1015
1607030 1015
1607040 1009
1607050 1007
1607060 1007
1607070 1007
1607080 1002
1607090 1002
1607100 994
1607110 984
1607120 984
1607130 975
1607140 968
1607150 968
1607160 965
1607170 964
1607180 960
1607190 960
1607200 953
1607210 946
1607220 946
1607230 940
1607240 934
1607250 934
1607260 926
1607270 917
1607280 917
1607290 910
1607300 903
1607310 903
1607320 895
1607330 889
1607340 883
1607350 883
1607360 878
1607370 874
1607380 874
1607390 871
1607400 868
1607410 868
1607420 865
1607430 861
1607440 861
1607450 858
1607460 855
1607470 852
1607480 852
1607490 850
1607500 847
1607510 847
1607520 845
1607530 842
1607540 842
1607550 840
1607560 837
1607570 837
1607580 835
1607590 832
1607600 832
1607610 829
1607620 824
1607630 819
1607640 819
1607650 814
1607660 810
1607670 810
1607680 807
1607690 804
1607700 804
1607710 800
1607720 796
1607730 796
1607740 792
1607750 788
1607760 782
1607770 782
1607780 777
1607790 773
1607800 773
1607810 769
1607820 773
1607830 773
1607840 781
1607850 789
1607860 789
1607870 795
1607880 801
1607890 801
1607900 808
1607910 814
1607920 820
1607930 820
1607940 826
1607950 832
1607960 832
1607970 838
1607980 844
1607990 844
1608000 850
1608010 855
1608020 855
1608030 860
1608040 865
1608050 871
1608060 871
1608070 876
1608080 881
1608090 881
1608100 886
1608110 891
1608120 891
1608130 895
1608140 900
1608150 900
1608160 905
1608170 910
1608180 910
1608190 915
1608200 920
1608210 925
1608220 925
1608230 930
1608240 935
1608250 935
1608260 939
1608270 944
1608280 944
1608290 949
1608300 954
1608310 954
1608320 959
1608330 964
1608340 968
1608350 968
1608360 973
1608370 978
1608380 978
1608390 983
1608400 989
1608410 989
1608420 994
1608430 999
1608440 999
1608450 1004
1608460 1010
1608470 1010
1608480 1015
1608490 1020
1608500 1026
1608510 1026
1608520 1031
1608530 1036
1608540 1036
1608550 1041
1608560 1047
1608570 1047
1608580 1052
1608590 1057
1608600 1057
1608610 1062
1608620 1068
1608630 1068
1608640 1073
1608650 1078
1608660 1084
1608670 1084
1608680 1089
1608690 1094
1608700 1094
1608710 1100
1608720 1105
1608730 1105
1608740 1111
1608750 1117
1608760 1117
1608770 1122
1608780 1128
1608790 1133
1608800 1133
1608810 1138
1608820 1143
1608830 1143
1608840 1149
1608850 1156
1608860 1156
1608870 1161
1608880 1167
1608890 1167
1608900 1172
1608910 1178
1608920 1178
1608930 1184
1608940 1190
1608950 1195
1608960 1195
1608970 1201
1608980 1206
1608990 1206
1609000 1212
1609010 1218
1609020 1218
1609030 1224
1609040 1231
1609050 1231
1609060 1237
1609070 1242
1609080 1249
1609090 1249
1609100 1255
1609110 1262
1609120 1262
1609130 1268
1609140 1274
1609150 1274
1609160 1281
1609170 1288
1609180 1288
1609190 1294
1609200 1301
1609210 1301
1609220 1307
1609230 1315
1609240 1321
1609250 1321
1609260 1326
1609270 1331
1609280 1331
1609290 1336
1609300 1344
1609310 1344
1609320 1351
1609330 1357
1609340 1357
1609350 1360
1609360 1368
1609370 1376
1609380 1376
1609390 1385
1609400 1393
1609410 1393
1609420 1405
1609430 1410
1609440 1410
1609450 1410
1609460 1414
1609470 1414
1609480 1423
1609490 1435
1609500 1435
1609510 1448
1609520 1462
1609530 1474
1609540 1474
1609550 1482
1609560 1489
1609570 1489
1609580 1494
1609590 1500
1609600 1500
1609610 1510
1609620 1519
1609630 1519
1609640 1528
1609650 1537
1609660 1547
1609670 1547
1609680 1556
1609690 1567
1609700 1567
1609710 1577
1609720 1588
1609730 1588
1609740 1590
1609750 1592
1609760 1592
1609770 1600
1609780 1609
1609790 1609
1609800 1617
1609810 1617
1609820 1621
1609830 1621
1609840 1632
1609850 1642
1609860 1642
1609870 1655
1609880 1667
1609890 1667
1609900 1680
1609910 1693
1609920 1693
1609930 1704
1609940 1706
1609950 1703
1609960 1703
1609970 1714
1609980 1710
1609990 1710
1610000 1689
1610010 1682
1610020 1682
1610030 1691
1610040 1701
1610050 1701
1610060 1713
1610070 1723
1610080 1723
1610090 1732
1610100 1742
1610110 1753
1610120 1753
1610130 1764
1610140 1779
1610150 1779
1610160 1792
1610170 1803
1610180 1803
1610190 1811
1610200 1819
1610210 1819
1610220 1836
1610230 1851
1610240 1851
1610250 1862
1610260 1872
1610270 1879
1610280 1879
1610290 1882
1610300 1890
1610310 1890
1610320 1898
1610330 1905
1610340 1905
1610350 1911
1610360 1911
1610370 1911
1610380 1917
1610390 1924
1610400 1930
1610410 1930
1610420 1935
1610430 1940
1610440 1940
1610450 1946
1610460 1952
1610470 1952
1610480 1963
1610490 1977
1610500 1977
1610510 1987
1610520 1993
1610530 1993
1610540 1998
1610550 2004
1610560 2011
1610570 2011
1610580 2017
1610590 2021
1610600 2021
1610610 2020
1610620 2016
1610630 2016
1610640 2012
1610650 2007
1610660 2007
1610670 2004
1610680 2000
1610690 1996
1610700 1996
1610710 1993
1610720 1990
1610730 1990
1610740 1987
1610750 1984
1610760 1984
1610770 1981
1610780 1979
1610790 1979
1610800 1977
1610810 1975
1610820 1975
1610830 1973
1610840 1971
1610850 1969
1610860 1969
1610870 1966
1610880 1963
1610890 1963
1610900 1960
1610910 1957
1610920 1957
1610930 1954
1610940 1951
1610950 1951
1610960 1948
1610970 1946
1610980 1943
1610990 1943
1611000 1941
1611010 1937
1611020 1937
1611030 1934
1611040 1932
1611050 1932
1611060 1930
1611070 1927
1611080 1927
1611090 1925
1611100 1923
1611110 1923
1611120 1921
1611130 1919
1611140 1917
1611150 1917
1611160 1915
1611170 1912
1611180 1912
1611190 1909
1611200 1906
1611210 1906
1611220 1903
1611230 1901
1611240 1901
1611250 1898
1611260 1896
1611270 1894
1611280 1894
1611290 1893
1611300 1892
1611310 1892
1611320 1892
1611330 1894
1611340 1894
1611350 1898
1611360 1901
1611370 1901
1611380 1903
1611390 1897
1611400 1897
1611410 1890
1611420 1882
1611430 1875
1611440 1875
1611450 1869
1611460 1865
1611470 1865
1611480 1860
1611490 1855
1611500 1855
1611510 1852
1611520 1851
1611530 1851
1611540 1851
1611550 1853
1611560 1853
1611570 1857
1611580 1861
1611590 1864
1611600 1864
1611610 1869
1611620 1875
1611630 1875
1611640 1881
1611650 1887
1611660 1887
1611670 1893
1611680 1898
1611690 1898
1611700 1902
1611710 1906
1611720 1909
1611730 1909
1611740 1911
1611750 1913
1611760 1913
1611770 1913
1611780 1914
1611790 1914
1611800 1916
1611810 1918
1611820 1918
1611830 1919
1611840 1917
1611850 1917
1611860 1912
1611870 1907
1611880 1902
1611890 1902
1611900 1898
1611910 1893
1611920 1893
1611930 1887
1611940 1881
1611950 1881
1611960 1876
1611970 1873
1611980 1873
1611990 1871
1612000 1868
1612010 1865
1612020 1865
1612030 1865
1612040 1862
1612050 1862
1612060 1860
1612070 1856
1612080 1856
1612090 1853
1612100 1848
1612110 1848
1612120 1841
1612130 1837
1612140 1837
1612150 1834
1612160 1834
1612170 1835
1612180 1835
1612190 1834
1612200 1827
1612210 1827
1612220 1816
1612230 1807
1612240 1807
1612250 1798
1612260 1790
1612270 1790
1612280 1780
1612290 1772
1612300 1770
1612310 1770
1612320 1768
1612330 1774
1612340 1774
1612350 1774
1612360 1770
1612370 1770
1612380 1765
1612390 1762
1612400 1762
1612410 1765
1612420 1767
1612430 1767
1612440 1768
1612450 1767
1612460 1758
1612470 1758
1612480 1751
1612490 1744
1612500 1744
1612510 1739
1612520 1735
1612530 1735
1612540 1731
1612550 1728
1612560 1728
1612570 1730
1612580 1735
1612590 1737
1612600 1737
1612610 1738
1612620 1738
1612630 1738
1612640 1738
1612650 1736
1612660 1736
1612670 1729
1612680 1722
1612690 1722
1612700 1708
1612710 1712
1612720 1712
1612730 1721
1612740 1728
1612750 1733
1612760 1733
1612770 1734
1612780 1734
1612790 1734
1612800 1736
1612810 1742
1612820 1742
1612830 1748
1612840 1755
1612850 1755
1612860 1761
1612870 1768
1612880 1768
1612890 1773
1612900 1777
1612910 1779
1612920 1779
1612930 1781
1612940 1782
1612950 1782
1612960 1781
1612970 1777
1612980 1777
1612990 1774
1613000 1771
1613010 1771
1613020 1768
1613030 1767
1613040 1760
1613050 1760
1613060 1754
1613070 1747
1613080 1747
1613090 1745
1613100 1740
1613110 1740
1613120 1735
1613130 1730
1613140 1730
1613150 1725
1613160 1720
1613170 1720
1613180 1717
1613190 1714
1613200 1710
1613210 1710
1613220 1706
1613230 1702
1613240 1702
1613250 1698
1613260 1697
1613270 1697
1613280 1696
1613290 1693
1613300 1693
1613310 1696
1613320 1692
1613330 1687
1613340 1687
1613350 1682
1613360 1678
1613370 1678
1613380 1677
1613390 1675
1613400 1675
1613410 1671
1613420 1665
1613430 1665
1613440 1662
1613450 1662
1613460 1662
1613470 1660
1613480 1657
1613490 1653
1613500 1653
1613510 1650
1613520 1647
1613530 1647
1613540 1641
1613550 1636
1613560 1636
1613570 1628
1613580 1619
1613590 1619
1613600 1613
1613610 1609
1613620 1607
1613630 1607
1613640 1608
1613650 1608
1613660 1608
1613670 1609
1613680 1609
1613690 1609
1613700 1610
1613710 1611
1613720 1611
1613730 1610
1613740 1609
1613750 1609
1613760 1608
1613770 1606
1613780 1603
1613790 1603
1613800 1601
1613810 1598
1613820 1598
1613830 1597
1613840 1595
1613850 1595
1613860 1594
1613870 1593
1613880 1593
1613890 1592
1613900 1591
1613910 1591
1613920 1591
1613930 1591
1613940 1590
1613950 1590
1613960 1590
1613970 1591
1613980 1591
1613990 1592
1614000 1593
1614010 1593
1614020 1593
1614030 1592
1614040 1592
1614050 1590
1614060 1587
1614070 1584
1614080 1584
1614090 1578
1614100 1571
1614110 1571
1614120 1565
1614130 1558
1614140 1558
1614150 1551
1614160 1541
1614170 1541
1614180 1532
1614190 1525
1614200 1525
1614210 1522
1614220 1520
1614230 1519
1614240 1519
1614250 1520
1614260 1521
1614270 1521
1614280 1530
1614290 1530
1614300 1530
1614310 1528
1614320 1525
1614330 1525
1614340 1522
1614350 1518
1614360 1515
1614370 1515
1614380 1511
1614390 1507
1614400 1507
1614410 1503
1614420 1499
1614430 1499
1614440 1496
1614450 1493
1614460 1493
1614470 1489
1614480 1485
1614490 1485
1614500 1479
1614510 1475
1614520 1477
1614530 1477
1614540 1483
1614550 1489
1614560 1489
1614570 1495
1614580 1499
1614590 1499
1614600 1498
1614610 1496
1614620 1496
1614630 1491
1614640 1482
1614650 1477
1614660 1477
1614670 1472
1614680 1470
1614690 1470
1614700 1470
1614710 1466
1614720 1466
1614730 1462
1614740 1458
1614750 1458
1614760 1453
1614770 1448
1614780 1448
1614790 1445
1614800 1441
1614810 1437
1614820 1437
1614830 1433
1614840 1428
1614850 1428
1614860 1424
1614870 1420
1614880 1420
1614890 1415
1614900 1409
1614910 1409
1614920 1406
1614930 1406
1614940 1408
1614950 1408
1614960 1411
1614970 1411
1614980 1411
1614990 1412
1615000 1416
1615010 1416
1615020 1420
1615030 1425
1615040 1425
1615050 1430
1615060 1434
1615070 1434
1615080 1437
1615090 1441
1615100 1444
1615110 1444
1615120 1446
1615130 1449
1615140 1449
1615150 1450
1615160 1450
1615170 1450
1615180 1449
1615190 1447
1615200 1447
1615210 1444
1615220 1442
1615230 1439
1615240 1439
1615250 1441
1615260 1437
1615270 1437
1615280 1434
1615290 1431
1615300 1431
1615310 1427
1615320 1424
1615330 1424
1615340 1419
1615350 1415
1615360 1415
1615370 1411
1615380 1405
1615390 1400
1615400 1400
1615410 1394
1615420 1389
1615430 1389
1615440 1383
1615450 1379
1615460 1379
1615470 1378
1615480 1375
1615490 1375
1615500 1371
1615510 1369
1615520 1365
1615530 1365
1615540 1363
1615550 1363
1615560 1363
1615570 1364
1615580 1367
1615590 1367
1615600 1370
1615610 1374
1615620 1374
1615630 1378
1615640 1383
1615650 1383
1615660 1387
1615670 1389
1615680 1389
1615690 1389
1615700 1388
1615710 1385
1615720 1385
1615730 1382
1615740 1380
1615750 1380
1615760 1380
1615770 1381
1615780 1381
1615790 1380
1615800 1381
1615810 1381
1615820 1383
1615830 1386
1615840 1393
1615850 1393
1615860 1398
1615870 1400
1615880 1400
1615890 1403
1615900 1407
1615910 1407
1615920 1410
1615930 1415
1615940 1415
1615950 1417
1615960 1418
1615970 1421
1615980 1421
1615990 1421
1616000 1420
1616010 1420
1616020 1417
1616030 1416
1616040 1416
1616050 1413
1616060 1410
1616070 1410
1616080 1410
1616090 1413
1616100 1413
1616110 1421
1616120 1422
1616130 1427
1616140 1427
1616150 1429
1616160 1423
1616170 1423
1616180 1416
1616190 1410
1616200 1413
1616210 1406
1616220 1400
1616230 1400
1616240 1394
1616250 1389
1616260 1385
1616270 1385
1616280 1382
1616290 1381
1616300 1381
1616310 1381
1616320 1379
1616330 1379
1616340 1377
1616350 1375
1616360 1375
1616370 1376
1616380 1379
1616390 1379
1616400 1384
1616410 1386
1616420 1385
1616430 1385
1616440 1382
1616450 1379
1616460 1379
1616470 1376
1616480 1372
1616490 1372
1616500 1369
1616510 1366
1616520 1366
1616530 1363
1616540 1361
1616550 1361
1616560 1361
1616570 1363
1616580 1365
1616590 1365
1616600 1369
1616610 1374
1616620 1374
1616630 1378
1616640 1381
1616650 1381
1616660 1381
1616670 1380
1616680 1380
1616690 1379
1616700 1379
1616710 1379
1616720 1379
1616730 1379
1616740 1379
1616750 1379
1616760 1378
1616770 1376
1616780 1376
1616790 1373
1616800 1371
1616810 1371
1616820 1367
1616830 1364
1616840 1360
1616850 1360
1616860 1356
1616870 1353
1616880 1353
1616890 1353
1616900 1353
1616910 1353
1616920 1353
1616930 1353
1616940 1353
1616950 1352
1616960 1350
1616970 1350
1616980 1348
1616990 1344
1617000 1340
1617010 1340
1617020 1337
1617030 1335
1617040 1335
1617050 1333
1617060 1329
1617070 1329
1617080 1324
1617090 1320
1617100 1320
1617110 1321
1617120 1321
1617130 1321
1617140 1319
1617150 1317
1617160 1315
1617170 1315
1617180 1312
1617190 1307
1617200 1307
1617210 1302
1617220 1299
1617230 1299
1617240 1295
1617250 1291
1617260 1291
1617270 1286
1617280 1280
1617290 1274
1617300 1274
1617310 1269
1617320 1264
1617330 1264
1617340 1262
1617350 1258
1617360 1258
1617370 1256
1617380 1257
1617390 1257
1617400 1265
1617410 1274
1617420 1274
1617430 1283
1617440 1292
1617450 1300
1617460 1300
1617470 1307
1617480 1311
1617490 1311
1617500 1310
1617510 1307
1617520 1307
1617530 1307
1617540 1313
1617550 1313
1617560 1319
1617570 1322
1617580 1326
1617590 1326
1617600 1331
1617610 1337
1617620 1337
1617630 1344
1617640 1352
1617650 1352
1617660 1361
1617670 1370
1617680 1370
1617690 1379
1617700 1388
1617710 1388
1617720 1396
1617730 1404
1617740 1411
1617750 1411
1617760 1419
1617770 1425
1617780 1425
1617790 1427
1617800 1428
1617810 1428
1617820 1428
1617830 1429
1617840 1429
1617850 1429
1617860 1431
1617870 1433
1617880 1433
1617890 1437
1617900 1439
1617910 1439
1617920 1440
1617930 1440
1617940 1440
1617950 1439
1617960 1439
1617970 1439
1617980 1438
1617990 1436
1618000 1436
1618010 1435
1618020 1433
1618030 1432
1618040 1432
1618050 1431
1618060 1430
1618070 1430
1618080 1429
1618090 1427
1618100 1427
1618110 1424
1618120 1424
1618130 1424
1618140 1424
1618150 1425
1618160 1426
1618170 1426
1618180 1427
1618190 1428
1618200 1428
1618210 1429
1618220 1431
1618230 1431
1618240 1432
1618250 1434
1618260 1434
1618270 1435
1618280 1437
1618290 1437
1618300 1441
1618310 1445
1618320 1450
1618330 1450
1618340 1456
1618350 1462
1618360 1462
1618370 1467
1618380 1472
1618390 1472
1618400 1473
1618410 1473
1618420 1473
1618430 1473
1618440 1469
1618450 1468
1618460 1468
1618470 1467
1618480 1466
1618490 1466
1618500 1466
1618510 1465
1618520 1465
1618530 1465
1618540 1465
1618550 1465
1618560 1464
1618570 1464
1618580 1464
1618590 1464
1618600 1466
1618610 1467
1618620 1467
1618630 1468
1618640 1469
1618650 1469
1618660 1471
1618670 1469
1618680 1469
1618690 1467
1618700 1464
1618710 1464
1618720 1460
1618730 1454
1618740 1454
1618750 1451
1618760 1451
1618770 1452
1618780 1452
1618790 1455
1618800 1457
1618810 1457
1618820 1458
1618830 1457
1618840 1457
1618850 1453
1618860 1449
1618870 1449
1618880 1444
1618890 1441
1618900 1437
1618910 1437
1618920 1431
1618930 1430
1618940 1430
1618950 1430
1618960 1430
1618970 1430
1618980 1432
1618990 1435
1619000 1435
1619010 1436
1619020 1439
1619030 1430
1619040 1431
1619050 1431
1619060 1432
1619070 1432
1619080 1429
1619090 1424
1619100 1424
1619110 1418
1619120 1412
1619130 1412
1619140 1406
1619150 1399
1619160 1399
1619170 1393
1619180 1393
1619190 1388
1619200 1388
1619210 1382
1619220 1375
1619230 1375
1619240 1369
1619250 1363
1619260 1363
1619270 1358
1619280 1355
1619290 1355
1619300 1353
1619310 1353
1619320 1353
1619330 1356
1619340 1360
1619350 1363
1619360 1363
1619370 1361
1619380 1362
1619390 1362
1619400 1369
1619410 1372
1619420 1372
1619430 1371
1619440 1366
1619450 1366
1619460 1362
1619470 1358
1619480 1353
1619490 1353
1619500 1342
1619510 1333
1619520 1333
1619530 1326
1619540 1324
1619550 1324
1619560 1324
1619570 1323
1619580 1323
1619590 1324
1619600 1326
1619610 1326
1619620 1327
1619630 1327
1619640 1330
1619650 1330
1619660 1331
1619670 1330
1619680 1330
1619690 1330
1619700 1326
1619710 1326
1619720 1326
1619730 1329
1619740 1329
1619750 1333
1619760 1337
1619770 1343
1619780 1343
1619790 1342
1619800 1336
1619810 1336
1619820 1326
1619830 1318
1619840 1318
1619850 1309
1619860 1300
1619870 1300
1619880 1292
1619890 1285
1619900 1285
1619910 1278
1619920 1271
1619930 1261
1619940 1261
1619950 1248
1619960 1233
1619970 1233
1619980 1227
1619990 1221
