1600000 1384
1600010 1384
1600020 1382
1600030 1381
1600040 1381
1600050 1381
1600060 1379
1600070 1379
1600080 1378
1600090 1377
1600100 1376
1600110 1376
1600120 1376
1600130 1377
1600140 1377
1600150 1377
1600160 1378
1600170 1378
1600180 1379
1600190 1380
1600200 1380
1600210 1381
1600220 1382
1600230 1382
1600240 1382
1600250 1382
1600260 1375
1600270 1375
1600280 1374
1600290 1375
1600300 1375
1600310 1378
1600320 1382
1600330 1382
1600340 1385
1600350 1385
1600360 1385
1600370 1381
1600380 1379
1600390 1379
1600400 1381
1600410 1387
1600420 1395
1600430 1395
1600440 1402
1600450 1406
1600460 1406
1600470 1410
1600480 1414
1600490 1414
1600500 1417
1600510 1419
1600520 1419
1600530 1422
1600540 1423
1600550 1425
1600560 1425
1600570 1426
1600580 1426
1600590 1426
1600600 1425
1600610 1429
1600620 1429
1600630 1437
1600640 1443
1600650 1443
1600660 1447
1600670 1449
1600680 1449
1600690 1450
1600700 1451
1600710 1450
1600720 1450
1600730 1448
1600740 1448
1600750 1448
1600760 1453
1600770 1457
1600780 1457
1600790 1462
1600800 1467
1600810 1467
1600820 1471
1600830 1474
1600840 1477
1600850 1477
1600860 1479
1600870 1482
1600880 1482
1600890 1484
1600900 1486
1600910 1486
1600920 1487
1600930 1486
1600940 1486
1600950 1484
1600960 1484
1600970 1484
1600980 1487
1600990 1490
1601000 1492
1601010 1492
1601020 1494
1601030 1496
1601040 1496
1601050 1496
1601060 1499
1601070 1499
1601080 1502
1601090 1504
1601100 1504
1601110 1506
1601120 1508
1601130 1510
1601140 1510
1601150 1512
1601160 1513
1601170 1513
1601180 1514
1601190 1513
1601200 1513
1601210 1513
1601220 1513
1601230 1513
1601240 1513
1601250 1512
1601260 1512
1601270 1511
1601280 1510
1601290 1509
1601300 1509
1601310 1509
1601320 1508
1601330 1508
1601340 1500
1601350 1503
1601360 1503
1601370 1506
1601380 1508
1601390 1508
1601400 1509
1601410 1509
1601420 1508
1601430 1508
1601440 1507
1601450 1505
1601460 1505
1601470 1504
1601480 1505
1601490 1505
1601500 1505
1601510 1507
1601520 1507
1601530 1510
1601540 1513
1601550 1513
1601560 1516
1601570 1519
1601580 1523
1601590 1523
1601600 1526
1601610 1528
1601620 1528
1601630 1530
1601640 1532
1601650 1532
1601660 1535
1601670 1537
1601680 1537
1601690 1539
1601700 1541
1601710 1541
1601720 1542
1601730 1544
1601740 1545
1601750 1545
1601760 1547
1601770 1550
1601780 1550
1601790 1553
1601800 1556
1601810 1556
1601820 1558
1601830 1560
1601840 1560
1601850 1562
1601860 1564
1601870 1566
1601880 1566
1601890 1568
1601900 1568
1601910 1568
1601920 1569
1601930 1569
1601940 1569
1601950 1568
1601960 1566
1601970 1566
1601980 1565
1601990 1563
1602000 1563
1602010 1562
1602020 1560
1602030 1558
1602040 1558
1602050 1556
1602060 1554
1602070 1554
1602080 1552
1602090 1550
1602100 1550
1602110 1548
1602120 1545
1602130 1545
1602140 1541
1602150 1538
1602160 1535
1602170 1535
1602180 1532
1602190 1529
1602200 1529
1602210 1527
1602220 1524
1602230 1524
1602240 1520
1602250 1515
1602260 1515
1602270 1511
1602280 1507
1602290 1507
1602300 1502
1602310 1498
1602320 1497
1602330 1497
1602340 1496
1602350 1495
1602360 1495
1602370 1493
1602380 1490
1602390 1490
1602400 1487
1602410 1487
1602420 1487
1602430 1484
1602440 1482
1602450 1481
1602460 1481
1602470 1480
1602480 1479
1602490 1479
1602500 1477
1602510 1475
1602520 1475
1602530 1473
1602540 1471
1602550 1471
1602560 1470
1602570 1469
1602580 1469
1602590 1468
1602600 1466
1602610 1464
1602620 1464
1602630 1463
1602640 1461
1602650 1461
1602660 1459
1602670 1458
1602680 1458
1602690 1457
1602700 1456
1602710 1456
1602720 1455
1602730 1453
1602740 1453
1602750 1451
1602760 1449
1602770 1447
1602780 1447
1602790 1445
1602800 1443
1602810 1443
1602820 1441
1602830 1439
1602840 1439
1602850 1437
1602860 1435
1602870 1435
1602880 1432
1602890 1429
1602900 1427
1602910 1427
1602920 1426
1602930 1425
1602940 1425
1602950 1423
1602960 1420
1602970 1420
1602980 1417
1602990 1414
1603000 1414
1603010 1411
1603020 1410
1603030 1410
1603040 1409
1603050 1408
1603060 1407
1603070 1407
1603080 1405
1603090 1403
1603100 1403
1603110 1400
1603120 1396
1603130 1396
1603140 1392
1603150 1388
1603160 1388
1603170 1385
1603180 1383
1603190 1381
1603200 1381
1603210 1378
1603220 1376
1603230 1376
1603240 1373
1603250 1370
1603260 1370
1603270 1367
1603280 1365
1603290 1365
1603300 1364
1603310 1363
1603320 1363
1603330 1362
1603340 1360
1603350 1359
1603360 1359
1603370 1357
1603380 1355
1603390 1355
1603400 1354
1603410 1352
1603420 1352
1603430 1351
1603440 1350
1603450 1350
1603460 1350
1603470 1352
1603480 1350
1603490 1350
1603500 1350
1603510 1349
1603520 1349
1603530 1348
1603540 1347
1603550 1347
1603560 1344
1603570 1340
1603580 1340
1603590 1336
1603600 1333
1603610 1333
1603620 1330
1603630 1327
1603640 1324
1603650 1324
1603660 1323
1603670 1327
1603680 1327
1603690 1330
1603700 1333
1603710 1333
1603720 1334
1603730 1335
1603740 1335
1603750 1336
1603760 1337
1603770 1337
1603780 1336
1603790 1336
1603800 1335
1603810 1335
1603820 1334
1603830 1332
1603840 1332
1603850 1331
1603860 1329
1603870 1329
1603880 1328
1603890 1326
1603900 1326
1603910 1323
1603920 1320
1603930 1317
1603940 1317
1603950 1314
1603960 1309
1603970 1309
1603980 1298
1603990 1291
1604000 1291
1604010 1285
1604020 1280
1604030 1280
1604040 1274
1604050 1268
1604060 1268
1604070 1261
1604080 1256
1604090 1252
1604100 1252
1604110 1249
1604120 1245
1604130 1245
1604140 1240
1604150 1237
1604160 1237
1604170 1234
1604180 1230
1604190 1230
1604200 1226
1604210 1223
1604220 1220
1604230 1220
1604240 1215
1604250 1210
1604260 1210
1604270 1204
1604280 1200
1604290 1200
1604300 1195
1604310 1191
1604320 1191
1604330 1186
1604340 1181
1604350 1181
1604360 1176
1604370 1172
1604380 1167
1604390 1167
1604400 1163
1604410 1159
1604420 1159
1604430 1153
1604440 1147
1604450 1147
1604460 1140
1604470 1134
1604480 1134
1604490 1127
1604500 1121
1604510 1116
1604520 1117
1604530 1111
1604540 1106
1604550 1106
1604560 1102
1604570 1097
1604580 1097
1604590 1092
1604600 1085
1604610 1085
1604620 1080
1604630 1077
1604640 1077
1604650 1076
1604660 1074
1604670 1073
1604680 1073
1604690 1072
1604700 1070
1604710 1070
1604720 1068
1604730 1064
1604740 1064
1604750 1059
1604760 1053
1604770 1053
1604780 1047
1604790 1044
1604800 1044
1604810 1045
1604820 1046
1604830 1044
1604840 1044
1604850 1040
1604860 1034
1604870 1034
1604880 1027
1604890 1020
1604900 1020
1604910 1012
1604920 1004
1604930 1004
1604940 997
1604950 994
1604960 998
1604970 998
1604980 1001
1604990 1001
1605000 1001
1605010 999
1605020 993
1605030 993
1605040 990
1605050 987
1605060 987
1605070 987
1605080 986
1605090 986
1605100 987
1605110 987
1605120 986
1605130 986
1605140 985
1605150 981
1605160 981
1605170 982
1605180 984
1605190 984
1605200 984
1605210 979
1605220 979
1605230 973
1605240 968
1605250 965
1605260 965
1605270 965
1605280 966
1605290 966
1605300 968
1605310 969
1605320 969
1605330 968
1605340 967
1605350 967
1605360 965
1605370 963
1605380 963
1605390 960
1605400 957
1605410 953
1605420 953
1605430 951
1605440 948
1605450 948
1605460 947
1605470 943
1605480 943
1605490 940
1605500 938
1605510 938
1605520 939
1605530 942
1605540 942
1605550 942
1605560 944
1605570 942
1605580 942
1605590 939
1605600 934
1605610 934
1605620 927
1605630 920
1605640 920
1605650 915
1605660 913
1605670 913
1605680 913
1605690 914
1605700 916
1605710 916
1605720 914
1605730 909
1605740 909
1605750 903
1605760 901
1605770 901
1605780 901
1605790 901
1605800 901
1605810 900
1605820 899
1605830 898
1605840 898
1605850 897
1605860 895
1605870 895
1605880 893
1605890 891
1605900 891
1605910 888
1605920 886
1605930 886
1605940 884
1605950 882
1605960 882
1605970 880
1605980 878
1605990 877
1606000 877
1606010 879
1606020 877
1606030 877
1606040 872
1606050 871
1606060 871
1606070 875
1606080 883
1606090 883
1606100 890
1606110 895
1606120 895
1606130 898
1606140 898
1606150 897
1606160 897
1606170 896
1606180 894
1606190 894
1606200 891
1606210 886
1606220 886
1606230 881
1606240 877
1606250 877
1606260 871
1606270 864
1606280 862
1606290 862
1606300 861
1606310 858
1606320 858
1606330 854
1606340 849
1606350 849
1606360 845
1606370 845
1606380 845
1606390 845
1606400 844
1606410 844
1606420 844
1606430 843
1606440 843
1606450 843
1606460 843
1606470 843
1606480 843
1606490 842
1606500 842
1606510 842
1606520 844
1606530 847
1606540 847
1606550 850
1606560 853
1606570 853
1606580 853
1606590 861
1606600 859
1606610 859
1606620 856
1606630 852
1606640 852
1606650 848
1606660 844
1606670 844
1606680 838
1606690 833
1606700 833
1606710 830
1606720 828
1606730 826
1606740 826
1606750 823
1606760 821
1606770 821
1606780 821
1606790 820
1606800 820
1606810 818
1606820 816
1606830 816
1606840 814
1606850 812
1606860 810
1606870 810
1606880 807
1606890 806
1606900 806
1606910 804
1606920 803
1606930 803
1606940 803
1606950 803
1606960 803
1606970 803
1606980 803
1606990 803
1607000 802
1607010 800
1607020 799
1607030 799
1607040 800
1607050 799
1607060 799
1607070 799
1607080 798
1607090 798
1607100 797
1607110 795
1607120 795
1607130 793
1607140 791
1607150 791
1607160 789
1607170 788
1607180 786
1607190 786
1607200 785
1607210 784
1607220 784
1607230 784
1607240 783
1607250 783
1607260 783
1607270 782
1607280 782
1607290 781
1607300 780
1607310 780
1607320 780
1607330 780
1607340 779
1607350 779
1607360 779
1607370 778
1607380 778
1607390 778
1607400 777
1607410 777
1607420 776
1607430 778
1607440 778
1607450 781
1607460 785
1607470 789
1607480 789
1607490 794
1607500 798
1607510 798
1607520 800
1607530 801
1607540 801
1607550 802
1607560 801
1607570 801
1607580 800
1607590 801
1607600 803
1607610 800
1607620 803
1607630 806
1607640 806
1607650 808
1607660 810
1607670 810
1607680 810
1607690 808
1607700 808
1607710 807
1607720 805
1607730 805
1607740 804
1607750 802
1607760 800
1607770 800
1607780 796
1607790 792
1607800 792
1607810 788
1607820 784
1607830 784
1607840 779
1607850 772
1607860 772
1607870 765
1607880 757
1607890 751
1607900 751
1607910 750
1607920 754
1607930 754
1607940 760
1607950 765
1607960 765
1607970 770
1607980 775
1607990 775
1608000 776
1608010 780
1608020 780
1608030 784
1608040 787
1608050 790
1608060 790
1608070 794
1608080 797
1608090 797
1608100 801
1608110 804
1608120 804
1608130 806
1608140 807
1608150 807
1608160 809
1608170 810
1608180 810
1608190 811
1608200 813
1608210 816
1608220 816
1608230 819
1608240 823
1608250 823
1608260 827
1608270 831
1608280 831
1608290 835
1608300 839
1608310 839
1608320 843
1608330 847
1608340 851
1608350 851
1608360 855
1608370 860
1608380 860
1608390 864
1608400 869
1608410 869
1608420 873
1608430 878
1608440 878
1608450 882
1608460 887
1608470 887
1608480 891
1608490 895
1608500 898
1608510 898
1608520 903
1608530 907
1608540 907
1608550 911
1608560 916
1608570 916
1608580 919
1608590 924
1608600 924
1608610 928
1608620 932
1608630 934
1608640 934
1608650 939
1608660 944
1608670 944
1608680 949
1608690 954
1608700 954
1608710 959
1608720 964
1608730 964
1608740 969
1608750 974
1608760 974
1608770 979
1608780 984
1608790 989
1608800 989
1608810 993
1608820 997
1608830 997
1608840 1001
1608850 1004
1608860 1004
1608870 1008
1608880 1012
1608890 1012
1608900 1015
1608910 1019
1608920 1022
1608930 1022
1608940 1025
1608950 1029
1608960 1029
1608970 1033
1608980 1036
1608990 1036
1609000 1040
1609010 1045
1609020 1045
1609030 1050
1609040 1055
1609050 1055
1609060 1060
1609070 1065
1609080 1069
1609090 1069
1609100 1074
1609110 1078
1609120 1078
1609130 1083
1609140 1087
1609150 1087
1609160 1092
1609170 1096
1609180 1096
1609190 1100
1609200 1104
1609210 1104
1609220 1108
1609230 1112
1609240 1117
1609250 1117
1609260 1121
1609270 1126
1609280 1126
1609290 1130
1609300 1133
1609310 1133
1609320 1138
1609330 1143
1609340 1143
1609350 1148
1609360 1152
1609370 1155
1609380 1155
1609390 1158
1609400 1161
1609410 1161
1609420 1164
1609430 1167
1609440 1167
1609450 1170
1609460 1174
1609470 1174
1609480 1177
1609490 1180
1609500 1180
1609510 1183
1609520 1185
1609530 1188
1609540 1188
1609550 1191
1609560 1193
1609570 1193
1609580 1195
1609590 1201
1609600 1201
1609610 1205
1609620 1209
1609630 1209
1609640 1204
1609650 1204
1609660 1207
1609670 1207
1609680 1214
1609690 1222
1609700 1222
1609710 1229
1609720 1236
1609730 1236
1609740 1242
1609750 1247
1609760 1247
1609770 1251
1609780 1253
1609790 1253
1609800 1251
1609810 1257
1609820 1265
1609830 1265
1609840 1274
1609850 1281
1609860 1281
1609870 1289
1609880 1296
1609890 1296
1609900 1303
1609910 1309
1609920 1309
1609930 1313
1609940 1315
1609950 1319
1609960 1319
1609970 1323
1609980 1327
1609990 1327
1610000 1331
1610010 1332
1610020 1332
1610030 1332
1610040 1333
1610050 1333
1610060 1334
1610070 1337
1610080 1337
1610090 1341
1610100 1345
1610110 1346
1610120 1346
1610130 1348
1610140 1350
1610150 1350
1610160 1351
1610170 1345
1610180 1345
1610190 1350
1610200 1358
1610210 1358
1610220 1364
1610230 1368
1610240 1368
1610250 1371
1610260 1377
1610270 1382
1610280 1382
1610290 1388
1610300 1395
1610310 1395
1610320 1403
1610330 1411
1610340 1411
1610350 1419
1610360 1427
1610370 1427
1610380 1436
1610390 1444
1610400 1448
1610410 1448
1610420 1451
1610430 1454
1610440 1454
1610450 1462
1610460 1472
1610470 1472
1610480 1478
1610490 1478
1610500 1478
1610510 1480
1610520 1484
1610530 1484
1610540 1487
1610550 1491
1610560 1494
1610570 1494
1610580 1497
1610590 1505
1610600 1505
1610610 1512
1610620 1520
1610630 1520
1610640 1529
1610650 1535
1610660 1535
1610670 1540
1610680 1545
1610690 1549
1610700 1549
1610710 1552
1610720 1557
1610730 1557
1610740 1561
1610750 1564
1610760 1564
1610770 1564
1610780 1568
1610790 1568
1610800 1576
1610810 1587
1610820 1587
1610830 1591
1610840 1590
1610850 1590
1610860 1590
1610870 1594
1610880 1593
1610890 1593
1610900 1591
1610910 1591
1610920 1591
1610930 1587
1610940 1574
1610950 1574
1610960 1570
1610970 1571
1610980 1575
1610990 1575
1611000 1584
1611010 1588
1611020 1588
1611030 1590
1611040 1591
1611050 1591
1611060 1591
1611070 1591
1611080 1591
1611090 1592
1611100 1593
1611110 1593
1611120 1597
1611130 1600
1611140 1605
1611150 1605
1611160 1610
1611170 1615
1611180 1615
1611190 1620
1611200 1624
1611210 1624
1611220 1628
1611230 1633
1611240 1633
1611250 1639
1611260 1645
1611270 1645
1611280 1652
1611290 1660
1611300 1668
1611310 1668
1611320 1675
1611330 1688
1611340 1688
1611350 1709
1611360 1725
1611370 1725
1611380 1739
1611390 1748
1611400 1748
1611410 1756
1611420 1768
1611430 1781
1611440 1781
1611450 1787
1611460 1790
1611470 1790
1611480 1791
1611490 1794
1611500 1794
1611510 1798
1611520 1800
1611530 1800
1611540 1795
1611550 1789
1611560 1789
1611570 1785
1611580 1784
1611590 1783
1611600 1783
1611610 1785
1611620 1790
1611630 1789
1611640 1796
1611650 1801
1611660 1801
1611670 1814
1611680 1827
1611690 1827
1611700 1830
1611710 1820
1611720 1802
1611730 1802
1611740 1803
1611750 1805
1611760 1805
1611770 1817
1611780 1835
1611790 1835
1611800 1860
1611810 1869
1611820 1869
1611830 1877
1611840 1887
1611850 1887
1611860 1892
1611870 1890
1611880 1900
1611890 1900
1611900 1911
1611910 1901
1611920 1901
1611930 1896
1611940 1897
1611950 1897
1611960 1897
1611970 1898
1611980 1898
1611990 1895
1612000 1891
1612010 1889
1612020 1889
1612030 1893
1612040 1900
1612050 1900
1612060 1909
1612070 1918
1612080 1918
1612090 1923
1612100 1926
1612110 1926
1612120 1929
1612130 1933
1612140 1933
1612150 1939
1612160 1945
1612170 1949
1612180 1949
1612190 1953
1612200 1958
1612210 1958
1612220 1964
1612230 1969
1612240 1969
1612250 1973
1612260 1978
1612270 1978
1612280 1983
1612290 1990
1612300 1990
1612310 1996
1612320 2002
1612330 2007
1612340 2007
1612350 2010
1612360 2014
1612370 2014
1612380 2018
1612390 2022
1612400 2022
1612410 2028
1612420 2034
1612430 2034
1612440 2040
1612450 2045
1612460 2051
1612470 2051
1612480 2056
1612490 2057
1612500 2057
1612510 2056
1612520 2053
1612530 2053
1612540 2049
1612550 2045
1612560 2045
1612570 2040
1612580 2035
1612590 2035
1612600 2029
1612610 2024
1612620 2018
1612630 2018
1612640 2015
1612650 2011
1612660 2011
1612670 2012
1612680 2016
1612690 2016
1612700 2020
1612710 2024
1612720 2024
1612730 2027
1612740 2030
1612750 2033
1612760 2033
1612770 2036
1612780 2038
1612790 2038
1612800 2040
1612810 2043
1612820 2043
1612830 2044
1612840 2045
1612850 2045
1612860 2044
1612870 2041
1612880 2041
1612890 2037
1612900 2033
1612910 2029
1612920 2029
1612930 2025
1612940 2021
1612950 2021
1612960 2017
1612970 2013
1612980 2013
1612990 2010
1613000 2006
1613010 2006
1613020 2003
1613030 1999
1613040 1997
1613050 1997
1613060 1995
1613070 1993
1613080 1993
1613090 1990
1613100 1988
1613110 1988
1613120 1985
1613130 1983
1613140 1983
1613150 1981
1613160 1980
1613170 1980
1613180 1977
1613190 1975
1613200 1973
1613210 1973
1613220 1972
1613230 1972
1613240 1972
1613250 1971
1613260 1968
1613270 1968
1613280 1962
1613290 1958
1613300 1958
1613310 1955
1613320 1952
1613330 1952
1613340 1949
1613350 1944
1613360 1938
1613370 1938
1613380 1930
1613390 1924
1613400 1924
1613410 1920
1613420 1918
1613430 1918
1613440 1916
1613450 1914
1613460 1914
1613470 1912
1613480 1910
1613490 1908
1613500 1908
1613510 1904
1613520 1903
1613530 1903
1613540 1902
1613550 1902
1613560 1902
1613570 1899
1613580 1894
1613590 1895
1613600 1891
1613610 1885
1613620 1885
1613630 1880
1613640 1878
1613650 1876
1613660 1876
1613670 1874
1613680 1872
1613690 1872
1613700 1872
1613710 1872
1613720 1872
1613730 1871
1613740 1873
1613750 1873
1613760 1876
1613770 1880
1613780 1885
1613790 1885
1613800 1886
1613810 1884
1613820 1884
1613830 1881
1613840 1878
1613850 1878
1613860 1875
1613870 1873
1613880 1873
1613890 1871
1613900 1869
1613910 1869
1613920 1867
1613930 1866
1613940 1864
1613950 1864
1613960 1860
1613970 1857
1613980 1857
1613990 1854
1614000 1850
1614010 1850
1614020 1847
1614030 1843
1614040 1843
1614050 1839
1614060 1834
1614070 1830
1614080 1830
1614090 1825
1614100 1820
1614110 1820
1614120 1816
1614130 1810
1614140 1810
1614150 1806
1614160 1801
1614170 1801
1614180 1797
1614190 1793
1614200 1793
1614210 1789
1614220 1785
1614230 1781
1614240 1781
1614250 1778
1614260 1776
1614270 1776
1614280 1775
1614290 1776
1614300 1776
1614310 1778
1614320 1780
1614330 1780
1614340 1782
1614350 1784
1614360 1784
1614370 1785
1614380 1787
1614390 1788
1614400 1788
1614410 1789
1614420 1789
1614430 1789
1614440 1789
1614450 1790
1614460 1790
1614470 1790
1614480 1790
1614490 1790
1614500 1789
1614510 1788
1614520 1787
1614530 1787
1614540 1785
1614550 1782
1614560 1785
1614570 1780
1614580 1775
1614590 1775
1614600 1770
1614610 1766
1614620 1766
1614630 1760
1614640 1755
1614650 1755
1614660 1750
1614670 1745
1614680 1739
1614690 1739
1614700 1734
1614710 1729
1614720 1729
1614730 1724
1614740 1719
1614750 1719
1614760 1714
1614770 1709
1614780 1709
1614790 1705
1614800 1702
1614810 1698
1614820 1698
1614830 1696
1614840 1694
1614850 1694
1614860 1693
1614870 1690
1614880 1690
1614890 1688
1614900 1686
1614910 1686
1614920 1684
1614930 1681
1614940 1681
1614950 1675
1614960 1670
1614970 1665
1614980 1665
1614990 1661
1615000 1657
1615010 1657
1615020 1653
1615030 1647
1615040 1647
1615050 1642
1615060 1637
1615070 1637
1615080 1632
1615090 1627
1615100 1622
1615110 1622
1615120 1616
1615130 1611
1615140 1611
1615150 1606
1615160 1601
1615170 1601
1615180 1597
1615190 1593
1615200 1593
1615210 1591
1615220 1588
1615230 1588
1615240 1586
1615250 1585
1615260 1583
1615270 1583
1615280 1582
1615290 1579
1615300 1579
1615310 1575
1615320 1575
1615330 1575
1615340 1575
1615350 1574
1615360 1574
1615370 1572
1615380 1573
1615390 1573
1615400 1573
1615410 1572
1615420 1570
1615430 1570
1615440 1567
1615450 1565
1615460 1565
1615470 1565
1615480 1567
1615490 1567
1615500 1568
1615510 1568
1615520 1573
1615530 1575
1615540 1578
1615550 1583
1615560 1583
1615570 1587
1615580 1591
1615590 1591
1615600 1596
1615610 1601
1615620 1601
1615630 1602
1615640 1603
1615650 1603
1615660 1606
1615670 1610
1615680 1610
1615690 1615
1615700 1621
1615710 1625
1615720 1625
1615730 1629
1615740 1632
1615750 1632
1615760 1636
1615770 1639
1615780 1639
1615790 1640
1615800 1639
1615810 1639
1615820 1637
1615830 1634
1615840 1630
1615850 1630
1615860 1625
1615870 1619
1615880 1619
1615890 1613
1615900 1607
1615910 1607
1615920 1602
1615930 1597
1615940 1597
1615950 1592
1615960 1587
1615970 1587
1615980 1582
1615990 1577
1616000 1572
1616010 1572
1616020 1568
1616030 1564
1616040 1564
1616050 1560
1616060 1557
1616070 1557
1616080 1559
1616090 1559
1616100 1559
1616110 1555
1616120 1549
1616130 1543
1616140 1543
1616150 1537
1616160 1531
1616170 1531
1616180 1526
1616190 1522
1616200 1522
1616210 1518
1616220 1515
1616230 1515
1616240 1511
1616250 1507
1616260 1507
1616270 1503
1616280 1498
1616290 1494
1616300 1494
1616310 1491
1616320 1487
1616330 1487
1616340 1484
1616350 1481
1616360 1481
1616370 1477
1616380 1475
1616390 1475
1616400 1474
1616410 1473
1616420 1473
1616430 1473
1616440 1472
1616450 1472
1616460 1472
1616470 1467
1616480 1466
1616490 1466
1616500 1465
1616510 1467
1616520 1467
1616530 1469
1616540 1471
1616550 1471
1616560 1471
1616570 1470
1616580 1468
1616590 1468
1616600 1466
1616610 1465
1616620 1465
1616630 1462
1616640 1459
1616650 1459
1616660 1457
1616670 1456
1616680 1456
1616690 1454
1616700 1453
1616710 1453
1616720 1452
1616730 1450
1616740 1448
1616750 1448
1616760 1445
1616770 1444
1616780 1444
1616790 1442
1616800 1440
1616810 1440
1616820 1439
1616830 1438
1616840 1438
1616850 1438
1616860 1438
1616870 1437
1616880 1437
1616890 1434
1616900 1431
1616910 1431
1616920 1428
1616930 1425
1616940 1425
1616950 1424
1616960 1424
1616970 1424
1616980 1425
1616990 1427
1617000 1427
1617010 1429
1617020 1433
1617030 1437
1617040 1437
1617050 1442
1617060 1447
1617070 1447
1617080 1452
1617090 1457
1617100 1457
1617110 1462
1617120 1467
1617130 1467
1617140 1473
1617150 1479
1617160 1485
1617170 1485
1617180 1492
1617190 1499
1617200 1499
1617210 1506
1617220 1510
1617230 1510
1617240 1511
1617250 1512
1617260 1512
1617270 1514
1617280 1515
1617290 1515
1617300 1516
1617310 1518
1617320 1519
1617330 1519
1617340 1520
1617350 1520
1617360 1520
1617370 1521
1617380 1521
1617390 1521
1617400 1522
1617410 1522
1617420 1520
1617430 1520
1617440 1520
1617450 1520
1617460 1520
1617470 1520
1617480 1520
1617490 1520
1617500 1519
1617510 1518
1617520 1518
1617530 1516
1617540 1513
1617550 1513
1617560 1506
1617570 1500
1617580 1500
1617590 1495
1617600 1489
1617610 1483
1617620 1483
1617630 1476
1617640 1470
1617650 1470
1617660 1463
1617670 1457
1617680 1457
1617690 1451
1617700 1445
1617710 1445
1617720 1440
1617730 1436
1617740 1436
1617750 1431
1617760 1426
1617770 1422
1617780 1422
1617790 1419
1617800 1415
1617810 1415
1617820 1409
1617830 1398
1617840 1398
1617850 1389
1617860 1385
1617870 1385
1617880 1383
1617890 1382
1617900 1379
1617910 1379
1617920 1375
1617930 1370
1617940 1370
1617950 1365
1617960 1360
1617970 1360
1617980 1354
1617990 1349
1618000 1349
1618010 1344
1618020 1338
1618030 1338
1618040 1332
1618050 1328
1618060 1323
1618070 1323
1618080 1319
1618090 1314
1618100 1314
1618110 1310
1618120 1306
1618130 1306
1618140 1301
1618150 1296
1618160 1296
1618170 1291
1618180 1286
1618190 1278
1618200 1278
1618210 1271
1618220 1266
1618230 1266
1618240 1264
1618250 1262
1618260 1262
1618270 1262
1618280 1262
1618290 1262
1618300 1255
1618310 1245
1618320 1245
1618330 1235
1618340 1225
1618350 1218
1618360 1221
1618370 1217
1618380 1213
1618390 1213
1618400 1210
1618410 1207
1618420 1207
1618430 1205
1618440 1201
1618450 1201
1618460 1198
1618470 1195
1618480 1190
1618490 1190
1618500 1185
1618510 1180
1618520 1180
1618530 1177
1618540 1175
1618550 1175
1618560 1173
1618570 1171
1618580 1171
1618590 1168
1618600 1164
1618610 1164
1618620 1160
1618630 1157
1618640 1153
1618650 1153
1618660 1148
1618670 1144
1618680 1144
1618690 1140
1618700 1137
1618710 1137
1618720 1135
1618730 1132
1618740 1132
1618750 1128
1618760 1125
1618770 1125
1618780 1122
1618790 1121
1618800 1120
1618810 1120
1618820 1117
1618830 1114
1618840 1114
1618850 1112
1618860 1109
1618870 1109
1618880 1107
1618890 1103
1618900 1103
1618910 1100
1618920 1096
1618930 1089
1618940 1089
1618950 1084
1618960 1080
1618970 1080
1618980 1076
1618990 1073
1619000 1073
1619010 1070
1619020 1066
1619030 1066
1619040 1062
1619050 1058
1619060 1058
1619070 1055
1619080 1051
1619090 1046
1619100 1046
1619110 1041
1619120 1036
1619130 1036
1619140 1032
1619150 1029
1619160 1029
1619170 1026
1619180 1023
1619190 1023
1619200 1020
1619210 1019
1619220 1016
1619230 1016
1619240 1014
1619250 1012
1619260 1012
1619270 1010
1619280 1008
1619290 1010
1619300 1009
1619310 1007
1619320 1007
1619330 1006
1619340 1004
1619350 1004
1619360 1001
1619370 998
1619380 996
1619390 996
1619400 994
1619410 993
1619420 993
1619430 992
1619440 991
1619450 991
1619460 990
1619470 989
1619480 989
1619490 988
1619500 986
1619510 985
1619520 985
1619530 984
1619540 983
1619550 983
1619560 982
1619570 980
1619580 980
1619590 979
1619600 977
1619610 977
1619620 976
1619630 975
1619640 975
1619650 972
1619660 968
1619670 964
1619680 964
1619690 963
1619700 960
1619710 960
1619720 958
1619730 954
1619740 954
1619750 951
1619760 946
1619770 946
1619780 943
1619790 939
1619800 939
1619810 935
1619820 928
1619830 922
1619840 922
1619850 917
1619860 912
1619870 912
1619880 909
1619890 908
1619900 908
1619910 907
1619920 905
1619930 905
1619940 904
1619950 906
1619960 906
1619970 906
1619980 906
1619990 906
