1600000 1104
1600010 1100
1600020 1098
1600030 1098
1600040 1095
1600050 1092
1600060 1090
1600070 1090
1600080 1088
1600090 1088
1600100 1088
1600110 1088
1600120 1088
1600130 1088
1600140 1089
1600150 1088
1600160 1088
1600170 1088
1600180 1088
1600190 1088
1600200 1088
1600210 1088
1600220 1088
1600230 1088
1600240 1088
1600250 1088
1600260 1088
1600270 1088
1600280 1087
1600290 1087
1600300 1088
1600310 1087
1600320 1087
1600330 1087
1600340 1087
1600350 1087
1600360 1087
1600370 1087
1600380 1087
1600390 1087
1600400 1087
1600410 1087
1600420 1087
1600430 1087
1600440 1088
1600450 1088
1600460 1088
1600470 1089
1600480 1089
1600490 1090
1600500 1091
1600510 1092
1600520 1092
1600530 1094
1600540 1096
1600550 1096
1600560 1099
1600570 1102
1600580 1102
1600590 1105
1600600 1109
1600610 1109
1600620 1112
1600630 1115
1600640 1117
1600650 1117
1600660 1119
1600670 1120
1600680 1120
1600690 1121
1600700 1122
1600710 1122
1600720 1123
1600730 1123
1600740 1123
1600750 1124
1600760 1125
1600770 1125
1600780 1126
1600790 1126
1600800 1126
1600810 1126
1600820 1124
1600830 1123
1600840 1123
1600850 1121
1600860 1119
1600870 1119
1600880 1119
1600890 1117
1600900 1117
1600910 1115
1600920 1110
1600930 1113
1600940 1108
1600950 1103
1600960 1098
1600970 1098
1600980 1094
1600990 1092
1601000 1092
1601010 1090
1601020 1089
1601030 1089
1601040 1089
1601050 1088
1601060 1088
1601070 1088
1601080 1088
1601090 1088
1601100 1088
1601110 1088
1601120 1087
1601130 1087
1601140 1087
1601150 1088
1601160 1088
1601170 1088
1601180 1090
1601190 1090
1601200 1093
1601210 1097
1601220 1097
1601230 1101
1601240 1106
1601250 1110
1601260 1110
1601270 1113
1601280 1117
1601290 1117
1601300 1121
1601310 1122
1601320 1122
1601330 1118
1601340 1113
1601350 1113
1601360 1108
1601370 1104
1601380 1099
1601390 1099
1601400 1096
1601410 1093
1601420 1093
1601430 1091
1601440 1090
1601450 1090
1601460 1088
1601470 1088
1601480 1088
1601490 1087
1601500 1087
1601510 1087
1601520 1087
1601530 1087
1601540 1088
1601550 1088
1601560 1088
1601570 1087
1601580 1087
1601590 1087
1601600 1088
1601610 1088
1601620 1087
1601630 1087
1601640 1087
1601650 1087
1601660 1088
1601670 1088
1601680 1088
1601690 1087
1601700 1088
1601710 1088
1601720 1088
1601730 1089
1601740 1089
1601750 1089
1601760 1090
1601770 1090
1601780 1090
1601790 1091
1601800 1091
1601810 1091
1601820 1092
1601830 1092
1601840 1092
1601850 1092
1601860 1092
1601870 1092
1601880 1092
1601890 1093
1601900 1093
1601910 1094
1601920 1095
1601930 1095
1601940 1097
1601950 1098
1601960 1098
1601970 1098
1601980 1098
1601990 1099
1602000 1096
1602010 1097
1602020 1098
1602030 1098
1602040 1100
1602050 1101
1602060 1101
1602070 1103
1602080 1104
1602090 1104
1602100 1106
1602110 1107
1602120 1109
1602130 1109
1602140 1110
1602150 1111
1602160 1111
1602170 1112
1602180 1113
1602190 1113
1602200 1115
1602210 1116
1602220 1116
1602230 1119
1602240 1122
1602250 1122
1602260 1124
1602270 1126
1602280 1128
1602290 1128
1602300 1130
1602310 1132
1602320 1132
1602330 1134
1602340 1136
1602350 1136
1602360 1137
1602370 1138
1602380 1138
1602390 1140
1602400 1141
1602410 1143
1602420 1143
1602430 1145
1602440 1147
1602450 1147
1602460 1149
1602470 1151
1602480 1151
1602490 1153
1602500 1155
1602510 1155
1602520 1157
1602530 1158
1602540 1158
1602550 1160
1602560 1161
1602570 1161
1602580 1161
1602590 1161
1602600 1162
1602610 1162
1602620 1164
1602630 1166
1602640 1166
1602650 1169
1602660 1172
1602670 1172
1602680 1175
1602690 1177
1602700 1177
1602710 1179
1602720 1179
1602730 1181
1602740 1181
1602750 1185
1602760 1186
1602770 1186
1602780 1187
1602790 1188
1602800 1188
1602810 1190
1602820 1193
1602830 1193
1602840 1197
1602850 1201
1602860 1204
1602870 1204
1602880 1207
1602890 1209
1602900 1209
1602910 1210
1602920 1211
1602930 1211
1602940 1215
1602950 1219
1602960 1219
1602970 1222
1602980 1226
1602990 1226
1603000 1230
1603010 1233
1603020 1237
1603030 1237
1603040 1240
1603050 1244
1603060 1239
1603070 1243
1603080 1246
1603090 1246
1603100 1250
1603110 1254
1603120 1254
1603130 1257
1603140 1260
1603150 1264
1603160 1264
1603170 1267
1603180 1271
1603190 1271
1603200 1275
1603210 1278
1603220 1278
1603230 1280
1603240 1282
1603250 1282
1603260 1287
1603270 1291
1603280 1291
1603290 1295
1603300 1300
1603310 1304
1603320 1304
1603330 1308
1603340 1312
1603350 1312
1603360 1317
1603370 1321
1603380 1321
1603390 1326
1603400 1330
1603410 1330
1603420 1335
1603430 1340
1603440 1340
1603450 1346
1603460 1351
1603470 1358
1603480 1358
1603490 1365
1603500 1371
1603510 1371
1603520 1377
1603530 1383
1603540 1383
1603550 1390
1603560 1394
1603570 1394
1603580 1398
1603590 1402
1603600 1406
1603610 1406
1603620 1408
1603630 1411
1603640 1411
1603650 1416
1603660 1422
1603670 1422
1603680 1428
1603690 1435
1603700 1435
1603710 1442
1603720 1450
1603730 1450
1603740 1456
1603750 1462
1603760 1466
1603770 1466
1603780 1470
1603790 1475
1603800 1475
1603810 1480
1603820 1485
1603830 1485
1603840 1490
1603850 1495
1603860 1495
1603870 1500
1603880 1505
1603890 1509
1603900 1509
1603910 1515
1603920 1523
1603930 1523
1603940 1530
1603950 1537
1603960 1537
1603970 1543
1603980 1550
1603990 1550
1604000 1557
1604010 1565
1604020 1565
1604030 1574
1604040 1598
1604050 1633
1604060 1633
1604070 1654
1604080 1652
1604090 1652
1604100 1648
1604110 1648
1604120 1652
1604130 1652
1604140 1654
1604150 1654
1604160 1656
1604170 1658
1604180 1658
1604190 1659
1604200 1660
1604210 1661
1604220 1661
1604230 1661
1604240 1661
1604250 1661
1604260 1660
1604270 1659
1604280 1659
1604290 1657
1604300 1656
1604310 1656
1604320 1654
1604330 1647
1604340 1637
1604350 1637
1604360 1632
1604370 1630
1604380 1630
1604390 1627
1604400 1628
1604410 1628
1604420 1629
1604430 1630
1604440 1630
1604450 1631
1604460 1630
1604470 1630
1604480 1627
1604490 1623
1604500 1621
1604510 1621
1604520 1621
1604530 1620
1604540 1620
1604550 1616
1604560 1615
1604570 1615
1604580 1613
1604590 1611
1604600 1611
1604610 1611
1604620 1609
1604630 1609
1604640 1609
1604650 1606
1604660 1602
1604670 1602
1604680 1599
1604690 1598
1604700 1598
1604710 1597
1604720 1597
1604730 1597
1604740 1596
1604750 1595
1604760 1595
1604770 1593
1604780 1591
1604790 1590
1604800 1590
1604810 1591
1604820 1590
1604830 1590
1604840 1589
1604850 1589
1604860 1589
1604870 1589
1604880 1587
1604890 1587
1604900 1585
1604910 1583
1604920 1583
1604930 1580
1604940 1576
1604950 1573
1604960 1573
1604970 1569
1604980 1565
1604990 1565
1605000 1562
1605010 1559
1605020 1559
1605030 1555
1605040 1551
1605050 1551
1605060 1546
1605070 1541
1605080 1537
1605090 1537
1605100 1534
1605110 1532
1605120 1532
1605130 1530
1605140 1528
1605150 1528
1605160 1531
1605170 1528
1605180 1528
1605190 1525
1605200 1523
1605210 1523
1605220 1523
1605230 1523
1605240 1521
1605250 1521
1605260 1520
1605270 1517
1605280 1517
1605290 1515
1605300 1514
1605310 1514
1605320 1512
1605330 1509
1605340 1509
1605350 1506
1605360 1502
1605370 1500
1605380 1500
1605390 1497
1605400 1496
1605410 1496
1605420 1494
1605430 1492
1605440 1492
1605450 1490
1605460 1489
1605470 1489
1605480 1487
1605490 1485
1605500 1485
1605510 1483
1605520 1482
1605530 1480
1605540 1480
1605550 1477
1605560 1474
1605570 1474
1605580 1472
1605590 1468
1605600 1468
1605610 1463
1605620 1458
1605630 1458
1605640 1451
1605650 1444
1605660 1437
1605670 1437
1605680 1431
1605690 1424
1605700 1424
1605710 1419
1605720 1413
1605730 1413
1605740 1409
1605750 1405
1605760 1405
1605770 1402
1605780 1399
1605790 1399
1605800 1397
1605810 1395
1605820 1393
1605830 1393
1605840 1390
1605850 1385
1605860 1385
1605870 1380
1605880 1375
1605890 1375
1605900 1371
1605910 1368
1605920 1368
1605930 1366
1605940 1364
1605950 1364
1605960 1362
1605970 1360
1605980 1358
1605990 1358
1606000 1355
1606010 1353
1606020 1353
1606030 1350
1606040 1348
1606050 1348
1606060 1345
1606070 1343
1606080 1343
1606090 1340
1606100 1338
1606110 1336
1606120 1336
1606130 1333
1606140 1331
1606150 1331
1606160 1329
1606170 1327
1606180 1327
1606190 1325
1606200 1329
1606210 1329
1606220 1326
1606230 1323
1606240 1323
1606250 1320
1606260 1317
1606270 1314
1606280 1314
1606290 1312
1606300 1311
1606310 1311
1606320 1309
1606330 1307
1606340 1307
1606350 1306
1606360 1304
1606370 1304
1606380 1303
1606390 1301
1606400 1300
1606410 1300
1606420 1299
1606430 1297
1606440 1297
1606450 1295
1606460 1293
1606470 1293
1606480 1291
1606490 1289
1606500 1289
1606510 1287
1606520 1285
1606530 1285
1606540 1283
1606550 1281
1606560 1279
1606570 1279
1606580 1277
1606590 1275
1606600 1275
1606610 1274
1606620 1271
1606630 1271
1606640 1266
1606650 1259
1606660 1259
1606670 1252
1606680 1245
1606690 1245
1606700 1237
1606710 1229
1606720 1223
1606730 1223
1606740 1217
1606750 1210
1606760 1210
1606770 1202
1606780 1194
1606790 1194
1606800 1185
1606810 1176
1606820 1176
1606830 1170
1606840 1165
1606850 1160
1606860 1160
1606870 1156
1606880 1152
1606890 1152
1606900 1146
1606910 1139
1606920 1139
1606930 1131
1606940 1126
1606950 1126
1606960 1121
1606970 1118
1606980 1118
1606990 1116
1607000 1113
1607010 1111
1607020 1111
1607030 1108
1607040 1107
1607050 1107
1607060 1104
1607070 1102
1607080 1102
1607090 1101
1607100 1098
1607110 1098
1607120 1091
1607130 1082
1607140 1074
1607150 1074
1607160 1066
1607170 1058
1607180 1058
1607190 1051
1607200 1044
1607210 1044
1607220 1036
1607230 1028
1607240 1028
1607250 1020
1607260 1012
1607270 1012
1607280 1004
1607290 996
1607300 989
1607310 989
1607320 981
1607330 974
1607340 974
1607350 966
1607360 956
1607370 956
1607380 950
1607390 946
1607400 946
1607410 941
1607420 937
1607430 937
1607440 933
1607450 928
1607460 924
1607470 924
1607480 919
1607490 911
1607500 911
1607510 901
1607520 891
1607530 891
1607540 882
1607550 873
1607560 873
1607570 866
1607580 860
1607590 854
1607600 854
1607610 846
1607620 839
1607630 839
1607640 832
1607650 826
1607660 826
1607670 820
1607680 815
1607690 815
1607700 810
1607710 805
1607720 805
1607730 800
1607740 795
1607750 791
1607760 791
1607770 786
1607780 782
1607790 782
1607800 778
1607810 774
1607820 774
1607830 770
1607840 766
1607850 766
1607860 763
1607870 758
1607880 751
1607890 751
1607900 743
1607910 737
1607920 737
1607930 734
1607940 732
1607950 732
1607960 730
1607970 729
1607980 729
1607990 729
1608000 728
1608010 728
1608020 728
1608030 726
1608040 725
1608050 725
1608060 725
1608070 725
1608080 725
1608090 726
1608100 726
1608110 726
1608120 726
1608130 727
1608140 727
1608150 730
1608160 730
1608170 730
1608180 730
1608190 730
1608200 730
1608210 730
1608220 731
1608230 735
1608240 731
1608250 736
1608260 741
1608270 741
1608280 747
1608290 753
1608300 753
1608310 758
1608320 762
1608330 768
1608340 768
1608350 774
1608360 780
1608370 780
1608380 784
1608390 787
1608400 787
1608410 790
1608420 791
1608430 791
1608440 793
1608450 794
1608460 794
1608470 795
1608480 796
1608490 798
1608500 798
1608510 800
1608520 801
1608530 801
1608540 802
1608550 803
1608560 803
1608570 803
1608580 804
1608590 804
1608600 805
1608610 805
1608620 806
1608630 806
1608640 807
1608650 808
1608660 808
1608670 809
1608680 810
1608690 810
1608700 811
1608710 812
1608720 812
1608730 813
1608740 814
1608750 814
1608760 815
1608770 816
1608780 817
1608790 817
1608800 818
1608810 819
1608820 819
1608830 820
1608840 822
1608850 822
1608860 823
1608870 824
1608880 824
1608890 826
1608900 828
1608910 830
1608920 830
1608930 832
1608940 834
1608950 834
1608960 837
1608970 840
1608980 840
1608990 844
1609000 848
1609010 848
1609020 853
1609030 856
1609040 856
1609050 860
1609060 864
1609070 868
1609080 868
1609090 874
1609100 878
1609110 878
1609120 879
1609130 878
1609140 878
1609150 880
1609160 885
1609170 885
1609180 891
1609190 897
1609200 897
1609210 902
1609220 907
1609230 913
1609240 913
1609250 918
1609260 923
1609270 923
1609280 926
1609290 928
1609300 928
1609310 928
1609320 928
1609330 928
1609340 928
1609350 929
1609360 930
1609370 930
1609380 928
1609390 928
1609400 928
1609410 932
1609420 935
1609430 935
1609440 936
1609450 937
1609460 937
1609470 938
1609480 940
1609490 940
1609500 942
1609510 948
1609520 954
1609530 954
1609540 957
1609550 961
1609560 961
1609570 969
1609580 978
1609590 978
1609600 987
1609610 995
1609620 995
1609630 1001
1609640 1007
1609650 1015
1609660 1015
1609670 1024
1609680 1028
1609690 1028
1609700 1030
1609710 1032
1609720 1032
1609730 1031
1609740 1030
1609750 1030
1609760 1035
1609770 1040
1609780 1040
1609790 1039
1609800 1033
1609810 1030
1609820 1030
1609830 1032
1609840 1034
1609850 1034
1609860 1038
1609870 1039
1609880 1039
1609890 1036
1609900 1035
1609910 1035
1609920 1038
1609930 1039
1609940 1039
1609950 1040
1609960 1043
1609970 1047
1609980 1047
1609990 1053
1610000 1059
1610010 1059
1610020 1062
1610030 1063
1610040 1063
1610050 1063
1610060 1068
1610070 1068
1610080 1074
1610090 1080
1610100 1085
1610110 1085
1610120 1087
1610130 1087
1610140 1087
1610150 1088
1610160 1088
1610170 1088
1610180 1090
1610190 1090
1610200 1090
1610210 1086
1610220 1086
1610230 1086
1610240 1088
1610250 1091
1610260 1099
1610270 1099
1610280 1099
1610290 1101
1610300 1101
1610310 1103
1610320 1109
1610330 1109
1610340 1115
1610350 1119
1610360 1119
1610370 1121
1610380 1125
1610390 1131
1610400 1131
1610410 1131
1610420 1133
1610430 1133
1610440 1139
1610450 1147
1610460 1147
1610470 1153
1610480 1159
1610490 1159
1610500 1163
1610510 1166
1610520 1166
1610530 1169
1610540 1171
1610550 1178
1610560 1178
1610570 1188
1610580 1194
1610590 1194
1610600 1198
1610610 1203
1610620 1203
1610630 1208
1610640 1214
1610650 1214
1610660 1219
1610670 1225
1610680 1225
1610690 1228
1610700 1231
1610710 1237
1610720 1237
1610730 1242
1610740 1246
1610750 1246
1610760 1252
1610770 1260
1610780 1260
1610790 1269
1610800 1276
1610810 1276
1610820 1283
1610830 1289
1610840 1298
1610850 1298
1610860 1303
1610870 1311
1610880 1311
1610890 1320
1610900 1329
1610910 1329
1610920 1337
1610930 1344
1610940 1344
1610950 1354
1610960 1361
1610970 1361
1610980 1365
1610990 1363
1611000 1360
1611010 1360
1611020 1360
1611030 1364
1611040 1364
1611050 1368
1611060 1371
1611070 1371
1611080 1377
1611090 1382
1611100 1382
1611110 1386
1611120 1389
1611130 1397
1611140 1397
1611150 1403
1611160 1410
1611170 1410
1611180 1416
1611190 1424
1611200 1424
1611210 1431
1611220 1439
1611230 1439
1611240 1447
1611250 1458
1611260 1458
1611270 1465
1611280 1478
1611290 1495
1611300 1495
1611310 1508
1611320 1522
1611330 1522
1611340 1533
1611350 1544
1611360 1544
1611370 1554
1611380 1552
1611390 1552
1611400 1547
1611410 1548
1611420 1548
1611430 1547
1611440 1548
1611450 1552
1611460 1552
1611470 1561
1611480 1573
1611490 1573
1611500 1587
1611510 1597
1611520 1597
1611530 1599
1611540 1605
1611550 1605
1611560 1607
1611570 1606
1611580 1611
1611590 1611
1611600 1616
1611610 1614
1611620 1614
1611630 1616
1611640 1616
1611650 1616
1611660 1617
1611670 1617
1611680 1617
1611690 1619
1611700 1619
1611710 1619
1611720 1617
1611730 1617
1611740 1617
1611750 1617
1611760 1618
1611770 1620
1611780 1620
1611790 1623
1611800 1628
1611810 1628
1611820 1630
1611830 1631
1611840 1631
1611850 1633
1611860 1635
1611870 1637
1611880 1637
1611890 1639
1611900 1641
1611910 1641
1611920 1643
1611930 1646
1611940 1646
1611950 1649
1611960 1650
1611970 1650
1611980 1650
1611990 1650
1612000 1650
1612010 1651
1612020 1654
1612030 1657
1612040 1657
1612050 1661
1612060 1666
1612070 1666
1612080 1672
1612090 1677
1612100 1677
1612110 1682
1612120 1687
1612130 1687
1612140 1688
1612150 1684
1612160 1684
1612170 1679
1612180 1671
1612190 1663
1612200 1663
1612210 1656
1612220 1651
1612230 1651
1612240 1642
1612250 1636
1612260 1636
1612270 1632
1612280 1629
1612290 1629
1612300 1627
1612310 1627
1612320 1627
1612330 1627
1612340 1625
1612350 1624
1612360 1624
1612370 1621
1612380 1618
1612390 1618
1612400 1616
1612410 1612
1612420 1612
1612430 1608
1612440 1604
1612450 1604
1612460 1602
1612470 1600
1612480 1600
1612490 1600
1612500 1599
1612510 1597
1612520 1597
1612530 1594
1612540 1592
1612550 1592
1612560 1596
1612570 1597
1612580 1597
1612590 1591
1612600 1587
1612610 1585
1612620 1585
1612630 1583
1612640 1581
1612650 1581
1612660 1582
1612670 1584
1612680 1584
1612690 1602
1612700 1625
1612710 1625
1612720 1635
1612730 1638
1612740 1638
1612750 1641
1612760 1646
1612770 1647
1612780 1647
1612790 1643
1612800 1637
1612810 1637
1612820 1630
1612830 1622
1612840 1622
1612850 1618
1612860 1610
1612870 1610
1612880 1580
1612890 1580
1612900 1580
1612910 1589
1612920 1590
1612930 1584
1612940 1584
1612950 1580
1612960 1577
1612970 1577
1612980 1573
1612990 1571
1613000 1571
1613010 1567
1613020 1557
1613030 1557
1613040 1552
1613050 1574
1613060 1573
1613070 1573
1613080 1562
1613090 1556
1613100 1556
1613110 1551
1613120 1542
1613130 1542
1613140 1542
1613150 1540
1613160 1540
1613170 1535
1613180 1529
1613190 1529
1613200 1538
1613210 1536
1613220 1496
1613230 1496
1613240 1495
1613250 1496
1613260 1496
1613270 1502
1613280 1511
1613290 1511
1613300 1514
1613310 1516
1613320 1516
1613330 1520
1613340 1523
1613350 1522
1613360 1522
1613370 1516
1613380 1522
1613390 1522
1613400 1526
1613410 1528
1613420 1528
1613430 1526
1613440 1515
1613450 1515
1613460 1500
1613470 1490
1613480 1490
1613490 1479
1613500 1471
1613510 1467
1613520 1467
1613530 1459
1613540 1440
1613550 1440
1613560 1420
1613570 1414
1613580 1414
1613590 1410
1613600 1406
1613610 1406
1613620 1401
1613630 1395
1613640 1391
1613650 1391
1613660 1390
1613670 1388
1613680 1388
1613690 1382
1613700 1370
1613710 1370
1613720 1362
1613730 1357
1613740 1357
1613750 1348
1613760 1328
1613770 1328
1613780 1327
1613790 1339
1613800 1349
1613810 1349
1613820 1358
1613830 1364
1613840 1364
1613850 1367
1613860 1370
1613870 1370
1613880 1374
1613890 1378
1613900 1378
1613910 1382
1613920 1384
1613930 1384
1613940 1389
1613950 1394
1613960 1401
1613970 1401
1613980 1408
1613990 1414
1614000 1414
1614010 1416
1614020 1414
1614030 1414
1614040 1423
1614050 1428
1614060 1428
1614070 1430
1614080 1431
1614090 1432
1614100 1432
1614110 1434
1614120 1437
1614130 1437
1614140 1437
1614150 1431
1614160 1431
1614170 1418
1614180 1404
1614190 1390
1614200 1389
1614210 1392
1614220 1392
1614230 1396
1614240 1401
1614250 1403
1614260 1403
1614270 1401
1614280 1400
1614290 1400
1614300 1399
1614310 1396
1614320 1396
1614330 1396
1614340 1398
1614350 1398
1614360 1401
1614370 1405
1614380 1407
1614390 1407
1614400 1411
1614410 1412
1614420 1412
1614430 1412
1614440 1410
1614450 1410
1614460 1407
1614470 1404
1614480 1404
1614490 1399
1614500 1394
1614510 1394
1614520 1392
1614530 1391
1614540 1390
1614550 1390
1614560 1389
1614570 1387
1614580 1387
1614590 1385
1614600 1384
1614610 1384
1614620 1386
1614630 1386
1614640 1386
1614650 1388
1614660 1389
1614670 1389
1614680 1391
1614690 1393
1614700 1397
1614710 1397
1614720 1403
1614730 1407
1614740 1407
1614750 1410
1614760 1413
1614770 1413
1614780 1416
1614790 1418
1614800 1418
1614810 1420
1614820 1425
1614830 1429
1614840 1429
1614850 1433
1614860 1437
1614870 1437
1614880 1441
1614890 1445
1614900 1445
1614910 1452
1614920 1459
1614930 1459
1614940 1465
1614950 1472
1614960 1472
1614970 1478
1614980 1482
1614990 1488
1615000 1488
1615010 1495
1615020 1501
1615030 1501
1615040 1507
1615050 1513
1615060 1513
1615070 1518
1615080 1524
1615090 1524
1615100 1529
1615110 1534
1615120 1534
1615130 1534
1615140 1527
1615150 1520
1615160 1520
1615170 1513
1615180 1505
1615190 1505
1615200 1498
1615210 1491
1615220 1491
1615230 1483
1615240 1477
1615250 1477
1615260 1470
1615270 1463
1615280 1457
1615290 1457
1615300 1450
1615310 1444
1615320 1444
1615330 1438
1615340 1433
1615350 1433
1615360 1427
1615370 1421
1615380 1421
1615390 1416
1615400 1411
1615410 1411
1615420 1406
1615430 1401
1615440 1399
1615450 1399
1615460 1396
1615470 1392
1615480 1392
1615490 1389
1615500 1385
1615510 1385
1615520 1379
1615530 1373
1615540 1373
1615550 1367
1615560 1366
1615570 1365
1615580 1365
1615590 1363
1615600 1360
1615610 1360
1615620 1357
1615630 1355
1615640 1355
1615650 1351
1615660 1347
1615670 1347
1615680 1342
1615690 1339
1615700 1339
1615710 1340
1615720 1340
1615730 1340
1615740 1340
1615750 1339
1615760 1336
1615770 1336
1615780 1331
1615790 1324
1615800 1324
1615810 1317
1615820 1312
1615830 1312
1615840 1310
1615850 1306
1615860 1301
1615870 1301
1615880 1298
1615890 1291
1615900 1291
1615910 1293
1615920 1291
1615930 1291
1615940 1286
1615950 1283
1615960 1283
1615970 1278
1615980 1271
1615990 1271
1616000 1265
1616010 1258
1616020 1253
1616030 1253
1616040 1252
1616050 1251
1616060 1251
1616070 1249
1616080 1247
1616090 1247
1616100 1243
1616110 1245
1616120 1245
1616130 1246
1616140 1246
1616150 1246
1616160 1243
1616170 1239
1616180 1235
1616190 1235
1616200 1231
1616210 1228
1616220 1228
1616230 1225
1616240 1222
1616250 1222
1616260 1220
1616270 1218
1616280 1218
1616290 1217
1616300 1212
1616310 1213
1616320 1213
1616330 1216
1616340 1214
1616350 1214
1616360 1210
1616370 1206
1616380 1206
1616390 1201
1616400 1197
1616410 1197
1616420 1194
1616430 1192
1616440 1192
1616450 1189
1616460 1187
1616470 1185
1616480 1185
1616490 1183
1616500 1180
1616510 1180
1616520 1178
1616530 1175
1616540 1175
1616550 1173
1616560 1172
1616570 1172
1616580 1171
1616590 1170
1616600 1169
1616610 1169
1616620 1168
1616630 1167
1616640 1167
1616650 1165
1616660 1163
1616670 1163
1616680 1161
1616690 1159
1616700 1159
1616710 1158
1616720 1157
1616730 1157
1616740 1155
1616750 1155
1616760 1153
1616770 1153
1616780 1152
1616790 1154
1616800 1154
1616810 1155
1616820 1155
1616830 1155
1616840 1153
1616850 1150
1616860 1150
1616870 1146
1616880 1143
1616890 1140
1616900 1140
1616910 1136
1616920 1138
1616930 1138
1616940 1142
1616950 1146
1616960 1146
1616970 1149
1616980 1151
1616990 1151
1617000 1152
1617010 1152
1617020 1152
1617030 1147
1617040 1143
1617050 1149
1617060 1146
1617070 1150
1617080 1151
1617090 1151
1617100 1155
1617110 1160
1617120 1160
1617130 1164
1617140 1168
1617150 1168
1617160 1172
1617170 1175
1617180 1175
1617190 1178
1617200 1183
1617210 1187
1617220 1187
1617230 1190
1617240 1193
1617250 1193
1617260 1195
1617270 1197
1617280 1197
1617290 1199
1617300 1200
1617310 1200
1617320 1201
1617330 1201
1617340 1202
1617350 1202
1617360 1202
1617370 1202
1617380 1202
1617390 1200
1617400 1198
1617410 1198
1617420 1197
1617430 1197
1617440 1197
1617450 1195
1617460 1193
1617470 1193
1617480 1193
1617490 1193
1617500 1194
1617510 1194
1617520 1198
1617530 1204
1617540 1204
1617550 1209
1617560 1213
1617570 1213
1617580 1217
1617590 1221
1617600 1221
1617610 1223
1617620 1223
1617630 1222
1617640 1222
1617650 1219
1617660 1214
1617670 1214
1617680 1210
1617690 1207
1617700 1207
1617710 1204
1617720 1200
1617730 1200
1617740 1195
1617750 1189
1617760 1189
1617770 1189
1617780 1192
1617790 1193
1617800 1193
1617810 1194
1617820 1195
1617830 1195
1617840 1194
1617850 1192
1617860 1192
1617870 1189
1617880 1185
1617890 1185
1617900 1181
1617910 1178
1617920 1178
1617930 1174
1617940 1171
1617950 1169
1617960 1169
1617970 1165
1617980 1160
1617990 1160
1618000 1150
1618010 1145
1618020 1145
1618030 1140
1618040 1134
1618050 1134
1618060 1128
1618070 1122
1618080 1115
1618090 1115
1618100 1108
1618110 1101
1618120 1101
1618130 1096
1618140 1090
1618150 1090
1618160 1090
1618170 1095
1618180 1095
1618190 1096
1618200 1096
1618210 1096
1618220 1095
1618230 1096
1618240 1100
1618250 1100
1618260 1104
1618270 1105
1618280 1105
1618290 1104
1618300 1103
1618310 1103
1618320 1101
1618330 1100
1618340 1100
1618350 1099
1618360 1098
1618370 1096
1618380 1096
1618390 1095
1618400 1093
1618410 1093
1618420 1091
1618430 1092
1618440 1092
1618450 1092
1618460 1092
1618470 1092
1618480 1091
1618490 1091
1618500 1091
1618510 1092
1618520 1092
1618530 1093
1618540 1093
1618550 1094
1618560 1095
1618570 1095
1618580 1095
1618590 1096
1618600 1096
1618610 1095
1618620 1094
1618630 1094
1618640 1092
1618650 1090
1618660 1090
1618670 1087
1618680 1083
1618690 1079
1618700 1079
1618710 1075
1618720 1072
1618730 1072
1618740 1068
1618750 1064
1618760 1064
1618770 1061
1618780 1059
1618790 1059
1618800 1060
1618810 1062
1618820 1064
1618830 1064
1618840 1065
1618850 1068
1618860 1068
1618870 1070
1618880 1072
1618890 1072
1618900 1074
1618910 1075
1618920 1075
1618930 1076
1618940 1071
1618950 1071
1618960 1072
1618970 1072
1618980 1073
1618990 1073
1619000 1073
1619010 1069
1619020 1069
1619030 1066
1619040 1064
1619050 1064
1619060 1063
1619070 1064
1619080 1064
1619090 1065
1619100 1066
1619110 1067
1619120 1067
1619130 1069
1619140 1071
1619150 1071
1619160 1072
1619170 1072
1619180 1072
1619190 1072
1619200 1072
1619210 1072
1619220 1073
1619230 1073
1619240 1073
1619250 1072
1619260 1071
1619270 1070
1619280 1070
1619290 1069
1619300 1069
1619310 1069
1619320 1068
1619330 1067
1619340 1067
1619350 1067
1619360 1066
1619370 1066
1619380 1066
1619390 1068
1619400 1068
1619410 1071
1619420 1074
1619430 1077
1619440 1077
1619450 1078
1619460 1079
1619470 1079
1619480 1080
1619490 1080
1619500 1080
1619510 1078
1619520 1076
1619530 1076
1619540 1072
1619550 1069
1619560 1064
1619570 1064
1619580 1061
1619590 1059
1619600 1059
1619610 1058
1619620 1056
1619630 1056
1619640 1055
1619650 1053
1619660 1053
1619670 1050
1619680 1047
1619690 1047
1619700 1042
1619710 1036
1619720 1030
1619730 1030
1619740 1025
1619750 1018
1619760 1018
1619770 1011
1619780 1003
1619790 1003
1619800 995
1619810 987
1619820 987
1619830 979
1619840 972
1619850 965
1619860 965
1619870 961
1619880 956
1619890 956
1619900 950
1619910 947
1619920 947
1619930 948
1619940 945
1619950 945
1619960 935
1619970 926
1619980 926
1619990 919
