1600000 1178
1600010 1176
1600020 1176
1600030 1176
1600040 1176
1600050 1175
1600060 1172
1600070 1172
1600080 1170
1600090 1168
1600100 1168
1600110 1166
1600120 1164
1600130 1164
1600140 1162
1600150 1161
1600160 1161
1600170 1159
1600180 1157
1600190 1156
1600200 1156
1600210 1156
1600220 1157
1600230 1157
1600240 1158
1600250 1159
1600260 1159
1600270 1161
1600280 1160
1600290 1160
1600300 1158
1600310 1158
1600320 1158
1600330 1159
1600340 1161
1600350 1162
1600360 1162
1600370 1161
1600380 1159
1600390 1159
1600400 1158
1600410 1157
1600420 1157
1600430 1157
1600440 1158
1600450 1158
1600460 1158
1600470 1158
1600480 1158
1600490 1158
1600500 1159
1600510 1158
1600520 1158
1600530 1158
1600540 1157
1600550 1157
1600560 1156
1600570 1156
1600580 1156
1600590 1154
1600600 1154
1600610 1154
1600620 1154
1600630 1155
1600640 1156
1600650 1156
1600660 1156
1600670 1158
1600680 1158
1600690 1160
1600700 1161
1600710 1161
1600720 1161
1600730 1160
1600740 1160
1600750 1158
1600760 1156
1600770 1156
1600780 1158
1600790 1157
1600800 1156
1600810 1156
1600820 1155
1600830 1155
1600840 1155
1600850 1156
1600860 1158
1600870 1158
1600880 1158
1600890 1159
1600900 1159
1600910 1159
1600920 1158
1600930 1157
1600940 1157
1600950 1156
1600960 1154
1600970 1154
1600980 1152
1600990 1149
1601000 1149
1601010 1147
1601020 1145
1601030 1145
1601040 1143
1601050 1140
1601060 1140
1601070 1137
1601080 1134
1601090 1131
1601100 1131
1601110 1128
1601120 1125
1601130 1125
1601140 1122
1601150 1118
1601160 1118
1601170 1115
1601180 1112
1601190 1112
1601200 1108
1601210 1105
1601220 1101
1601230 1101
1601240 1098
1601250 1095
1601260 1095
1601270 1093
1601280 1090
1601290 1090
1601300 1089
1601310 1087
1601320 1087
1601330 1085
1601340 1085
1601350 1085
1601360 1085
1601370 1085
1601380 1084
1601390 1084
1601400 1083
1601410 1081
1601420 1081
1601430 1079
1601440 1077
1601450 1077
1601460 1076
1601470 1075
1601480 1075
1601490 1075
1601500 1074
1601510 1074
1601520 1072
1601530 1071
1601540 1072
1601550 1072
1601560 1074
1601570 1076
1601580 1076
1601590 1078
1601600 1079
1601610 1079
1601620 1079
1601630 1080
1601640 1080
1601650 1080
1601660 1080
1601670 1079
1601680 1079
1601690 1078
1601700 1076
1601710 1076
1601720 1075
1601730 1073
1601740 1073
1601750 1072
1601760 1070
1601770 1070
1601780 1068
1601790 1066
1601800 1066
1601810 1063
1601820 1059
1601830 1054
1601840 1054
1601850 1049
1601860 1044
1601870 1044
1601880 1039
1601890 1035
1601900 1035
1601910 1030
1601920 1026
1601930 1026
1601940 1022
1601950 1017
1601960 1013
1601970 1013
1601980 1010
1601990 1008
1602000 1008
1602010 1007
1602020 1008
1602030 1008
1602040 1008
1602050 1006
1602060 1006
1602070 1000
1602080 994
1602090 994
1602100 988
1602110 982
1602120 977
1602130 977
1602140 972
1602150 967
1602160 967
1602170 962
1602180 959
1602190 959
1602200 955
1602210 953
1602220 953
1602230 951
1602240 950
1602250 950
1602260 949
1602270 949
1602280 948
1602290 948
1602300 948
1602310 947
1602320 947
1602330 945
1602340 945
1602350 945
1602360 944
1602370 943
1602380 943
1602390 943
1602400 943
1602410 944
1602420 944
1602430 944
1602440 945
1602450 945
1602460 945
1602470 945
1602480 945
1602490 944
1602500 943
1602510 943
1602520 943
1602530 943
1602540 943
1602550 943
1602560 944
1602570 944
1602580 944
1602590 943
1602600 942
1602610 942
1602620 943
1602630 944
1602640 944
1602650 946
1602660 948
1602670 948
1602680 949
1602690 951
1602700 951
1602710 951
1602720 952
1602730 953
1602740 953
1602750 954
1602760 955
1602770 955
1602780 956
1602790 957
1602800 957
1602810 958
1602820 959
1602830 959
1602840 961
1602850 963
1602860 966
1602870 966
1602880 968
1602890 971
1602900 971
1602910 974
1602920 975
1602930 975
1602940 977
1602950 980
1602960 980
1602970 982
1602980 985
1602990 985
1603000 987
1603010 990
1603020 993
1603030 993
1603040 995
1603050 997
1603060 997
1603070 999
1603080 1000
1603090 1000
1603100 1000
1603110 1000
1603120 1000
1603130 1001
1603140 1002
1603150 1004
1603160 1004
1603170 1006
1603180 1008
1603190 1008
1603200 1011
1603210 1014
1603220 1014
1603230 1017
1603240 1020
1603250 1020
1603260 1023
1603270 1026
1603280 1026
1603290 1029
1603300 1032
1603310 1035
1603320 1035
1603330 1038
1603340 1042
1603350 1042
1603360 1046
1603370 1050
1603380 1050
1603390 1054
1603400 1058
1603410 1058
1603420 1062
1603430 1066
1603440 1066
1603450 1070
1603460 1074
1603470 1077
1603480 1077
1603490 1081
1603500 1084
1603510 1084
1603520 1088
1603530 1091
1603540 1091
1603550 1094
1603560 1097
1603570 1097
1603580 1100
1603590 1101
1603600 1105
1603610 1105
1603620 1112
1603630 1119
1603640 1119
1603650 1125
1603660 1130
1603670 1130
1603680 1131
1603690 1133
1603700 1133
1603710 1134
1603720 1138
1603730 1138
1603740 1143
1603750 1151
1603760 1160
1603770 1160
1603780 1168
1603790 1176
1603800 1176
1603810 1185
1603820 1192
1603830 1192
1603840 1199
1603850 1206
1603860 1206
1603870 1213
1603880 1221
1603890 1230
1603900 1230
1603910 1239
1603920 1252
1603930 1252
1603940 1260
1603950 1263
1603960 1263
1603970 1266
1603980 1266
1603990 1266
1604000 1270
1604010 1274
1604020 1274
1604030 1277
1604040 1281
1604050 1285
1604060 1285
1604070 1289
1604080 1292
1604090 1292
1604100 1296
1604110 1299
1604120 1299
1604130 1302
1604140 1305
1604150 1305
1604160 1306
1604170 1305
1604180 1305
1604190 1304
1604200 1303
1604210 1303
1604220 1303
1604230 1306
1604240 1305
1604250 1305
1604260 1304
1604270 1304
1604280 1304
1604290 1304
1604300 1304
1604310 1304
1604320 1308
1604330 1311
1604340 1314
1604350 1314
1604360 1317
1604370 1320
1604380 1320
1604390 1323
1604400 1326
1604410 1326
1604420 1330
1604430 1336
1604440 1336
1604450 1342
1604460 1350
1604470 1350
1604480 1358
1604490 1365
1604500 1372
1604510 1372
1604520 1378
1604530 1383
1604540 1383
1604550 1386
1604560 1389
1604570 1389
1604580 1391
1604590 1393
1604600 1393
1604610 1395
1604620 1397
1604630 1401
1604640 1401
1604650 1406
1604660 1413
1604670 1413
1604680 1420
1604690 1427
1604700 1427
1604710 1436
1604720 1447
1604730 1447
1604740 1458
1604750 1465
1604760 1465
1604770 1471
1604780 1477
1604790 1481
1604800 1481
1604810 1485
1604820 1486
1604830 1486
1604840 1488
1604850 1490
1604860 1490
1604870 1491
1604880 1493
1604890 1493
1604900 1494
1604910 1490
1604920 1490
1604930 1484
1604940 1479
1604950 1473
1604960 1473
1604970 1465
1604980 1457
1604990 1457
1605000 1456
1605010 1455
1605020 1446
1605030 1446
1605040 1451
1605050 1451
1605060 1458
1605070 1463
1605080 1467
1605090 1467
1605100 1474
1605110 1482
1605120 1482
1605130 1489
1605140 1493
1605150 1493
1605160 1499
1605170 1508
1605180 1508
1605190 1513
1605200 1513
1605210 1513
1605220 1512
1605230 1514
1605240 1512
1605250 1512
1605260 1510
1605270 1511
1605280 1511
1605290 1508
1605300 1507
1605310 1507
1605320 1509
1605330 1510
1605340 1510
1605350 1512
1605360 1512
1605370 1510
1605380 1510
1605390 1511
1605400 1514
1605410 1514
1605420 1516
1605430 1514
1605440 1514
1605450 1510
1605460 1511
1605470 1511
1605480 1512
1605490 1517
1605500 1517
1605510 1522
1605520 1528
1605530 1533
1605540 1533
1605550 1535
1605560 1532
1605570 1532
1605580 1528
1605590 1524
1605600 1524
1605610 1520
1605620 1518
1605630 1518
1605640 1515
1605650 1511
1605660 1511
1605670 1506
1605680 1501
1605690 1499
1605700 1499
1605710 1499
1605720 1502
1605730 1502
1605740 1505
1605750 1510
1605760 1510
1605770 1517
1605780 1523
1605790 1523
1605800 1525
1605810 1527
1605820 1527
1605830 1527
1605840 1526
1605850 1525
1605860 1525
1605870 1525
1605880 1527
1605890 1527
1605900 1529
1605910 1531
1605920 1531
1605930 1532
1605940 1530
1605950 1530
1605960 1527
1605970 1524
1605980 1520
1605990 1520
1606000 1517
1606010 1513
1606020 1513
1606030 1513
1606040 1515
1606050 1515
1606060 1514
1606070 1517
1606080 1517
1606090 1519
1606100 1520
1606110 1522
1606120 1522
1606130 1523
1606140 1524
1606150 1524
1606160 1524
1606170 1523
1606180 1523
1606190 1523
1606200 1521
1606210 1521
1606220 1519
1606230 1512
1606240 1512
1606250 1505
1606260 1497
1606270 1488
1606280 1488
1606290 1480
1606300 1473
1606310 1473
1606320 1468
1606330 1462
1606340 1462
1606350 1456
1606360 1448
1606370 1448
1606380 1441
1606390 1434
1606400 1434
1606410 1427
1606420 1420
1606430 1413
1606440 1413
1606450 1407
1606460 1400
1606470 1400
1606480 1394
1606490 1389
1606500 1389
1606510 1384
1606520 1377
1606530 1377
1606540 1371
1606550 1364
1606560 1358
1606570 1358
1606580 1353
1606590 1349
1606600 1349
1606610 1344
1606620 1339
1606630 1339
1606640 1334
1606650 1329
1606660 1329
1606670 1324
1606680 1318
1606690 1318
1606700 1311
1606710 1304
1606720 1297
1606730 1297
1606740 1290
1606750 1283
1606760 1283
1606770 1275
1606780 1268
1606790 1268
1606800 1259
1606810 1250
1606820 1250
1606830 1242
1606840 1234
1606850 1227
1606860 1227
1606870 1223
1606880 1221
1606890 1221
1606900 1219
1606910 1217
1606920 1217
1606930 1214
1606940 1208
1606950 1208
1606960 1201
1606970 1194
1606980 1194
1606990 1186
1607000 1178
1607010 1170
1607020 1170
1607030 1162
1607040 1155
1607050 1155
1607060 1148
1607070 1140
1607080 1140
1607090 1132
1607100 1124
1607110 1124
1607120 1118
1607130 1111
1607140 1111
1607150 1104
1607160 1097
1607170 1090
1607180 1090
1607190 1084
1607200 1079
1607210 1079
1607220 1075
1607230 1072
1607240 1072
1607250 1069
1607260 1065
1607270 1065
1607280 1064
1607290 1063
1607300 1063
1607310 1063
1607320 1062
1607330 1060
1607340 1060
1607350 1059
1607360 1055
1607370 1055
1607380 1048
1607390 1045
1607400 1045
1607410 1044
1607420 1045
1607430 1045
1607440 1045
1607450 1049
1607460 1051
1607470 1051
1607480 1049
1607490 1043
1607500 1043
1607510 1035
1607520 1026
1607530 1026
1607540 1020
1607550 1012
1607560 1012
1607570 1006
1607580 1004
1607590 1004
1607600 1002
1607610 996
1607620 992
1607630 992
1607640 988
1607650 979
1607660 979
1607670 968
1607680 961
1607690 961
1607700 953
1607710 946
1607720 946
1607730 938
1607740 932
1607750 924
1607760 924
1607770 916
1607780 909
1607790 909
1607800 902
1607810 896
1607820 896
1607830 890
1607840 883
1607850 883
1607860 877
1607870 871
1607880 871
1607890 866
1607900 860
1607910 855
1607920 855
1607930 850
1607940 845
1607950 845
1607960 839
1607970 835
1607980 835
1607990 831
1608000 826
1608010 826
1608020 822
1608030 817
1608040 812
1608050 812
1608060 807
1608070 802
1608080 802
1608090 798
1608100 794
1608110 797
1608120 794
1608130 791
1608140 791
1608150 788
1608160 785
1608170 785
1608180 782
1608190 779
1608200 776
1608210 776
1608220 773
1608230 771
1608240 771
1608250 768
1608260 765
1608270 765
1608280 763
1608290 761
1608300 761
1608310 760
1608320 759
1608330 759
1608340 754
1608350 749
1608360 747
1608370 747
1608380 745
1608390 741
1608400 741
1608410 734
1608420 727
1608430 727
1608440 724
1608450 724
1608460 724
1608470 724
1608480 724
1608490 724
1608500 724
1608510 724
1608520 724
1608530 724
1608540 724
1608550 724
1608560 724
1608570 724
1608580 724
1608590 724
1608600 724
1608610 724
1608620 724
1608630 724
1608640 724
1608650 724
1608660 724
1608670 724
1608680 724
1608690 724
1608700 724
1608710 724
1608720 724
1608730 724
1608740 724
1608750 724
1608760 724
1608770 724
1608780 725
1608790 725
1608800 726
1608810 728
1608820 728
1608830 730
1608840 732
1608850 732
1608860 733
1608870 736
1608880 736
1608890 738
1608900 740
1608910 740
1608920 742
1608930 744
1608940 746
1608950 746
1608960 749
1608970 750
1608980 750
1608990 751
1609000 752
1609010 752
1609020 754
1609030 757
1609040 757
1609050 760
1609060 763
1609070 763
1609080 767
1609090 770
1609100 775
1609110 775
1609120 778
1609130 781
1609140 781
1609150 784
1609160 786
1609170 786
1609180 789
1609190 792
1609200 792
1609210 795
1609220 798
1609230 801
1609240 801
1609250 805
1609260 809
1609270 809
1609280 813
1609290 816
1609300 816
1609310 820
1609320 824
1609330 824
1609340 828
1609350 831
1609360 831
1609370 834
1609380 837
1609390 841
1609400 841
1609410 844
1609420 848
1609430 848
1609440 852
1609450 857
1609460 857
1609470 863
1609480 870
1609490 870
1609500 876
1609510 884
1609520 891
1609530 891
1609540 900
1609550 908
1609560 908
1609570 916
1609580 922
1609590 922
1609600 927
1609610 933
1609620 933
1609630 940
1609640 948
1609650 948
1609660 956
1609670 964
1609680 974
1609690 974
1609700 984
1609710 990
1609720 990
1609730 993
1609740 996
1609750 996
1609760 1000
1609770 1003
1609780 1003
1609790 1007
1609800 1013
1609810 1013
1609820 1018
1609830 1021
1609840 1022
1609850 1022
1609860 1021
1609870 1021
1609880 1021
1609890 1023
1609900 1028
1609910 1028
1609920 1033
1609930 1041
1609940 1041
1609950 1049
1609960 1057
1609970 1063
1609980 1063
1609990 1069
1610000 1074
1610010 1074
1610020 1079
1610030 1085
1610040 1085
1610050 1091
1610060 1096
1610070 1096
1610080 1102
1610090 1109
1610100 1109
1610110 1114
1610120 1116
1610130 1108
1610140 1108
1610150 1116
1610160 1122
1610170 1122
1610180 1128
1610190 1133
1610200 1133
1610210 1137
1610220 1148
1610230 1148
1610240 1164
1610250 1178
1610260 1178
1610270 1183
1610280 1182
1610290 1185
1610300 1185
1610310 1182
1610320 1181
1610330 1181
1610340 1188
1610350 1192
1610360 1192
1610370 1199
1610380 1203
1610390 1203
1610400 1207
1610410 1216
1610420 1228
1610430 1228
1610440 1232
1610450 1237
1610460 1237
1610470 1248
1610480 1263
1610490 1263
1610500 1274
1610510 1276
1610520 1276
1610530 1277
1610540 1284
1610550 1284
1610560 1290
1610570 1293
1610580 1294
1610590 1294
1610600 1300
1610610 1305
1610620 1305
1610630 1305
1610640 1306
1610650 1306
1610660 1309
1610670 1313
1610680 1313
1610690 1319
1610700 1325
1610710 1332
1610720 1332
1610730 1338
1610740 1344
1610750 1344
1610760 1350
1610770 1356
1610780 1356
1610790 1361
1610800 1367
1610810 1367
1610820 1374
1610830 1381
1610840 1381
1610850 1388
1610860 1395
1610870 1403
1610880 1403
1610890 1409
1610900 1417
1610910 1417
1610920 1427
1610930 1436
1610940 1436
1610950 1442
1610960 1450
1610970 1450
1610980 1459
1610990 1466
1611000 1466
1611010 1473
1611020 1479
1611030 1485
1611040 1485
1611050 1490
1611060 1497
1611070 1497
1611080 1504
1611090 1511
1611100 1511
1611110 1518
1611120 1523
1611130 1523
1611140 1530
1611150 1537
1611160 1544
1611170 1544
1611180 1552
1611190 1558
1611200 1558
1611210 1563
1611220 1569
1611230 1569
1611240 1575
1611250 1581
1611260 1581
1611270 1588
1611280 1598
1611290 1598
1611300 1606
1611310 1613
1611320 1621
1611330 1621
1611340 1629
1611350 1637
1611360 1637
1611370 1645
1611380 1652
1611390 1652
1611400 1659
1611410 1665
1611420 1665
1611430 1670
1611440 1676
1611450 1681
1611460 1681
1611470 1688
1611480 1697
1611490 1697
1611500 1710
1611510 1720
1611520 1720
1611530 1728
1611540 1735
1611550 1735
1611560 1744
1611570 1755
1611580 1755
1611590 1770
1611600 1782
1611610 1787
1611620 1787
1611630 1794
1611640 1800
1611650 1800
1611660 1804
1611670 1806
1611680 1806
1611690 1810
1611700 1818
1611710 1818
1611720 1825
1611730 1831
1611740 1831
1611750 1839
1611760 1848
1611770 1857
1611780 1857
1611790 1864
1611800 1877
1611810 1877
1611820 1888
1611830 1898
1611840 1898
1611850 1906
1611860 1913
1611870 1913
1611880 1919
1611890 1926
1611900 1933
1611910 1933
1611920 1939
1611930 1943
1611940 1943
1611950 1945
1611960 1947
1611970 1947
1611980 1946
1611990 1945
1612000 1945
1612010 1943
1612020 1942
1612030 1942
1612040 1942
1612050 1942
1612060 1942
1612070 1942
1612080 1943
1612090 1943
1612100 1943
1612110 1945
1612120 1945
1612130 1945
1612140 1943
1612150 1941
1612160 1941
1612170 1939
1612180 1937
1612190 1940
1612200 1940
1612210 1941
1612220 1941
1612230 1941
1612240 1942
1612250 1943
1612260 1943
1612270 1944
1612280 1944
1612290 1944
1612300 1943
1612310 1942
1612320 1942
1612330 1942
1612340 1942
1612350 1941
1612360 1941
1612370 1940
1612380 1940
1612390 1940
1612400 1939
1612410 1935
1612420 1935
1612430 1930
1612440 1926
1612450 1926
1612460 1919
1612470 1917
1612480 1917
1612490 1922
1612500 1927
1612510 1928
1612520 1928
1612530 1926
1612540 1923
1612550 1923
1612560 1920
1612570 1918
1612580 1918
1612590 1915
1612600 1908
1612610 1908
1612620 1900
1612630 1893
1612640 1887
1612650 1887
1612660 1882
1612670 1878
1612680 1878
1612690 1874
1612700 1870
1612710 1870
1612720 1867
1612730 1863
1612740 1863
1612750 1860
1612760 1857
1612770 1857
1612780 1854
1612790 1850
1612800 1847
1612810 1847
1612820 1844
1612830 1842
1612840 1842
1612850 1839
1612860 1836
1612870 1836
1612880 1828
1612890 1822
1612900 1822
1612910 1819
1612920 1817
1612930 1817
1612940 1812
1612950 1808
1612960 1803
1612970 1803
1612980 1797
1612990 1790
1613000 1790
1613010 1781
1613020 1774
1613030 1774
1613040 1765
1613050 1757
1613060 1757
1613070 1746
1613080 1738
1613090 1725
1613100 1725
1613110 1716
1613120 1705
1613130 1705
1613140 1693
1613150 1680
1613160 1680
1613170 1672
1613180 1662
1613190 1662
1613200 1649
1613210 1635
1613220 1635
1613230 1623
1613240 1615
1613250 1607
1613260 1607
1613270 1599
1613280 1590
1613290 1590
1613300 1581
1613310 1572
1613320 1572
1613330 1564
1613340 1555
1613350 1555
1613360 1548
1613370 1540
1613380 1533
1613390 1533
1613400 1525
1613410 1516
1613420 1516
1613430 1506
1613440 1498
1613450 1498
1613460 1492
1613470 1488
1613480 1488
1613490 1481
1613500 1471
1613510 1471
1613520 1460
1613530 1449
1613540 1440
1613550 1440
1613560 1434
1613570 1427
1613580 1427
1613590 1416
1613600 1403
1613610 1403
1613620 1401
1613630 1402
1613640 1402
1613650 1396
1613660 1388
1613670 1388
1613680 1383
1613690 1376
1613700 1365
1613710 1365
1613720 1345
1613730 1338
1613740 1338
1613750 1337
1613760 1328
1613770 1328
1613780 1309
1613790 1291
1613800 1291
1613810 1278
1613820 1263
1613830 1252
1613840 1252
1613850 1243
1613860 1232
1613870 1232
1613880 1216
1613890 1200
1613900 1200
1613910 1192
1613920 1185
1613930 1185
1613940 1178
1613950 1170
1613960 1170
1613970 1163
1613980 1156
1613990 1152
1614000 1152
1614010 1148
1614020 1133
1614030 1133
1614040 1125
1614050 1118
1614060 1120
1614070 1114
1614080 1108
1614090 1108
1614100 1102
1614110 1096
1614120 1090
1614130 1090
1614140 1084
1614150 1079
1614160 1079
1614170 1073
1614180 1066
1614190 1066
1614200 1060
1614210 1056
1614220 1056
1614230 1058
1614240 1061
1614250 1061
1614260 1065
1614270 1068
1614280 1069
1614290 1069
1614300 1071
1614310 1072
1614320 1072
1614330 1071
1614340 1070
1614350 1070
1614360 1067
1614370 1070
1614380 1070
1614390 1085
1614400 1095
1614410 1095
1614420 1105
1614430 1116
1614440 1126
1614450 1126
1614460 1136
1614470 1143
1614480 1143
1614490 1152
1614500 1165
1614510 1165
1614520 1188
1614530 1212
1614540 1212
1614550 1225
1614560 1233
1614570 1241
1614580 1241
1614590 1263
1614600 1282
1614610 1282
1614620 1293
1614630 1299
1614640 1299
1614650 1300
1614660 1295
1614670 1295
1614680 1295
1614690 1296
1614700 1296
1614710 1298
1614720 1304
1614730 1310
1614740 1310
1614750 1320
1614760 1333
1614770 1333
1614780 1338
1614790 1337
1614800 1337
1614810 1336
1614820 1335
1614830 1335
1614840 1338
1614850 1343
1614860 1349
1614870 1349
1614880 1349
1614890 1346
1614900 1346
1614910 1348
1614920 1351
1614930 1351
1614940 1353
1614950 1357
1614960 1357
1614970 1360
1614980 1363
1614990 1363
1615000 1367
1615010 1372
1615020 1378
1615030 1378
1615040 1382
1615050 1385
1615060 1385
1615070 1388
1615080 1391
1615090 1391
1615100 1394
1615110 1399
1615120 1399
1615130 1405
1615140 1410
1615150 1410
1615160 1414
1615170 1417
1615180 1421
1615190 1421
1615200 1424
1615210 1427
1615220 1427
1615230 1431
1615240 1434
1615250 1434
1615260 1437
1615270 1441
1615280 1441
1615290 1447
1615300 1452
1615310 1456
1615320 1456
1615330 1460
1615340 1462
1615350 1462
1615360 1464
1615370 1468
1615380 1468
1615390 1472
1615400 1475
1615410 1475
1615420 1479
1615430 1481
1615440 1481
1615450 1481
1615460 1481
1615470 1479
1615480 1479
1615490 1478
1615500 1476
1615510 1476
1615520 1474
1615530 1472
1615540 1472
1615550 1472
1615560 1471
1615570 1471
1615580 1469
1615590 1467
1615600 1467
1615610 1467
1615620 1467
1615630 1467
1615640 1467
1615650 1467
1615660 1465
1615670 1465
1615680 1462
1615690 1459
1615700 1459
1615710 1455
1615720 1453
1615730 1453
1615740 1453
1615750 1452
1615760 1452
1615770 1452
1615780 1452
1615790 1451
1615800 1451
1615810 1450
1615820 1450
1615830 1450
1615840 1449
1615850 1449
1615860 1449
1615870 1449
1615880 1448
1615890 1448
1615900 1446
1615910 1444
1615920 1443
1615930 1443
1615940 1442
1615950 1440
1615960 1440
1615970 1439
1615980 1439
1615990 1439
1616000 1437
1616010 1435
1616020 1435
1616030 1434
1616040 1432
1616050 1431
1616060 1431
1616070 1430
1616080 1430
1616090 1430
1616100 1430
1616110 1429
1616120 1429
1616130 1429
1616140 1429
1616150 1429
1616160 1429
1616170 1430
1616180 1430
1616190 1430
1616200 1430
1616210 1430
1616220 1430
1616230 1429
1616240 1428
1616250 1428
1616260 1425
1616270 1423
1616280 1423
1616290 1420
1616300 1417
1616310 1417
1616320 1415
1616330 1412
1616340 1412
1616350 1409
1616360 1406
1616370 1404
1616380 1404
1616390 1400
1616400 1397
1616410 1397
1616420 1394
1616430 1391
1616440 1391
1616450 1387
1616460 1381
1616470 1381
1616480 1376
1616490 1371
1616500 1367
1616510 1367
1616520 1364
1616530 1359
1616540 1359
1616550 1355
1616560 1349
1616570 1349
1616580 1344
1616590 1338
1616600 1338
1616610 1332
1616620 1326
1616630 1326
1616640 1320
1616650 1313
1616660 1308
1616670 1308
1616680 1304
1616690 1301
1616700 1301
1616710 1299
1616720 1299
1616730 1299
1616740 1301
1616750 1302
1616760 1302
1616770 1302
1616780 1301
1616790 1299
1616800 1299
1616810 1295
1616820 1291
1616830 1291
1616840 1290
1616850 1288
1616860 1288
1616870 1287
1616880 1286
1616890 1286
1616900 1283
1616910 1281
1616920 1281
1616930 1272
1616940 1269
1616950 1265
1616960 1265
1616970 1261
1616980 1258
1616990 1258
1617000 1254
1617010 1251
1617020 1251
1617030 1248
1617040 1246
1617050 1246
1617060 1243
1617070 1240
1617080 1240
1617090 1237
1617100 1234
1617110 1231
1617120 1231
1617130 1227
1617140 1224
1617150 1224
1617160 1220
1617170 1217
1617180 1217
1617190 1213
1617200 1209
1617210 1209
1617220 1207
1617230 1205
1617240 1202
1617250 1202
1617260 1199
1617270 1196
1617280 1196
1617290 1194
1617300 1191
1617310 1191
1617320 1189
1617330 1187
1617340 1187
1617350 1184
1617360 1181
1617370 1181
1617380 1177
1617390 1173
1617400 1170
1617410 1170
1617420 1166
1617430 1163
1617440 1163
1617450 1160
1617460 1156
1617470 1156
1617480 1153
1617490 1151
1617500 1151
1617510 1148
1617520 1145
1617530 1143
1617540 1143
1617550 1141
1617560 1139
1617570 1139
1617580 1136
1617590 1134
1617600 1134
1617610 1131
1617620 1129
1617630 1129
1617640 1127
1617650 1125
1617660 1125
1617670 1123
1617680 1120
1617690 1118
1617700 1118
1617710 1115
1617720 1112
1617730 1112
1617740 1107
1617750 1103
1617760 1103
1617770 1098
1617780 1094
1617790 1094
1617800 1087
1617810 1081
1617820 1081
1617830 1076
1617840 1071
1617850 1065
1617860 1065
1617870 1059
1617880 1055
1617890 1055
1617900 1049
1617910 1044
1617920 1044
1617930 1041
1617940 1041
1617950 1041
1617960 1042
1617970 1044
1617980 1045
1617990 1045
1618000 1045
1618010 1042
1618020 1042
1618030 1035
1618040 1027
1618050 1027
1618060 1018
1618070 1008
1618080 1008
1618090 995
1618100 981
1618110 981
1618120 975
1618130 974
1618140 979
1618150 979
1618160 986
1618170 995
1618180 995
1618190 1000
1618200 1000
1618210 1000
1618220 1001
1618230 1003
1618240 1003
1618250 1007
1618260 1005
1618270 1001
1618280 1001
1618290 996
1618300 988
1618310 988
1618320 982
1618330 976
1618340 976
1618350 968
1618360 958
1618370 958
1618380 951
1618390 945
1618400 945
1618410 944
1618420 949
1618430 953
1618440 953
1618450 952
1618460 950
1618470 950
1618480 946
1618490 938
1618500 938
1618510 932
1618520 927
1618530 927
1618540 921
1618550 918
1618560 918
1618570 919
1618580 922
1618590 926
1618600 926
1618610 930
1618620 934
1618630 934
1618640 937
1618650 938
1618660 938
1618670 938
1618680 933
1618690 933
1618700 923
1618710 917
1618720 914
1618730 914
1618740 910
1618750 905
1618760 905
1618770 900
1618780 894
1618790 894
1618800 888
1618810 883
1618820 883
1618830 882
1618840 881
1618850 881
1618860 880
1618870 879
1618880 880
1618890 880
1618900 886
1618910 888
1618920 888
1618930 890
1618940 892
1618950 892
1618960 893
1618970 894
1618980 894
1618990 894
1619000 891
1619010 891
1619020 885
1619030 880
1619040 877
1619050 877
1619060 872
1619070 866
1619080 866
1619090 861
1619100 855
1619110 855
1619120 850
1619130 847
1619140 847
1619150 843
1619160 839
1619170 835
1619180 835
1619190 833
1619200 832
1619210 832
1619220 830
1619230 828
1619240 828
1619250 826
1619260 823
1619270 823
1619280 821
1619290 820
1619300 820
1619310 821
1619320 824
1619330 830
1619340 830
1619350 840
1619360 846
1619370 846
1619380 850
1619390 850
1619400 850
1619410 845
1619420 842
1619430 842
1619440 835
1619450 829
1619460 826
1619470 826
1619480 824
1619490 822
1619500 822
1619510 820
1619520 815
1619530 815
1619540 808
1619550 809
1619560 809
1619570 809
1619580 814
1619590 814
1619600 810
1619610 807
1619620 808
1619630 808
1619640 804
1619650 799
1619660 799
1619670 792
1619680 786
1619690 786
1619700 783
1619710 778
1619720 778
1619730 774
1619740 779
1619750 779
1619760 776
1619770 774
1619780 770
1619790 770
1619800 766
1619810 763
1619820 763
1619830 759
1619840 753
1619850 753
1619860 751
1619870 751
1619880 751
1619890 751
1619900 750
1619910 749
1619920 749
1619930 746
1619940 743
1619950 743
1619960 741
1619970 739
1619980 739
1619990 738
