1600000 1209
1600010 1209
1600020 1207
1600030 1204
1600040 1204
1600050 1202
1600060 1200
1600070 1200
1600080 1199
1600090 1198
1600100 1198
1600110 1197
1600120 1196
1600130 1194
1600140 1194
1600150 1192
1600160 1190
1600170 1190
1600180 1188
1600190 1185
1600200 1185
1600210 1183
1600220 1180
1600230 1180
1600240 1179
1600250 1177
1600260 1177
1600270 1176
1600280 1176
1600290 1176
1600300 1176
1600310 1176
1600320 1176
1600330 1176
1600340 1176
1600350 1176
1600360 1176
1600370 1176
1600380 1176
1600390 1176
1600400 1175
1600410 1175
1600420 1175
1600430 1174
1600440 1173
1600450 1171
1600460 1171
1600470 1168
1600480 1165
1600490 1165
1600500 1161
1600510 1157
1600520 1157
1600530 1153
1600540 1150
1600550 1150
1600560 1148
1600570 1145
1600580 1144
1600590 1144
1600600 1143
1600610 1142
1600620 1142
1600630 1142
1600640 1141
1600650 1141
1600660 1140
1600670 1140
1600680 1140
1600690 1139
1600700 1137
1600710 1137
1600720 1136
1600730 1134
1600740 1133
1600750 1133
1600760 1131
1600770 1131
1600780 1131
1600790 1131
1600800 1132
1600810 1132
1600820 1132
1600830 1133
1600840 1133
1600850 1133
1600860 1133
1600870 1132
1600880 1132
1600890 1131
1600900 1130
1600910 1130
1600920 1128
1600930 1127
1600940 1127
1600950 1127
1600960 1126
1600970 1126
1600980 1125
1600990 1124
1601000 1124
1601010 1122
1601020 1119
1601030 1116
1601040 1116
1601050 1112
1601060 1108
1601070 1108
1601080 1105
1601090 1101
1601100 1101
1601110 1096
1601120 1091
1601130 1091
1601140 1087
1601150 1083
1601160 1083
1601170 1080
1601180 1076
1601190 1072
1601200 1072
1601210 1069
1601220 1066
1601230 1066
1601240 1061
1601250 1059
1601260 1059
1601270 1058
1601280 1056
1601290 1056
1601300 1055
1601310 1054
1601320 1052
1601330 1052
1601340 1049
1601350 1047
1601360 1047
1601370 1046
1601380 1046
1601390 1046
1601400 1045
1601410 1045
1601420 1045
1601430 1045
1601440 1045
1601450 1045
1601460 1047
1601470 1049
1601480 1051
1601490 1051
1601500 1054
1601510 1057
1601520 1057
1601530 1059
1601540 1060
1601550 1060
1601560 1060
1601570 1060
1601580 1060
1601590 1059
1601600 1058
1601610 1057
1601620 1057
1601630 1056
1601640 1054
1601650 1054
1601660 1053
1601670 1052
1601680 1052
1601690 1051
1601700 1050
1601710 1050
1601720 1049
1601730 1049
1601740 1049
1601750 1049
1601760 1049
1601770 1049
1601780 1053
1601790 1053
1601800 1053
1601810 1053
1601820 1052
1601830 1052
1601840 1052
1601850 1052
1601860 1051
1601870 1051
1601880 1049
1601890 1043
1601900 1043
1601910 1038
1601920 1034
1601930 1029
1601940 1029
1601950 1023
1601960 1018
1601970 1018
1601980 1013
1601990 1007
1602000 1007
1602010 1001
1602020 996
1602030 996
1602040 990
1602050 984
1602060 979
1602070 979
1602080 973
1602090 967
1602100 967
1602110 965
1602120 964
1602130 964
1602140 963
1602150 962
1602160 962
1602170 961
1602180 960
1602190 960
1602200 961
1602210 961
1602220 960
1602230 960
1602240 959
1602250 956
1602260 956
1602270 955
1602280 954
1602290 954
1602300 955
1602310 956
1602320 956
1602330 957
1602340 956
1602350 955
1602360 955
1602370 955
1602380 956
1602390 956
1602400 956
1602410 956
1602420 956
1602430 957
1602440 958
1602450 958
1602460 958
1602470 958
1602480 958
1602490 958
1602500 958
1602510 958
1602520 958
1602530 958
1602540 958
1602550 958
1602560 959
1602570 959
1602580 959
1602590 960
1602600 960
1602610 960
1602620 960
1602630 961
1602640 961
1602650 961
1602660 962
1602670 964
1602680 964
1602690 965
1602700 966
1602710 966
1602720 968
1602730 970
1602740 970
1602750 971
1602760 974
1602770 974
1602780 976
1602790 978
1602800 980
1602810 980
1602820 982
1602830 985
1602840 985
1602850 985
1602860 988
1602870 988
1602880 990
1602890 993
1602900 993
1602910 995
1602920 998
1602930 998
1602940 1000
1602950 1002
1602960 1005
1602970 1005
1602980 1007
1602990 1009
1603000 1009
1603010 1012
1603020 1015
1603030 1015
1603040 1018
1603050 1020
1603060 1020
1603070 1023
1603080 1026
1603090 1029
1603100 1029
1603110 1032
1603120 1035
1603130 1035
1603140 1038
1603150 1041
1603160 1041
1603170 1043
1603180 1045
1603190 1045
1603200 1047
1603210 1049
1603220 1049
1603230 1050
1603240 1051
1603250 1051
1603260 1051
1603270 1053
1603280 1054
1603290 1054
1603300 1057
1603310 1059
1603320 1059
1603330 1061
1603340 1063
1603350 1063
1603360 1066
1603370 1069
1603380 1069
1603390 1071
1603400 1074
1603410 1075
1603420 1075
1603430 1077
1603440 1080
1603450 1080
1603460 1084
1603470 1089
1603480 1089
1603490 1093
1603500 1099
1603510 1099
1603520 1107
1603530 1114
1603540 1123
1603550 1123
1603560 1131
1603570 1134
1603580 1134
1603590 1136
1603600 1136
1603610 1136
1603620 1141
1603630 1149
1603640 1149
1603650 1152
1603660 1155
1603670 1155
1603680 1159
1603690 1164
1603700 1170
1603710 1170
1603720 1178
1603730 1189
1603740 1189
1603750 1193
1603760 1195
1603770 1195
1603780 1196
1603790 1198
1603800 1198
1603810 1200
1603820 1202
1603830 1202
1603840 1205
1603850 1209
1603860 1214
1603870 1214
1603880 1219
1603890 1225
1603900 1224
1603910 1231
1603920 1239
1603930 1239
1603940 1249
1603950 1259
1603960 1259
1603970 1268
1603980 1275
1603990 1283
1604000 1283
1604010 1293
1604020 1308
1604030 1308
1604040 1313
1604050 1320
1604060 1320
1604070 1324
1604080 1327
1604090 1327
1604100 1332
1604110 1337
1604120 1337
1604130 1342
1604140 1346
1604150 1350
1604160 1350
1604170 1353
1604180 1357
1604190 1357
1604200 1360
1604210 1363
1604220 1363
1604230 1366
1604240 1367
1604250 1367
1604260 1367
1604270 1366
1604280 1365
1604290 1365
1604300 1364
1604310 1364
1604320 1364
1604330 1364
1604340 1364
1604350 1364
1604360 1369
1604370 1374
1604380 1374
1604390 1376
1604400 1379
1604410 1379
1604420 1384
1604430 1386
1604440 1389
1604450 1389
1604460 1392
1604470 1395
1604480 1395
1604490 1398
1604500 1403
1604510 1403
1604520 1406
1604530 1409
1604540 1409
1604550 1415
1604560 1420
1604570 1420
1604580 1425
1604590 1432
1604600 1440
1604610 1440
1604620 1448
1604630 1456
1604640 1456
1604650 1464
1604660 1469
1604670 1469
1604680 1473
1604690 1474
1604700 1474
1604710 1475
1604720 1477
1604730 1481
1604740 1481
1604750 1486
1604760 1493
1604770 1493
1604780 1501
1604790 1514
1604800 1514
1604810 1528
1604820 1532
1604830 1532
1604840 1539
1604850 1544
1604860 1544
1604870 1544
1604880 1541
1604890 1536
1604900 1536
1604910 1531
1604920 1528
1604930 1528
1604940 1527
1604950 1517
1604960 1517
1604970 1515
1604980 1514
1604990 1514
1605000 1517
1605010 1522
1605020 1525
1605030 1525
1605040 1522
1605050 1517
1605060 1517
1605070 1520
1605080 1529
1605090 1529
1605100 1536
1605110 1542
1605120 1542
1605130 1545
1605140 1550
1605150 1550
1605160 1555
1605170 1560
1605180 1566
1605190 1566
1605200 1574
1605210 1578
1605220 1578
1605230 1581
1605240 1583
1605250 1583
1605260 1585
1605270 1586
1605280 1586
1605290 1587
1605300 1588
1605310 1588
1605320 1589
1605330 1589
1605340 1589
1605350 1589
1605360 1588
1605370 1587
1605380 1587
1605390 1585
1605400 1583
1605410 1583
1605420 1584
1605430 1583
1605440 1583
1605450 1581
1605460 1580
1605470 1582
1605480 1582
1605490 1584
1605500 1586
1605510 1586
1605520 1589
1605530 1592
1605540 1592
1605550 1595
1605560 1596
1605570 1596
1605580 1594
1605590 1592
1605600 1592
1605610 1591
1605620 1587
1605630 1584
1605640 1584
1605650 1585
1605660 1582
1605670 1582
1605680 1575
1605690 1572
1605700 1572
1605710 1569
1605720 1569
1605730 1569
1605740 1571
1605750 1578
1605760 1584
1605770 1584
1605780 1582
1605790 1582
1605800 1582
1605810 1582
1605820 1580
1605830 1580
1605840 1578
1605850 1577
1605860 1577
1605870 1576
1605880 1576
1605890 1576
1605900 1575
1605910 1573
1605920 1570
1605930 1570
1605940 1567
1605950 1565
1605960 1565
1605970 1563
1605980 1561
1605990 1556
1606000 1554
1606010 1552
1606020 1552
1606030 1550
1606040 1549
1606050 1549
1606060 1548
1606070 1548
1606080 1547
1606090 1547
1606100 1546
1606110 1542
1606120 1542
1606130 1534
1606140 1526
1606150 1526
1606160 1519
1606170 1512
1606180 1512
1606190 1505
1606200 1499
1606210 1493
1606220 1493
1606230 1486
1606240 1479
1606250 1479
1606260 1472
1606270 1466
1606280 1466
1606290 1460
1606300 1454
1606310 1454
1606320 1447
1606330 1441
1606340 1441
1606350 1435
1606360 1428
1606370 1422
1606380 1422
1606390 1416
1606400 1409
1606410 1409
1606420 1402
1606430 1394
1606440 1394
1606450 1387
1606460 1379
1606470 1379
1606480 1372
1606490 1365
1606500 1357
1606510 1357
1606520 1350
1606530 1342
1606540 1342
1606550 1334
1606560 1327
1606570 1327
1606580 1320
1606590 1313
1606600 1313
1606610 1306
1606620 1300
1606630 1300
1606640 1293
1606650 1287
1606660 1282
1606670 1282
1606680 1276
1606690 1271
1606700 1271
1606710 1266
1606720 1260
1606730 1260
1606740 1255
1606750 1251
1606760 1251
1606770 1247
1606780 1245
1606790 1245
1606800 1243
1606810 1240
1606820 1232
1606830 1232
1606840 1223
1606850 1215
1606860 1215
1606870 1204
1606880 1194
1606890 1194
1606900 1186
1606910 1178
1606920 1178
1606930 1171
1606940 1165
1606950 1156
1606960 1156
1606970 1148
1606980 1144
1606990 1144
1607000 1145
1607010 1148
1607020 1156
1607030 1156
1607040 1154
1607050 1154
1607060 1149
1607070 1145
1607080 1145
1607090 1142
1607100 1141
1607110 1134
1607120 1134
1607130 1122
1607140 1112
1607150 1112
1607160 1101
1607170 1091
1607180 1091
1607190 1081
1607200 1072
1607210 1072
1607220 1063
1607230 1054
1607240 1047
1607250 1047
1607260 1040
1607270 1032
1607280 1032
1607290 1025
1607300 1018
1607310 1018
1607320 1012
1607330 1007
1607340 1007
1607350 1003
1607360 999
1607370 999
1607380 996
1607390 994
1607400 991
1607410 991
1607420 987
1607430 982
1607440 982
1607450 975
1607460 969
1607470 969
1607480 965
1607490 962
1607500 962
1607510 960
1607520 958
1607530 958
1607540 957
1607550 954
1607560 948
1607570 948
1607580 943
1607590 939
1607600 939
1607610 932
1607620 920
1607630 920
1607640 909
1607650 904
1607660 904
1607670 899
1607680 896
1607690 898
1607700 898
1607710 895
1607720 892
1607730 892
1607740 894
1607750 900
1607760 900
1607770 901
1607780 897
1607790 897
1607800 893
1607810 889
1607820 889
1607830 885
1607840 882
1607850 880
1607860 880
1607870 876
1607880 871
1607890 871
1607900 865
1607910 858
1607920 858
1607930 853
1607940 848
1607950 848
1607960 843
1607970 838
1607980 834
1607990 834
1608000 829
1608010 825
1608020 825
1608030 821
1608040 818
1608050 818
1608060 814
1608070 809
1608080 809
1608090 803
1608100 797
1608110 797
1608120 792
1608130 787
1608140 782
1608150 782
1608160 777
1608170 772
1608180 772
1608190 769
1608200 764
1608210 764
1608220 760
1608230 756
1608240 756
1608250 753
1608260 750
1608270 750
1608280 748
1608290 745
1608300 744
1608310 744
1608320 744
1608330 743
1608340 743
1608350 736
1608360 728
1608370 728
1608380 724
1608390 724
1608400 724
1608410 724
1608420 724
1608430 724
1608440 724
1608450 724
1608460 724
1608470 724
1608480 724
1608490 724
1608500 724
1608510 724
1608520 724
1608530 724
1608540 724
1608550 724
1608560 724
1608570 724
1608580 724
1608590 724
1608600 724
1608610 724
1608620 724
1608630 724
1608640 724
1608650 724
1608660 724
1608670 724
1608680 724
1608690 724
1608700 724
1608710 724
1608720 724
1608730 724
1608740 724
1608750 724
1608760 724
1608770 724
1608780 725
1608790 725
1608800 728
1608810 731
1608820 731
1608830 737
1608840 742
1608850 742
1608860 745
1608870 745
1608880 746
1608890 746
1608900 746
1608910 748
1608920 748
1608930 749
1608940 751
1608950 751
1608960 753
1608970 755
1608980 755
1608990 758
1609000 762
1609010 762
1609020 765
1609030 769
1609040 772
1609050 772
1609060 776
1609070 778
1609080 778
1609090 782
1609100 786
1609110 786
1609120 789
1609130 792
1609140 792
1609150 795
1609160 798
1609170 800
1609180 800
1609190 804
1609200 807
1609210 807
1609220 810
1609230 814
1609240 814
1609250 817
1609260 820
1609270 820
1609280 824
1609290 828
1609300 828
1609310 831
1609320 835
1609330 839
1609340 839
1609350 843
1609360 847
1609370 847
1609380 851
1609390 855
1609400 855
1609410 859
1609420 863
1609430 863
1609440 867
1609450 871
1609460 871
1609470 875
1609480 879
1609490 883
1609500 883
1609510 888
1609520 892
1609530 892
1609540 896
1609550 900
1609560 900
1609570 905
1609580 909
1609590 909
1609600 912
1609610 915
1609620 921
1609630 921
1609640 927
1609650 932
1609660 932
1609670 936
1609680 941
1609690 941
1609700 946
1609710 949
1609720 949
1609730 952
1609740 956
1609750 956
1609760 961
1609770 966
1609780 970
1609790 970
1609800 974
1609810 979
1609820 979
1609830 982
1609840 986
1609850 986
1609860 990
1609870 995
1609880 995
1609890 1000
1609900 1006
1609910 1013
1609920 1013
1609930 1021
1609940 1027
1609950 1027
1609960 1033
1609970 1038
1609980 1038
1609990 1043
1610000 1047
1610010 1047
1610020 1053
1610030 1058
1610040 1058
1610050 1063
1610060 1070
1610070 1075
1610080 1075
1610090 1081
1610100 1087
1610110 1087
1610120 1094
1610130 1099
1610140 1099
1610150 1106
1610160 1112
1610170 1112
1610180 1118
1610190 1125
1610200 1125
1610210 1131
1610220 1138
1610230 1144
1610240 1144
1610250 1151
1610260 1158
1610270 1158
1610280 1165
1610290 1172
1610300 1172
1610310 1179
1610320 1185
1610330 1185
1610340 1193
1610350 1201
1610360 1209
1610370 1209
1610380 1217
1610390 1224
1610400 1224
1610410 1234
1610420 1243
1610430 1243
1610440 1250
1610450 1258
1610460 1258
1610470 1266
1610480 1275
1610490 1275
1610500 1284
1610510 1295
1610520 1304
1610530 1304
1610540 1311
1610550 1315
1610560 1315
1610570 1319
1610580 1322
1610590 1322
1610600 1325
1610610 1330
1610620 1330
1610630 1334
1610640 1339
1610650 1344
1610660 1344
1610670 1348
1610680 1353
1610690 1353
1610700 1358
1610710 1364
1610720 1364
1610730 1369
1610740 1376
1610750 1376
1610760 1383
1610770 1391
1610780 1391
1610790 1397
1610800 1403
1610810 1410
1610820 1410
1610830 1416
1610840 1423
1610850 1423
1610860 1429
1610870 1435
1610880 1435
1610890 1441
1610900 1446
1610910 1446
1610920 1452
1610930 1458
1610940 1458
1610950 1464
1610960 1469
1610970 1475
1610980 1475
1610990 1481
1611000 1487
1611010 1487
1611020 1493
1611030 1500
1611040 1500
1611050 1511
1611060 1518
1611070 1518
1611080 1525
1611090 1532
1611100 1537
1611110 1537
1611120 1544
1611130 1550
1611140 1550
1611150 1557
1611160 1566
1611170 1566
1611180 1574
1611190 1581
1611200 1581
1611210 1587
1611220 1594
1611230 1594
1611240 1600
1611250 1606
1611260 1612
1611270 1612
1611280 1620
1611290 1628
1611300 1628
1611310 1635
1611320 1644
1611330 1644
1611340 1650
1611350 1657
1611360 1657
1611370 1665
1611380 1671
1611390 1679
1611400 1679
1611410 1687
1611420 1695
1611430 1695
1611440 1704
1611450 1715
1611460 1715
1611470 1727
1611480 1735
1611490 1735
1611500 1745
1611510 1753
1611520 1753
1611530 1759
1611540 1767
1611550 1776
1611560 1776
1611570 1791
1611580 1804
1611590 1804
1611600 1813
1611610 1819
1611620 1819
1611630 1822
1611640 1826
1611650 1826
1611660 1831
1611670 1837
1611680 1837
1611690 1844
1611700 1849
1611710 1856
1611720 1856
1611730 1866
1611740 1873
1611750 1873
1611760 1881
1611770 1890
1611780 1890
1611790 1897
1611800 1904
1611810 1904
1611820 1912
1611830 1920
1611840 1926
1611850 1926
1611860 1930
1611870 1933
1611880 1933
1611890 1933
1611900 1933
1611910 1933
1611920 1930
1611930 1926
1611940 1926
1611950 1925
1611960 1926
1611970 1926
1611980 1928
1611990 1928
1612000 1928
1612010 1928
1612020 1928
1612030 1927
1612040 1929
1612050 1929
1612060 1928
1612070 1928
1612080 1925
1612090 1922
1612100 1922
1612110 1922
1612120 1924
1612130 1924
1612140 1927
1612150 1929
1612160 1930
1612170 1930
1612180 1930
1612190 1930
1612200 1930
1612210 1930
1612220 1929
1612230 1929
1612240 1930
1612250 1933
1612260 1933
1612270 1936
1612280 1937
1612290 1937
1612300 1937
1612310 1937
1612320 1935
1612330 1935
1612340 1932
1612350 1929
1612360 1929
1612370 1928
1612380 1925
1612390 1925
1612400 1923
1612410 1919
1612420 1919
1612430 1914
1612440 1907
1612450 1901
1612460 1901
1612470 1895
1612480 1889
1612490 1889
1612500 1883
1612510 1877
1612520 1877
1612530 1873
1612540 1868
1612550 1868
1612560 1863
1612570 1860
1612580 1855
1612590 1855
1612600 1850
1612610 1846
1612620 1846
1612630 1841
1612640 1837
1612650 1837
1612660 1833
1612670 1829
1612680 1829
1612690 1824
1612700 1819
1612710 1819
1612720 1814
1612730 1809
1612740 1804
1612750 1804
1612760 1798
1612770 1793
1612780 1793
1612790 1789
1612800 1785
1612810 1785
1612820 1781
1612830 1778
1612840 1778
1612850 1775
1612860 1772
1612870 1772
1612880 1770
1612890 1767
1612900 1764
1612910 1764
1612920 1761
1612930 1757
1612940 1757
1612950 1747
1612960 1739
1612970 1739
1612980 1735
1612990 1733
1613000 1733
1613010 1730
1613020 1736
1613030 1731
1613040 1731
1613050 1727
1613060 1722
1613070 1722
1613080 1716
1613090 1711
1613100 1711
1613110 1706
1613120 1702
1613130 1702
1613140 1698
1613150 1695
1613160 1695
1613170 1692
1613180 1691
1613190 1689
1613200 1689
1613210 1685
1613220 1678
1613230 1678
1613240 1669
1613250 1658
1613260 1658
1613270 1647
1613280 1639
1613290 1639
1613300 1632
1613310 1623
1613320 1610
1613330 1610
1613340 1597
1613350 1585
1613360 1585
1613370 1574
1613380 1562
1613390 1562
1613400 1549
1613410 1538
1613420 1538
1613430 1524
1613440 1509
1613450 1509
1613460 1497
1613470 1492
1613480 1476
1613490 1476
1613500 1463
1613510 1453
1613520 1453
1613530 1449
1613540 1451
1613550 1451
1613560 1447
1613570 1439
1613580 1439
1613590 1430
1613600 1419
1613610 1419
1613620 1408
1613630 1398
1613640 1390
1613650 1390
1613660 1377
1613670 1363
1613680 1363
1613690 1344
1613700 1329
1613710 1329
1613720 1322
1613730 1316
1613740 1316
1613750 1311
1613760 1302
1613770 1287
1613780 1287
1613790 1266
1613800 1257
1613810 1257
1613820 1250
1613830 1243
1613840 1243
1613850 1233
1613860 1225
1613870 1225
1613880 1218
1613890 1211
1613900 1211
1613910 1204
1613920 1197
1613930 1190
1613940 1190
1613950 1182
1613960 1176
1613970 1176
1613980 1170
1613990 1162
1614000 1162
1614010 1151
1614020 1133
1614030 1133
1614040 1123
1614050 1114
1614060 1107
1614070 1107
1614080 1102
1614090 1101
1614100 1101
1614110 1102
1614120 1101
1614130 1101
1614140 1102
1614150 1102
1614160 1102
1614170 1101
1614180 1101
1614190 1101
1614200 1104
1614210 1110
1614220 1114
1614230 1114
1614240 1118
1614250 1121
1614260 1121
1614270 1124
1614280 1125
1614290 1125
1614300 1125
1614310 1127
1614320 1127
1614330 1134
1614340 1141
1614350 1141
1614360 1149
1614370 1159
1614380 1167
1614390 1167
1614400 1173
1614410 1177
1614420 1177
1614430 1187
1614440 1199
1614450 1199
1614460 1211
1614470 1218
1614480 1218
1614490 1220
1614500 1227
1614510 1240
1614520 1240
1614530 1248
1614540 1254
1614550 1254
1614560 1256
1614570 1258
1614580 1258
1614590 1263
1614600 1268
1614610 1268
1614620 1269
1614630 1267
1614640 1267
1614650 1267
1614660 1273
1614670 1279
1614680 1279
1614690 1281
1614700 1284
1614710 1284
1614720 1284
1614730 1287
1614740 1287
1614750 1291
1614760 1297
1614770 1297
1614780 1299
1614790 1305
1614800 1312
1614810 1312
1614820 1319
1614830 1326
1614840 1326
1614850 1333
1614860 1339
1614870 1339
1614880 1344
1614890 1349
1614900 1349
1614910 1352
1614920 1355
1614930 1355
1614940 1358
1614950 1363
1614960 1363
1614970 1363
1614980 1367
1614990 1370
1615000 1370
1615010 1373
1615020 1378
1615030 1378
1615040 1384
1615050 1389
1615060 1389
1615070 1394
1615080 1399
1615090 1399
1615100 1405
1615110 1410
1615120 1415
1615130 1415
1615140 1419
1615150 1423
1615160 1423
1615170 1428
1615180 1433
1615190 1433
1615200 1439
1615210 1444
1615220 1444
1615230 1450
1615240 1455
1615250 1460
1615260 1460
1615270 1464
1615280 1467
1615290 1467
1615300 1470
1615310 1472
1615320 1472
1615330 1474
1615340 1477
1615350 1477
1615360 1479
1615370 1482
1615380 1482
1615390 1484
1615400 1486
1615410 1489
1615420 1489
1615430 1491
1615440 1489
1615450 1489
1615460 1486
1615470 1484
1615480 1484
1615490 1481
1615500 1479
1615510 1479
1615520 1476
1615530 1472
1615540 1472
1615550 1470
1615560 1466
1615570 1464
1615580 1464
1615590 1462
1615600 1460
1615610 1460
1615620 1458
1615630 1456
1615640 1456
1615650 1455
1615660 1453
1615670 1453
1615680 1451
1615690 1448
1615700 1445
1615710 1445
1615720 1442
1615730 1440
1615740 1440
1615750 1438
1615760 1438
1615770 1438
1615780 1437
1615790 1436
1615800 1436
1615810 1435
1615820 1435
1615830 1435
1615840 1434
1615850 1433
1615860 1433
1615870 1433
1615880 1432
1615890 1432
1615900 1432
1615910 1431
1615920 1430
1615930 1430
1615940 1429
1615950 1428
1615960 1428
1615970 1427
1615980 1427
1615990 1426
1616000 1426
1616010 1426
1616020 1426
1616030 1426
1616040 1426
1616050 1426
1616060 1426
1616070 1426
1616080 1425
1616090 1425
1616100 1425
1616110 1425
1616120 1425
1616130 1424
1616140 1423
1616150 1422
1616160 1422
1616170 1420
1616180 1418
1616190 1418
1616200 1417
1616210 1419
1616220 1419
1616230 1420
1616240 1420
1616250 1420
1616260 1420
1616270 1419
1616280 1419
1616290 1418
1616300 1416
1616310 1414
1616320 1414
1616330 1412
1616340 1409
1616350 1409
1616360 1407
1616370 1405
1616380 1405
1616390 1403
1616400 1399
1616410 1399
1616420 1396
1616430 1393
1616440 1390
1616450 1390
1616460 1388
1616470 1385
1616480 1385
1616490 1383
1616500 1379
1616510 1379
1616520 1375
1616530 1372
1616540 1372
1616550 1368
1616560 1365
1616570 1365
1616580 1363
1616590 1362
1616600 1359
1616610 1359
1616620 1357
1616630 1356
1616640 1356
1616650 1355
1616660 1352
1616670 1352
1616680 1348
1616690 1344
1616700 1344
1616710 1341
1616720 1339
1616730 1337
1616740 1337
1616750 1336
1616760 1335
1616770 1335
1616780 1333
1616790 1329
1616800 1329
1616810 1326
1616820 1321
1616830 1321
1616840 1315
1616850 1310
1616860 1310
1616870 1310
1616880 1307
1616890 1303
1616900 1303
1616910 1300
1616920 1298
1616930 1298
1616940 1296
1616950 1293
1616960 1293
1616970 1292
1616980 1291
1616990 1291
1617000 1290
1617010 1289
1617020 1289
1617030 1288
1617040 1286
1617050 1284
1617060 1284
1617070 1281
1617080 1277
1617090 1277
1617100 1273
1617110 1269
1617120 1269
1617130 1265
1617140 1262
1617150 1262
1617160 1258
1617170 1255
1617180 1252
1617190 1252
1617200 1248
1617210 1244
1617220 1244
1617230 1239
1617240 1236
1617250 1236
1617260 1233
1617270 1230
1617280 1230
1617290 1227
1617300 1225
1617310 1225
1617320 1223
1617330 1221
1617340 1217
1617350 1217
1617360 1211
1617370 1205
1617380 1205
1617390 1200
1617400 1195
1617410 1195
1617420 1191
1617430 1187
1617440 1187
1617450 1183
1617460 1180
1617470 1177
1617480 1177
1617490 1175
1617500 1172
1617510 1172
1617520 1170
1617530 1168
1617540 1168
1617550 1166
1617560 1162
1617570 1162
1617580 1159
1617590 1157
1617600 1157
1617610 1154
1617620 1151
1617630 1149
1617640 1149
1617650 1147
1617660 1144
1617670 1144
1617680 1142
1617690 1139
1617700 1139
1617710 1137
1617720 1133
1617730 1133
1617740 1126
1617750 1119
1617760 1119
1617770 1112
1617780 1103
1617790 1093
1617800 1093
1617810 1092
1617820 1088
1617830 1088
1617840 1086
1617850 1083
1617860 1083
1617870 1080
1617880 1078
1617890 1078
1617900 1078
1617910 1075
1617920 1069
1617930 1069
1617940 1060
1617950 1049
1617960 1049
1617970 1038
1617980 1023
1617990 1023
1618000 1009
1618010 995
1618020 995
1618030 989
1618040 992
1618050 992
1618060 1000
1618070 1006
1618080 1010
1618090 1010
1618100 1013
1618110 1019
1618120 1019
1618130 1025
1618140 1034
1618150 1034
1618160 1042
1618170 1052
1618180 1052
1618190 1060
1618200 1068
1618210 1073
1618220 1073
1618230 1073
1618240 1068
1618250 1068
1618260 1061
1618270 1055
1618280 1055
1618290 1051
1618300 1041
1618310 1041
1618320 1035
1618330 1030
1618340 1030
1618350 1025
1618360 1019
1618370 1011
1618380 1011
1618390 1005
1618400 997
1618410 997
1618420 990
1618430 987
1618440 987
1618450 986
1618460 984
1618470 984
1618480 983
1618490 980
1618500 980
1618510 979
1618520 979
1618530 982
1618540 982
1618550 990
1618560 993
1618570 993
1618580 993
1618590 996
1618600 996
1618610 1001
1618620 1012
1618630 1012
1618640 1019
1618650 1016
1618660 1009
1618670 1009
1618680 1005
1618690 1004
1618700 1004
1618710 1005
1618720 1004
1618730 1004
1618740 998
1618750 983
1618760 983
1618770 981
1618780 972
1618790 972
1618800 959
1618810 952
1618820 948
1618830 948
1618840 944
1618850 941
1618860 941
1618870 939
1618880 937
1618890 937
1618900 937
1618910 928
1618920 928
1618930 916
1618940 911
1618950 909
1618960 909
1618970 908
1618980 907
1618990 907
1619000 904
1619010 903
1619020 903
1619030 903
1619040 901
1619050 901
1619060 901
1619070 908
1619080 908
1619090 916
1619100 916
1619110 916
1619120 916
1619130 920
1619140 926
1619150 926
1619160 934
1619170 929
1619180 929
1619190 919
1619200 911
1619210 911
1619220 902
1619230 895
1619240 895
1619250 890
1619260 886
1619270 884
1619280 884
1619290 884
1619300 884
1619310 884
1619320 882
1619330 868
1619340 868
1619350 855
1619360 844
1619370 844
1619380 833
1619390 822
1619400 816
1619410 816
1619420 821
1619430 832
1619440 832
1619450 843
1619460 851
1619470 851
1619480 858
1619490 855
1619500 855
1619510 852
1619520 849
1619530 849
1619540 843
1619550 837
1619560 831
1619570 831
1619580 830
1619590 831
1619600 831
1619610 828
1619620 821
1619630 821
1619640 818
1619650 817
1619660 817
1619670 817
1619680 808
1619690 808
1619700 811
1619710 812
1619720 812
1619730 812
1619740 811
1619750 810
1619760 810
1619770 813
1619780 816
1619790 816
1619800 817
1619810 817
1619820 817
1619830 815
1619840 812
1619850 811
1619860 811
1619870 812
1619880 814
1619890 814
1619900 815
1619910 814
1619920 814
1619930 813
1619940 814
1619950 814
1619960 818
1619970 821
1619980 821
1619990 821
