1600000 626
1600010 632
1600020 639
1600030 639
1600040 646
1600050 654
1600060 654
1600070 661
1600080 668
1600090 668
1600100 674
1600110 679
1600120 683
1600130 683
1600140 685
1600150 688
1600160 688
1600170 691
1600180 693
1600190 693
1600200 696
1600210 698
1600220 698
1600230 701
1600240 703
1600250 706
1600260 706
1600270 709
1600280 713
1600290 713
1600300 716
1600310 719
1600320 719
1600330 722
1600340 723
1600350 723
1600360 725
1600370 726
1600380 726
1600390 729
1600400 733
1600410 736
1600420 736
1600430 738
1600440 741
1600450 741
1600460 742
1600470 743
1600480 743
1600490 744
1600500 745
1600510 745
1600520 745
1600530 748
1600540 748
1600550 750
1600560 752
1600570 752
1600580 752
1600590 753
1600600 755
1600610 755
1600620 756
1600630 757
1600640 757
1600650 754
1600660 752
1600670 752
1600680 750
1600690 746
1600700 743
1600710 743
1600720 740
1600730 736
1600740 736
1600750 731
1600760 730
1600770 730
1600780 731
1600790 733
1600800 733
1600810 736
1600820 738
1600830 738
1600840 741
1600850 743
1600860 744
1600870 744
1600880 743
1600890 747
1600900 747
1600910 753
1600920 758
1600930 758
1600940 763
1600950 767
1600960 767
1600970 770
1600980 772
1600990 772
1601000 775
1601010 777
1601020 778
1601030 778
1601040 779
1601050 779
1601060 779
1601070 771
1601080 772
1601090 772
1601100 773
1601110 773
1601120 773
1601130 773
1601140 773
1601150 773
1601160 773
1601170 773
1601180 773
1601190 773
1601200 773
1601210 773
1601220 773
1601230 773
1601240 772
1601250 772
1601260 771
1601270 769
1601280 769
1601290 767
1601300 766
1601310 764
1601320 764
1601330 765
1601340 762
1601350 762
1601360 757
1601370 752
1601380 752
1601390 747
1601400 746
1601410 746
1601420 749
1601430 749
1601440 749
1601450 749
1601460 751
1601470 750
1601480 750
1601490 751
1601500 753
1601510 753
1601520 753
1601530 752
1601540 752
1601550 754
1601560 755
1601570 755
1601580 754
1601590 754
1601600 754
1601610 754
1601620 753
1601630 750
1601640 750
1601650 751
1601660 756
1601670 756
1601680 757
1601690 754
1601700 754
1601710 748
1601720 742
1601730 742
1601740 734
1601750 727
1601760 721
1601770 721
1601780 715
1601790 711
1601800 711
1601810 707
1601820 703
1601830 703
1601840 699
1601850 695
1601860 695
1601870 693
1601880 693
1601890 693
1601900 692
1601910 691
1601920 689
1601930 689
1601940 688
1601950 687
1601960 687
1601970 687
1601980 685
1601990 685
1602000 683
1602010 683
1602020 683
1602030 688
1602040 694
1602050 696
1602060 696
1602070 694
1602080 695
1602090 695
1602100 699
1602110 698
1602120 698
1602130 696
1602140 695
1602150 689
1602160 685
1602170 683
1602180 683
1602190 678
1602200 672
1602210 669
1602220 669
1602230 668
1602240 666
1602250 666
1602260 665
1602270 664
1602280 664
1602290 662
1602300 660
1602310 660
1602320 659
1602330 657
1602340 655
1602350 655
1602360 654
1602370 653
1602380 653
1602390 649
1602400 646
1602410 646
1602420 644
1602430 640
1602440 640
1602450 638
1602460 637
1602470 637
1602480 637
1602490 636
1602500 636
1602510 636
1602520 635
1602530 634
1602540 634
1602550 633
1602560 633
1602570 633
1602580 631
1602590 631
1602600 631
1602610 630
1602620 629
1602630 629
1602640 629
1602650 628
1602660 627
1602670 627
1602680 626
1602690 625
1602700 625
1602710 623
1602720 620
1602730 620
1602740 619
1602750 617
1602760 617
1602770 615
1602780 614
1602790 612
1602800 612
1602810 610
1602820 608
1602830 608
1602840 606
1602850 604
1602860 604
1602870 602
1602880 601
1602890 601
1602900 598
1602910 596
1602920 596
1602930 594
1602940 590
1602950 589
1602960 589
1602970 587
1602980 585
1602990 585
1603000 583
1603010 580
1603020 580
1603030 578
1603040 577
1603050 577
1603060 575
1603070 574
1603080 574
1603090 572
1603100 571
1603110 570
1603120 570
1603130 566
1603140 564
1603150 564
1603160 562
1603170 563
1603180 563
1603190 564
1603200 567
1603210 566
1603220 569
1603230 571
1603240 574
1603250 574
1603260 577
1603270 578
1603280 578
1603290 579
1603300 579
1603310 579
1603320 579
1603330 579
1603340 579
1603350 582
1603360 585
1603370 585
1603380 589
1603390 592
1603400 595
1603410 595
1603420 596
1603430 599
1603440 599
1603450 602
1603460 607
1603470 607
1603480 611
1603490 612
1603500 612
1603510 614
1603520 616
1603530 616
1603540 619
1603550 623
1603560 627
1603570 627
1603580 632
1603590 638
1603600 638
1603610 642
1603620 646
1603630 646
1603640 651
1603650 656
1603660 656
1603670 660
1603680 664
1603690 666
1603700 666
1603710 668
1603720 671
1603730 671
1603740 673
1603750 675
1603760 675
1603770 677
1603780 680
1603790 680
1603800 684
1603810 691
1603820 691
1603830 699
1603840 707
1603850 714
1603860 714
1603870 715
1603880 717
1603890 717
1603900 718
1603910 719
1603920 719
1603930 721
1603940 723
1603950 723
1603960 726
1603970 729
1603980 729
1603990 733
1604000 737
1604010 741
1604020 741
1604030 744
1604040 748
1604050 748
1604060 750
1604070 751
1604080 751
1604090 751
1604100 751
1604110 751
1604120 751
1604130 750
1604140 750
1604150 750
1604160 751
1604170 751
1604180 751
1604190 750
1604200 748
1604210 748
1604220 746
1604230 743
1604240 743
1604250 741
1604260 740
1604270 740
1604280 739
1604290 737
1604300 736
1604310 736
1604320 733
1604330 731
1604340 731
1604350 729
1604360 730
1604370 730
1604380 731
1604390 731
1604400 731
1604410 730
1604420 730
1604430 730
1604440 729
1604450 729
1604460 728
1604470 728
1604480 730
1604490 730
1604500 730
1604510 727
1604520 727
1604530 727
1604540 726
1604550 728
1604560 728
1604570 729
1604580 731
1604590 732
1604600 732
1604610 734
1604620 733
1604630 733
1604640 734
1604650 736
1604660 736
1604670 737
1604680 737
1604690 737
1604700 737
1604710 737
1604720 737
1604730 738
1604740 742
1604750 747
1604760 747
1604770 752
1604780 755
1604790 755
1604800 757
1604810 759
1604820 759
1604830 761
1604840 763
1604850 763
1604860 766
1604870 767
1604880 768
1604890 768
1604900 768
1604910 770
1604920 770
1604930 771
1604940 772
1604950 772
1604960 771
1604970 771
1604980 771
1604990 770
1605000 769
1605010 769
1605020 768
1605030 767
1605040 766
1605050 766
1605060 764
1605070 761
1605080 761
1605090 760
1605100 759
1605110 759
1605120 758
1605130 759
1605140 759
1605150 759
1605160 758
1605170 758
1605180 758
1605190 758
1605200 757
1605210 757
1605220 757
1605230 755
1605240 755
1605250 754
1605260 752
1605270 752
1605280 750
1605290 747
1605300 747
1605310 749
1605320 753
1605330 758
1605340 758
1605350 762
1605360 764
1605370 764
1605380 762
1605390 760
1605400 760
1605410 758
1605420 757
1605430 757
1605440 759
1605450 760
1605460 760
1605470 763
1605480 764
1605490 765
1605500 765
1605510 766
1605520 768
1605530 768
1605540 771
1605550 774
1605560 774
1605570 778
1605580 781
1605590 781
1605600 783
1605610 784
1605620 784
1605630 786
1605640 787
1605650 787
1605660 787
1605670 789
1605680 792
1605690 792
1605700 792
1605710 789
1605720 789
1605730 786
1605740 784
1605750 784
1605760 785
1605770 785
1605780 785
1605790 785
1605800 785
1605810 784
1605820 784
1605830 783
1605840 781
1605850 781
1605860 780
1605870 780
1605880 780
1605890 780
1605900 780
1605910 780
1605920 780
1605930 781
1605940 781
1605950 781
1605960 782
1605970 784
1605980 784
1605990 787
1606000 792
1606010 792
1606020 796
1606030 799
1606040 799
1606050 801
1606060 802
1606070 802
1606080 802
1606090 802
1606100 803
1606110 803
1606120 804
1606130 803
1606140 803
1606150 803
1606160 807
1606170 807
1606180 809
1606190 808
1606200 808
1606210 807
1606220 807
1606230 807
1606240 807
1606250 806
1606260 806
1606270 806
1606280 807
1606290 808
1606300 808
1606310 809
1606320 809
1606330 809
1606340 804
1606350 802
1606360 802
1606370 799
1606380 800
1606390 799
1606400 799
1606410 799
1606420 800
1606430 800
1606440 802
1606450 803
1606460 803
1606470 804
1606480 804
1606490 804
1606500 807
1606510 810
1606520 810
1606530 812
1606540 815
1606550 819
1606560 819
1606570 823
1606580 827
1606590 827
1606600 831
1606610 834
1606620 834
1606630 837
1606640 837
1606650 837
1606660 836
1606670 835
1606680 834
1606690 834
1606700 833
1606710 832
1606720 832
1606730 831
1606740 829
1606750 829
1606760 826
1606770 824
1606780 824
1606790 825
1606800 827
1606810 827
1606820 829
1606830 831
1606840 833
1606850 833
1606860 834
1606870 834
1606880 834
1606890 832
1606900 831
1606910 831
1606920 830
1606930 829
1606940 829
1606950 828
1606960 827
1606970 827
1606980 827
1606990 826
1607000 825
1607010 825
1607020 825
1607030 824
1607040 824
1607050 824
1607060 823
1607070 823
1607080 823
1607090 822
1607100 822
1607110 822
1607120 822
1607130 821
1607140 821
1607150 821
1607160 821
1607170 821
1607180 820
1607190 819
1607200 819
1607210 818
1607220 818
1607230 818
1607240 818
1607250 818
1607260 818
1607270 817
1607280 817
1607290 816
1607300 816
1607310 815
1607320 814
1607330 814
1607340 812
1607350 810
1607360 810
1607370 804
1607380 804
1607390 804
1607400 805
1607410 804
1607420 804
1607430 805
1607440 807
1607450 808
1607460 808
1607470 808
1607480 806
1607490 806
1607500 805
1607510 804
1607520 804
1607530 804
1607540 802
1607550 802
1607560 799
1607570 795
1607580 793
1607590 793
1607600 791
1607610 789
1607620 789
1607630 786
1607640 782
1607650 782
1607660 779
1607670 779
1607680 779
1607690 781
1607700 781
1607710 781
1607720 780
1607730 779
1607740 778
1607750 778
1607760 776
1607770 775
1607780 775
1607790 774
1607800 772
1607810 772
1607820 770
1607830 768
1607840 768
1607850 767
1607860 765
1607870 762
1607880 762
1607890 760
1607900 758
1607910 758
1607920 756
1607930 753
1607940 753
1607950 750
1607960 746
1607970 746
1607980 742
1607990 737
1608000 737
1608010 733
1608020 730
1608030 726
1608040 726
1608050 724
1608060 723
1608070 723
1608080 723
1608090 722
1608100 722
1608110 722
1608120 722
1608130 722
1608140 721
1608150 721
1608160 721
1608170 720
1608180 720
1608190 720
1608200 720
1608210 720
1608220 720
1608230 720
1608240 720
1608250 720
1608260 720
1608270 720
1608280 721
1608290 721
1608300 721
1608310 722
1608320 721
1608330 721
1608340 721
1608350 720
1608360 720
1608370 719
1608380 718
1608390 716
1608400 716
1608410 717
1608420 717
1608430 717
1608440 716
1608450 716
1608460 716
1608470 715
1608480 715
1608490 715
1608500 715
1608510 715
1608520 715
1608530 714
1608540 714
1608550 714
1608560 714
1608570 714
1608580 714
1608590 714
1608600 714
1608610 714
1608620 713
1608630 713
1608640 713
1608650 713
1608660 713
1608670 713
1608680 713
1608690 713
1608700 713
1608710 713
1608720 713
1608730 713
1608740 713
1608750 714
1608760 714
1608770 714
1608780 714
1608790 715
1608800 716
1608810 716
1608820 716
1608830 717
1608840 717
1608850 717
1608860 717
1608870 717
1608880 716
1608890 716
1608900 716
1608910 716
1608920 715
1608930 715
1608940 715
1608950 715
1608960 714
1608970 714
1608980 714
1608990 713
1609000 713
1609010 712
1609020 711
1609030 711
1609040 710
1609050 708
1609060 708
1609070 708
1609080 709
1609090 709
1609100 709
1609110 708
1609120 706
1609130 706
1609140 701
1609150 697
1609160 697
1609170 690
1609180 687
1609190 687
1609200 684
1609210 686
1609220 688
1609230 688
1609240 692
1609250 694
1609260 694
1609270 696
1609280 696
1609290 696
1609300 696
1609310 697
1609320 697
1609330 698
1609340 698
1609350 698
1609360 699
1609370 700
1609380 701
1609390 701
1609400 701
1609410 702
1609420 702
1609430 702
1609440 704
1609450 704
1609460 704
1609470 706
1609480 706
1609490 707
1609500 708
1609510 708
1609520 708
1609530 709
1609540 709
1609550 709
1609560 710
1609570 711
1609580 711
1609590 712
1609600 713
1609610 713
1609620 714
1609630 714
1609640 714
1609650 714
1609660 715
1609670 716
1609680 716
1609690 716
1609700 717
1609710 717
1609720 718
1609730 717
1609740 717
1609750 717
1609760 717
1609770 717
1609780 718
1609790 719
1609800 719
1609810 720
1609820 721
1609830 722
1609840 722
1609850 723
1609860 725
1609870 725
1609880 726
1609890 727
1609900 727
1609910 730
1609920 730
1609930 730
1609940 731
1609950 733
1609960 733
1609970 735
1609980 737
1609990 738
1610000 738
1610010 740
1610020 742
1610030 742
1610040 744
1610050 746
1610060 746
1610070 749
1610080 751
1610090 751
1610100 753
1610110 755
1610120 758
1610130 758
1610140 760
1610150 762
1610160 762
1610170 765
1610180 768
1610190 768
1610200 772
1610210 775
1610220 775
1610230 779
1610240 783
1610250 783
1610260 787
1610270 791
1610280 795
1610290 795
1610300 799
1610310 803
1610320 803
1610330 806
1610340 810
1610350 810
1610360 814
1610370 818
1610380 818
1610390 821
1610400 822
1610410 822
1610420 826
1610430 828
1610440 831
1610450 831
1610460 835
1610470 839
1610480 839
1610490 841
1610500 844
1610510 844
1610520 846
1610530 849
1610540 849
1610550 851
1610560 853
1610570 856
1610580 856
1610590 858
1610600 860
1610610 860
1610620 862
1610630 864
1610640 864
1610650 868
1610660 872
1610670 872
1610680 876
1610690 880
1610700 880
1610710 883
1610720 886
1610730 890
1610740 890
1610750 894
1610760 898
1610770 898
1610780 901
1610790 904
1610800 904
1610810 905
1610820 906
1610830 906
1610840 909
1610850 911
1610860 911
1610870 912
1610880 914
1610890 915
1610900 915
1610910 917
1610920 918
1610930 918
1610940 918
1610950 921
1610960 921
1610970 925
1610980 929
1610990 929
1611000 931
1611010 935
1611020 938
1611030 938
1611040 941
1611050 943
1611060 943
1611070 946
1611080 949
1611090 949
1611100 952
1611110 953
1611120 953
1611130 955
1611140 959
1611150 959
1611160 964
1611170 970
1611180 976
1611190 976
1611200 974
1611210 966
1611220 966
1611230 959
1611240 954
1611250 954
1611260 955
1611270 955
1611280 955
1611290 956
1611300 957
1611310 959
1611320 959
1611330 961
1611340 962
1611350 962
1611360 963
1611370 964
1611380 964
1611390 961
1611400 962
1611410 962
1611420 965
1611430 967
1611440 967
1611450 969
1611460 971
1611470 974
1611480 974
1611490 977
1611500 982
1611510 982
1611520 988
1611530 995
1611540 995
1611550 1002
1611560 1008
1611570 1008
1611580 1015
1611590 1022
1611600 1022
1611610 1029
1611620 1036
1611630 1043
1611640 1043
1611650 1051
1611660 1059
1611670 1059
1611680 1066
1611690 1074
1611700 1074
1611710 1077
1611720 1073
1611730 1073
1611740 1069
1611750 1068
1611760 1064
1611770 1064
1611780 1058
1611790 1056
1611800 1056
1611810 1057
1611820 1059
1611830 1059
1611840 1063
1611850 1070
1611860 1070
1611870 1078
1611880 1087
1611890 1087
1611900 1094
1611910 1102
1611920 1109
1611930 1109
1611940 1116
1611950 1120
1611960 1120
1611970 1120
1611980 1117
1611990 1117
1612000 1117
1612010 1118
1612020 1118
1612030 1115
1612040 1113
1612050 1113
1612060 1110
1612070 1106
1612080 1100
1612090 1100
1612100 1095
1612110 1090
1612120 1090
1612130 1084
1612140 1075
1612150 1075
1612160 1063
1612170 1055
1612180 1055
1612190 1048
1612200 1046
1612210 1041
1612220 1041
1612230 1031
1612240 1027
1612250 1027
1612260 1037
1612270 1046
1612280 1046
1612290 1055
1612300 1060
1612310 1060
1612320 1056
1612330 1047
1612340 1047
1612350 1047
1612360 1049
1612370 1051
1612380 1045
1612390 1047
1612400 1053
1612410 1053
1612420 1060
1612430 1067
1612440 1067
1612450 1074
1612460 1081
1612470 1081
1612480 1088
1612490 1095
1612500 1095
1612510 1107
1612520 1121
1612530 1128
1612540 1128
1612550 1127
1612560 1125
1612570 1125
1612580 1124
1612590 1127
1612600 1127
1612610 1133
1612620 1139
1612630 1139
1612640 1146
1612650 1152
1612660 1159
1612670 1159
1612680 1164
1612690 1170
1612700 1170
1612710 1175
1612720 1179
1612730 1179
1612740 1184
1612750 1187
1612760 1187
1612770 1191
1612780 1193
1612790 1193
1612800 1194
1612810 1195
1612820 1197
1612830 1197
1612840 1199
1612850 1199
1612860 1199
1612870 1199
1612880 1199
1612890 1199
1612900 1198
1612910 1198
1612920 1198
1612930 1197
1612940 1196
1612950 1196
1612960 1196
1612970 1195
1612980 1194
1612990 1194
1613000 1194
1613010 1193
1613020 1193
1613030 1193
1613040 1192
1613050 1192
1613060 1192
1613070 1191
1613080 1191
1613090 1189
1613100 1188
1613110 1189
1613120 1189
1613130 1188
1613140 1184
1613150 1184
1613160 1182
1613170 1181
1613180 1181
1613190 1180
1613200 1179
1613210 1179
1613220 1179
1613230 1178
1613240 1178
1613250 1178
1613260 1177
1613270 1178
1613280 1178
1613290 1178
1613300 1177
1613310 1177
1613320 1178
1613330 1180
1613340 1180
1613350 1183
1613360 1180
1613370 1180
1613380 1184
1613390 1188
1613400 1188
1613410 1192
1613420 1196
1613430 1200
1613440 1200
1613450 1204
1613460 1206
1613470 1206
1613480 1208
1613490 1207
1613500 1207
1613510 1205
1613520 1202
1613530 1202
1613540 1199
1613550 1197
1613560 1194
1613570 1194
1613580 1191
1613590 1187
1613600 1187
1613610 1183
1613620 1179
1613630 1179
1613640 1175
1613650 1171
1613660 1171
1613670 1168
1613680 1165
1613690 1165
1613700 1161
1613710 1158
1613720 1154
1613730 1154
1613740 1150
1613750 1146
1613760 1146
1613770 1142
1613780 1138
1613790 1138
1613800 1132
1613810 1128
1613820 1128
1613830 1123
1613840 1119
1613850 1119
1613860 1114
1613870 1110
1613880 1106
1613890 1106
1613900 1101
1613910 1097
1613920 1097
1613930 1093
1613940 1089
1613950 1089
1613960 1085
1613970 1082
1613980 1082
1613990 1079
1614000 1075
1614010 1071
1614020 1071
1614030 1068
1614040 1065
1614050 1065
1614060 1062
1614070 1059
1614080 1059
1614090 1055
1614100 1051
1614110 1051
1614120 1046
1614130 1042
1614140 1042
1614150 1038
1614160 1034
1614170 1029
1614180 1029
1614190 1023
1614200 1016
1614210 1016
1614220 1009
1614230 1002
1614240 1002
1614250 998
1614260 990
1614270 990
1614280 983
1614290 976
1614300 969
1614310 969
1614320 961
1614330 951
1614340 951
1614350 944
1614360 937
1614370 937
1614380 930
1614390 924
1614400 924
1614410 918
1614420 912
1614430 912
1614440 907
1614450 900
1614460 893
1614470 893
1614480 886
1614490 879
1614500 879
1614510 874
1614520 867
1614530 867
1614540 859
1614550 852
1614560 852
1614570 845
1614580 837
1614590 837
1614600 829
1614610 822
1614620 814
1614630 814
1614640 807
1614650 801
1614660 801
1614670 797
1614680 792
1614690 792
1614700 786
1614710 781
1614720 781
1614730 777
1614740 773
1614750 767
1614760 767
1614770 762
1614780 752
1614790 752
1614800 743
1614810 736
1614820 736
1614830 728
1614840 720
1614850 720
1614860 713
1614870 709
1614880 709
1614890 713
1614900 718
1614910 721
1614920 721
1614930 727
1614940 732
1614950 732
1614960 737
1614970 741
1614980 741
1614990 745
1615000 750
1615010 750
1615020 754
1615030 758
1615040 758
1615050 763
1615060 769
1615070 775
1615080 775
1615090 777
1615100 775
1615110 775
1615120 775
1615130 777
1615140 777
1615150 778
1615160 781
1615170 781
1615180 784
1615190 788
1615200 791
1615210 791
1615220 795
1615230 799
1615240 799
1615250 804
1615260 810
1615270 810
1615280 816
1615290 821
1615300 821
1615310 827
1615320 833
1615330 833
1615340 838
1615350 842
1615360 846
1615370 846
1615380 851
1615390 856
1615400 856
1615410 861
1615420 862
1615430 862
1615440 859
1615450 853
1615460 853
1615470 846
1615480 841
1615490 841
1615500 838
1615510 842
1615520 848
1615530 848
1615540 854
1615550 860
1615560 860
1615570 865
1615580 867
1615590 867
1615600 865
1615610 865
1615620 865
1615630 864
1615640 862
1615650 862
1615660 862
1615670 863
1615680 866
1615690 866
1615700 866
1615710 863
1615720 863
1615730 861
1615740 863
1615750 863
1615760 863
1615770 864
1615780 864
1615790 867
1615800 870
1615810 877
1615820 877
1615830 882
1615840 884
1615850 884
1615860 884
1615870 885
1615880 885
1615890 882
1615900 878
1615910 878
1615920 873
1615930 871
1615940 871
1615950 875
1615960 883
1615970 884
1615980 884
1615990 879
1616000 877
1616010 877
1616020 878
1616030 882
1616040 882
1616050 883
1616060 883
1616070 883
1616080 884
1616090 883
1616100 884
1616110 884
1616120 885
1616130 885
1616140 885
1616150 884
1616160 883
1616170 883
1616180 882
1616190 881
1616200 881
1616210 881
1616220 880
1616230 880
1616240 880
1616250 874
1616260 875
1616270 875
1616280 876
1616290 877
1616300 877
1616310 881
1616320 889
1616330 889
1616340 900
1616350 900
1616360 900
1616370 890
1616380 879
1616390 879
1616400 877
1616410 890
1616420 902
1616430 902
1616440 907
1616450 908
1616460 908
1616470 902
1616480 896
1616490 896
1616500 885
1616510 879
1616520 879
1616530 877
1616540 879
1616550 879
1616560 879
1616570 877
1616580 873
1616590 873
1616600 862
1616610 855
1616620 855
1616630 858
1616640 864
1616650 864
1616660 869
1616670 875
1616680 875
1616690 881
1616700 885
1616710 886
1616720 886
1616730 886
1616740 885
1616750 885
1616760 886
1616770 890
1616780 890
1616790 893
1616800 896
1616810 896
1616820 897
1616830 896
1616840 891
1616850 891
1616860 887
1616870 884
1616880 884
1616890 883
1616900 880
1616910 880
1616920 863
1616930 844
1616940 844
1616950 848
1616960 870
1616970 870
1616980 877
1616990 882
1617000 881
1617010 881
1617020 879
1617030 881
1617040 881
1617050 886
1617060 889
1617070 889
1617080 889
1617090 893
1617100 893
1617110 896
1617120 897
1617130 897
1617140 897
1617150 899
1617160 900
1617170 900
1617180 905
1617190 899
1617200 899
1617210 901
1617220 899
1617230 899
1617240 896
1617250 896
1617260 896
1617270 896
1617280 898
1617290 900
1617300 900
1617310 898
1617320 892
1617330 892
1617340 887
1617350 884
1617360 884
1617370 882
1617380 881
1617390 881
1617400 880
1617410 877
1617420 877
1617430 873
1617440 869
1617450 868
1617460 868
1617470 868
1617480 868
1617490 868
1617500 867
1617510 865
1617520 865
1617530 863
1617540 860
1617550 860
1617560 859
1617570 856
1617580 856
1617590 854
1617600 855
1617610 855
1617620 855
1617630 854
1617640 859
1617650 859
1617660 862
1617670 864
1617680 864
1617690 866
1617700 866
1617710 866
1617720 866
1617730 866
1617740 865
1617750 865
1617760 866
1617770 871
1617780 871
1617790 870
1617800 865
1617810 865
1617820 862
1617830 859
1617840 859
1617850 859
1617860 862
1617870 862
1617880 864
1617890 866
1617900 866
1617910 866
1617920 864
1617930 860
1617940 860
1617950 858
1617960 859
1617970 859
1617980 857
1617990 859
1618000 859
1618010 858
1618020 853
1618030 853
1618040 853
1618050 854
1618060 858
1618070 858
1618080 861
1618090 862
1618100 862
1618110 860
1618120 862
1618130 862
1618140 865
1618150 864
1618160 864
1618170 864
1618180 864
1618190 861
1618200 861
1618210 859
1618220 861
1618230 861
1618240 860
1618250 859
1618260 859
1618270 859
1618280 859
1618290 859
1618300 859
1618310 858
1618320 858
1618330 858
1618340 857
1618350 856
1618360 856
1618370 856
1618380 854
1618390 854
1618400 849
1618410 844
1618420 844
1618430 838
1618440 833
1618450 833
1618460 832
1618470 832
1618480 832
1618490 833
1618500 831
1618510 828
1618520 828
1618530 825
1618540 822
1618550 822
1618560 819
1618570 816
1618580 816
1618590 813
1618600 810
1618610 810
1618620 808
1618630 806
1618640 803
1618650 803
1618660 801
1618670 798
1618680 798
1618690 797
1618700 796
1618710 796
1618720 795
1618730 795
1618740 795
1618750 794
1618760 794
1618770 794
1618780 794
1618790 794
1618800 794
1618810 794
1618820 794
1618830 794
1618840 794
1618850 793
1618860 792
1618870 792
1618880 793
1618890 793
1618900 793
1618910 792
1618920 792
1618930 792
1618940 791
1618950 790
1618960 790
1618970 790
1618980 790
1618990 788
1619000 788
1619010 784
1619020 785
1619030 785
1619040 785
1619050 784
1619060 784
1619070 776
1619080 774
1619090 772
1619100 772
1619110 769
1619120 767
1619130 767
1619140 765
1619150 764
1619160 764
1619170 764
1619180 762
1619190 762
1619200 761
1619210 761
1619220 761
1619230 758
1619240 758
1619250 759
1619260 759
1619270 758
1619280 757
1619290 757
1619300 757
1619310 755
1619320 755
1619330 753
1619340 753
1619350 753
1619360 752
1619370 751
1619380 750
1619390 750
1619400 751
1619410 750
1619420 750
1619430 750
1619440 750
1619450 750
1619460 749
1619470 748
1619480 748
1619490 749
1619500 750
1619510 750
1619520 752
1619530 752
1619540 751
1619550 751
1619560 750
1619570 750
1619580 750
1619590 750
1619600 750
1619610 750
1619620 750
1619630 751
1619640 751
1619650 750
1619660 749
1619670 749
1619680 749
1619690 747
1619700 748
1619710 748
1619720 750
1619730 756
1619740 756
1619750 755
1619760 756
1619770 756
1619780 760
1619790 761
1619800 761
1619810 761
1619820 761
1619830 759
1619840 759
1619850 757
1619860 754
1619870 754
1619880 751
1619890 747
1619900 747
1619910 747
1619920 748
1619930 748
1619940 748
1619950 748
1619960 748
1619970 747
1619980 747
1619990 749
