1600000 535
1600010 538
1600020 538
1600030 541
1600040 544
1600050 544
1600060 548
1600070 550
1600080 553
1600090 553
1600100 555
1600110 558
1600120 558
1600130 561
1600140 563
1600150 563
1600160 566
1600170 568
1600180 568
1600190 569
1600200 571
1600210 571
1600220 573
1600230 574
1600240 575
1600250 575
1600260 577
1600270 578
1600280 578
1600290 580
1600300 582
1600310 582
1600320 583
1600330 584
1600340 584
1600350 585
1600360 586
1600370 586
1600380 586
1600390 588
1600400 589
1600410 589
1600420 590
1600430 591
1600440 591
1600450 593
1600460 594
1600470 594
1600480 596
1600490 598
1600500 598
1600510 598
1600520 599
1600530 601
1600540 601
1600550 602
1600560 603
1600570 603
1600580 604
1600590 604
1600600 604
1600610 603
1600620 603
1600630 603
1600640 602
1600650 600
1600660 600
1600670 600
1600680 599
1600690 597
1600700 597
1600710 598
1600720 600
1600730 600
1600740 603
1600750 604
1600760 599
1600770 600
1600780 601
1600790 601
1600800 602
1600810 604
1600820 604
1600830 604
1600840 605
1600850 607
1600860 607
1600870 609
1600880 612
1600890 612
1600900 617
1600910 619
1600920 619
1600930 620
1600940 621
1600950 621
1600960 622
1600970 623
1600980 624
1600990 624
1601000 625
1601010 626
1601020 626
1601030 627
1601040 628
1601050 628
1601060 630
1601070 631
1601080 631
1601090 632
1601100 634
1601110 634
1601120 634
1601130 635
1601140 636
1601150 636
1601160 635
1601170 634
1601180 634
1601190 634
1601200 635
1601210 635
1601220 635
1601230 636
1601240 636
1601250 636
1601260 636
1601270 636
1601280 636
1601290 635
1601300 635
1601310 635
1601320 635
1601330 635
1601340 635
1601350 635
1601360 634
1601370 634
1601380 631
1601390 627
1601400 627
1601410 627
1601420 627
1601430 629
1601440 629
1601450 631
1601460 630
1601470 630
1601480 631
1601490 632
1601500 632
1601510 633
1601520 633
1601530 633
1601540 633
1601550 634
1601560 634
1601570 633
1601580 634
1601590 633
1601600 633
1601610 631
1601620 630
1601630 630
1601640 634
1601650 634
1601660 634
1601670 633
1601680 633
1601690 633
1601700 632
1601710 630
1601720 630
1601730 629
1601740 628
1601750 627
1601760 627
1601770 625
1601780 623
1601790 623
1601800 622
1601810 622
1601820 622
1601830 622
1601840 617
1601850 617
1601860 614
1601870 611
1601880 607
1601890 607
1601900 604
1601910 602
1601920 602
1601930 602
1601940 600
1601950 600
1601960 599
1601970 599
1601980 599
1601990 598
1602000 597
1602010 597
1602020 596
1602030 595
1602040 594
1602050 594
1602060 593
1602070 592
1602080 592
1602090 591
1602100 590
1602110 590
1602120 589
1602130 588
1602140 588
1602150 587
1602160 586
1602170 586
1602180 585
1602190 585
1602200 584
1602210 584
1602220 583
1602230 583
1602240 583
1602250 584
1602260 584
1602270 584
1602280 586
1602290 586
1602300 586
1602310 587
1602320 587
1602330 588
1602340 588
1602350 587
1602360 586
1602370 586
1602380 586
1602390 585
1602400 585
1602410 584
1602420 584
1602430 584
1602440 583
1602450 582
1602460 582
1602470 581
1602480 580
1602490 580
1602500 580
1602510 579
1602520 578
1602530 578
1602540 577
1602550 576
1602560 576
1602570 575
1602580 575
1602590 575
1602600 575
1602610 574
1602620 574
1602630 574
1602640 573
1602650 573
1602660 573
1602670 572
1602680 572
1602690 572
1602700 571
1602710 571
1602720 571
1602730 571
1602740 570
1602750 570
1602760 569
1602770 568
1602780 567
1602790 567
1602800 566
1602810 566
1602820 566
1602830 565
1602840 564
1602850 564
1602860 563
1602870 562
1602880 562
1602890 560
1602900 556
1602910 556
1602920 557
1602930 556
1602940 555
1602950 555
1602960 554
1602970 553
1602980 553
1602990 551
1603000 549
1603010 549
1603020 549
1603030 548
1603040 548
1603050 547
1603060 546
1603070 545
1603080 545
1603090 541
1603100 538
1603110 538
1603120 539
1603130 539
1603140 539
1603150 540
1603160 540
1603170 540
1603180 541
1603190 543
1603200 543
1603210 547
1603220 552
1603230 557
1603240 557
1603250 564
1603260 570
1603270 570
1603280 572
1603290 573
1603300 573
1603310 574
1603320 577
1603330 577
1603340 582
1603350 587
1603360 587
1603370 592
1603380 595
1603390 593
1603400 593
1603410 589
1603420 588
1603430 588
1603440 594
1603450 601
1603460 601
1603470 610
1603480 620
1603490 620
1603500 627
1603510 629
1603520 629
1603530 629
1603540 628
1603550 627
1603560 627
1603570 627
1603580 628
1603590 628
1603600 631
1603610 635
1603620 635
1603630 637
1603640 637
1603650 637
1603660 637
1603670 637
1603680 637
1603690 637
1603700 640
1603710 644
1603720 644
1603730 648
1603740 652
1603750 652
1603760 652
1603770 649
1603780 649
1603790 649
1603800 651
1603810 651
1603820 651
1603830 652
1603840 653
1603850 653
1603860 653
1603870 654
1603880 654
1603890 654
1603900 653
1603910 653
1603920 650
1603930 652
1603940 652
1603950 658
1603960 661
1603970 665
1603980 665
1603990 667
1604000 668
1604010 668
1604020 665
1604030 662
1604040 662
1604050 659
1604060 659
1604070 659
1604080 658
1604090 657
1604100 657
1604110 656
1604120 655
1604130 655
1604140 655
1604150 656
1604160 654
1604170 654
1604180 654
1604190 658
1604200 658
1604210 664
1604220 672
1604230 672
1604240 681
1604250 689
1604260 689
1604270 693
1604280 695
1604290 698
1604300 698
1604310 700
1604320 702
1604330 702
1604340 702
1604350 704
1604360 704
1604370 705
1604380 707
1604390 707
1604400 709
1604410 710
1604420 712
1604430 712
1604440 715
1604450 717
1604460 717
1604470 720
1604480 722
1604490 722
1604500 724
1604510 726
1604520 726
1604530 727
1604540 729
1604550 729
1604560 731
1604570 733
1604580 736
1604590 736
1604600 737
1604610 739
1604620 739
1604630 740
1604640 739
1604650 739
1604660 740
1604670 740
1604680 740
1604690 740
1604700 741
1604710 741
1604720 742
1604730 741
1604740 739
1604750 739
1604760 738
1604770 736
1604780 736
1604790 734
1604800 732
1604810 732
1604820 730
1604830 727
1604840 727
1604850 726
1604860 726
1604870 727
1604880 727
1604890 730
1604900 732
1604910 732
1604920 734
1604930 735
1604940 735
1604950 733
1604960 732
1604970 732
1604980 733
1604990 734
1605000 734
1605010 733
1605020 735
1605030 735
1605040 735
1605050 735
1605060 736
1605070 736
1605080 736
1605090 737
1605100 737
1605110 739
1605120 740
1605130 740
1605140 741
1605150 741
1605160 741
1605170 740
1605180 739
1605190 738
1605200 738
1605210 738
1605220 739
1605230 739
1605240 742
1605250 746
1605260 746
1605270 749
1605280 751
1605290 751
1605300 750
1605310 749
1605320 746
1605330 746
1605340 744
1605350 742
1605360 742
1605370 742
1605380 743
1605390 743
1605400 746
1605410 750
1605420 750
1605430 752
1605440 753
1605450 753
1605460 753
1605470 755
1605480 755
1605490 755
1605500 755
1605510 755
1605520 755
1605530 756
1605540 756
1605550 756
1605560 757
1605570 757
1605580 757
1605590 758
1605600 758
1605610 758
1605620 758
1605630 757
1605640 756
1605650 756
1605660 755
1605670 754
1605680 754
1605690 753
1605700 753
1605710 753
1605720 752
1605730 752
1605740 752
1605750 753
1605760 755
1605770 756
1605780 756
1605790 757
1605800 756
1605810 756
1605820 754
1605830 753
1605840 753
1605850 754
1605860 753
1605870 753
1605880 751
1605890 749
1605900 749
1605910 748
1605920 748
1605930 748
1605940 748
1605950 748
1605960 748
1605970 748
1605980 748
1605990 748
1606000 748
1606010 748
1606020 749
1606030 749
1606040 749
1606050 749
1606060 749
1606070 753
1606080 757
1606090 759
1606100 759
1606110 757
1606120 757
1606130 757
1606140 759
1606150 762
1606160 762
1606170 764
1606180 768
1606190 768
1606200 772
1606210 773
1606220 773
1606230 773
1606240 772
1606250 774
1606260 774
1606270 772
1606280 771
1606290 771
1606300 770
1606310 769
1606320 769
1606330 771
1606340 775
1606350 775
1606360 777
1606370 779
1606380 780
1606390 780
1606400 779
1606410 778
1606420 778
1606430 775
1606440 772
1606450 772
1606460 769
1606470 766
1606480 766
1606490 763
1606500 759
1606510 756
1606520 756
1606530 754
1606540 753
1606550 753
1606560 751
1606570 751
1606580 751
1606590 751
1606600 751
1606610 751
1606620 752
1606630 753
1606640 753
1606650 754
1606660 755
1606670 756
1606680 756
1606690 758
1606700 761
1606710 761
1606720 765
1606730 767
1606740 767
1606750 766
1606760 767
1606770 767
1606780 769
1606790 770
1606800 770
1606810 772
1606820 772
1606830 774
1606840 774
1606850 776
1606860 776
1606870 776
1606880 775
1606890 776
1606900 776
1606910 777
1606920 779
1606930 779
1606940 781
1606950 783
1606960 784
1606970 784
1606980 784
1606990 783
1607000 783
1607010 784
1607020 784
1607030 784
1607040 781
1607050 779
1607060 779
1607070 778
1607080 777
1607090 777
1607100 776
1607110 779
1607120 781
1607130 781
1607140 782
1607150 782
1607160 782
1607170 782
1607180 781
1607190 781
1607200 782
1607210 783
1607220 783
1607230 784
1607240 785
1607250 785
1607260 786
1607270 786
1607280 784
1607290 784
1607300 780
1607310 776
1607320 776
1607330 773
1607340 769
1607350 769
1607360 764
1607370 759
1607380 759
1607390 753
1607400 748
1607410 744
1607420 744
1607430 743
1607440 743
1607450 743
1607460 741
1607470 739
1607480 739
1607490 737
1607500 735
1607510 735
1607520 734
1607530 733
1607540 733
1607550 731
1607560 729
1607570 727
1607580 727
1607590 725
1607600 724
1607610 724
1607620 722
1607630 721
1607640 721
1607650 719
1607660 717
1607670 717
1607680 716
1607690 716
1607700 716
1607710 716
1607720 716
1607730 717
1607740 717
1607750 716
1607760 716
1607770 716
1607780 716
1607790 715
1607800 715
1607810 715
1607820 714
1607830 714
1607840 714
1607850 713
1607860 713
1607870 713
1607880 712
1607890 712
1607900 712
1607910 712
1607920 712
1607930 712
1607940 712
1607950 712
1607960 712
1607970 712
1607980 711
1607990 711
1608000 711
1608010 711
1608020 711
1608030 711
1608040 711
1608050 711
1608060 711
1608070 710
1608080 710
1608090 710
1608100 710
1608110 710
1608120 710
1608130 710
1608140 710
1608150 710
1608160 711
1608170 711
1608180 711
1608190 711
1608200 710
1608210 710
1608220 710
1608230 709
1608240 708
1608250 708
1608260 707
1608270 707
1608280 707
1608290 707
1608300 707
1608310 707
1608320 707
1608330 707
1608340 707
1608350 707
1608360 707
1608370 706
1608380 706
1608390 705
1608400 705
1608410 705
1608420 705
1608430 705
1608440 705
1608450 706
1608460 707
1608470 708
1608480 708
1608490 710
1608500 712
1608510 712
1608520 713
1608530 713
1608540 713
1608550 713
1608560 712
1608570 712
1608580 711
1608590 710
1608600 710
1608610 709
1608620 708
1608630 707
1608640 707
1608650 706
1608660 705
1608670 705
1608680 705
1608690 705
1608700 705
1608710 705
1608720 705
1608730 705
1608740 705
1608750 705
1608760 705
1608770 705
1608780 704
1608790 704
1608800 704
1608810 704
1608820 705
1608830 705
1608840 705
1608850 705
1608860 705
1608870 705
1608880 705
1608890 705
1608900 705
1608910 705
1608920 704
1608930 704
1608940 704
1608950 704
1608960 704
1608970 704
1608980 704
1608990 704
1609000 703
1609010 699
1609020 699
1609030 694
1609040 692
1609050 692
1609060 691
1609070 692
1609080 693
1609090 693
1609100 694
1609110 695
1609120 695
1609130 692
1609140 687
1609150 687
1609160 684
1609170 682
1609180 682
1609190 682
1609200 681
1609210 680
1609220 680
1609230 679
1609240 679
1609250 679
1609260 679
1609270 680
1609280 680
1609290 680
1609300 681
1609310 681
1609320 681
1609330 683
1609340 683
1609350 683
1609360 684
1609370 684
1609380 684
1609390 684
1609400 684
1609410 684
1609420 684
1609430 686
1609440 686
1609450 692
1609460 693
1609470 693
1609480 694
1609490 695
1609500 695
1609510 695
1609520 696
1609530 697
1609540 697
1609550 698
1609560 699
1609570 699
1609580 700
1609590 701
1609600 701
1609610 702
1609620 703
1609630 703
1609640 705
1609650 706
1609660 708
1609670 708
1609680 709
1609690 710
1609700 710
1609710 711
1609720 713
1609730 713
1609740 714
1609750 715
1609760 715
1609770 716
1609780 718
1609790 718
1609800 719
1609810 720
1609820 722
1609830 722
1609840 723
1609850 725
1609860 725
1609870 726
1609880 728
1609890 728
1609900 729
1609910 731
1609920 731
1609930 733
1609940 734
1609950 734
1609960 735
1609970 735
1609980 735
1609990 735
1610000 736
1610010 738
1610020 738
1610030 743
1610040 746
1610050 746
1610060 748
1610070 749
1610080 749
1610090 750
1610100 752
1610110 753
1610120 753
1610130 755
1610140 757
1610150 757
1610160 759
1610170 761
1610180 761
1610190 763
1610200 765
1610210 765
1610220 766
1610230 768
1610240 768
1610250 770
1610260 772
1610270 774
1610280 774
1610290 775
1610300 777
1610310 777
1610320 779
1610330 781
1610340 781
1610350 783
1610360 785
1610370 785
1610380 787
1610390 789
1610400 789
1610410 790
1610420 792
1610430 794
1610440 794
1610450 796
1610460 798
1610470 798
1610480 801
1610490 803
1610500 803
1610510 805
1610520 807
1610530 807
1610540 809
1610550 811
1610560 814
1610570 814
1610580 816
1610590 818
1610600 818
1610610 820
1610620 822
1610630 822
1610640 823
1610650 824
1610660 824
1610670 826
1610680 827
1610690 827
1610700 829
1610710 831
1610720 834
1610730 834
1610740 836
1610750 837
1610760 837
1610770 837
1610780 837
1610790 837
1610800 837
1610810 838
1610820 838
1610830 840
1610840 843
1610850 843
1610860 845
1610870 848
1610880 849
1610890 849
1610900 849
1610910 850
1610920 850
1610930 852
1610940 856
1610950 856
1610960 858
1610970 860
1610980 860
1610990 862
1611000 864
1611010 867
1611020 867
1611030 869
1611040 872
1611050 872
1611060 874
1611070 877
1611080 877
1611090 880
1611100 882
1611110 879
1611120 881
1611130 878
1611140 878
1611150 872
1611160 868
1611170 867
1611180 867
1611190 869
1611200 870
1611210 870
1611220 871
1611230 873
1611240 873
1611250 875
1611260 877
1611270 877
1611280 877
1611290 878
1611300 879
1611310 879
1611320 880
1611330 881
1611340 881
1611350 882
1611360 883
1611370 883
1611380 887
1611390 892
1611400 892
1611410 898
1611420 905
1611430 905
1611440 913
1611450 920
1611460 928
1611470 928
1611480 936
1611490 944
1611500 944
1611510 953
1611520 962
1611530 962
1611540 967
1611550 969
1611560 969
1611570 971
1611580 975
1611590 975
1611600 975
1611610 971
1611620 966
1611630 966
1611640 961
1611650 954
1611660 954
1611670 947
1611680 945
1611690 945
1611700 949
1611710 956
1611720 956
1611730 964
1611740 972
1611750 981
1611760 981
1611770 990
1611780 999
1611790 999
1611800 1010
1611810 1023
1611820 1023
1611830 1035
1611840 1045
1611850 1045
1611860 1051
1611870 1050
1611880 1050
1611890 1045
1611900 1040
1611910 1035
1611920 1035
1611930 1029
1611940 1023
1611950 1023
1611960 1018
1611970 1014
1611980 1014
1611990 1008
1612000 1003
1612010 1003
1612020 997
1612030 991
1612040 991
1612050 986
1612060 984
1612070 988
1612080 988
1612090 985
1612100 987
1612110 987
1612120 989
1612130 991
1612140 991
1612150 994
1612160 997
1612170 997
1612180 999
1612190 998
1612200 994
1612210 994
1612220 988
1612230 982
1612240 982
1612250 975
1612260 968
1612270 968
1612280 962
1612290 955
1612300 955
1612310 946
1612320 945
1612330 945
1612340 954
1612350 962
1612360 967
1612370 967
1612380 971
1612390 975
1612400 975
1612410 980
1612420 986
1612430 986
1612440 992
1612450 1000
1612460 1000
1612470 1007
1612480 1012
1612490 1012
1612500 1017
1612510 1022
1612520 1028
1612530 1028
1612540 1034
1612550 1040
1612560 1040
1612570 1045
1612580 1050
1612590 1050
1612600 1056
1612610 1062
1612620 1062
1612630 1069
1612640 1075
1612650 1080
1612660 1080
1612670 1084
1612680 1089
1612690 1089
1612700 1094
1612710 1099
1612720 1099
1612730 1106
1612740 1115
1612750 1115
1612760 1124
1612770 1132
1612780 1132
1612790 1137
1612800 1141
1612810 1144
1612820 1144
1612830 1145
1612840 1141
1612850 1141
1612860 1136
1612870 1130
1612880 1130
1612890 1124
1612900 1118
1612910 1118
1612920 1113
1612930 1107
1612940 1107
1612950 1101
1612960 1096
1612970 1091
1612980 1091
1612990 1086
1613000 1081
1613010 1081
1613020 1077
1613030 1075
1613040 1075
1613050 1074
1613060 1074
1613070 1069
1613080 1068
1613090 1067
1613100 1066
1613110 1066
1613120 1064
1613130 1063
1613140 1063
1613150 1060
1613160 1059
1613170 1059
1613180 1060
1613190 1062
1613200 1062
1613210 1064
1613220 1067
1613230 1067
1613240 1071
1613250 1074
1613260 1075
1613270 1075
1613280 1075
1613290 1075
1613300 1075
1613310 1074
1613320 1072
1613330 1072
1613340 1069
1613350 1066
1613360 1066
1613370 1062
1613380 1058
1613390 1058
1613400 1055
1613410 1054
1613420 1055
1613430 1055
1613440 1057
1613450 1058
1613460 1058
1613470 1059
1613480 1059
1613490 1059
1613500 1057
1613510 1054
1613520 1054
1613530 1051
1613540 1049
1613550 1047
1613560 1047
1613570 1043
1613580 1040
1613590 1040
1613600 1039
1613610 1039
1613620 1039
1613630 1041
1613640 1038
1613650 1038
1613660 1038
1613670 1038
1613680 1038
1613690 1038
1613700 1038
1613710 1036
1613720 1036
1613730 1033
1613740 1031
1613750 1031
1613760 1029
1613770 1027
1613780 1027
1613790 1024
1613800 1020
1613810 1020
1613820 1017
1613830 1015
1613840 1015
1613850 1015
1613860 1016
1613870 1016
1613880 1016
1613890 1014
1613900 1018
1613910 1018
1613920 1028
1613930 1034
1613940 1034
1613950 1038
1613960 1037
1613970 1037
1613980 1035
1613990 1032
1614000 1029
1614010 1029
1614020 1026
1614030 1023
1614040 1023
1614050 1017
1614060 1009
1614070 1009
1614080 999
1614090 991
1614100 991
1614110 986
1614120 981
1614130 981
1614140 977
1614150 974
1614160 977
1614170 977
1614180 980
1614190 980
1614200 980
1614210 981
1614220 983
1614230 983
1614240 984
1614250 985
1614260 985
1614270 985
1614280 986
1614290 986
1614300 981
1614310 974
1614320 964
1614330 964
1614340 957
1614350 950
1614360 950
1614370 941
1614380 932
1614390 932
1614400 922
1614410 913
1614420 913
1614430 905
1614440 899
1614450 892
1614460 892
1614470 886
1614480 880
1614490 880
1614500 874
1614510 867
1614520 867
1614530 860
1614540 854
1614550 854
1614560 851
1614570 846
1614580 846
1614590 839
1614600 834
1614610 830
1614620 830
1614630 827
1614640 826
1614650 826
1614660 823
1614670 819
1614680 819
1614690 814
1614700 811
1614710 811
1614720 808
1614730 805
1614740 805
1614750 801
1614760 796
1614770 791
1614780 791
1614790 786
1614800 781
1614810 781
1614820 774
1614830 766
1614840 766
1614850 759
1614860 753
1614870 753
1614880 746
1614890 740
1614900 733
1614910 733
1614920 727
1614930 721
1614940 721
1614950 714
1614960 709
1614970 709
1614980 701
1614990 695
1615000 695
1615010 689
1615020 685
1615030 685
1615040 680
1615050 676
1615060 675
1615070 675
1615080 686
1615090 689
1615100 689
1615110 689
1615120 688
1615130 688
1615140 692
1615150 698
1615160 698
1615170 704
1615180 710
1615190 710
1615200 718
1615210 722
1615220 723
1615230 723
1615240 723
1615250 722
1615260 722
1615270 721
1615280 720
1615290 720
1615300 720
1615310 718
1615320 718
1615330 716
1615340 713
1615350 710
1615360 710
1615370 706
1615380 702
1615390 702
1615400 701
1615410 701
1615420 701
1615430 702
1615440 703
1615450 703
1615460 702
1615470 702
1615480 702
1615490 703
1615500 702
1615510 702
1615520 702
1615530 705
1615540 710
1615550 710
1615560 714
1615570 717
1615580 717
1615590 720
1615600 722
1615610 722
1615620 725
1615630 729
1615640 732
1615650 732
1615660 736
1615670 739
1615680 739
1615690 741
1615700 744
1615710 744
1615720 747
1615730 749
1615740 749
1615750 750
1615760 750
1615770 750
1615780 749
1615790 749
1615800 749
1615810 749
1615820 749
1615830 749
1615840 749
1615850 750
1615860 750
1615870 750
1615880 751
1615890 752
1615900 752
1615910 753
1615920 755
1615930 755
1615940 755
1615950 755
1615960 756
1615970 751
1615980 751
1615990 748
1616000 748
1616010 745
1616020 749
1616030 749
1616040 750
1616050 748
1616060 748
1616070 748
1616080 750
1616090 752
1616100 752
1616110 753
1616120 755
1616130 755
1616140 755
1616150 756
1616160 756
1616170 757
1616180 759
1616190 759
1616200 760
1616210 761
1616220 761
1616230 761
1616240 760
1616250 758
1616260 758
1616270 756
1616280 754
1616290 754
1616300 752
1616310 749
1616320 749
1616330 745
1616340 743
1616350 743
1616360 743
1616370 738
1616380 738
1616390 733
1616400 731
1616410 735
1616420 735
1616430 742
1616440 747
1616450 747
1616460 750
1616470 752
1616480 752
1616490 752
1616500 753
1616510 753
1616520 755
1616530 756
1616540 756
1616550 756
1616560 756
1616570 758
1616580 758
1616590 755
1616600 749
1616610 749
1616620 745
1616630 746
1616640 746
1616650 750
1616660 756
1616670 756
1616680 758
1616690 758
1616700 758
1616710 758
1616720 759
1616730 760
1616740 760
1616750 761
1616760 761
1616770 761
1616780 760
1616790 760
1616800 760
1616810 760
1616820 761
1616830 761
1616840 761
1616850 760
1616860 760
1616870 760
1616880 760
1616890 760
1616900 760
1616910 760
1616920 755
1616930 755
1616940 756
1616950 756
1616960 756
1616970 754
1616980 746
1616990 736
1617000 736
1617010 728
1617020 720
1617030 720
1617040 717
1617050 720
1617060 720
1617070 722
1617080 726
1617090 726
1617100 732
1617110 740
1617120 740
1617130 747
1617140 750
1617150 752
1617160 752
1617170 753
1617180 754
1617190 754
1617200 755
1617210 756
1617220 756
1617230 757
1617240 758
1617250 758
1617260 758
1617270 759
1617280 759
1617290 759
1617300 759
1617310 759
1617320 759
1617330 759
1617340 759
1617350 759
1617360 759
1617370 759
1617380 759
1617390 758
1617400 757
1617410 757
1617420 756
1617430 756
1617440 755
1617450 755
1617460 754
1617470 754
1617480 754
1617490 753
1617500 751
1617510 751
1617520 750
1617530 749
1617540 749
1617550 746
1617560 744
1617570 744
1617580 743
1617590 744
1617600 744
1617610 744
1617620 742
1617630 741
1617640 741
1617650 741
1617660 742
1617670 742
1617680 742
1617690 743
1617700 743
1617710 744
1617720 744
1617730 744
1617740 744
1617750 746
1617760 746
1617770 746
1617780 746
1617790 745
1617800 745
1617810 744
1617820 744
1617830 744
1617840 742
1617850 742
1617860 742
1617870 737
1617880 735
1617890 733
1617900 733
1617910 731
1617920 732
1617930 732
1617940 733
1617950 734
1617960 734
1617970 735
1617980 736
1617990 736
1618000 737
1618010 737
1618020 737
1618030 737
1618040 737
1618050 737
1618060 737
1618070 735
1618080 735
1618090 735
1618100 733
1618110 732
1618120 732
1618130 731
1618140 732
1618150 732
1618160 731
1618170 732
1618180 732
1618190 732
1618200 732
1618210 732
1618220 732
1618230 732
1618240 732
1618250 732
1618260 731
1618270 728
1618280 728
1618290 726
1618300 725
1618310 725
1618320 723
1618330 723
1618340 722
1618350 722
1618360 720
1618370 720
1618380 720
1618390 719
1618400 718
1618410 718
1618420 717
1618430 716
1618440 716
1618450 715
1618460 714
1618470 714
1618480 713
1618490 713
1618500 712
1618510 712
1618520 713
1618530 713
1618540 713
1618550 712
1618560 710
1618570 710
1618580 709
1618590 708
1618600 708
1618610 706
1618620 706
1618630 706
1618640 704
1618650 702
1618660 700
1618670 700
1618680 698
1618690 695
1618700 695
1618710 692
1618720 690
1618730 690
1618740 687
1618750 684
1618760 684
1618770 682
1618780 679
1618790 677
1618800 672
1618810 670
1618820 668
1618830 668
1618840 667
1618850 665
1618860 665
1618870 664
1618880 662
1618890 662
1618900 660
1618910 657
1618920 657
1618930 656
1618940 657
1618950 658
1618960 658
1618970 658
1618980 656
1618990 656
1619000 654
1619010 653
1619020 653
1619030 653
1619040 652
1619050 652
1619060 652
1619070 652
1619080 650
1619090 650
1619100 649
1619110 649
1619120 649
1619130 648
1619140 647
1619150 647
1619160 646
1619170 645
1619180 645
1619190 643
1619200 641
1619210 641
1619220 639
1619230 636
1619240 634
1619250 634
1619260 634
1619270 633
1619280 633
1619290 633
1619300 632
1619310 632
1619320 632
1619330 631
1619340 631
1619350 630
1619360 629
1619370 629
1619380 627
1619390 626
1619400 625
1619410 625
1619420 623
1619430 622
1619440 622
1619450 622
1619460 622
1619470 622
1619480 622
1619490 622
1619500 622
1619510 623
1619520 623
1619530 622
1619540 622
1619550 622
1619560 621
1619570 621
1619580 621
1619590 621
1619600 621
1619610 621
1619620 620
1619630 620
1619640 619
1619650 617
1619660 617
1619670 616
1619680 615
1619690 614
1619700 614
1619710 613
1619720 613
1619730 613
1619740 607
1619750 606
1619760 606
1619770 607
1619780 608
1619790 608
1619800 608
1619810 609
1619820 609
1619830 609
1619840 609
1619850 609
1619860 609
1619870 608
1619880 606
1619890 606
1619900 606
1619910 605
1619920 605
1619930 606
1619940 607
1619950 607
1619960 608
1619970 609
1619980 610
1619990 610
