1600000 481
1600010 481
1600020 480
1600030 479
1600040 479
1600050 479
1600060 479
1600070 479
1600080 479
1600090 478
1600100 478
1600110 478
1600120 478
1600130 478
1600140 478
1600150 477
1600160 477
1600170 477
1600180 477
1600190 476
1600200 476
1600210 474
1600220 474
1600230 474
1600240 473
1600250 473
1600260 473
1600270 472
1600280 471
1600290 471
1600300 471
1600310 470
1600320 469
1600330 469
1600340 468
1600350 467
1600360 467
1600370 466
1600380 465
1600390 465
1600400 465
1600410 464
1600420 464
1600430 463
1600440 463
1600450 462
1600460 462
1600470 461
1600480 460
1600490 460
1600500 459
1600510 459
1600520 459
1600530 458
1600540 457
1600550 457
1600560 457
1600570 456
1600580 456
1600590 455
1600600 455
1600610 455
1600620 455
1600630 454
1600640 454
1600650 454
1600660 453
1600670 451
1600680 451
1600690 451
1600700 451
1600710 451
1600720 450
1600730 450
1600740 450
1600750 451
1600760 450
1600770 450
1600780 450
1600790 450
1600800 450
1600810 450
1600820 449
1600830 448
1600840 448
1600850 445
1600860 443
1600870 443
1600880 441
1600890 440
1600900 439
1600910 439
1600920 438
1600930 437
1600940 437
1600950 435
1600960 433
1600970 433
1600980 432
1600990 430
1601000 430
1601010 430
1601020 431
1601030 431
1601040 431
1601050 431
1601060 432
1601070 432
1601080 432
1601090 433
1601100 433
1601110 434
1601120 436
1601130 436
1601140 438
1601150 440
1601160 440
1601170 443
1601180 448
1601190 448
1601200 453
1601210 456
1601220 457
1601230 457
1601240 458
1601250 459
1601260 459
1601270 458
1601280 458
1601290 458
1601300 459
1601310 461
1601320 461
1601330 464
1601340 467
1601350 468
1601360 468
1601370 469
1601380 469
1601390 469
1601400 470
1601410 471
1601420 471
1601430 473
1601440 473
1601450 473
1601460 473
1601470 474
1601480 474
1601490 475
1601500 476
1601510 478
1601520 478
1601530 479
1601540 481
1601550 481
1601560 483
1601570 485
1601580 485
1601590 486
1601600 487
1601610 487
1601620 489
1601630 491
1601640 491
1601650 492
1601660 494
1601670 495
1601680 495
1601690 497
1601700 497
1601710 497
1601720 498
1601730 499
1601740 499
1601750 499
1601760 500
1601770 500
1601780 500
1601790 501
1601800 502
1601810 502
1601820 503
1601830 504
1601840 504
1601850 505
1601860 506
1601870 506
1601880 506
1601890 506
1601900 506
1601910 507
1601920 508
1601930 508
1601940 508
1601950 509
1601960 509
1601970 509
1601980 509
1601990 509
1602000 509
1602010 510
1602020 510
1602030 510
1602040 509
1602050 510
1602060 510
1602070 510
1602080 510
1602090 510
1602100 511
1602110 510
1602120 511
1602130 511
1602140 511
1602150 511
1602160 511
1602170 511
1602180 511
1602190 511
1602200 512
1602210 512
1602220 512
1602230 512
1602240 512
1602250 512
1602260 512
1602270 512
1602280 512
1602290 512
1602300 511
1602310 511
1602320 511
1602330 510
1602340 509
1602350 509
1602360 509
1602370 510
1602380 510
1602390 509
1602400 509
1602410 509
1602420 509
1602430 510
1602440 509
1602450 509
1602460 509
1602470 508
1602480 508
1602490 508
1602500 508
1602510 508
1602520 508
1602530 507
1602540 507
1602550 506
1602560 505
1602570 505
1602580 505
1602590 505
1602600 506
1602610 506
1602620 505
1602630 504
1602640 504
1602650 504
1602660 504
1602670 504
1602680 504
1602690 504
1602700 504
1602710 504
1602720 503
1602730 503
1602740 503
1602750 503
1602760 503
1602770 503
1602780 503
1602790 503
1602800 503
1602810 502
1602820 502
1602830 502
1602840 502
1602850 502
1602860 503
1602870 503
1602880 503
1602890 503
1602900 503
1602910 502
1602920 502
1602930 502
1602940 502
1602950 502
1602960 502
1602970 502
1602980 501
1602990 501
1603000 501
1603010 501
1603020 501
1603030 501
1603040 500
1603050 499
1603060 499
1603070 501
1603080 501
1603090 501
1603100 501
1603110 504
1603120 504
1603130 509
1603140 516
1603150 523
1603160 523
1603170 528
1603180 533
1603190 533
1603200 540
1603210 548
1603220 548
1603230 555
1603240 557
1603250 557
1603260 556
1603270 554
1603280 554
1603290 553
1603300 552
1603310 552
1603320 552
1603330 550
1603340 550
1603350 550
1603360 551
1603370 551
1603380 551
1603390 551
1603400 550
1603410 550
1603420 552
1603430 555
1603440 555
1603450 559
1603460 563
1603470 568
1603480 568
1603490 571
1603500 573
1603510 573
1603520 574
1603530 573
1603540 573
1603550 572
1603560 573
1603570 573
1603580 575
1603590 576
1603600 576
1603610 576
1603620 576
1603630 576
1603640 576
1603650 576
1603660 576
1603670 576
1603680 575
1603690 573
1603700 573
1603710 572
1603720 574
1603730 574
1603740 576
1603750 579
1603760 582
1603770 582
1603780 585
1603790 587
1603800 587
1603810 589
1603820 589
1603830 589
1603840 590
1603850 590
1603860 590
1603870 587
1603880 586
1603890 586
1603900 585
1603910 584
1603920 584
1603930 584
1603940 587
1603950 592
1603960 592
1603970 595
1603980 597
1603990 597
1604000 599
1604010 600
1604020 600
1604030 602
1604040 603
1604050 604
1604060 604
1604070 605
1604080 605
1604090 605
1604100 604
1604110 599
1604120 599
1604130 599
1604140 602
1604150 602
1604160 602
1604170 603
1604180 603
1604190 603
1604200 603
1604210 604
1604220 604
1604230 604
1604240 603
1604250 603
1604260 602
1604270 602
1604280 602
1604290 601
1604300 601
1604310 601
1604320 600
1604330 600
1604340 600
1604350 600
1604360 599
1604370 598
1604380 598
1604390 598
1604400 598
1604410 598
1604420 599
1604430 600
1604440 600
1604450 602
1604460 604
1604470 604
1604480 605
1604490 605
1604500 604
1604510 604
1604520 604
1604530 605
1604540 605
1604550 605
1604560 605
1604570 605
1604580 606
1604590 610
1604600 610
1604610 612
1604620 614
1604630 614
1604640 614
1604650 615
1604660 616
1604670 616
1604680 616
1604690 615
1604700 615
1604710 615
1604720 616
1604730 616
1604740 618
1604750 619
1604760 619
1604770 620
1604780 622
1604790 622
1604800 625
1604810 627
1604820 628
1604830 628
1604840 629
1604850 630
1604860 630
1604870 631
1604880 630
1604890 630
1604900 630
1604910 630
1604920 629
1604930 630
1604940 630
1604950 631
1604960 631
1604970 632
1604980 632
1604990 632
1605000 633
1605010 633
1605020 633
1605030 633
1605040 633
1605050 633
1605060 635
1605070 636
1605080 636
1605090 637
1605100 638
1605110 639
1605120 639
1605130 639
1605140 638
1605150 638
1605160 637
1605170 636
1605180 636
1605190 636
1605200 638
1605210 638
1605220 641
1605230 643
1605240 643
1605250 646
1605260 648
1605270 649
1605280 649
1605290 649
1605300 648
1605310 648
1605320 647
1605330 645
1605340 645
1605350 645
1605360 644
1605370 644
1605380 644
1605390 646
1605400 650
1605410 650
1605420 653
1605430 655
1605440 655
1605450 656
1605460 654
1605470 654
1605480 654
1605490 654
1605500 654
1605510 653
1605520 651
1605530 651
1605540 651
1605550 650
1605560 651
1605570 651
1605580 653
1605590 654
1605600 654
1605610 657
1605620 660
1605630 660
1605640 661
1605650 662
1605660 662
1605670 663
1605680 664
1605690 664
1605700 667
1605710 670
1605720 673
1605730 673
1605740 676
1605750 678
1605760 678
1605770 680
1605780 681
1605790 681
1605800 682
1605810 682
1605820 682
1605830 683
1605840 685
1605850 686
1605860 686
1605870 685
1605880 683
1605890 683
1605900 680
1605910 677
1605920 677
1605930 675
1605940 675
1605950 675
1605960 675
1605970 677
1605980 677
1605990 679
1606000 682
1606010 683
1606020 683
1606030 683
1606040 682
1606050 682
1606060 682
1606070 683
1606080 683
1606090 686
1606100 687
1606110 687
1606120 690
1606130 693
1606140 693
1606150 695
1606160 698
1606170 699
1606180 699
1606190 700
1606200 701
1606210 701
1606220 703
1606230 704
1606240 704
1606250 704
1606260 705
1606270 705
1606280 706
1606290 706
1606300 706
1606310 706
1606320 706
1606330 706
1606340 706
1606350 706
1606360 705
1606370 705
1606380 705
1606390 707
1606400 707
1606410 707
1606420 705
1606430 705
1606440 703
1606450 700
1606460 699
1606470 699
1606480 699
1606490 697
1606500 697
1606510 697
1606520 696
1606530 696
1606540 695
1606550 694
1606560 694
1606570 696
1606580 699
1606590 699
1606600 704
1606610 709
1606620 714
1606630 714
1606640 718
1606650 721
1606660 721
1606670 721
1606680 721
1606690 721
1606700 721
1606710 721
1606720 721
1606730 721
1606740 720
1606750 719
1606760 719
1606770 719
1606780 717
1606790 717
1606800 713
1606810 709
1606820 709
1606830 707
1606840 705
1606850 705
1606860 705
1606870 705
1606880 705
1606890 705
1606900 705
1606910 705
1606920 705
1606930 703
1606940 702
1606950 702
1606960 702
1606970 701
1606980 701
1606990 701
1607000 700
1607010 700
1607020 700
1607030 699
1607040 699
1607050 699
1607060 700
1607070 702
1607080 702
1607090 703
1607100 702
1607110 702
1607120 700
1607130 697
1607140 697
1607150 693
1607160 691
1607170 691
1607180 690
1607190 690
1607200 692
1607210 692
1607220 695
1607230 696
1607240 696
1607250 696
1607260 695
1607270 695
1607280 691
1607290 687
1607300 687
1607310 683
1607320 680
1607330 680
1607340 679
1607350 680
1607360 682
1607370 682
1607380 683
1607390 681
1607400 681
1607410 678
1607420 676
1607430 676
1607440 674
1607450 672
1607460 672
1607470 670
1607480 668
1607490 668
1607500 666
1607510 664
1607520 662
1607530 662
1607540 660
1607550 658
1607560 658
1607570 657
1607580 656
1607590 656
1607600 655
1607610 654
1607620 654
1607630 654
1607640 654
1607650 654
1607660 654
1607670 654
1607680 654
1607690 654
1607700 654
1607710 654
1607720 654
1607730 655
1607740 655
1607750 655
1607760 655
1607770 656
1607780 656
1607790 656
1607800 656
1607810 656
1607820 656
1607830 657
1607840 658
1607850 658
1607860 658
1607870 659
1607880 659
1607890 660
1607900 661
1607910 661
1607920 662
1607930 662
1607940 662
1607950 663
1607960 663
1607970 662
1607980 662
1607990 662
1608000 663
1608010 663
1608020 666
1608030 667
1608040 667
1608050 668
1608060 668
1608070 668
1608080 668
1608090 669
1608100 671
1608110 671
1608120 672
1608130 676
1608140 676
1608150 679
1608160 679
1608170 679
1608180 681
1608190 683
1608200 683
1608210 684
1608220 686
1608230 686
1608240 687
1608250 689
1608260 690
1608270 690
1608280 691
1608290 692
1608300 692
1608310 694
1608320 695
1608330 695
1608340 695
1608350 694
1608360 694
1608370 694
1608380 694
1608390 694
1608400 695
1608410 696
1608420 697
1608430 697
1608440 697
1608450 697
1608460 697
1608470 698
1608480 698
1608490 698
1608500 697
1608510 697
1608520 697
1608530 698
1608540 699
1608550 699
1608560 699
1608570 699
1608580 699
1608590 699
1608600 698
1608610 698
1608620 698
1608630 698
1608640 698
1608650 698
1608660 697
1608670 696
1608680 696
1608690 696
1608700 696
1608710 697
1608720 697
1608730 698
1608740 700
1608750 700
1608760 703
1608770 707
1608780 707
1608790 709
1608800 708
1608810 708
1608820 707
1608830 706
1608840 706
1608850 705
1608860 703
1608870 701
1608880 701
1608890 700
1608900 700
1608910 700
1608920 699
1608930 698
1608940 698
1608950 697
1608960 696
1608970 696
1608980 696
1608990 696
1609000 695
1609010 695
1609020 695
1609030 695
1609040 695
1609050 695
1609060 695
1609070 695
1609080 695
1609090 694
1609100 694
1609110 694
1609120 694
1609130 694
1609140 694
1609150 694
1609160 694
1609170 694
1609180 696
1609190 699
1609200 699
1609210 702
1609220 705
1609230 705
1609240 707
1609250 709
1609260 709
1609270 710
1609280 711
1609290 711
1609300 712
1609310 712
1609320 711
1609330 711
1609340 708
1609350 704
1609360 704
1609370 702
1609380 701
1609390 701
1609400 701
1609410 700
1609420 700
1609430 700
1609440 700
1609450 700
1609460 700
1609470 700
1609480 700
1609490 700
1609500 699
1609510 697
1609520 697
1609530 693
1609540 692
1609550 692
1609560 692
1609570 691
1609580 691
1609590 691
1609600 691
1609610 689
1609620 689
1609630 687
1609640 683
1609650 683
1609660 675
1609670 667
1609680 667
1609690 664
1609700 664
1609710 664
1609720 663
1609730 665
1609740 665
1609750 670
1609760 670
1609770 667
1609780 667
1609790 669
1609800 673
1609810 673
1609820 677
1609830 680
1609840 680
1609850 684
1609860 688
1609870 688
1609880 692
1609890 697
1609900 702
1609910 702
1609920 706
1609930 709
1609940 709
1609950 711
1609960 713
1609970 713
1609980 715
1609990 718
1610000 718
1610010 721
1610020 724
1610030 722
1610040 725
1610050 727
1610060 728
1610070 728
1610080 730
1610090 733
1610100 733
1610110 736
1610120 737
1610130 737
1610140 737
1610150 736
1610160 736
1610170 736
1610180 736
1610190 736
1610200 736
1610210 738
1610220 741
1610230 741
1610240 742
1610250 744
1610260 744
1610270 744
1610280 745
1610290 745
1610300 746
1610310 747
1610320 747
1610330 748
1610340 749
1610350 750
1610360 750
1610370 751
1610380 752
1610390 752
1610400 752
1610410 753
1610420 753
1610430 754
1610440 754
1610450 754
1610460 754
1610470 754
1610480 754
1610490 755
1610500 755
1610510 756
1610520 756
1610530 756
1610540 757
1610550 757
1610560 757
1610570 758
1610580 758
1610590 759
1610600 760
1610610 760
1610620 760
1610630 760
1610640 760
1610650 760
1610660 760
1610670 760
1610680 760
1610690 760
1610700 761
1610710 761
1610720 762
1610730 762
1610740 762
1610750 762
1610760 762
1610770 762
1610780 763
1610790 764
1610800 764
1610810 764
1610820 765
1610830 766
1610840 766
1610850 766
1610860 767
1610870 767
1610880 768
1610890 769
1610900 769
1610910 770
1610920 771
1610930 771
1610940 772
1610950 773
1610960 774
1610970 774
1610980 775
1610990 776
1611000 776
1611010 777
1611020 777
1611030 777
1611040 776
1611050 775
1611060 775
1611070 776
1611080 779
1611090 779
1611100 780
1611110 781
1611120 781
1611130 781
1611140 783
1611150 782
1611160 782
1611170 782
1611180 783
1611190 783
1611200 784
1611210 784
1611220 784
1611230 785
1611240 786
1611250 786
1611260 786
1611270 786
1611280 786
1611290 786
1611300 786
1611310 786
1611320 786
1611330 786
1611340 788
1611350 788
1611360 789
1611370 789
1611380 789
1611390 790
1611400 791
1611410 792
1611420 792
1611430 793
1611440 793
1611450 793
1611460 793
1611470 795
1611480 795
1611490 796
1611500 796
1611510 796
1611520 797
1611530 799
1611540 799
1611550 799
1611560 799
1611570 800
1611580 800
1611590 801
1611600 802
1611610 802
1611620 803
1611630 803
1611640 803
1611650 803
1611660 803
1611670 803
1611680 802
1611690 802
1611700 801
1611710 801
1611720 801
1611730 802
1611740 802
1611750 800
1611760 799
1611770 799
1611780 800
1611790 801
1611800 801
1611810 803
1611820 808
1611830 808
1611840 813
1611850 816
1611860 819
1611870 819
1611880 821
1611890 823
1611900 823
1611910 824
1611920 824
1611930 824
1611940 825
1611950 827
1611960 827
1611970 828
1611980 830
1611990 830
1612000 831
1612010 831
1612020 833
1612030 833
1612040 834
1612050 835
1612060 835
1612070 835
1612080 838
1612090 838
1612100 840
1612110 841
1612120 841
1612130 843
1612140 843
1612150 843
1612160 843
1612170 844
1612180 845
1612190 845
1612200 847
1612210 848
1612220 848
1612230 849
1612240 850
1612250 850
1612260 851
1612270 851
1612280 851
1612290 852
1612300 851
1612310 853
1612320 853
1612330 855
1612340 858
1612350 858
1612360 863
1612370 868
1612380 868
1612390 873
1612400 879
1612410 879
1612420 884
1612430 890
1612440 890
1612450 895
1612460 900
1612470 904
1612480 904
1612490 909
1612500 915
1612510 915
1612520 923
1612530 929
1612540 929
1612550 932
1612560 937
1612570 937
1612580 944
1612590 946
1612600 950
1612610 950
1612620 956
1612630 962
1612640 962
1612650 969
1612660 975
1612670 975
1612680 981
1612690 986
1612700 986
1612710 991
1612720 994
1612730 994
1612740 995
1612750 994
1612760 992
1612770 992
1612780 989
1612790 986
1612800 986
1612810 982
1612820 977
1612830 977
1612840 973
1612850 970
1612860 970
1612870 967
1612880 964
1612890 964
1612900 962
1612910 961
1612920 957
1612930 957
1612940 953
1612950 948
1612960 948
1612970 943
1612980 938
1612990 933
1613000 929
1613010 925
1613020 925
1613030 922
1613040 921
1613050 920
1613060 920
1613070 918
1613080 914
1613090 914
1613100 910
1613110 909
1613120 909
1613130 908
1613140 906
1613150 906
1613160 903
1613170 900
1613180 900
1613190 898
1613200 896
1613210 896
1613220 896
1613230 895
1613240 893
1613250 893
1613260 892
1613270 890
1613280 890
1613290 889
1613300 888
1613310 888
1613320 886
1613330 882
1613340 882
1613350 880
1613360 878
1613370 878
1613380 878
1613390 880
1613400 881
1613410 881
1613420 880
1613430 879
1613440 879
1613450 877
1613460 876
1613470 876
1613480 874
1613490 872
1613500 871
1613510 871
1613520 870
1613530 869
1613540 869
1613550 868
1613560 866
1613570 866
1613580 865
1613590 863
1613600 863
1613610 862
1613620 860
1613630 860
1613640 855
1613650 849
1613660 845
1613670 845
1613680 843
1613690 838
1613700 838
1613710 835
1613720 834
1613730 834
1613740 831
1613750 828
1613760 828
1613770 829
1613780 830
1613790 830
1613800 829
1613810 827
1613820 824
1613830 824
1613840 824
1613850 825
1613860 825
1613870 823
1613880 821
1613890 821
1613900 818
1613910 816
1613920 816
1613930 815
1613940 812
1613950 809
1613960 809
1613970 802
1613980 796
1613990 796
1614000 788
1614010 782
1614020 782
1614030 778
1614040 774
1614050 774
1614060 771
1614070 771
1614080 771
1614090 768
1614100 767
1614110 766
1614120 766
1614130 762
1614140 760
1614150 760
1614160 759
1614170 757
1614180 757
1614190 754
1614200 750
1614210 750
1614220 746
1614230 743
1614240 743
1614250 742
1614260 741
1614270 738
1614280 738
1614290 733
1614300 730
1614310 730
1614320 728
1614330 726
1614340 726
1614350 723
1614360 721
1614370 721
1614380 720
1614390 717
1614400 713
1614410 713
1614420 709
1614430 705
1614440 705
1614450 702
1614460 702
1614470 702
1614480 702
1614490 706
1614500 706
1614510 706
1614520 697
1614530 697
1614540 694
1614550 688
1614560 682
1614570 682
1614580 677
1614590 677
1614600 677
1614610 678
1614620 677
1614630 677
1614640 675
1614650 672
1614660 672
1614670 664
1614680 658
1614690 658
1614700 655
1614710 652
1614720 649
1614730 649
1614740 649
1614750 652
1614760 652
1614770 654
1614780 651
1614790 651
1614800 648
1614810 643
1614820 643
1614830 637
1614840 631
1614850 628
1614860 628
1614870 624
1614880 620
1614890 620
1614900 617
1614910 615
1614920 615
1614930 609
1614940 605
1614950 605
1614960 599
1614970 594
1614980 594
1614990 589
1615000 583
1615010 581
1615020 581
1615030 579
1615040 575
1615050 575
1615060 569
1615070 565
1615080 565
1615090 562
1615100 558
1615110 558
1615120 556
1615130 553
1615140 553
1615150 547
1615160 542
1615170 539
1615180 539
1615190 535
1615200 532
1615210 532
1615220 528
1615230 527
1615240 527
1615250 527
1615260 531
1615270 531
1615280 535
1615290 536
1615300 537
1615310 537
1615320 539
1615330 541
1615340 541
1615350 542
1615360 543
1615370 543
1615380 545
1615390 547
1615400 547
1615410 549
1615420 551
1615430 551
1615440 552
1615450 553
1615460 555
1615470 555
1615480 555
1615490 555
1615500 555
1615510 556
1615520 557
1615530 557
1615540 558
1615550 557
1615560 557
1615570 558
1615580 558
1615590 558
1615600 558
1615610 557
1615620 556
1615630 556
1615640 555
1615650 554
1615660 554
1615670 556
1615680 559
1615690 559
1615700 560
1615710 560
1615720 560
1615730 561
1615740 561
1615750 561
1615760 561
1615770 562
1615780 566
1615790 566
1615800 572
1615810 576
1615820 576
1615830 580
1615840 582
1615850 582
1615860 584
1615870 584
1615880 584
1615890 577
1615900 576
1615910 573
1615920 573
1615930 570
1615940 571
1615950 571
1615960 572
1615970 573
1615980 573
1615990 573
1616000 574
1616010 574
1616020 574
1616030 575
1616040 575
1616050 576
1616060 577
1616070 576
1616080 576
1616090 576
1616100 577
1616110 577
1616120 575
1616130 574
1616140 574
1616150 573
1616160 571
1616170 571
1616180 569
1616190 567
1616200 566
1616210 566
1616220 566
1616230 565
1616240 565
1616250 564
1616260 563
1616270 563
1616280 565
1616290 565
1616300 565
1616310 564
1616320 563
1616330 563
1616340 562
1616350 562
1616360 562
1616370 562
1616380 562
1616390 561
1616400 561
1616410 562
1616420 563
1616430 563
1616440 563
1616450 564
1616460 564
1616470 564
1616480 564
1616490 564
1616500 565
1616510 566
1616520 567
1616530 567
1616540 568
1616550 569
1616560 569
1616570 570
1616580 571
1616590 571
1616600 572
1616610 574
1616620 574
1616630 574
1616640 572
1616650 573
1616660 573
1616670 574
1616680 574
1616690 574
1616700 573
1616710 570
1616720 570
1616730 569
1616740 568
1616750 568
1616760 569
1616770 567
1616780 567
1616790 565
1616800 565
1616810 566
1616820 566
1616830 568
1616840 564
1616850 564
1616860 566
1616870 568
1616880 568
1616890 570
1616900 571
1616910 571
1616920 572
1616930 574
1616940 576
1616950 576
1616960 577
1616970 580
1616980 580
1616990 582
1617000 584
1617010 584
1617020 586
1617030 587
1617040 587
1617050 589
1617060 590
1617070 590
1617080 590
1617090 588
1617100 588
1617110 588
1617120 590
1617130 589
1617140 589
1617150 587
1617160 585
1617170 585
1617180 583
1617190 581
1617200 581
1617210 580
1617220 578
1617230 578
1617240 577
1617250 575
1617260 573
1617270 573
1617280 571
1617290 571
1617300 571
1617310 571
1617320 570
1617330 570
1617340 569
1617350 569
1617360 569
1617370 569
1617380 569
1617390 569
1617400 569
1617410 569
1617420 570
1617430 570
1617440 570
1617450 571
1617460 571
1617470 572
1617480 574
1617490 574
1617500 575
1617510 575
1617520 575
1617530 576
1617540 577
1617550 577
1617560 577
1617570 577
1617580 576
1617590 576
1617600 577
1617610 577
1617620 577
1617630 577
1617640 577
1617650 577
1617660 578
1617670 578
1617680 578
1617690 577
1617700 573
1617710 567
1617720 567
1617730 560
1617740 552
1617750 552
1617760 546
1617770 541
1617780 541
1617790 534
1617800 533
1617810 533
1617820 532
1617830 531
1617840 533
1617850 533
1617860 537
1617870 540
1617880 540
1617890 543
1617900 543
1617910 543
1617920 543
1617930 547
1617940 547
1617950 549
1617960 553
1617970 553
1617980 560
1617990 562
1618000 560
1618010 560
1618020 557
1618030 554
1618040 554
1618050 553
1618060 550
1618070 550
1618080 547
1618090 544
1618100 544
1618110 543
1618120 543
1618130 543
1618140 540
1618150 540
1618160 542
1618170 542
1618180 545
1618190 548
1618200 548
1618210 549
1618220 551
1618230 551
1618240 550
1618250 548
1618260 548
1618270 546
1618280 546
1618290 546
1618300 546
1618310 547
1618320 546
1618330 546
1618340 543
1618350 541
1618360 541
1618370 540
1618380 538
1618390 538
1618400 535
1618410 533
1618420 533
1618430 530
1618440 521
1618450 515
1618460 515
1618470 512
1618480 511
1618490 511
1618500 509
1618510 508
1618520 508
1618530 507
1618540 507
1618550 507
1618560 509
1618570 511
1618580 511
1618590 515
1618600 522
1618610 531
1618620 531
1618630 534
1618640 534
1618650 534
1618660 533
1618670 533
1618680 533
1618690 533
1618700 533
1618710 533
1618720 533
1618730 528
1618740 528
1618750 528
1618760 526
1618770 524
1618780 524
1618790 523
1618800 520
1618810 520
1618820 519
1618830 519
1618840 519
1618850 520
1618860 522
1618870 522
1618880 522
1618890 522
1618900 521
1618910 521
1618920 520
1618930 518
1618940 518
1618950 517
1618960 515
1618970 515
1618980 513
1618990 513
1619000 513
1619010 513
1619020 512
1619030 512
1619040 511
1619050 510
1619060 510
1619070 510
1619080 510
1619090 511
1619100 511
1619110 511
1619120 512
1619130 512
1619140 514
1619150 515
1619160 515
1619170 514
1619180 515
1619190 517
1619200 517
1619210 519
1619220 521
1619230 521
1619240 522
1619250 523
1619260 523
1619270 524
1619280 524
1619290 524
1619300 524
1619310 523
1619320 523
1619330 524
1619340 525
1619350 527
1619360 527
1619370 529
1619380 529
1619390 529
1619400 529
1619410 528
1619420 528
1619430 528
1619440 528
1619450 528
1619460 527
1619470 523
1619480 523
1619490 518
1619500 512
1619510 506
1619520 506
1619530 499
1619540 495
1619550 495
1619560 493
1619570 491
1619580 491
1619590 490
1619600 489
1619610 489
1619620 487
1619630 486
1619640 484
1619650 484
1619660 480
1619670 479
1619680 479
1619690 479
1619700 479
1619710 479
1619720 480
1619730 484
1619740 484
1619750 490
1619760 495
1619770 495
1619780 499
1619790 501
1619800 502
1619810 502
1619820 502
1619830 502
1619840 502
1619850 500
1619860 497
1619870 497
1619880 493
1619890 489
1619900 489
1619910 488
1619920 488
1619930 488
1619940 488
1619950 488
1619960 488
1619970 488
1619980 487
1619990 485
