1600000 785
1600010 785
1600020 788
1600030 788
1600040 788
1600050 787
1600060 786
1600070 786
1600080 786
1600090 785
1600100 785
1600110 785
1600120 784
1600130 784
1600140 784
1600150 784
1600160 784
1600170 784
1600180 784
1600190 784
1600200 784
1600210 784
1600220 783
1600230 783
1600240 783
1600250 782
1600260 782
1600270 782
1600280 781
1600290 781
1600300 781
1600310 781
1600320 780
1600330 780
1600340 779
1600350 779
1600360 779
1600370 778
1600380 778
1600390 778
1600400 778
1600410 778
1600420 778
1600430 778
1600440 777
1600450 777
1600460 777
1600470 777
1600480 777
1600490 777
1600500 776
1600510 776
1600520 776
1600530 776
1600540 776
1600550 776
1600560 775
1600570 775
1600580 775
1600590 775
1600600 775
1600610 775
1600620 775
1600630 775
1600640 777
1600650 777
1600660 778
1600670 780
1600680 780
1600690 782
1600700 784
1600710 784
1600720 787
1600730 788
1600740 788
1600750 790
1600760 791
1600770 792
1600780 792
1600790 794
1600800 796
1600810 796
1600820 797
1600830 798
1600840 798
1600850 799
1600860 799
1600870 799
1600880 799
1600890 799
1600900 799
1600910 799
1600920 800
1600930 800
1600940 800
1600950 800
1600960 799
1600970 799
1600980 799
1600990 798
1601000 798
1601010 797
1601020 797
1601030 797
1601040 797
1601050 796
1601060 796
1601070 796
1601080 795
1601090 795
1601100 795
1601110 794
1601120 793
1601130 793
1601140 792
1601150 791
1601160 791
1601170 789
1601180 786
1601190 786
1601200 783
1601210 781
1601220 780
1601230 780
1601240 779
1601250 777
1601260 777
1601270 777
1601280 776
1601290 776
1601300 775
1601310 775
1601320 775
1601330 775
1601340 775
1601350 775
1601360 774
1601370 774
1601380 773
1601390 773
1601400 773
1601410 772
1601420 771
1601430 771
1601440 770
1601450 770
1601460 770
1601470 770
1601480 770
1601490 769
1601500 769
1601510 769
1601520 769
1601530 769
1601540 769
1601550 769
1601560 769
1601570 770
1601580 770
1601590 770
1601600 770
1601610 770
1601620 771
1601630 771
1601640 771
1601650 771
1601660 772
1601670 772
1601680 772
1601690 771
1601700 771
1601710 771
1601720 770
1601730 770
1601740 770
1601750 771
1601760 771
1601770 771
1601780 772
1601790 773
1601800 773
1601810 773
1601820 774
1601830 774
1601840 774
1601850 774
1601860 774
1601870 774
1601880 774
1601890 774
1601900 774
1601910 774
1601920 773
1601930 773
1601940 773
1601950 772
1601960 772
1601970 771
1601980 770
1601990 769
1602000 769
1602010 768
1602020 766
1602030 766
1602040 765
1602050 763
1602060 763
1602070 762
1602080 761
1602090 761
1602100 759
1602110 758
1602120 758
1602130 758
1602140 757
1602150 757
1602160 757
1602170 756
1602180 756
1602190 756
1602200 755
1602210 754
1602220 754
1602230 754
1602240 754
1602250 754
1602260 755
1602270 755
1602280 755
1602290 755
1602300 755
1602310 755
1602320 755
1602330 755
1602340 754
1602350 754
1602360 754
1602370 755
1602380 755
1602390 755
1602400 754
1602410 754
1602420 754
1602430 754
1602440 754
1602450 754
1602460 754
1602470 753
1602480 753
1602490 753
1602500 751
1602510 751
1602520 750
1602530 752
1602540 752
1602550 753
1602560 754
1602570 754
1602580 755
1602590 755
1602600 756
1602610 756
1602620 757
1602630 758
1602640 758
1602650 760
1602660 762
1602670 762
1602680 764
1602690 768
1602700 768
1602710 771
1602720 774
1602730 774
1602740 777
1602750 779
1602760 780
1602770 780
1602780 781
1602790 782
1602800 782
1602810 783
1602820 785
1602830 785
1602840 786
1602850 787
1602860 787
1602870 789
1602880 791
1602890 791
1602900 793
1602910 795
1602920 798
1602930 798
1602940 802
1602950 805
1602960 805
1602970 807
1602980 808
1602990 808
1603000 807
1603010 805
1603020 805
1603030 804
1603040 802
1603050 802
1603060 801
1603070 801
1603080 801
1603090 801
1603100 801
1603110 801
1603120 801
1603130 802
1603140 803
1603150 803
1603160 804
1603170 805
1603180 805
1603190 805
1603200 805
1603210 805
1603220 805
1603230 805
1603240 805
1603250 805
1603260 805
1603270 805
1603280 805
1603290 804
1603300 804
1603310 804
1603320 804
1603330 805
1603340 805
1603350 805
1603360 805
1603370 805
1603380 805
1603390 805
1603400 805
1603410 805
1603420 805
1603430 805
1603440 805
1603450 804
1603460 804
1603470 804
1603480 804
1603490 804
1603500 804
1603510 804
1603520 804
1603530 804
1603540 804
1603550 804
1603560 804
1603570 804
1603580 804
1603590 804
1603600 804
1603610 804
1603620 804
1603630 804
1603640 803
1603650 803
1603660 803
1603670 803
1603680 803
1603690 803
1603700 803
1603710 802
1603720 802
1603730 802
1603740 801
1603750 801
1603760 801
1603770 800
1603780 800
1603790 800
1603800 800
1603810 799
1603820 799
1603830 799
1603840 798
1603850 798
1603860 798
1603870 797
1603880 797
1603890 797
1603900 796
1603910 795
1603920 795
1603930 795
1603940 794
1603950 794
1603960 793
1603970 792
1603980 792
1603990 791
1604000 791
1604010 790
1604020 790
1604030 789
1604040 788
1604050 788
1604060 786
1604070 785
1604080 785
1604090 784
1604100 783
1604110 783
1604120 782
1604130 781
1604140 779
1604150 779
1604160 777
1604170 775
1604180 775
1604190 772
1604200 770
1604210 770
1604220 768
1604230 766
1604240 766
1604250 765
1604260 764
1604270 764
1604280 764
1604290 763
1604300 763
1604310 763
1604320 763
1604330 762
1604340 762
1604350 762
1604360 763
1604370 763
1604380 763
1604390 762
1604400 762
1604410 761
1604420 760
1604430 760
1604440 759
1604450 758
1604460 758
1604470 758
1604480 758
1604490 758
1604500 758
1604510 757
1604520 757
1604530 757
1604540 757
1604550 757
1604560 757
1604570 756
1604580 755
1604590 755
1604600 754
1604610 753
1604620 753
1604630 753
1604640 752
1604650 752
1604660 752
1604670 751
1604680 751
1604690 751
1604700 751
1604710 750
1604720 750
1604730 750
1604740 750
1604750 750
1604760 750
1604770 750
1604780 750
1604790 750
1604800 750
1604810 750
1604820 750
1604830 750
1604840 750
1604850 750
1604860 750
1604870 750
1604880 750
1604890 750
1604900 750
1604910 749
1604920 749
1604930 749
1604940 748
1604950 748
1604960 748
1604970 748
1604980 748
1604990 748
1605000 748
1605010 748
1605020 748
1605030 748
1605040 748
1605050 748
1605060 748
1605070 748
1605080 748
1605090 748
1605100 749
1605110 749
1605120 749
1605130 749
1605140 749
1605150 749
1605160 750
1605170 750
1605180 750
1605190 750
1605200 750
1605210 751
1605220 751
1605230 751
1605240 751
1605250 751
1605260 752
1605270 752
1605280 752
1605290 752
1605300 752
1605310 753
1605320 753
1605330 753
1605340 753
1605350 754
1605360 754
1605370 754
1605380 755
1605390 756
1605400 756
1605410 756
1605420 757
1605430 757
1605440 757
1605450 757
1605460 757
1605470 757
1605480 757
1605490 757
1605500 755
1605510 752
1605520 752
1605530 748
1605540 743
1605550 739
1605560 739
1605570 733
1605580 727
1605590 727
1605600 721
1605610 714
1605620 714
1605630 708
1605640 706
1605650 706
1605660 700
1605670 695
1605680 690
1605690 690
1605700 684
1605710 679
1605720 679
1605730 673
1605740 667
1605750 667
1605760 662
1605770 656
1605780 656
1605790 652
1605800 647
1605810 647
1605820 642
1605830 638
1605840 633
1605850 633
1605860 630
1605870 627
1605880 627
1605890 624
1605900 621
1605910 621
1605920 618
1605930 614
1605940 614
1605950 609
1605960 604
1605970 604
1605980 599
1605990 594
1606000 589
1606010 589
1606020 586
1606030 584
1606040 584
1606050 581
1606060 579
1606070 579
1606080 577
1606090 576
1606100 576
1606110 573
1606120 569
1606130 569
1606140 565
1606150 560
1606160 557
1606170 557
1606180 553
1606190 551
1606200 551
1606210 549
1606220 547
1606230 547
1606240 545
1606250 542
1606260 542
1606270 539
1606280 536
1606290 536
1606300 533
1606310 531
1606320 529
1606330 529
1606340 525
1606350 521
1606360 521
1606370 518
1606380 515
1606390 515
1606400 513
1606410 511
1606420 511
1606430 509
1606440 508
1606450 507
1606460 507
1606470 506
1606480 505
1606490 505
1606500 504
1606510 502
1606520 502
1606530 502
1606540 501
1606550 501
1606560 500
1606570 499
1606580 499
1606590 499
1606600 499
1606610 499
1606620 499
1606630 499
1606640 499
1606650 499
1606660 500
1606670 502
1606680 504
1606690 506
1606700 507
1606710 507
1606720 507
1606730 506
1606740 506
1606750 506
1606760 508
1606770 510
1606780 510
1606790 513
1606800 517
1606810 517
1606820 521
1606830 525
1606840 525
1606850 529
1606860 532
1606870 532
1606880 533
1606890 534
1606900 534
1606910 535
1606920 536
1606930 537
1606940 537
1606950 539
1606960 540
1606970 540
1606980 542
1606990 543
1607000 543
1607010 545
1607020 546
1607030 546
1607040 548
1607050 550
1607060 550
1607070 551
1607080 552
1607090 553
1607100 553
1607110 553
1607120 553
1607130 553
1607140 553
1607150 554
1607160 554
1607170 554
1607180 555
1607190 555
1607200 555
1607210 556
1607220 556
1607230 556
1607240 556
1607250 556
1607260 556
1607270 556
1607280 557
1607290 557
1607300 557
1607310 557
1607320 557
1607330 557
1607340 557
1607350 557
1607360 557
1607370 558
1607380 558
1607390 558
1607400 558
1607410 558
1607420 558
1607430 559
1607440 559
1607450 559
1607460 560
1607470 561
1607480 561
1607490 562
1607500 563
1607510 563
1607520 563
1607530 563
1607540 563
1607550 563
1607560 564
1607570 565
1607580 565
1607590 567
1607600 568
1607610 568
1607620 569
1607630 570
1607640 570
1607650 571
1607660 571
1607670 571
1607680 572
1607690 573
1607700 575
1607710 575
1607720 577
1607730 579
1607740 579
1607750 581
1607760 583
1607770 583
1607780 586
1607790 590
1607800 590
1607810 595
1607820 598
1607830 598
1607840 598
1607850 604
1607860 609
1607870 609
1607880 613
1607890 617
1607900 617
1607910 620
1607920 622
1607930 622
1607940 626
1607950 630
1607960 630
1607970 633
1607980 636
1607990 639
1608000 639
1608010 643
1608020 647
1608030 647
1608040 651
1608050 656
1608060 656
1608070 663
1608080 670
1608090 670
1608100 673
1608110 675
1608120 675
1608130 676
1608140 675
1608150 676
1608160 676
1608170 679
1608180 680
1608190 680
1608200 679
1608210 679
1608220 679
1608230 680
1608240 680
1608250 680
1608260 681
1608270 683
1608280 683
1608290 686
1608300 691
1608310 694
1608320 694
1608330 695
1608340 694
1608350 694
1608360 694
1608370 696
1608380 696
1608390 700
1608400 702
1608410 702
1608420 703
1608430 703
1608440 703
1608450 703
1608460 703
1608470 704
1608480 704
1608490 706
1608500 708
1608510 708
1608520 710
1608530 712
1608540 712
1608550 715
1608560 718
1608570 718
1608580 721
1608590 723
1608600 723
1608610 726
1608620 728
1608630 729
1608640 729
1608650 729
1608660 728
1608670 728
1608680 728
1608690 728
1608700 728
1608710 728
1608720 727
1608730 727
1608740 724
1608750 722
1608760 719
1608770 719
1608780 719
1608790 719
1608800 719
1608810 719
1608820 720
1608830 720
1608840 721
1608850 721
1608860 721
1608870 722
1608880 725
1608890 725
1608900 729
1608910 732
1608920 736
1608930 736
1608940 739
1608950 743
1608960 743
1608970 747
1608980 751
1608990 751
1609000 753
1609010 755
1609020 755
1609030 755
1609040 750
1609050 750
1609060 744
1609070 738
1609080 734
1609090 734
1609100 731
1609110 727
1609120 727
1609130 721
1609140 714
1609150 714
1609160 707
1609170 704
1609180 704
1609190 704
1609200 706
1609210 706
1609220 710
1609230 712
1609240 712
1609250 712
1609260 710
1609270 707
1609280 707
1609290 705
1609300 701
1609310 701
1609320 696
1609330 690
1609340 690
1609350 685
1609360 679
1609370 679
1609380 674
1609390 670
1609400 667
1609410 667
1609420 664
1609430 661
1609440 661
1609450 657
1609460 654
1609470 654
1609480 651
1609490 649
1609500 649
1609510 649
1609520 649
1609530 649
1609540 649
1609550 649
1609560 649
1609570 649
1609580 650
1609590 650
1609600 650
1609610 650
1609620 649
1609630 649
1609640 646
1609650 645
1609660 645
1609670 645
1609680 644
1609690 642
1609700 642
1609710 640
1609720 636
1609730 636
1609740 631
1609750 627
1609760 627
1609770 623
1609780 619
1609790 619
1609800 616
1609810 613
1609820 613
1609830 611
1609840 611
1609850 614
1609860 614
1609870 617
1609880 620
1609890 620
1609900 623
1609910 626
1609920 626
1609930 628
1609940 630
1609950 630
1609960 634
1609970 637
1609980 637
1609990 638
1610000 639
1610010 641
1610020 641
1610030 644
1610040 645
1610050 645
1610060 644
1610070 645
1610080 645
1610090 646
1610100 647
1610110 647
1610120 646
1610130 645
1610140 645
1610150 641
1610160 639
1610170 638
1610180 638
1610190 637
1610200 636
1610210 636
1610220 635
1610230 634
1610240 634
1610250 633
1610260 632
1610270 632
1610280 631
1610290 631
1610300 630
1610310 630
1610320 629
1610330 627
1610340 627
1610350 627
1610360 626
1610370 626
1610380 624
1610390 623
1610400 623
1610410 620
1610420 618
1610430 618
1610440 616
1610450 615
1610460 613
1610470 613
1610480 612
1610490 613
1610500 613
1610510 615
1610520 618
1610530 618
1610540 622
1610550 627
1610560 627
1610570 634
1610580 641
1610590 641
1610600 648
1610610 654
1610620 660
1610630 660
1610640 663
1610650 663
1610660 663
1610670 661
1610680 660
1610690 660
1610700 660
1610710 660
1610720 656
1610730 656
1610740 657
1610750 657
1610760 662
1610770 668
1610780 673
1610790 673
1610800 678
1610810 684
1610820 684
1610830 690
1610840 697
1610850 697
1610860 705
1610870 710
1610880 710
1610890 715
1610900 718
1610910 718
1610920 721
1610930 722
1610940 723
1610950 723
1610960 723
1610970 723
1610980 723
1610990 722
1611000 722
1611010 722
1611020 724
1611030 728
1611040 728
1611050 733
1611060 735
1611070 736
1611080 736
1611090 736
1611100 737
1611110 737
1611120 739
1611130 740
1611140 740
1611150 740
1611160 739
1611170 739
1611180 738
1611190 736
1611200 736
1611210 735
1611220 734
1611230 734
1611240 734
1611250 734
1611260 735
1611270 735
1611280 735
1611290 734
1611300 734
1611310 733
1611320 730
1611330 730
1611340 729
1611350 728
1611360 728
1611370 725
1611380 719
1611390 713
1611400 713
1611410 709
1611420 706
1611430 706
1611440 701
1611450 697
1611460 697
1611470 693
1611480 689
1611490 689
1611500 690
1611510 695
1611520 695
1611530 698
1611540 701
1611550 704
1611560 704
1611570 707
1611580 708
1611590 708
1611600 709
1611610 709
1611620 709
1611630 710
1611640 711
1611650 711
1611660 712
1611670 713
1611680 713
1611690 712
1611700 711
1611710 710
1611720 710
1611730 709
1611740 708
1611750 708
1611760 707
1611770 707
1611780 707
1611790 706
1611800 705
1611810 705
1611820 704
1611830 704
1611840 704
1611850 704
1611860 703
1611870 703
1611880 703
1611890 704
1611900 704
1611910 704
1611920 705
1611930 705
1611940 705
1611950 707
1611960 708
1611970 708
1611980 709
1611990 711
1612000 713
1612010 713
1612020 717
1612030 718
1612040 718
1612050 719
1612060 719
1612070 719
1612080 719
1612090 717
1612100 717
1612110 715
1612120 714
1612130 714
1612140 713
1612150 713
1612160 712
1612170 712
1612180 711
1612190 708
1612200 708
1612210 706
1612220 705
1612230 705
1612240 705
1612250 704
1612260 704
1612270 704
1612280 704
1612290 704
1612300 704
1612310 703
1612320 703
1612330 703
1612340 703
1612350 703
1612360 703
1612370 703
1612380 702
1612390 702
1612400 702
1612410 702
1612420 702
1612430 702
1612440 702
1612450 702
1612460 703
1612470 703
1612480 703
1612490 703
1612500 704
1612510 705
1612520 705
1612530 707
1612540 708
1612550 708
1612560 708
1612570 708
1612580 708
1612590 708
1612600 707
1612610 706
1612620 706
1612630 706
1612640 704
1612650 704
1612660 703
1612670 702
1612680 702
1612690 701
1612700 701
1612710 701
1612720 700
1612730 702
1612740 702
1612750 705
1612760 707
1612770 709
1612780 709
1612790 710
1612800 712
1612810 712
1612820 714
1612830 717
1612840 717
1612850 720
1612860 724
1612870 724
1612880 728
1612890 732
1612900 732
1612910 737
1612920 740
1612930 741
1612940 741
1612950 742
1612960 741
1612970 741
1612980 740
1612990 741
1613000 741
1613010 744
1613020 747
1613030 747
1613040 750
1613050 752
1613060 752
1613070 752
1613080 749
1613090 711
1613100 711
1613110 627
1613120 586
1613130 586
1613140 572
1613150 565
1613160 565
1613170 558
1613180 551
1613190 551
1613200 544
1613210 538
1613220 538
1613230 531
1613240 525
1613250 519
1613260 519
1613270 512
1613280 505
1613290 505
1613300 499
1613310 493
1613320 493
1613330 487
1613340 481
1613350 481
1613360 476
1613370 471
1613380 471
1613390 469
1613400 465
1613410 462
1613420 462
1613430 460
1613440 458
1613450 458
1613460 456
1613470 454
1613480 454
1613490 453
1613500 451
1613510 451
1613520 450
1613530 451
1613540 450
1613550 450
1613560 441
1613570 434
1613580 434
1613590 427
1613600 423
1613610 423
1613620 420
1613630 416
1613640 416
1613650 411
1613660 405
1613670 405
1613680 403
1613690 399
1613700 395
1613710 395
1613720 394
1613730 394
1613740 394
1613750 394
1613760 394
1613770 394
1613780 394
1613790 393
1613800 393
1613810 391
1613820 390
1613830 390
1613840 390
1613850 390
1613860 390
1613870 390
1613880 390
1613890 390
1613900 390
1613910 390
1613920 390
1613930 390
1613940 390
1613950 391
1613960 391
1613970 393
1613980 395
1613990 395
1614000 395
1614010 395
1614020 395
1614030 395
1614040 395
1614050 395
1614060 395
1614070 394
1614080 394
1614090 394
1614100 394
1614110 395
1614120 395
1614130 394
1614140 395
1614150 395
1614160 395
1614170 395
1614180 395
1614190 395
1614200 394
1614210 394
1614220 394
1614230 394
1614240 394
1614250 394
1614260 394
1614270 395
1614280 395
1614290 395
1614300 395
1614310 395
1614320 395
1614330 394
1614340 394
1614350 394
1614360 393
1614370 394
1614380 394
1614390 394
1614400 394
1614410 394
1614420 394
1614430 394
1614440 394
1614450 394
1614460 394
1614470 394
1614480 394
1614490 394
1614500 394
1614510 394
1614520 394
1614530 394
1614540 394
1614550 394
1614560 394
1614570 394
1614580 394
1614590 394
1614600 394
1614610 394
1614620 394
1614630 394
1614640 394
1614650 394
1614660 394
1614670 394
1614680 394
1614690 394
1614700 394
1614710 394
1614720 394
1614730 394
1614740 394
1614750 394
1614760 394
1614770 393
1614780 393
1614790 393
1614800 393
1614810 393
1614820 393
1614830 393
1614840 393
1614850 393
1614860 393
1614870 393
1614880 394
1614890 394
1614900 394
1614910 394
1614920 394
1614930 394
1614940 394
1614950 394
1614960 394
1614970 393
1614980 393
1614990 393
1615000 393
1615010 394
1615020 394
1615030 394
1615040 394
1615050 394
1615060 394
1615070 394
1615080 394
1615090 394
1615100 393
1615110 394
1615120 394
1615130 394
1615140 394
1615150 394
1615160 396
1615170 398
1615180 398
1615190 398
1615200 397
1615210 397
1615220 397
1615230 397
1615240 398
1615250 398
1615260 398
1615270 401
1615280 401
1615290 403
1615300 404
1615310 404
1615320 404
1615330 404
1615340 404
1615350 404
1615360 404
1615370 404
1615380 404
1615390 404
1615400 404
1615410 404
1615420 404
1615430 404
1615440 404
1615450 404
1615460 404
1615470 404
1615480 404
1615490 404
1615500 404
1615510 404
1615520 404
1615530 404
1615540 404
1615550 404
1615560 404
1615570 404
1615580 405
1615590 405
1615600 406
1615610 405
1615620 404
1615630 404
1615640 404
1615650 404
1615660 404
1615670 404
1615680 404
1615690 404
1615700 404
1615710 404
1615720 404
1615730 404
1615740 404
1615750 404
1615760 404
1615770 404
1615780 404
1615790 404
1615800 404
1615810 404
1615820 404
1615830 404
1615840 404
1615850 404
1615860 404
1615870 404
1615880 405
1615890 405
1615900 405
1615910 405
1615920 405
1615930 406
1615940 409
1615950 409
1615960 413
1615970 418
1615980 418
1615990 420
1616000 422
1616010 424
1616020 424
1616030 428
1616040 431
1616050 431
1616060 432
1616070 432
1616080 432
1616090 432
1616100 433
1616110 433
1616120 433
1616130 433
1616140 433
1616150 433
1616160 434
1616170 435
1616180 435
1616190 436
1616200 436
1616210 436
1616220 435
1616230 435
1616240 435
1616250 432
1616260 429
1616270 429
1616280 428
1616290 428
1616300 428
1616310 428
1616320 429
1616330 433
1616340 433
1616350 437
1616360 440
1616370 440
1616380 443
1616390 444
1616400 444
1616410 447
1616420 450
1616430 450
1616440 451
1616450 451
1616460 451
1616470 453
1616480 454
1616490 455
1616500 455
1616510 457
1616520 459
1616530 459
1616540 460
1616550 461
1616560 461
1616570 461
1616580 461
1616590 461
1616600 461
1616610 462
1616620 462
1616630 462
1616640 462
1616650 462
1616660 462
1616670 462
1616680 462
1616690 462
1616700 462
1616710 462
1616720 462
1616730 463
1616740 463
1616750 463
1616760 464
1616770 465
1616780 466
1616790 466
1616800 467
1616810 468
1616820 468
1616830 469
1616840 470
1616850 470
1616860 472
1616870 475
1616880 475
1616890 477
1616900 480
1616910 480
1616920 482
1616930 484
1616940 486
1616950 486
1616960 488
1616970 490
1616980 490
1616990 492
1617000 494
1617010 494
1617020 496
1617030 498
1617040 498
1617050 500
1617060 503
1617070 503
1617080 506
1617090 508
1617100 511
1617110 511
1617120 513
1617130 516
1617140 516
1617150 520
1617160 524
1617170 524
1617180 528
1617190 534
1617200 534
1617210 540
1617220 546
1617230 546
1617240 551
1617250 558
1617260 565
1617270 565
1617280 572
1617290 579
1617300 579
1617310 587
1617320 595
1617330 595
1617340 603
1617350 611
1617360 611
1617370 618
1617380 625
1617390 630
1617400 630
1617410 633
1617420 636
1617430 636
1617440 638
1617450 638
1617460 638
1617470 638
1617480 639
1617490 639
1617500 638
1617510 637
1617520 637
1617530 637
1617540 637
1617550 637
1617560 637
1617570 637
1617580 637
1617590 637
1617600 636
1617610 634
1617620 634
1617630 635
1617640 636
1617650 636
1617660 637
1617670 638
1617680 638
1617690 639
1617700 640
1617710 641
1617720 641
1617730 641
1617740 639
1617750 639
1617760 638
1617770 637
1617780 637
1617790 636
1617800 636
1617810 636
1617820 634
1617830 632
1617840 632
1617850 630
1617860 626
1617870 624
1617880 624
1617890 622
1617900 621
1617910 621
1617920 620
1617930 619
1617940 619
1617950 620
1617960 621
1617970 621
1617980 621
1617990 618
1618000 618
1618010 615
1618020 612
1618030 610
1618040 610
1618050 608
1618060 607
1618070 607
1618080 605
1618090 606
1618100 606
1618110 607
1618120 607
1618130 607
1618140 608
1618150 609
1618160 610
1618170 610
1618180 613
1618190 614
1618200 614
1618210 614
1618220 614
1618230 614
1618240 614
1618250 611
1618260 611
1618270 608
1618280 605
1618290 605
1618300 601
1618310 598
1618320 593
1618330 593
1618340 588
1618350 584
1618360 584
1618370 578
1618380 572
1618390 572
1618400 566
1618410 561
1618420 561
1618430 556
1618440 554
1618450 555
1618460 551
1618470 548
1618480 544
1618490 544
1618500 540
1618510 535
1618520 535
1618530 531
1618540 528
1618550 528
1618560 524
1618570 522
1618580 522
1618590 519
1618600 517
1618610 517
1618620 516
1618630 516
1618640 516
1618650 516
1618660 515
1618670 514
1618680 514
1618690 514
1618700 514
1618710 514
1618720 514
1618730 514
1618740 514
1618750 514
1618760 514
1618770 514
1618780 513
1618790 513
1618800 513
1618810 513
1618820 514
1618830 514
1618840 514
1618850 515
1618860 515
1618870 515
1618880 515
1618890 514
1618900 514
1618910 513
1618920 512
1618930 512
1618940 512
1618950 511
1618960 511
1618970 511
1618980 510
1618990 509
1619000 509
1619010 509
1619020 508
1619030 508
1619040 506
1619050 505
1619060 505
1619070 505
1619080 504
1619090 504
1619100 504
1619110 503
1619120 504
1619130 504
1619140 505
1619150 505
1619160 505
1619170 506
1619180 508
1619190 508
1619200 509
1619210 510
1619220 510
1619230 510
1619240 510
1619250 512
1619260 512
1619270 512
1619280 512
1619290 512
1619300 512
1619310 513
1619320 513
1619330 513
1619340 513
1619350 513
1619360 514
1619370 514
1619380 514
1619390 514
1619400 514
1619410 514
1619420 514
1619430 515
1619440 515
1619450 515
1619460 516
1619470 517
1619480 517
1619490 519
1619500 520
1619510 520
1619520 521
1619530 522
1619540 522
1619550 522
1619560 523
1619570 523
1619580 523
1619590 524
1619600 525
1619610 525
1619620 526
1619630 527
1619640 527
1619650 528
1619660 528
1619670 528
1619680 528
1619690 527
1619700 527
1619710 527
1619720 528
1619730 528
1619740 528
1619750 529
1619760 529
1619770 529
1619780 530
1619790 530
1619800 530
1619810 531
1619820 531
1619830 531
1619840 532
1619850 532
1619860 531
1619870 531
1619880 530
1619890 529
1619900 529
1619910 529
1619920 528
1619930 528
1619940 527
1619950 526
1619960 526
1619970 525
1619980 524
1619990 524
