1600000 568
1600010 568
1600020 569
1600030 570
1600040 570
1600050 571
1600060 572
1600070 572
1600080 575
1600090 577
1600100 577
1600110 580
1600120 583
1600130 585
1600140 585
1600150 586
1600160 590
1600170 590
1600180 594
1600190 598
1600200 598
1600210 604
1600220 610
1600230 610
1600240 620
1600250 622
1600260 622
1600270 620
1600280 616
1600290 623
1600300 623
1600310 630
1600320 621
1600330 621
1600340 616
1600350 617
1600360 617
1600370 620
1600380 615
1600390 615
1600400 615
1600410 625
1600420 625
1600430 634
1600440 640
1600450 642
1600460 642
1600470 640
1600480 639
1600490 639
1600500 643
1600510 642
1600520 642
1600530 639
1600540 640
1600550 640
1600560 639
1600570 645
1600580 645
1600590 652
1600600 652
1600610 650
1600620 650
1600630 653
1600640 653
1600650 653
1600660 650
1600670 647
1600680 647
1600690 649
1600700 653
1600710 653
1600720 661
1600730 675
1600740 675
1600750 679
1600760 680
1600770 681
1600780 681
1600790 681
1600800 680
1600810 680
1600820 676
1600830 676
1600840 676
1600850 676
1600860 677
1600870 677
1600880 679
1600890 681
1600900 681
1600910 682
1600920 682
1600930 682
1600940 682
1600950 683
1600960 683
1600970 683
1600980 683
1600990 683
1601000 683
1601010 684
1601020 685
1601030 685
1601040 685
1601050 685
1601060 684
1601070 684
1601080 682
1601090 682
1601100 682
1601110 681
1601120 678
1601130 678
1601140 677
1601150 679
1601160 679
1601170 679
1601180 678
1601190 678
1601200 677
1601210 677
1601220 677
1601230 677
1601240 677
1601250 677
1601260 677
1601270 678
1601280 678
1601290 678
1601300 679
1601310 679
1601320 679
1601330 682
1601340 684
1601350 684
1601360 685
1601370 687
1601380 688
1601390 688
1601400 690
1601410 691
1601420 691
1601430 692
1601440 695
1601450 695
1601460 695
1601470 694
1601480 694
1601490 690
1601500 684
1601510 684
1601520 677
1601530 672
1601540 669
1601550 669
1601560 666
1601570 665
1601580 665
1601590 664
1601600 664
1601610 664
1601620 664
1601630 665
1601640 665
1601650 666
1601660 667
1601670 667
1601680 668
1601690 669
1601700 670
1601710 670
1601720 672
1601730 673
1601740 673
1601750 674
1601760 674
1601770 674
1601780 675
1601790 677
1601800 677
1601810 678
1601820 680
1601830 680
1601840 682
1601850 685
1601860 687
1601870 687
1601880 689
1601890 689
1601900 689
1601910 692
1601920 694
1601930 694
1601940 696
1601950 695
1601960 695
1601970 695
1601980 696
1601990 696
1602000 698
1602010 697
1602020 696
1602030 696
1602040 699
1602050 703
1602060 703
1602070 706
1602080 708
1602090 708
1602100 708
1602110 707
1602120 707
1602130 708
1602140 707
1602150 703
1602160 703
1602170 698
1602180 695
1602190 695
1602200 694
1602210 694
1602220 694
1602230 696
1602240 699
1602250 699
1602260 701
1602270 704
1602280 704
1602290 706
1602300 708
1602310 709
1602320 709
1602330 708
1602340 706
1602350 706
1602360 705
1602370 704
1602380 704
1602390 702
1602400 697
1602410 697
1602420 690
1602430 683
1602440 683
1602450 677
1602460 672
1602470 668
1602480 668
1602490 662
1602500 658
1602510 658
1602520 653
1602530 649
1602540 649
1602550 645
1602560 640
1602570 640
1602580 632
1602590 624
1602600 624
1602610 618
1602620 613
1602630 608
1602640 608
1602650 604
1602660 598
1602670 598
1602680 593
1602690 589
1602700 589
1602710 586
1602720 583
1602730 583
1602740 577
1602750 568
1602760 568
1602770 564
1602780 572
1602790 577
1602800 577
1602810 577
1602820 575
1602830 575
1602840 576
1602850 576
1602860 576
1602870 574
1602880 577
1602890 577
1602900 583
1602910 587
1602920 587
1602930 592
1602940 597
1602950 601
1602960 599
1602970 604
1602980 604
1602990 604
1603000 605
1603010 607
1603020 607
1603030 610
1603040 611
1603050 611
1603060 610
1603070 609
1603080 608
1603090 608
1603100 608
1603110 606
1603120 606
1603130 600
1603140 594
1603150 594
1603160 599
1603170 602
1603180 602
1603190 604
1603200 604
1603210 604
1603220 604
1603230 602
1603240 600
1603250 600
1603260 596
1603270 591
1603280 591
1603290 596
1603300 602
1603310 602
1603320 602
1603330 602
1603340 602
1603350 600
1603360 603
1603370 603
1603380 601
1603390 596
1603400 588
1603410 588
1603420 587
1603430 592
1603440 592
1603450 592
1603460 589
1603470 589
1603480 586
1603490 582
1603500 582
1603510 579
1603520 582
1603530 582
1603540 587
1603550 591
1603560 593
1603570 593
1603580 592
1603590 588
1603600 588
1603610 582
1603620 573
1603630 573
1603640 563
1603650 557
1603660 557
1603670 554
1603680 555
1603690 555
1603700 556
1603710 557
1603720 557
1603730 557
1603740 557
1603750 557
1603760 557
1603770 558
1603780 560
1603790 560
1603800 562
1603810 563
1603820 563
1603830 564
1603840 568
1603850 568
1603860 569
1603870 571
1603880 574
1603890 574
1603900 575
1603910 576
1603920 576
1603930 580
1603940 585
1603950 585
1603960 587
1603970 588
1603980 588
1603990 590
1604000 591
1604010 591
1604020 586
1604030 588
1604040 591
1604050 591
1604060 593
1604070 595
1604080 595
1604090 598
1604100 601
1604110 601
1604120 605
1604130 609
1604140 609
1604150 614
1604160 619
1604170 623
1604180 623
1604190 627
1604200 630
1604210 630
1604220 634
1604230 637
1604240 637
1604250 638
1604260 640
1604270 640
1604280 642
1604290 643
1604300 643
1604310 644
1604320 644
1604330 643
1604340 643
1604350 643
1604360 642
1604370 642
1604380 642
1604390 643
1604400 643
1604410 643
1604420 645
1604430 645
1604440 646
1604450 646
1604460 646
1604470 645
1604480 643
1604490 639
1604500 639
1604510 635
1604520 633
1604530 633
1604540 631
1604550 629
1604560 629
1604570 626
1604580 624
1604590 624
1604600 622
1604610 620
1604620 620
1604630 619
1604640 617
1604650 615
1604660 615
1604670 611
1604680 609
1604690 609
1604700 606
1604710 601
1604720 601
1604730 597
1604740 595
1604750 595
1604760 593
1604770 590
1604780 590
1604790 588
1604800 586
1604810 586
1604820 586
1604830 585
1604840 586
1604850 586
1604860 586
1604870 587
1604880 587
1604890 585
1604900 581
1604910 581
1604920 576
1604930 571
1604940 571
1604950 563
1604960 554
1604970 548
1604980 548
1604990 547
1605000 551
1605010 551
1605020 556
1605030 559
1605040 559
1605050 562
1605060 565
1605070 565
1605080 567
1605090 569
1605100 572
1605110 572
1605120 574
1605130 576
1605140 576
1605150 577
1605160 576
1605170 576
1605180 577
1605190 577
1605200 577
1605210 577
1605220 578
1605230 578
1605240 578
1605250 579
1605260 578
1605270 578
1605280 577
1605290 578
1605300 578
1605310 580
1605320 580
1605330 580
1605340 581
1605350 582
1605360 582
1605370 585
1605380 586
1605390 586
1605400 588
1605410 589
1605420 592
1605430 592
1605440 595
1605450 598
1605460 598
1605470 601
1605480 604
1605490 604
1605500 606
1605510 609
1605520 609
1605530 611
1605540 614
1605550 614
1605560 615
1605570 619
1605580 625
1605590 625
1605600 631
1605610 637
1605620 637
1605630 642
1605640 645
1605650 645
1605660 648
1605670 650
1605680 650
1605690 651
1605700 650
1605710 650
1605720 648
1605730 644
1605740 641
1605750 641
1605760 638
1605770 636
1605780 636
1605790 635
1605800 633
1605810 633
1605820 631
1605830 629
1605840 629
1605850 626
1605860 624
1605870 624
1605880 621
1605890 618
1605900 614
1605910 614
1605920 613
1605930 611
1605940 611
1605950 610
1605960 609
1605970 609
1605980 608
1605990 604
1606000 604
1606010 602
1606020 606
1606030 611
1606040 611
1606050 617
1606060 623
1606070 623
1606080 629
1606090 636
1606100 636
1606110 642
1606120 646
1606130 646
1606140 650
1606150 657
1606160 657
1606170 664
1606180 673
1606190 679
1606200 679
1606210 682
1606220 685
1606230 685
1606240 687
1606250 688
1606260 688
1606270 689
1606280 688
1606290 688
1606300 687
1606310 681
1606320 681
1606330 663
1606340 646
1606350 630
1606360 630
1606370 615
1606380 605
1606390 605
1606400 597
1606410 589
1606420 589
1606430 580
1606440 572
1606450 572
1606460 564
1606470 555
1606480 555
1606490 547
1606500 538
1606510 531
1606520 531
1606530 524
1606540 516
1606550 516
1606560 510
1606570 503
1606580 503
1606590 495
1606600 489
1606610 489
1606620 483
1606630 476
1606640 476
1606650 471
1606660 466
1606670 463
1606680 463
1606690 459
1606700 456
1606710 456
1606720 454
1606730 453
1606740 453
1606750 452
1606760 450
1606770 450
1606780 450
1606790 450
1606800 450
1606810 449
1606820 449
1606830 449
1606840 449
1606850 448
1606860 446
1606870 446
1606880 444
1606890 443
1606900 443
1606910 442
1606920 443
1606930 443
1606940 443
1606950 443
1606960 443
1606970 442
1606980 440
1606990 440
1607000 440
1607010 439
1607020 434
1607030 434
1607040 428
1607050 425
1607060 425
1607070 424
1607080 422
1607090 422
1607100 421
1607110 420
1607120 420
1607130 420
1607140 419
1607150 419
1607160 419
1607170 419
1607180 420
1607190 420
1607200 421
1607210 422
1607220 422
1607230 422
1607240 423
1607250 423
1607260 423
1607270 424
1607280 426
1607290 426
1607300 427
1607310 428
1607320 428
1607330 429
1607340 430
1607350 430
1607360 429
1607370 430
1607380 430
1607390 434
1607400 435
1607410 435
1607420 437
1607430 440
1607440 443
1607450 443
1607460 445
1607470 447
1607480 447
1607490 448
1607500 450
1607510 450
1607520 452
1607530 454
1607540 454
1607550 456
1607560 457
1607570 457
1607580 460
1607590 462
1607600 464
1607610 464
1607620 467
1607630 469
1607640 469
1607650 471
1607660 473
1607670 473
1607680 475
1607690 477
1607700 477
1607710 480
1607720 483
1607730 483
1607740 487
1607750 494
1607760 499
1607770 499
1607780 502
1607790 503
1607800 503
1607810 503
1607820 504
1607830 504
1607840 507
1607850 513
1607860 513
1607870 518
1607880 522
1607890 522
1607900 524
1607910 525
1607920 528
1607930 528
1607940 531
1607950 536
1607960 536
1607970 543
1607980 550
1607990 550
1608000 555
1608010 561
1608020 561
1608030 568
1608040 575
1608050 583
1608060 583
1608070 591
1608080 597
1608090 597
1608100 603
1608110 609
1608120 609
1608130 614
1608140 619
1608150 620
1608160 625
1608170 629
1608180 629
1608190 635
1608200 642
1608210 649
1608220 649
1608230 656
1608240 663
1608250 663
1608260 669
1608270 676
1608280 676
1608290 683
1608300 689
1608310 689
1608320 693
1608330 697
1608340 697
1608350 702
1608360 707
1608370 713
1608380 713
1608390 718
1608400 722
1608410 722
1608420 725
1608430 726
1608440 726
1608450 725
1608460 725
1608470 725
1608480 726
1608490 727
1608500 727
1608510 728
1608520 727
1608530 724
1608540 724
1608550 720
1608560 716
1608570 716
1608580 717
1608590 717
1608600 717
1608610 715
1608620 712
1608630 712
1608640 710
1608650 707
1608660 707
1608670 704
1608680 697
1608690 692
1608700 692
1608710 689
1608720 686
1608730 686
1608740 686
1608750 686
1608760 686
1608770 685
1608780 684
1608790 684
1608800 682
1608810 681
1608820 681
1608830 679
1608840 677
1608850 674
1608860 674
1608870 672
1608880 670
1608890 670
1608900 669
1608910 668
1608920 668
1608930 667
1608940 662
1608950 662
1608960 649
1608970 641
1608980 641
1608990 635
1609000 632
1609010 630
1609020 630
1609030 629
1609040 628
1609050 628
1609060 628
1609070 627
1609080 627
1609090 627
1609100 626
1609110 626
1609120 626
1609130 626
1609140 626
1609150 626
1609160 626
1609170 626
1609180 626
1609190 627
1609200 628
1609210 628
1609220 628
1609230 629
1609240 629
1609250 630
1609260 630
1609270 630
1609280 629
1609290 628
1609300 628
1609310 628
1609320 628
1609330 629
1609340 629
1609350 630
1609360 631
1609370 631
1609380 632
1609390 633
1609400 633
1609410 635
1609420 637
1609430 637
1609440 639
1609450 641
1609460 641
1609470 641
1609480 642
1609490 643
1609500 643
1609510 642
1609520 641
1609530 641
1609540 640
1609550 639
1609560 639
1609570 638
1609580 636
1609590 636
1609600 634
1609610 633
1609620 632
1609630 632
1609640 632
1609650 632
1609660 632
1609670 631
1609680 630
1609690 630
1609700 629
1609710 629
1609720 629
1609730 630
1609740 632
1609750 632
1609760 634
1609770 636
1609780 639
1609790 639
1609800 642
1609810 646
1609820 646
1609830 649
1609840 653
1609850 653
1609860 657
1609870 660
1609880 660
1609890 664
1609900 668
1609910 668
1609920 671
1609930 673
1609940 675
1609950 675
1609960 677
1609970 679
1609980 679
1609990 681
1610000 684
1610010 684
1610020 685
1610030 685
1610040 685
1610050 684
1610060 682
1610070 680
1610080 680
1610090 681
1610100 681
1610110 681
1610120 679
1610130 676
1610140 676
1610150 673
1610160 671
1610170 671
1610180 669
1610190 670
1610200 670
1610210 671
1610220 672
1610230 673
1610240 673
1610250 673
1610260 672
1610270 672
1610280 667
1610290 662
1610300 662
1610310 659
1610320 657
1610330 657
1610340 657
1610350 657
1610360 657
1610370 656
1610380 656
1610390 656
1610400 656
1610410 656
1610420 656
1610430 656
1610440 657
1610450 659
1610460 659
1610470 661
1610480 665
1610490 665
1610500 669
1610510 672
1610520 672
1610530 674
1610540 675
1610550 675
1610560 675
1610570 676
1610580 678
1610590 678
1610600 681
1610610 685
1610620 685
1610630 689
1610640 694
1610650 694
1610660 697
1610670 702
1610680 702
1610690 707
1610700 710
1610710 711
1610720 711
1610730 711
1610740 709
1610750 709
1610760 707
1610770 706
1610780 706
1610790 704
1610800 699
1610810 699
1610820 694
1610830 688
1610840 688
1610850 684
1610860 682
1610870 680
1610880 680
1610890 678
1610900 676
1610910 676
1610920 675
1610930 674
1610940 674
1610950 669
1610960 665
1610970 665
1610980 663
1610990 662
1611000 665
1611010 665
1611020 668
1611030 667
1611040 667
1611050 661
1611060 653
1611070 653
1611080 645
1611090 638
1611100 638
1611110 633
1611120 628
1611130 628
1611140 624
1611150 621
1611160 625
1611170 625
1611180 625
1611190 625
1611200 625
1611210 622
1611220 620
1611230 620
1611240 620
1611250 622
1611260 622
1611270 623
1611280 622
1611290 622
1611300 619
1611310 616
1611320 602
1611330 602
1611340 593
1611350 588
1611360 588
1611370 582
1611380 576
1611390 576
1611400 571
1611410 567
1611420 567
1611430 562
1611440 557
1611450 557
1611460 553
1611470 549
1611480 544
1611490 544
1611500 538
1611510 534
1611520 534
1611530 534
1611540 533
1611550 533
1611560 528
1611570 525
1611580 525
1611590 522
1611600 520
1611610 520
1611620 508
1611630 501
1611640 506
1611650 506
1611660 515
1611670 524
1611680 524
1611690 530
1611700 535
1611710 535
1611720 541
1611730 544
1611740 544
1611750 544
1611760 543
1611770 543
1611780 541
1611790 540
1611800 538
1611810 538
1611820 536
1611830 534
1611840 534
1611850 533
1611860 531
1611870 531
1611880 529
1611890 527
1611900 527
1611910 525
1611920 522
1611930 522
1611940 516
1611950 516
1611960 521
1611970 521
1611980 522
1611990 522
1612000 522
1612010 521
1612020 522
1612030 522
1612040 520
1612050 519
1612060 519
1612070 520
1612080 520
1612090 523
1612100 523
1612110 524
1612120 526
1612130 526
1612140 529
1612150 525
1612160 525
1612170 527
1612180 532
1612190 532
1612200 534
1612210 539
1612220 539
1612230 542
1612240 544
1612250 548
1612260 548
1612270 551
1612280 554
1612290 554
1612300 557
1612310 561
1612320 561
1612330 564
1612340 566
1612350 566
1612360 568
1612370 570
1612380 570
1612390 572
1612400 573
1612410 576
1612420 576
1612430 579
1612440 583
1612450 583
1612460 588
1612470 593
1612480 593
1612490 599
1612500 605
1612510 605
1612520 611
1612530 616
1612540 616
1612550 621
1612560 624
1612570 619
1612580 619
1612590 599
1612600 583
1612610 583
1612620 577
1612630 572
1612640 572
1612650 568
1612660 564
1612670 564
1612680 559
1612690 556
1612700 556
1612710 554
1612720 550
1612730 547
1612740 547
1612750 544
1612760 541
1612770 541
1612780 538
1612790 534
1612800 534
1612810 531
1612820 527
1612830 527
1612840 524
1612850 521
1612860 521
1612870 519
1612880 515
1612890 512
1612900 512
1612910 508
1612920 504
1612930 504
1612940 500
1612950 496
1612960 496
1612970 492
1612980 488
1612990 488
1613000 483
1613010 481
1613020 477
1613030 477
1613040 472
1613050 469
1613060 469
1613070 466
1613080 462
1613090 462
1613100 458
1613110 453
1613120 453
1613130 446
1613140 444
1613150 444
1613160 442
1613170 442
1613180 441
1613190 441
1613200 440
1613210 439
1613220 439
1613230 438
1613240 435
1613250 435
1613260 432
1613270 429
1613280 429
1613290 427
1613300 425
1613310 425
1613320 423
1613330 422
1613340 420
1613350 420
1613360 420
1613370 419
1613380 419
1613390 419
1613400 418
1613410 418
1613420 417
1613430 417
1613440 417
1613450 417
1613460 417
1613470 417
1613480 416
1613490 416
1613500 416
1613510 416
1613520 416
1613530 416
1613540 416
1613550 416
1613560 416
1613570 416
1613580 415
1613590 414
1613600 414
1613610 413
1613620 412
1613630 412
1613640 412
1613650 410
1613660 409
1613670 409
1613680 408
1613690 407
1613700 407
1613710 406
1613720 406
1613730 406
1613740 406
1613750 405
1613760 405
1613770 405
1613780 405
1613790 405
1613800 404
1613810 404
1613820 402
1613830 402
1613840 401
1613850 400
1613860 400
1613870 397
1613880 394
1613890 394
1613900 394
1613910 394
1613920 394
1613930 394
1613940 393
1613950 393
1613960 393
1613970 393
1613980 393
1613990 393
1614000 393
1614010 393
1614020 393
1614030 393
1614040 393
1614050 393
1614060 392
1614070 392
1614080 392
1614090 392
1614100 392
1614110 392
1614120 392
1614130 392
1614140 392
1614150 392
1614160 392
1614170 392
1614180 392
1614190 392
1614200 392
1614210 392
1614220 392
1614230 393
1614240 393
1614250 393
1614260 393
1614270 393
1614280 393
1614290 393
1614300 393
1614310 393
1614320 393
1614330 392
1614340 392
1614350 392
1614360 392
1614370 392
1614380 392
1614390 392
1614400 392
1614410 392
1614420 392
1614430 392
1614440 392
1614450 392
1614460 392
1614470 392
1614480 392
1614490 392
1614500 392
1614510 392
1614520 392
1614530 392
1614540 393
1614550 392
1614560 392
1614570 392
1614580 392
1614590 392
1614600 392
1614610 392
1614620 392
1614630 392
1614640 392
1614650 392
1614660 392
1614670 392
1614680 392
1614690 392
1614700 392
1614710 392
1614720 392
1614730 392
1614740 392
1614750 392
1614760 392
1614770 392
1614780 393
1614790 393
1614800 393
1614810 393
1614820 393
1614830 393
1614840 392
1614850 392
1614860 393
1614870 393
1614880 393
1614890 393
1614900 393
1614910 393
1614920 393
1614930 393
1614940 393
1614950 393
1614960 393
1614970 393
1614980 393
1614990 393
1615000 393
1615010 393
1615020 393
1615030 392
1615040 392
1615050 392
1615060 392
1615070 393
1615080 393
1615090 393
1615100 393
1615110 393
1615120 392
1615130 392
1615140 392
1615150 392
1615160 393
1615170 393
1615180 393
1615190 392
1615200 393
1615210 393
1615220 393
1615230 392
1615240 392
1615250 393
1615260 393
1615270 393
1615280 393
1615290 393
1615300 393
1615310 393
1615320 393
1615330 393
1615340 393
1615350 392
1615360 392
1615370 392
1615380 392
1615390 391
1615400 391
1615410 390
1615420 390
1615430 390
1615440 390
1615450 390
1615460 390
1615470 390
1615480 390
1615490 390
1615500 390
1615510 390
1615520 390
1615530 390
1615540 390
1615550 390
1615560 390
1615570 390
1615580 390
1615590 390
1615600 390
1615610 390
1615620 390
1615630 392
1615640 393
1615650 393
1615660 393
1615670 392
1615680 392
1615690 392
1615700 392
1615710 392
1615720 392
1615730 392
1615740 392
1615750 392
1615760 392
1615770 392
1615780 392
1615790 392
1615800 392
1615810 392
1615820 392
1615830 392
1615840 392
1615850 392
1615860 392
1615870 392
1615880 392
1615890 392
1615900 392
1615910 392
1615920 392
1615930 392
1615940 392
1615950 392
1615960 392
1615970 392
1615980 392
1615990 391
1616000 391
1616010 391
1616020 391
1616030 391
1616040 391
1616050 391
1616060 391
1616070 391
1616080 391
1616090 392
1616100 392
1616110 392
1616120 392
1616130 392
1616140 392
1616150 392
1616160 392
1616170 392
1616180 392
1616190 392
1616200 392
1616210 391
1616220 391
1616230 391
1616240 391
1616250 391
1616260 391
1616270 391
1616280 391
1616290 392
1616300 392
1616310 392
1616320 392
1616330 392
1616340 391
1616350 391
1616360 391
1616370 391
1616380 391
1616390 391
1616400 392
1616410 391
1616420 391
1616430 391
1616440 391
1616450 391
1616460 391
1616470 391
1616480 391
1616490 391
1616500 391
1616510 391
1616520 391
1616530 391
1616540 391
1616550 391
1616560 391
1616570 391
1616580 391
1616590 391
1616600 391
1616610 391
1616620 391
1616630 391
1616640 391
1616650 391
1616660 391
1616670 391
1616680 391
1616690 391
1616700 391
1616710 391
1616720 391
1616730 391
1616740 391
1616750 391
1616760 391
1616770 391
1616780 391
1616790 391
1616800 390
1616810 390
1616820 390
1616830 390
1616840 390
1616850 391
1616860 394
1616870 394
1616880 397
1616890 401
1616900 401
1616910 408
1616920 413
1616930 415
1616940 415
1616950 416
1616960 416
1616970 416
1616980 417
1616990 418
1617000 418
1617010 419
1617020 421
1617030 421
1617040 424
1617050 427
1617060 429
1617070 429
1617080 430
1617090 431
1617100 431
1617110 431
1617120 432
1617130 432
1617140 432
1617150 432
1617160 432
1617170 433
1617180 432
1617190 432
1617200 432
1617210 432
1617220 432
1617230 432
1617240 432
1617250 432
1617260 432
1617270 432
1617280 434
1617290 434
1617300 436
1617310 437
1617320 437
1617330 437
1617340 438
1617350 438
1617360 439
1617370 439
1617380 440
1617390 440
1617400 441
1617410 443
1617420 443
1617430 445
1617440 446
1617450 446
1617460 448
1617470 450
1617480 450
1617490 454
1617500 457
1617510 457
1617520 459
1617530 461
1617540 463
1617550 463
1617560 466
1617570 470
1617580 470
1617590 474
1617600 478
1617610 478
1617620 483
1617630 488
1617640 488
1617650 494
1617660 500
1617670 500
1617680 506
1617690 512
1617700 519
1617710 519
1617720 527
1617730 534
1617740 534
1617750 541
1617760 550
1617770 550
1617780 561
1617790 573
1617800 573
1617810 583
1617820 593
1617830 593
1617840 602
1617850 609
1617860 616
1617870 616
1617880 621
1617890 626
1617900 626
1617910 630
1617920 631
1617930 632
1617940 631
1617950 627
1617960 627
1617970 623
1617980 619
1617990 619
1618000 616
1618010 614
1618020 609
1618030 609
1618040 604
1618050 599
1618060 599
1618070 597
1618080 595
1618090 595
1618100 592
1618110 589
1618120 589
1618130 587
1618140 586
1618150 586
1618160 586
1618170 588
1618180 590
1618190 590
1618200 592
1618210 595
1618220 595
1618230 598
1618240 600
1618250 600
1618260 602
1618270 603
1618280 603
1618290 602
1618300 600
1618310 598
1618320 598
1618330 597
1618340 597
1618350 597
1618360 598
1618370 597
1618380 597
1618390 596
1618400 595
1618410 595
1618420 595
1618430 594
1618440 594
1618450 594
1618460 594
1618470 595
1618480 595
1618490 596
1618500 597
1618510 597
1618520 598
1618530 598
1618540 598
1618550 598
1618560 594
1618570 594
1618580 589
1618590 585
1618600 585
1618610 583
1618620 581
1618630 580
1618640 580
1618650 580
1618660 579
1618670 579
1618680 579
1618690 578
1618700 578
1618710 577
1618720 577
1618730 577
1618740 576
1618750 576
1618760 576
1618770 576
1618780 577
1618790 578
1618800 578
1618810 579
1618820 580
1618830 580
1618840 582
1618850 584
1618860 584
1618870 582
1618880 584
1618890 584
1618900 585
1618910 586
1618920 586
1618930 587
1618940 587
1618950 587
1618960 587
1618970 588
1618980 591
1618990 591
1619000 594
1619010 596
1619020 596
1619030 596
1619040 596
1619050 596
1619060 596
1619070 596
1619080 594
1619090 594
1619100 591
1619110 589
1619120 589
1619130 588
1619140 588
1619150 588
1619160 588
1619170 588
1619180 588
1619190 588
1619200 587
1619210 587
1619220 585
1619230 581
1619240 574
1619250 574
1619260 564
1619270 555
1619280 555
1619290 549
1619300 542
1619310 542
1619320 536
1619330 530
1619340 530
1619350 525
1619360 520
1619370 520
1619380 516
1619390 512
1619400 508
1619410 508
1619420 506
1619430 502
1619440 502
1619450 498
1619460 495
1619470 495
1619480 494
1619490 491
1619500 491
1619510 489
1619520 486
1619530 486
1619540 484
1619550 483
1619560 482
1619570 482
1619580 481
1619590 481
1619600 481
1619610 480
1619620 478
1619630 478
1619640 478
1619650 476
1619660 476
1619670 476
1619680 477
1619690 477
1619700 480
1619710 484
1619720 487
1619730 487
1619740 489
1619750 489
1619760 489
1619770 487
1619780 483
1619790 483
1619800 476
1619810 475
1619820 475
1619830 474
1619840 473
1619850 473
1619860 473
1619870 473
1619880 473
1619890 473
1619900 473
1619910 473
1619920 473
1619930 473
1619940 474
1619950 474
1619960 475
1619970 475
1619980 475
1619990 476
