1600000 502
1600010 503
1600020 504
1600030 504
1600040 506
1600050 507
1600060 507
1600070 507
1600080 507
1600090 508
1600100 508
1600110 510
1600120 511
1600130 511
1600140 514
1600150 516
1600160 516
1600170 517
1600180 518
1600190 518
1600200 518
1600210 520
1600220 521
1600230 521
1600240 522
1600250 523
1600260 523
1600270 526
1600280 529
1600290 529
1600300 530
1600310 531
1600320 531
1600330 532
1600340 532
1600350 532
1600360 532
1600370 531
1600380 534
1600390 534
1600400 537
1600410 538
1600420 538
1600430 538
1600440 538
1600450 538
1600460 539
1600470 541
1600480 541
1600490 543
1600500 545
1600510 539
1600520 539
1600530 540
1600540 542
1600550 542
1600560 544
1600570 545
1600580 545
1600590 547
1600600 549
1600610 549
1600620 550
1600630 552
1600640 552
1600650 554
1600660 556
1600670 557
1600680 557
1600690 558
1600700 558
1600710 558
1600720 559
1600730 562
1600740 562
1600750 565
1600760 567
1600770 567
1600780 569
1600790 571
1600800 571
1600810 574
1600820 578
1600830 581
1600840 581
1600850 585
1600860 587
1600870 587
1600880 590
1600890 599
1600900 599
1600910 608
1600920 616
1600930 616
1600940 621
1600950 619
1600960 619
1600970 614
1600980 612
1600990 617
1601000 617
1601010 627
1601020 639
1601030 639
1601040 640
1601050 642
1601060 642
1601070 644
1601080 644
1601090 644
1601100 637
1601110 632
1601120 632
1601130 638
1601140 644
1601150 641
1601160 641
1601170 650
1601180 657
1601190 657
1601200 662
1601210 666
1601220 666
1601230 672
1601240 676
1601250 676
1601260 681
1601270 687
1601280 692
1601290 692
1601300 696
1601310 699
1601320 699
1601330 699
1601340 699
1601350 699
1601360 699
1601370 700
1601380 700
1601390 699
1601400 700
1601410 700
1601420 701
1601430 701
1601440 697
1601450 697
1601460 691
1601470 688
1601480 688
1601490 684
1601500 674
1601510 674
1601520 665
1601530 661
1601540 661
1601550 662
1601560 663
1601570 663
1601580 657
1601590 651
1601600 646
1601610 646
1601620 640
1601630 636
1601640 636
1601650 635
1601660 635
1601670 635
1601680 637
1601690 640
1601700 640
1601710 643
1601720 645
1601730 645
1601740 649
1601750 651
1601760 655
1601770 655
1601780 659
1601790 662
1601800 662
1601810 666
1601820 671
1601830 671
1601840 675
1601850 682
1601860 682
1601870 688
1601880 694
1601890 694
1601900 698
1601910 699
1601920 699
1601930 699
1601940 700
1601950 703
1601960 703
1601970 707
1601980 709
1601990 709
1602000 709
1602010 708
1602020 708
1602030 706
1602040 704
1602050 704
1602060 703
1602070 704
1602080 705
1602090 705
1602100 706
1602110 704
1602120 704
1602130 701
1602140 697
1602150 697
1602160 695
1602170 694
1602180 694
1602190 692
1602200 687
1602210 687
1602220 678
1602230 670
1602240 669
1602250 669
1602260 672
1602270 675
1602280 675
1602290 678
1602300 683
1602310 683
1602320 687
1602330 691
1602340 691
1602350 693
1602360 694
1602370 692
1602380 692
1602390 687
1602400 682
1602410 682
1602420 677
1602430 674
1602440 674
1602450 672
1602460 669
1602470 669
1602480 663
1602490 658
1602500 658
1602510 653
1602520 652
1602530 654
1602540 654
1602550 651
1602560 643
1602570 643
1602580 638
1602590 632
1602600 632
1602610 627
1602620 624
1602630 624
1602640 620
1602650 615
1602660 615
1602670 613
1602680 612
1602690 614
1602700 614
1602710 614
1602720 612
1602730 612
1602740 607
1602750 601
1602760 601
1602770 595
1602780 590
1602790 590
1602800 583
1602810 577
1602820 577
1602830 572
1602840 563
1602850 551
1602860 551
1602870 558
1602880 566
1602890 566
1602900 573
1602910 580
1602920 580
1602930 587
1602940 592
1602950 592
1602960 594
1602970 593
1602980 593
1602990 591
1603000 589
1603010 588
1603020 588
1603030 590
1603040 590
1603050 590
1603060 590
1603070 589
1603080 589
1603090 587
1603100 584
1603110 584
1603120 585
1603130 586
1603140 586
1603150 585
1603160 583
1603170 583
1603180 583
1603190 580
1603200 577
1603210 577
1603220 578
1603230 580
1603240 580
1603250 578
1603260 577
1603270 577
1603280 579
1603290 583
1603300 586
1603310 586
1603320 586
1603330 586
1603340 586
1603350 588
1603360 589
1603370 589
1603380 588
1603390 585
1603400 585
1603410 581
1603420 575
1603430 575
1603440 570
1603450 565
1603460 562
1603470 562
1603480 563
1603490 567
1603500 567
1603510 571
1603520 573
1603530 573
1603540 573
1603550 572
1603560 572
1603570 570
1603580 570
1603590 570
1603600 569
1603610 568
1603620 566
1603630 566
1603640 560
1603650 552
1603660 552
1603670 544
1603680 535
1603690 535
1603700 533
1603710 533
1603720 533
1603730 536
1603740 536
1603750 536
1603760 536
1603770 536
1603780 537
1603790 537
1603800 538
1603810 537
1603820 537
1603830 537
1603840 538
1603850 538
1603860 539
1603870 541
1603880 541
1603890 546
1603900 546
1603910 546
1603920 544
1603930 544
1603940 546
1603950 546
1603960 548
1603970 548
1603980 548
1603990 548
1604000 547
1604010 547
1604020 548
1604030 550
1604040 550
1604050 551
1604060 551
1604070 551
1604080 551
1604090 552
1604100 554
1604110 554
1604120 556
1604130 560
1604140 560
1604150 563
1604160 566
1604170 566
1604180 569
1604190 572
1604200 572
1604210 574
1604220 575
1604230 575
1604240 575
1604250 576
1604260 578
1604270 578
1604280 580
1604290 581
1604300 581
1604310 583
1604320 584
1604330 584
1604340 585
1604350 588
1604360 588
1604370 591
1604380 593
1604390 594
1604400 594
1604410 595
1604420 597
1604430 597
1604440 599
1604450 600
1604460 600
1604470 602
1604480 604
1604490 604
1604500 606
1604510 608
1604520 608
1604530 610
1604540 611
1604550 612
1604560 612
1604570 610
1604580 609
1604590 609
1604600 608
1604610 606
1604620 606
1604630 602
1604640 599
1604650 599
1604660 597
1604670 594
1604680 594
1604690 590
1604700 587
1604710 584
1604720 584
1604730 582
1604740 581
1604750 581
1604760 579
1604770 580
1604780 580
1604790 580
1604800 581
1604810 581
1604820 581
1604830 580
1604840 580
1604850 577
1604860 573
1604870 570
1604880 570
1604890 568
1604900 565
1604910 565
1604920 560
1604930 555
1604940 555
1604950 552
1604960 551
1604970 551
1604980 549
1604990 545
1605000 545
1605010 540
1605020 534
1605030 534
1605040 534
1605050 542
1605060 547
1605070 547
1605080 548
1605090 547
1605100 547
1605110 549
1605120 551
1605130 551
1605140 551
1605150 550
1605160 550
1605170 550
1605180 550
1605190 548
1605200 548
1605210 548
1605220 546
1605230 546
1605240 545
1605250 544
1605260 544
1605270 543
1605280 542
1605290 542
1605300 543
1605310 543
1605320 543
1605330 543
1605340 545
1605350 547
1605360 547
1605370 549
1605380 550
1605390 550
1605400 553
1605410 557
1605420 557
1605430 560
1605440 562
1605450 562
1605460 565
1605470 568
1605480 570
1605490 570
1605500 573
1605510 576
1605520 576
1605530 578
1605540 581
1605550 581
1605560 585
1605570 589
1605580 589
1605590 591
1605600 591
1605610 591
1605620 592
1605630 595
1605640 597
1605650 597
1605660 600
1605670 601
1605680 601
1605690 601
1605700 601
1605710 601
1605720 600
1605730 598
1605740 598
1605750 597
1605760 597
1605770 597
1605780 597
1605790 596
1605800 588
1605810 588
1605820 586
1605830 583
1605840 583
1605850 580
1605860 578
1605870 578
1605880 577
1605890 576
1605900 576
1605910 575
1605920 573
1605930 573
1605940 569
1605950 566
1605960 564
1605970 564
1605980 565
1605990 570
1606000 570
1606010 574
1606020 577
1606030 577
1606040 581
1606050 586
1606060 586
1606070 591
1606080 594
1606090 594
1606100 598
1606110 602
1606120 606
1606130 606
1606140 609
1606150 610
1606160 610
1606170 612
1606180 615
1606190 615
1606200 616
1606210 615
1606220 615
1606230 610
1606240 605
1606250 605
1606260 599
1606270 594
1606280 589
1606290 589
1606300 584
1606310 578
1606320 578
1606330 573
1606340 569
1606350 569
1606360 563
1606370 556
1606380 556
1606390 550
1606400 544
1606410 539
1606420 539
1606430 533
1606440 527
1606450 527
1606460 522
1606470 517
1606480 517
1606490 511
1606500 505
1606510 505
1606520 500
1606530 496
1606540 496
1606550 490
1606560 484
1606570 478
1606580 478
1606590 473
1606600 468
1606610 468
1606620 463
1606630 459
1606640 459
1606650 455
1606660 452
1606670 452
1606680 449
1606690 448
1606700 448
1606710 447
1606720 446
1606730 446
1606740 446
1606750 446
1606760 447
1606770 447
1606780 447
1606790 448
1606800 448
1606810 448
1606820 449
1606830 449
1606840 447
1606850 444
1606860 444
1606870 440
1606880 438
1606890 439
1606900 439
1606910 439
1606920 440
1606930 440
1606940 440
1606950 439
1606960 439
1606970 433
1606980 427
1606990 427
1607000 421
1607010 417
1607020 417
1607030 415
1607040 414
1607050 415
1607060 415
1607070 416
1607080 415
1607090 415
1607100 415
1607110 416
1607120 416
1607130 416
1607140 416
1607150 416
1607160 416
1607170 416
1607180 416
1607190 417
1607200 417
1607210 417
1607220 417
1607230 417
1607240 418
1607250 418
1607260 418
1607270 418
1607280 418
1607290 419
1607300 419
1607310 419
1607320 419
1607330 420
1607340 421
1607350 421
1607360 421
1607370 424
1607380 424
1607390 428
1607400 429
1607410 429
1607420 431
1607430 433
1607440 433
1607450 435
1607460 437
1607470 437
1607480 439
1607490 441
1607500 443
1607510 443
1607520 446
1607530 448
1607540 448
1607550 451
1607560 454
1607570 454
1607580 457
1607590 461
1607600 461
1607610 464
1607620 466
1607630 466
1607640 468
1607650 469
1607660 473
1607670 473
1607680 476
1607690 477
1607700 477
1607710 481
1607720 485
1607730 485
1607740 489
1607750 491
1607760 491
1607770 491
1607780 496
1607790 496
1607800 502
1607810 509
1607820 516
1607830 516
1607840 520
1607850 520
1607860 521
1607870 522
1607880 524
1607890 524
1607900 527
1607910 529
1607920 529
1607930 531
1607940 534
1607950 534
1607960 538
1607970 543
1607980 549
1607990 549
1608000 554
1608010 560
1608020 560
1608030 566
1608040 573
1608050 573
1608060 582
1608070 589
1608080 589
1608090 595
1608100 600
1608110 600
1608120 606
1608130 612
1608140 618
1608150 618
1608160 623
1608170 628
1608180 628
1608190 634
1608200 640
1608210 640
1608220 647
1608230 653
1608240 653
1608250 659
1608260 665
1608270 665
1608280 671
1608290 678
1608300 685
1608310 685
1608320 689
1608330 694
1608340 694
1608350 699
1608360 705
1608370 705
1608380 710
1608390 714
1608400 714
1608410 716
1608420 718
1608430 719
1608440 719
1608450 718
1608460 717
1608470 717
1608480 716
1608490 713
1608500 713
1608510 710
1608520 709
1608530 709
1608540 710
1608550 711
1608560 711
1608570 714
1608580 716
1608590 716
1608600 716
1608610 715
1608620 714
1608630 714
1608640 713
1608650 712
1608660 712
1608670 712
1608680 713
1608690 713
1608700 713
1608710 712
1608720 712
1608730 711
1608740 708
1608750 705
1608760 705
1608770 705
1608780 706
1608790 706
1608800 707
1608810 706
1608820 706
1608830 703
1608840 702
1608850 702
1608860 703
1608870 698
1608880 698
1608890 683
1608900 674
1608910 665
1608920 665
1608930 658
1608940 651
1608950 651
1608960 645
1608970 641
1608980 641
1608990 637
1609000 636
1609010 636
1609020 635
1609030 633
1609040 633
1609050 632
1609060 631
1609070 630
1609080 630
1609090 629
1609100 627
1609110 627
1609120 626
1609130 625
1609140 625
1609150 624
1609160 624
1609170 624
1609180 623
1609190 623
1609200 623
1609210 622
1609220 622
1609230 622
1609240 622
1609250 621
1609260 621
1609270 621
1609280 620
1609290 619
1609300 619
1609310 618
1609320 618
1609330 618
1609340 618
1609350 618
1609360 617
1609370 617
1609380 617
1609390 616
1609400 616
1609410 615
1609420 615
1609430 615
1609440 615
1609450 614
1609460 614
1609470 614
1609480 615
1609490 615
1609500 615
1609510 615
1609520 616
1609530 616
1609540 616
1609550 617
1609560 617
1609570 617
1609580 618
1609590 618
1609600 618
1609610 618
1609620 618
1609630 618
1609640 619
1609650 619
1609660 619
1609670 619
1609680 619
1609690 619
1609700 619
1609710 620
1609720 620
1609730 621
1609740 622
1609750 622
1609760 624
1609770 628
1609780 628
1609790 633
1609800 637
1609810 637
1609820 639
1609830 639
1609840 640
1609850 640
1609860 642
1609870 644
1609880 642
1609890 645
1609900 650
1609910 650
1609920 653
1609930 656
1609940 656
1609950 658
1609960 659
1609970 659
1609980 659
1609990 659
1610000 658
1610010 658
1610020 659
1610030 659
1610040 659
1610050 660
1610060 661
1610070 661
1610080 661
1610090 662
1610100 662
1610110 663
1610120 665
1610130 665
1610140 669
1610150 672
1610160 676
1610170 676
1610180 679
1610190 676
1610200 676
1610210 664
1610220 655
1610230 655
1610240 648
1610250 643
1610260 643
1610270 641
1610280 640
1610290 640
1610300 639
1610310 639
1610320 639
1610330 639
1610340 639
1610350 639
1610360 639
1610370 638
1610380 638
1610390 638
1610400 638
1610410 638
1610420 638
1610430 641
1610440 645
1610450 643
1610460 643
1610470 641
1610480 640
1610490 640
1610500 640
1610510 640
1610520 640
1610530 642
1610540 645
1610550 645
1610560 649
1610570 653
1610580 653
1610590 658
1610600 663
1610610 665
1610620 665
1610630 666
1610640 668
1610650 668
1610660 670
1610670 672
1610680 672
1610690 671
1610700 670
1610710 670
1610720 669
1610730 667
1610740 667
1610750 664
1610760 661
1610770 657
1610780 657
1610790 653
1610800 647
1610810 647
1610820 643
1610830 639
1610840 639
1610850 636
1610860 633
1610870 633
1610880 628
1610890 627
1610900 627
1610910 625
1610920 622
1610930 621
1610940 621
1610950 620
1610960 620
1610970 620
1610980 620
1610990 622
1611000 622
1611010 624
1611020 625
1611030 625
1611040 627
1611050 629
1611060 629
1611070 631
1611080 633
1611090 633
1611100 633
1611110 634
1611120 635
1611130 635
1611140 638
1611150 639
1611160 639
1611170 639
1611180 638
1611190 638
1611200 639
1611210 639
1611220 639
1611230 637
1611240 635
1611250 634
1611260 634
1611270 632
1611280 630
1611290 630
1611300 626
1611310 619
1611320 619
1611330 612
1611340 608
1611350 608
1611360 605
1611370 604
1611380 604
1611390 605
1611400 608
1611410 613
1611420 613
1611430 615
1611440 617
1611450 617
1611460 617
1611470 616
1611480 616
1611490 614
1611500 613
1611510 613
1611520 611
1611530 602
1611540 589
1611550 589
1611560 581
1611570 573
1611580 573
1611590 565
1611600 554
1611610 554
1611620 545
1611630 536
1611640 536
1611650 522
1611660 510
1611670 510
1611680 499
1611690 487
1611700 483
1611710 483
1611720 488
1611730 497
1611740 497
1611750 503
1611760 503
1611770 503
1611780 506
1611790 500
1611800 500
1611810 508
1611820 512
1611830 512
1611840 511
1611850 509
1611860 509
1611870 503
1611880 505
1611890 502
1611900 502
1611910 500
1611920 496
1611930 496
1611940 491
1611950 483
1611960 483
1611970 474
1611980 468
1611990 468
1612000 471
1612010 477
1612020 480
1612030 480
1612040 474
1612050 467
1612060 467
1612070 468
1612080 475
1612090 475
1612100 484
1612110 492
1612120 492
1612130 495
1612140 500
1612150 500
1612160 505
1612170 510
1612180 514
1612190 514
1612200 516
1612210 518
1612220 518
1612230 519
1612240 522
1612250 522
1612260 523
1612270 526
1612280 526
1612290 530
1612300 532
1612310 532
1612320 534
1612330 537
1612340 541
1612350 541
1612360 545
1612370 546
1612380 546
1612390 550
1612400 553
1612410 553
1612420 558
1612430 562
1612440 562
1612450 566
1612460 562
1612470 555
1612480 555
1612490 547
1612500 541
1612510 541
1612520 537
1612530 533
1612540 533
1612550 529
1612560 525
1612570 525
1612580 522
1612590 517
1612600 517
1612610 511
1612620 507
1612630 503
1612640 503
1612650 499
1612660 496
1612670 496
1612680 493
1612690 489
1612700 489
1612710 485
1612720 482
1612730 482
1612740 479
1612750 478
1612760 478
1612770 475
1612780 471
1612790 467
1612800 467
1612810 467
1612820 465
1612830 465
1612840 461
1612850 451
1612860 451
1612870 446
1612880 444
1612890 444
1612900 442
1612910 439
1612920 439
1612930 437
1612940 435
1612950 434
1612960 434
1612970 432
1612980 431
1612990 431
1613000 430
1613010 429
1613020 429
1613030 428
1613040 426
1613050 426
1613060 425
1613070 424
1613080 424
1613090 423
1613100 423
1613110 422
1613120 422
1613130 421
1613140 421
1613150 421
1613160 421
1613170 420
1613180 420
1613190 420
1613200 419
1613210 419
1613220 418
1613230 418
1613240 418
1613250 417
1613260 417
1613270 417
1613280 417
1613290 417
1613300 417
1613310 417
1613320 417
1613330 416
1613340 416
1613350 416
1613360 416
1613370 416
1613380 416
1613390 416
1613400 416
1613410 416
1613420 416
1613430 416
1613440 416
1613450 416
1613460 416
1613470 416
1613480 415
1613490 415
1613500 415
1613510 414
1613520 414
1613530 414
1613540 413
1613550 412
1613560 412
1613570 412
1613580 411
1613590 411
1613600 411
1613610 411
1613620 409
1613630 409
1613640 407
1613650 405
1613660 405
1613670 404
1613680 402
1613690 402
1613700 401
1613710 399
1613720 398
1613730 398
1613740 397
1613750 396
1613760 396
1613770 395
1613780 395
1613790 395
1613800 395
1613810 395
1613820 395
1613830 394
1613840 393
1613850 393
1613860 393
1613870 393
1613880 393
1613890 393
1613900 393
1613910 393
1613920 393
1613930 393
1613940 393
1613950 393
1613960 393
1613970 393
1613980 393
1613990 393
1614000 393
1614010 393
1614020 393
1614030 392
1614040 393
1614050 393
1614060 393
1614070 393
1614080 393
1614090 393
1614100 393
1614110 393
1614120 393
1614130 393
1614140 393
1614150 393
1614160 393
1614170 393
1614180 393
1614190 392
1614200 392
1614210 392
1614220 392
1614230 392
1614240 392
1614250 392
1614260 392
1614270 392
1614280 392
1614290 392
1614300 392
1614310 392
1614320 392
1614330 392
1614340 392
1614350 392
1614360 392
1614370 392
1614380 392
1614390 392
1614400 392
1614410 392
1614420 392
1614430 392
1614440 392
1614450 392
1614460 392
1614470 392
1614480 392
1614490 392
1614500 392
1614510 392
1614520 392
1614530 392
1614540 392
1614550 392
1614560 392
1614570 392
1614580 392
1614590 392
1614600 392
1614610 392
1614620 392
1614630 392
1614640 392
1614650 392
1614660 392
1614670 392
1614680 392
1614690 392
1614700 392
1614710 392
1614720 392
1614730 392
1614740 392
1614750 392
1614760 392
1614770 392
1614780 392
1614790 392
1614800 392
1614810 392
1614820 392
1614830 392
1614840 392
1614850 392
1614860 392
1614870 392
1614880 392
1614890 392
1614900 392
1614910 392
1614920 392
1614930 392
1614940 392
1614950 392
1614960 392
1614970 392
1614980 392
1614990 392
1615000 392
1615010 392
1615020 392
1615030 392
1615040 392
1615050 392
1615060 392
1615070 392
1615080 392
1615090 392
1615100 392
1615110 392
1615120 392
1615130 392
1615140 392
1615150 392
1615160 392
1615170 392
1615180 392
1615190 392
1615200 392
1615210 392
1615220 392
1615230 392
1615240 392
1615250 392
1615260 392
1615270 392
1615280 392
1615290 392
1615300 392
1615310 392
1615320 392
1615330 392
1615340 392
1615350 392
1615360 392
1615370 392
1615380 392
1615390 392
1615400 392
1615410 393
1615420 393
1615430 392
1615440 393
1615450 393
1615460 393
1615470 393
1615480 392
1615490 392
1615500 392
1615510 392
1615520 392
1615530 392
1615540 392
1615550 392
1615560 391
1615570 390
1615580 390
1615590 390
1615600 390
1615610 390
1615620 390
1615630 390
1615640 390
1615650 390
1615660 390
1615670 390
1615680 390
1615690 390
1615700 390
1615710 390
1615720 390
1615730 390
1615740 390
1615750 390
1615760 390
1615770 390
1615780 390
1615790 390
1615800 390
1615810 390
1615820 390
1615830 390
1615840 390
1615850 391
1615860 391
1615870 391
1615880 392
1615890 392
1615900 392
1615910 392
1615920 392
1615930 392
1615940 392
1615950 392
1615960 392
1615970 392
1615980 392
1615990 392
1616000 392
1616010 392
1616020 392
1616030 392
1616040 392
1616050 392
1616060 392
1616070 392
1616080 392
1616090 392
1616100 392
1616110 392
1616120 391
1616130 391
1616140 392
1616150 392
1616160 392
1616170 392
1616180 391
1616190 391
1616200 391
1616210 391
1616220 391
1616230 391
1616240 391
1616250 391
1616260 391
1616270 391
1616280 391
1616290 391
1616300 390
1616310 390
1616320 390
1616330 391
1616340 391
1616350 391
1616360 391
1616370 391
1616380 391
1616390 391
1616400 392
1616410 391
1616420 391
1616430 392
1616440 392
1616450 392
1616460 391
1616470 392
1616480 392
1616490 391
1616500 391
1616510 391
1616520 392
1616530 391
1616540 391
1616550 391
1616560 391
1616570 391
1616580 391
1616590 391
1616600 391
1616610 391
1616620 391
1616630 390
1616640 390
1616650 390
1616660 391
1616670 391
1616680 391
1616690 391
1616700 391
1616710 391
1616720 391
1616730 391
1616740 391
1616750 391
1616760 391
1616770 391
1616780 391
1616790 391
1616800 391
1616810 390
1616820 390
1616830 390
1616840 390
1616850 390
1616860 390
1616870 390
1616880 392
1616890 393
1616900 393
1616910 395
1616920 397
1616930 397
1616940 398
1616950 400
1616960 400
1616970 404
1616980 407
1616990 411
1617000 411
1617010 415
1617020 417
1617030 417
1617040 418
1617050 419
1617060 419
1617070 421
1617080 422
1617090 422
1617100 423
1617110 424
1617120 424
1617130 425
1617140 425
1617150 426
1617160 426
1617170 428
1617180 429
1617190 429
1617200 430
1617210 431
1617220 431
1617230 433
1617240 435
1617250 435
1617260 435
1617270 436
1617280 436
1617290 437
1617300 438
1617310 439
1617320 439
1617330 440
1617340 441
1617350 441
1617360 442
1617370 442
1617380 442
1617390 443
1617400 445
1617410 445
1617420 446
1617430 448
1617440 448
1617450 450
1617460 452
1617470 454
1617480 454
1617490 457
1617500 459
1617510 459
1617520 461
1617530 464
1617540 464
1617550 467
1617560 471
1617570 471
1617580 476
1617590 480
1617600 486
1617610 486
1617620 492
1617630 497
1617640 497
1617650 503
1617660 511
1617670 511
1617680 517
1617690 525
1617700 525
1617710 533
1617720 540
1617730 540
1617740 548
1617750 556
1617760 566
1617770 566
1617780 576
1617790 588
1617800 588
1617810 597
1617820 607
1617830 607
1617840 616
1617850 626
1617860 626
1617870 635
1617880 641
1617890 641
1617900 647
1617910 649
1617920 649
1617930 649
1617940 647
1617950 646
1617960 646
1617970 643
1617980 638
1617990 638
1618000 633
1618010 624
1618020 624
1618030 615
1618040 606
1618050 606
1618060 601
1618070 597
1618080 593
1618090 593
1618100 591
1618110 588
1618120 588
1618130 586
1618140 581
1618150 581
1618160 575
1618170 571
1618180 571
1618190 567
1618200 564
1618210 564
1618220 563
1618230 559
1618240 560
1618250 560
1618260 562
1618270 566
1618280 566
1618290 569
1618300 571
1618310 571
1618320 573
1618330 577
1618340 577
1618350 582
1618360 589
1618370 589
1618380 592
1618390 594
1618400 595
1618410 595
1618420 595
1618430 593
1618440 593
1618450 590
1618460 586
1618470 586
1618480 585
1618490 584
1618500 584
1618510 583
1618520 582
1618530 582
1618540 582
1618550 582
1618560 582
1618570 582
1618580 581
1618590 582
1618600 582
1618610 582
1618620 582
1618630 582
1618640 581
1618650 579
1618660 579
1618670 578
1618680 575
1618690 572
1618700 572
1618710 569
1618720 566
1618730 566
1618740 563
1618750 561
1618760 561
1618770 560
1618780 559
1618790 559
1618800 557
1618810 554
1618820 554
1618830 554
1618840 554
1618850 555
1618860 555
1618870 556
1618880 557
1618890 557
1618900 559
1618910 562
1618920 562
1618930 564
1618940 568
1618950 568
1618960 573
1618970 579
1618980 579
1618990 584
1619000 589
1619010 592
1619020 592
1619030 595
1619040 599
1619050 599
1619060 604
1619070 609
1619080 609
1619090 613
1619100 618
1619110 618
1619120 622
1619130 624
1619140 624
1619150 625
1619160 627
1619170 627
1619180 627
1619190 623
1619200 617
1619210 617
1619220 612
1619230 610
1619240 610
1619250 610
1619260 603
1619270 603
1619280 591
1619290 581
1619300 581
1619310 573
1619320 565
1619330 558
1619340 558
1619350 551
1619360 544
1619370 544
1619380 537
1619390 531
1619400 531
1619410 525
1619420 520
1619430 520
1619440 515
1619450 510
1619460 510
1619470 507
1619480 504
1619490 500
1619500 500
1619510 496
1619520 494
1619530 494
1619540 493
1619550 491
1619560 491
1619570 490
1619580 489
1619590 489
1619600 489
1619610 489
1619620 488
1619630 488
1619640 488
1619650 488
1619660 488
1619670 488
1619680 487
1619690 487
1619700 487
1619710 486
1619720 486
1619730 486
1619740 487
1619750 487
1619760 487
1619770 487
1619780 488
1619790 488
1619800 489
1619810 489
1619820 489
1619830 490
1619840 490
1619850 490
1619860 490
1619870 489
1619880 489
1619890 489
1619900 489
1619910 489
1619920 489
1619930 488
1619940 483
1619950 483
1619960 478
1619970 474
1619980 474
1619990 472
