1600000 445
1600010 445
1600020 444
1600030 444
1600040 444
1600050 444
1600060 443
1600070 443
1600080 443
1600090 443
1600100 443
1600110 443
1600120 442
1600130 442
1600140 442
1600150 442
1600160 442
1600170 442
1600180 442
1600190 442
1600200 442
1600210 442
1600220 442
1600230 442
1600240 442
1600250 442
1600260 442
1600270 442
1600280 442
1600290 442
1600300 442
1600310 442
1600320 442
1600330 442
1600340 442
1600350 442
1600360 442
1600370 442
1600380 442
1600390 442
1600400 442
1600410 442
1600420 442
1600430 442
1600440 442
1600450 442
1600460 442
1600470 442
1600480 443
1600490 443
1600500 443
1600510 443
1600520 443
1600530 443
1600540 443
1600550 443
1600560 443
1600570 443
1600580 443
1600590 443
1600600 443
1600610 444
1600620 444
1600630 444
1600640 444
1600650 444
1600660 445
1600670 445
1600680 445
1600690 445
1600700 446
1600710 446
1600720 446
1600730 448
1600740 449
1600750 449
1600760 451
1600770 452
1600780 452
1600790 453
1600800 454
1600810 454
1600820 455
1600830 455
1600840 455
1600850 455
1600860 455
1600870 455
1600880 455
1600890 456
1600900 459
1600910 459
1600920 459
1600930 460
1600940 460
1600950 461
1600960 462
1600970 462
1600980 462
1600990 462
1601000 461
1601010 461
1601020 461
1601030 460
1601040 460
1601050 460
1601060 460
1601070 460
1601080 460
1601090 460
1601100 460
1601110 460
1601120 459
1601130 459
1601140 459
1601150 459
1601160 459
1601170 459
1601180 459
1601190 458
1601200 458
1601210 458
1601220 458
1601230 458
1601240 458
1601250 458
1601260 458
1601270 458
1601280 458
1601290 458
1601300 458
1601310 458
1601320 458
1601330 458
1601340 458
1601350 458
1601360 458
1601370 458
1601380 458
1601390 458
1601400 458
1601410 458
1601420 458
1601430 457
1601440 457
1601450 457
1601460 457
1601470 457
1601480 456
1601490 456
1601500 456
1601510 456
1601520 456
1601530 456
1601540 456
1601550 456
1601560 456
1601570 456
1601580 456
1601590 456
1601600 456
1601610 456
1601620 456
1601630 456
1601640 456
1601650 456
1601660 456
1601670 456
1601680 456
1601690 456
1601700 456
1601710 456
1601720 456
1601730 456
1601740 456
1601750 456
1601760 456
1601770 456
1601780 456
1601790 456
1601800 456
1601810 456
1601820 456
1601830 456
1601840 456
1601850 456
1601860 456
1601870 456
1601880 456
1601890 456
1601900 456
1601910 456
1601920 456
1601930 456
1601940 456
1601950 456
1601960 456
1601970 456
1601980 456
1601990 456
1602000 456
1602010 456
1602020 456
1602030 456
1602040 456
1602050 456
1602060 456
1602070 456
1602080 456
1602090 456
1602100 456
1602110 456
1602120 456
1602130 456
1602140 457
1602150 457
1602160 457
1602170 456
1602180 456
1602190 456
1602200 455
1602210 455
1602220 455
1602230 455
1602240 454
1602250 454
1602260 454
1602270 454
1602280 454
1602290 454
1602300 453
1602310 453
1602320 453
1602330 453
1602340 452
1602350 452
1602360 452
1602370 451
1602380 451
1602390 451
1602400 451
1602410 451
1602420 450
1602430 450
1602440 450
1602450 450
1602460 449
1602470 449
1602480 449
1602490 449
1602500 449
1602510 449
1602520 449
1602530 449
1602540 449
1602550 449
1602560 448
1602570 448
1602580 448
1602590 448
1602600 448
1602610 448
1602620 448
1602630 448
1602640 448
1602650 448
1602660 448
1602670 448
1602680 448
1602690 448
1602700 448
1602710 448
1602720 448
1602730 448
1602740 448
1602750 448
1602760 448
1602770 448
1602780 448
1602790 448
1602800 448
1602810 448
1602820 448
1602830 448
1602840 448
1602850 448
1602860 448
1602870 448
1602880 448
1602890 448
1602900 448
1602910 448
1602920 448
1602930 448
1602940 448
1602950 448
1602960 448
1602970 448
1602980 448
1602990 448
1603000 448
1603010 448
1603020 448
1603030 448
1603040 448
1603050 448
1603060 448
1603070 448
1603080 448
1603090 448
1603100 448
1603110 448
1603120 448
1603130 448
1603140 448
1603150 448
1603160 448
1603170 448
1603180 448
1603190 448
1603200 447
1603210 447
1603220 447
1603230 447
1603240 447
1603250 447
1603260 447
1603270 447
1603280 447
1603290 447
1603300 447
1603310 447
1603320 447
1603330 447
1603340 447
1603350 447
1603360 446
1603370 446
1603380 446
1603390 446
1603400 446
1603410 446
1603420 445
1603430 444
1603440 444
1603450 442
1603460 441
1603470 441
1603480 440
1603490 440
1603500 440
1603510 439
1603520 439
1603530 439
1603540 439
1603550 438
1603560 438
1603570 438
1603580 438
1603590 438
1603600 438
1603610 438
1603620 438
1603630 438
1603640 438
1603650 438
1603660 438
1603670 438
1603680 438
1603690 438
1603700 438
1603710 438
1603720 438
1603730 438
1603740 438
1603750 438
1603760 438
1603770 438
1603780 438
1603790 438
1603800 438
1603810 438
1603820 438
1603830 438
1603840 438
1603850 438
1603860 438
1603870 438
1603880 438
1603890 438
1603900 438
1603910 438
1603920 438
1603930 438
1603940 438
1603950 438
1603960 438
1603970 438
1603980 438
1603990 438
1604000 438
1604010 438
1604020 438
1604030 438
1604040 438
1604050 438
1604060 438
1604070 438
1604080 438
1604090 438
1604100 438
1604110 438
1604120 438
1604130 438
1604140 438
1604150 438
1604160 438
1604170 438
1604180 438
1604190 438
1604200 438
1604210 438
1604220 438
1604230 438
1604240 438
1604250 438
1604260 438
1604270 438
1604280 438
1604290 437
1604300 437
1604310 437
1604320 437
1604330 437
1604340 437
1604350 436
1604360 436
1604370 436
1604380 435
1604390 435
1604400 435
1604410 434
1604420 434
1604430 434
1604440 434
1604450 434
1604460 434
1604470 434
1604480 433
1604490 433
1604500 433
1604510 433
1604520 433
1604530 433
1604540 433
1604550 433
1604560 433
1604570 433
1604580 433
1604590 433
1604600 433
1604610 433
1604620 433
1604630 433
1604640 433
1604650 433
1604660 433
1604670 433
1604680 433
1604690 433
1604700 433
1604710 433
1604720 433
1604730 433
1604740 433
1604750 433
1604760 433
1604770 433
1604780 433
1604790 432
1604800 432
1604810 432
1604820 433
1604830 433
1604840 433
1604850 433
1604860 433
1604870 433
1604880 433
1604890 433
1604900 432
1604910 432
1604920 432
1604930 432
1604940 432
1604950 432
1604960 432
1604970 432
1604980 432
1604990 432
1605000 432
1605010 432
1605020 432
1605030 432
1605040 432
1605050 432
1605060 432
1605070 432
1605080 432
1605090 432
1605100 432
1605110 432
1605120 432
1605130 432
1605140 432
1605150 432
1605160 432
1605170 432
1605180 432
1605190 432
1605200 432
1605210 432
1605220 432
1605230 432
1605240 432
1605250 432
1605260 432
1605270 430
1605280 428
1605290 428
1605300 430
1605310 430
1605320 431
1605330 431
1605340 430
1605350 430
1605360 430
1605370 430
1605380 430
1605390 430
1605400 430
1605410 430
1605420 430
1605430 431
1605440 431
1605450 431
1605460 431
1605470 431
1605480 431
1605490 431
1605500 431
1605510 431
1605520 431
1605530 431
1605540 431
1605550 431
1605560 431
1605570 432
1605580 432
1605590 432
1605600 432
1605610 432
1605620 431
1605630 431
1605640 431
1605650 431
1605660 431
1605670 431
1605680 431
1605690 431
1605700 431
1605710 431
1605720 431
1605730 431
1605740 431
1605750 431
1605760 431
1605770 431
1605780 432
1605790 432
1605800 433
1605810 433
1605820 434
1605830 434
1605840 434
1605850 433
1605860 432
1605870 432
1605880 432
1605890 432
1605900 432
1605910 434
1605920 435
1605930 435
1605940 435
1605950 435
1605960 435
1605970 435
1605980 435
1605990 434
1606000 434
1606010 434
1606020 434
1606030 434
1606040 434
1606050 434
1606060 434
1606070 434
1606080 434
1606090 434
1606100 434
1606110 434
1606120 435
1606130 435
1606140 437
1606150 440
1606160 440
1606170 444
1606180 447
1606190 447
1606200 448
1606210 448
1606220 448
1606230 448
1606240 448
1606250 448
1606260 448
1606270 448
1606280 448
1606290 448
1606300 448
1606310 448
1606320 448
1606330 448
1606340 448
1606350 448
1606360 448
1606370 448
1606380 448
1606390 448
1606400 448
1606410 448
1606420 448
1606430 447
1606440 447
1606450 447
1606460 447
1606470 447
1606480 447
1606490 447
1606500 447
1606510 447
1606520 447
1606530 447
1606540 447
1606550 447
1606560 447
1606570 447
1606580 447
1606590 447
1606600 447
1606610 447
1606620 447
1606630 448
1606640 448
1606650 448
1606660 448
1606670 448
1606680 447
1606690 447
1606700 447
1606710 447
1606720 447
1606730 447
1606740 447
1606750 447
1606760 447
1606770 447
1606780 447
1606790 447
1606800 447
1606810 447
1606820 447
1606830 447
1606840 447
1606850 447
1606860 447
1606870 447
1606880 447
1606890 447
1606900 447
1606910 447
1606920 447
1606930 447
1606940 447
1606950 447
1606960 447
1606970 447
1606980 447
1606990 447
1607000 447
1607010 447
1607020 447
1607030 447
1607040 448
1607050 448
1607060 448
1607070 448
1607080 448
1607090 448
1607100 448
1607110 448
1607120 448
1607130 448
1607140 448
1607150 448
1607160 449
1607170 449
1607180 449
1607190 449
1607200 449
1607210 449
1607220 449
1607230 449
1607240 450
1607250 450
1607260 450
1607270 450
1607280 450
1607290 450
1607300 450
1607310 450
1607320 450
1607330 450
1607340 450
1607350 450
1607360 450
1607370 450
1607380 450
1607390 450
1607400 450
1607410 450
1607420 450
1607430 450
1607440 450
1607450 450
1607460 450
1607470 450
1607480 450
1607490 450
1607500 450
1607510 450
1607520 450
1607530 450
1607540 450
1607550 450
1607560 450
1607570 450
1607580 450
1607590 449
1607600 449
1607610 449
1607620 449
1607630 449
1607640 449
1607650 449
1607660 449
1607670 448
1607680 448
1607690 448
1607700 448
1607710 448
1607720 448
1607730 447
1607740 447
1607750 447
1607760 447
1607770 447
1607780 447
1607790 447
1607800 447
1607810 447
1607820 447
1607830 447
1607840 447
1607850 447
1607860 446
1607870 446
1607880 446
1607890 446
1607900 446
1607910 446
1607920 446
1607930 446
1607940 446
1607950 446
1607960 446
1607970 446
1607980 446
1607990 446
1608000 446
1608010 446
1608020 446
1608030 446
1608040 446
1608050 446
1608060 446
1608070 446
1608080 446
1608090 446
1608100 446
1608110 446
1608120 446
1608130 446
1608140 446
1608150 446
1608160 446
1608170 446
1608180 446
1608190 446
1608200 446
1608210 446
1608220 446
1608230 446
1608240 446
1608250 446
1608260 446
1608270 446
1608280 447
1608290 447
1608300 447
1608310 447
1608320 447
1608330 447
1608340 447
1608350 447
1608360 447
1608370 447
1608380 447
1608390 451
1608400 451
1608410 450
1608420 449
1608430 449
1608440 449
1608450 449
1608460 449
1608470 449
1608480 448
1608490 448
1608500 449
1608510 449
1608520 449
1608530 449
1608540 449
1608550 449
1608560 449
1608570 449
1608580 448
1608590 448
1608600 448
1608610 448
1608620 448
1608630 448
1608640 448
1608650 448
1608660 449
1608670 449
1608680 449
1608690 449
1608700 450
1608710 450
1608720 450
1608730 450
1608740 450
1608750 450
1608760 450
1608770 450
1608780 450
1608790 450
1608800 450
1608810 450
1608820 450
1608830 451
1608840 451
1608850 451
1608860 451
1608870 451
1608880 451
1608890 451
1608900 451
1608910 451
1608920 452
1608930 452
1608940 452
1608950 452
1608960 452
1608970 452
1608980 452
1608990 452
1609000 452
1609010 452
1609020 452
1609030 452
1609040 452
1609050 452
1609060 452
1609070 452
1609080 452
1609090 452
1609100 452
1609110 452
1609120 451
1609130 451
1609140 451
1609150 451
1609160 451
1609170 451
1609180 451
1609190 451
1609200 451
1609210 451
1609220 451
1609230 451
1609240 451
1609250 451
1609260 451
1609270 452
1609280 452
1609290 452
1609300 452
1609310 453
1609320 453
1609330 453
1609340 453
1609350 454
1609360 454
1609370 454
1609380 454
1609390 454
1609400 455
1609410 455
1609420 455
1609430 456
1609440 456
1609450 456
1609460 456
1609470 457
1609480 457
1609490 457
1609500 457
1609510 457
1609520 457
1609530 457
1609540 457
1609550 457
1609560 457
1609570 457
1609580 457
1609590 457
1609600 457
1609610 457
1609620 457
1609630 458
1609640 458
1609650 457
1609660 457
1609670 457
1609680 457
1609690 457
1609700 457
1609710 457
1609720 457
1609730 457
1609740 457
1609750 457
1609760 457
1609770 457
1609780 458
1609790 458
1609800 458
1609810 458
1609820 458
1609830 458
1609840 458
1609850 459
1609860 459
1609870 459
1609880 459
1609890 460
1609900 460
1609910 460
1609920 460
1609930 460
1609940 461
1609950 461
1609960 461
1609970 461
1609980 461
1609990 461
1610000 461
1610010 461
1610020 461
1610030 461
1610040 462
1610050 462
1610060 462
1610070 462
1610080 461
1610090 461
1610100 461
1610110 461
1610120 461
1610130 461
1610140 461
1610150 461
1610160 461
1610170 461
1610180 461
1610190 461
1610200 461
1610210 461
1610220 461
1610230 461
1610240 461
1610250 461
1610260 461
1610270 461
1610280 461
1610290 460
1610300 460
1610310 459
1610320 459
1610330 459
1610340 459
1610350 459
1610360 459
1610370 459
1610380 459
1610390 458
1610400 459
1610410 459
1610420 458
1610430 458
1610440 458
1610450 457
1610460 457
1610470 456
1610480 456
1610490 456
1610500 456
1610510 456
1610520 455
1610530 455
1610540 455
1610550 454
1610560 454
1610570 454
1610580 453
1610590 453
1610600 453
1610610 452
1610620 451
1610630 450
1610640 450
1610650 449
1610660 447
1610670 447
1610680 447
1610690 446
1610700 446
1610710 445
1610720 445
1610730 445
1610740 444
1610750 444
1610760 444
1610770 444
1610780 444
1610790 444
1610800 444
1610810 444
1610820 444
1610830 444
1610840 444
1610850 444
1610860 444
1610870 444
1610880 444
1610890 444
1610900 444
1610910 444
1610920 444
1610930 444
1610940 444
1610950 444
1610960 444
1610970 444
1610980 444
1610990 444
1611000 444
1611010 444
1611020 444
1611030 444
1611040 444
1611050 444
1611060 444
1611070 444
1611080 444
1611090 444
1611100 444
1611110 444
1611120 444
1611130 444
1611140 444
1611150 444
1611160 444
1611170 444
1611180 444
1611190 444
1611200 444
1611210 444
1611220 444
1611230 444
1611240 444
1611250 444
1611260 444
1611270 444
1611280 444
1611290 444
1611300 444
1611310 444
1611320 444
1611330 444
1611340 444
1611350 444
1611360 444
1611370 444
1611380 444
1611390 444
1611400 444
1611410 444
1611420 444
1611430 444
1611440 444
1611450 444
1611460 444
1611470 444
1611480 444
1611490 444
1611500 444
1611510 444
1611520 444
1611530 444
1611540 444
1611550 444
1611560 444
1611570 444
1611580 444
1611590 444
1611600 444
1611610 444
1611620 444
1611630 444
1611640 444
1611650 444
1611660 444
1611670 444
1611680 444
1611690 444
1611700 444
1611710 444
1611720 444
1611730 444
1611740 444
1611750 444
1611760 444
1611770 443
1611780 443
1611790 443
1611800 443
1611810 443
1611820 443
1611830 443
1611840 443
1611850 443
1611860 443
1611870 443
1611880 443
1611890 443
1611900 443
1611910 443
1611920 443
1611930 443
1611940 443
1611950 443
1611960 443
1611970 443
1611980 443
1611990 443
1612000 443
1612010 443
1612020 443
1612030 443
1612040 443
1612050 443
1612060 443
1612070 443
1612080 443
1612090 443
1612100 443
1612110 443
1612120 443
1612130 444
1612140 444
1612150 443
1612160 443
1612170 443
1612180 443
1612190 443
1612200 443
1612210 443
1612220 443
1612230 443
1612240 443
1612250 443
1612260 443
1612270 443
1612280 443
1612290 443
1612300 443
1612310 443
1612320 443
1612330 443
1612340 443
1612350 444
1612360 444
1612370 444
1612380 444
1612390 444
1612400 444
1612410 444
1612420 444
1612430 444
1612440 444
1612450 444
1612460 444
1612470 444
1612480 444
1612490 444
1612500 444
1612510 444
1612520 444
1612530 444
1612540 444
1612550 443
1612560 443
1612570 443
1612580 443
1612590 443
1612600 443
1612610 443
1612620 443
1612630 443
1612640 443
1612650 443
1612660 443
1612670 443
1612680 443
1612690 443
1612700 443
1612710 443
1612720 443
1612730 443
1612740 443
1612750 443
1612760 443
1612770 444
1612780 444
1612790 444
1612800 444
1612810 444
1612820 444
1612830 444
1612840 444
1612850 444
1612860 444
1612870 444
1612880 444
1612890 445
1612900 445
1612910 445
1612920 445
1612930 446
1612940 446
1612950 446
1612960 447
1612970 447
1612980 448
1612990 448
1613000 448
1613010 448
1613020 449
1613030 449
1613040 449
1613050 449
1613060 450
1613070 450
1613080 450
1613090 450
1613100 450
1613110 450
1613120 450
1613130 450
1613140 450
1613150 450
1613160 450
1613170 450
1613180 450
1613190 450
1613200 450
1613210 450
1613220 450
1613230 450
1613240 450
1613250 450
1613260 450
1613270 450
1613280 450
1613290 450
1613300 450
1613310 450
1613320 450
1613330 450
1613340 450
1613350 450
1613360 450
1613370 450
1613380 451
1613390 451
1613400 451
1613410 452
1613420 452
1613430 452
1613440 452
1613450 452
1613460 451
1613470 451
1613480 451
1613490 450
1613500 450
1613510 450
1613520 450
1613530 449
1613540 449
1613550 449
1613560 449
1613570 449
1613580 449
1613590 449
1613600 449
1613610 449
1613620 449
1613630 449
1613640 449
1613650 449
1613660 449
1613670 449
1613680 449
1613690 449
1613700 448
1613710 448
1613720 447
1613730 447
1613740 447
1613750 447
1613760 447
1613770 447
1613780 447
1613790 447
1613800 447
1613810 447
1613820 447
1613830 447
1613840 447
1613850 447
1613860 447
1613870 447
1613880 447
1613890 447
1613900 447
1613910 447
1613920 447
1613930 447
1613940 447
1613950 447
1613960 447
1613970 447
1613980 447
1613990 447
1614000 447
1614010 447
1614020 447
1614030 447
1614040 446
1614050 446
1614060 446
1614070 446
1614080 445
1614090 445
1614100 445
1614110 444
1614120 444
1614130 444
1614140 443
1614150 443
1614160 443
1614170 443
1614180 442
1614190 442
1614200 442
1614210 442
1614220 442
1614230 442
1614240 442
1614250 442
1614260 442
1614270 442
1614280 442
1614290 442
1614300 442
1614310 443
1614320 443
1614330 443
1614340 442
1614350 442
1614360 442
1614370 442
1614380 442
1614390 443
1614400 443
1614410 443
1614420 442
1614430 443
1614440 443
1614450 443
1614460 443
1614470 443
1614480 443
1614490 443
1614500 443
1614510 443
1614520 444
1614530 444
1614540 444
1614550 444
1614560 445
1614570 445
1614580 446
1614590 448
1614600 448
1614610 449
1614620 449
1614630 449
1614640 449
1614650 449
1614660 449
1614670 449
1614680 449
1614690 448
1614700 448
1614710 448
1614720 448
1614730 448
1614740 448
1614750 448
1614760 448
1614770 448
1614780 448
1614790 448
1614800 448
1614810 448
1614820 448
1614830 448
1614840 448
1614850 448
1614860 448
1614870 448
1614880 448
1614890 448
1614900 448
1614910 448
1614920 448
1614930 448
1614940 448
1614950 448
1614960 448
1614970 448
1614980 448
1614990 448
1615000 448
1615010 448
1615020 448
1615030 448
1615040 448
1615050 448
1615060 448
1615070 448
1615080 448
1615090 448
1615100 448
1615110 448
1615120 448
1615130 448
1615140 449
1615150 449
1615160 448
1615170 447
1615180 447
1615190 447
1615200 447
1615210 447
1615220 447
1615230 447
1615240 447
1615250 447
1615260 447
1615270 448
1615280 448
1615290 449
1615300 448
1615310 448
1615320 450
1615330 450
1615340 450
1615350 448
1615360 447
1615370 447
1615380 447
1615390 446
1615400 446
1615410 446
1615420 446
1615430 446
1615440 446
1615450 446
1615460 446
1615470 446
1615480 446
1615490 447
1615500 447
1615510 447
1615520 448
1615530 448
1615540 448
1615550 448
1615560 448
1615570 448
1615580 448
1615590 448
1615600 448
1615610 448
1615620 448
1615630 448
1615640 447
1615650 447
1615660 447
1615670 447
1615680 447
1615690 447
1615700 447
1615710 447
1615720 447
1615730 447
1615740 447
1615750 447
1615760 447
1615770 447
1615780 447
1615790 447
1615800 447
1615810 447
1615820 447
1615830 447
1615840 447
1615850 447
1615860 447
1615870 447
1615880 447
1615890 447
1615900 447
1615910 447
1615920 447
1615930 447
1615940 447
1615950 447
1615960 447
1615970 447
1615980 447
1615990 447
1616000 447
1616010 447
1616020 447
1616030 447
1616040 447
1616050 447
1616060 447
1616070 447
1616080 447
1616090 448
1616100 448
1616110 448
1616120 449
1616130 449
1616140 449
1616150 449
1616160 450
1616170 450
1616180 449
1616190 448
1616200 448
1616210 448
1616220 448
1616230 448
1616240 448
1616250 448
1616260 448
1616270 448
1616280 449
1616290 449
1616300 449
1616310 449
1616320 449
1616330 449
1616340 449
1616350 450
1616360 450
1616370 451
1616380 452
1616390 452
1616400 452
1616410 453
1616420 453
1616430 453
1616440 450
1616450 448
1616460 448
1616470 448
1616480 449
1616490 449
1616500 449
1616510 449
1616520 449
1616530 449
1616540 449
1616550 449
1616560 449
1616570 449
1616580 449
1616590 449
1616600 450
1616610 451
1616620 451
1616630 453
1616640 455
1616650 455
1616660 453
1616670 452
1616680 452
1616690 451
1616700 451
1616710 451
1616720 451
1616730 451
1616740 451
1616750 451
1616760 451
1616770 451
1616780 451
1616790 451
1616800 451
1616810 451
1616820 451
1616830 451
1616840 451
1616850 451
1616860 451
1616870 451
1616880 451
1616890 451
1616900 450
1616910 450
1616920 450
1616930 450
1616940 450
1616950 450
1616960 450
1616970 450
1616980 450
1616990 450
1617000 450
1617010 450
1617020 450
1617030 450
1617040 450
1617050 450
1617060 450
1617070 450
1617080 450
1617090 450
1617100 450
1617110 450
1617120 450
1617130 450
1617140 450
1617150 450
1617160 450
1617170 450
1617180 450
1617190 450
1617200 450
1617210 450
1617220 450
1617230 450
1617240 450
1617250 450
1617260 450
1617270 450
1617280 450
1617290 450
1617300 450
1617310 450
1617320 450
1617330 450
1617340 450
1617350 450
1617360 450
1617370 450
1617380 450
1617390 450
1617400 450
1617410 450
1617420 450
1617430 450
1617440 450
1617450 450
1617460 449
1617470 449
1617480 449
1617490 449
1617500 449
1617510 449
1617520 449
1617530 449
1617540 449
1617550 449
1617560 449
1617570 449
1617580 449
1617590 449
1617600 449
1617610 449
1617620 449
1617630 449
1617640 449
1617650 449
1617660 448
1617670 448
1617680 448
1617690 448
1617700 449
1617710 449
1617720 449
1617730 449
1617740 449
1617750 448
1617760 448
1617770 448
1617780 448
1617790 448
1617800 448
1617810 448
1617820 448
1617830 448
1617840 448
1617850 448
1617860 448
1617870 448
1617880 448
1617890 448
1617900 448
1617910 448
1617920 448
1617930 448
1617940 448
1617950 448
1617960 448
1617970 448
1617980 448
1617990 448
1618000 448
1618010 448
1618020 448
1618030 448
1618040 448
1618050 448
1618060 448
1618070 448
1618080 448
1618090 448
1618100 448
1618110 449
1618120 449
1618130 449
1618140 449
1618150 449
1618160 449
1618170 449
1618180 449
1618190 449
1618200 449
1618210 450
1618220 450
1618230 450
1618240 450
1618250 450
1618260 451
1618270 451
1618280 451
1618290 451
1618300 451
1618310 451
1618320 451
1618330 452
1618340 452
1618350 452
1618360 452
1618370 452
1618380 452
1618390 453
1618400 453
1618410 453
1618420 453
1618430 454
1618440 454
1618450 455
1618460 456
1618470 456
1618480 456
1618490 457
1618500 457
1618510 457
1618520 458
1618530 457
1618540 457
1618550 457
1618560 457
1618570 457
1618580 457
1618590 457
1618600 457
1618610 458
1618620 458
1618630 460
1618640 460
1618650 460
1618660 459
1618670 459
1618680 457
1618690 454
1618700 454
1618710 453
1618720 452
1618730 452
1618740 453
1618750 454
1618760 454
1618770 453
1618780 450
1618790 449
1618800 449
1618810 448
1618820 448
1618830 448
1618840 448
1618850 448
1618860 448
1618870 448
1618880 448
1618890 448
1618900 448
1618910 448
1618920 448
1618930 448
1618940 448
1618950 448
1618960 448
1618970 448
1618980 448
1618990 448
1619000 447
1619010 447
1619020 447
1619030 447
1619040 447
1619050 447
1619060 447
1619070 447
1619080 447
1619090 449
1619100 451
1619110 448
1619120 448
1619130 448
1619140 448
1619150 448
1619160 448
1619170 448
1619180 448
1619190 449
1619200 451
1619210 451
1619220 455
1619230 459
1619240 459
1619250 462
1619260 463
1619270 465
1619280 465
1619290 466
1619300 467
1619310 467
1619320 468
1619330 471
1619340 471
1619350 475
1619360 477
1619370 477
1619380 476
1619390 475
1619400 475
1619410 474
1619420 470
1619430 470
1619440 465
1619450 461
1619460 458
1619470 458
1619480 453
1619490 450
1619500 450
1619510 447
1619520 449
1619530 449
1619540 449
1619550 449
1619560 449
1619570 446
1619580 445
1619590 445
1619600 444
1619610 443
1619620 442
1619630 442
1619640 441
1619650 440
1619660 440
1619670 440
1619680 439
1619690 439
1619700 438
1619710 439
1619720 439
1619730 439
1619740 439
1619750 439
1619760 439
1619770 438
1619780 437
1619790 437
1619800 434
1619810 431
1619820 431
1619830 429
1619840 426
1619850 426
1619860 425
1619870 425
1619880 425
1619890 424
1619900 424
1619910 424
1619920 423
1619930 423
1619940 423
1619950 423
1619960 424
1619970 425
1619980 425
1619990 425
