1600000 560
1600010 564
1600020 561
1600030 561
1600040 558
1600050 556
1600060 556
1600070 556
1600080 557
1600090 557
1600100 558
1600110 558
1600120 558
1600130 558
1600140 558
1600150 558
1600160 558
1600170 558
1600180 558
1600190 558
1600200 558
1600210 559
1600220 559
1600230 559
1600240 559
1600250 559
1600260 559
1600270 559
1600280 559
1600290 559
1600300 559
1600310 559
1600320 559
1600330 560
1600340 560
1600350 560
1600360 561
1600370 560
1600380 560
1600390 561
1600400 561
1600410 561
1600420 562
1600430 562
1600440 562
1600450 561
1600460 560
1600470 560
1600480 559
1600490 558
1600500 557
1600510 557
1600520 557
1600530 559
1600540 559
1600550 560
1600560 560
1600570 560
1600580 559
1600590 557
1600600 557
1600610 555
1600620 553
1600630 553
1600640 552
1600650 551
1600660 551
1600670 551
1600680 552
1600690 553
1600700 553
1600710 554
1600720 555
1600730 555
1600740 557
1600750 560
1600760 560
1600770 561
1600780 562
1600790 562
1600800 561
1600810 559
1600820 557
1600830 557
1600840 557
1600850 558
1600860 558
1600870 558
1600880 559
1600890 559
1600900 559
1600910 560
1600920 560
1600930 560
1600940 559
1600950 559
1600960 559
1600970 558
1600980 558
1600990 558
1601000 558
1601010 558
1601020 558
1601030 559
1601040 559
1601050 559
1601060 560
1601070 560
1601080 560
1601090 560
1601100 559
1601110 559
1601120 557
1601130 554
1601140 553
1601150 553
1601160 550
1601170 547
1601180 547
1601190 543
1601200 540
1601210 540
1601220 539
1601230 539
1601240 539
1601250 540
1601260 541
1601270 541
1601280 539
1601290 537
1601300 537
1601310 537
1601320 540
1601330 543
1601340 543
1601350 541
1601360 533
1601370 533
1601380 526
1601390 519
1601400 519
1601410 510
1601420 502
1601430 502
1601440 495
1601450 488
1601460 482
1601470 482
1601480 477
1601490 472
1601500 472
1601510 467
1601520 464
1601530 464
1601540 463
1601550 460
1601560 460
1601570 459
1601580 458
1601590 458
1601600 458
1601610 457
1601620 456
1601630 456
1601640 455
1601650 455
1601660 455
1601670 454
1601680 454
1601690 454
1601700 453
1601710 453
1601720 453
1601730 453
1601740 453
1601750 453
1601760 453
1601770 453
1601780 453
1601790 453
1601800 452
1601810 452
1601820 452
1601830 452
1601840 452
1601850 452
1601860 452
1601870 452
1601880 452
1601890 452
1601900 452
1601910 452
1601920 452
1601930 452
1601940 452
1601950 452
1601960 452
1601970 452
1601980 452
1601990 453
1602000 453
1602010 453
1602020 453
1602030 453
1602040 453
1602050 452
1602060 452
1602070 452
1602080 452
1602090 451
1602100 451
1602110 452
1602120 451
1602130 451
1602140 451
1602150 451
1602160 451
1602170 451
1602180 451
1602190 451
1602200 451
1602210 451
1602220 451
1602230 451
1602240 451
1602250 451
1602260 451
1602270 451
1602280 451
1602290 450
1602300 450
1602310 450
1602320 450
1602330 450
1602340 450
1602350 450
1602360 450
1602370 450
1602380 450
1602390 450
1602400 450
1602410 450
1602420 450
1602430 450
1602440 450
1602450 450
1602460 450
1602470 450
1602480 450
1602490 450
1602500 450
1602510 450
1602520 450
1602530 450
1602540 449
1602550 449
1602560 449
1602570 449
1602580 449
1602590 449
1602600 449
1602610 449
1602620 449
1602630 449
1602640 449
1602650 449
1602660 449
1602670 448
1602680 448
1602690 448
1602700 448
1602710 448
1602720 448
1602730 448
1602740 448
1602750 448
1602760 448
1602770 448
1602780 448
1602790 448
1602800 448
1602810 448
1602820 448
1602830 448
1602840 448
1602850 448
1602860 448
1602870 448
1602880 448
1602890 448
1602900 448
1602910 448
1602920 448
1602930 448
1602940 448
1602950 448
1602960 448
1602970 448
1602980 448
1602990 447
1603000 447
1603010 447
1603020 448
1603030 448
1603040 448
1603050 447
1603060 447
1603070 447
1603080 447
1603090 447
1603100 447
1603110 447
1603120 447
1603130 447
1603140 447
1603150 447
1603160 447
1603170 447
1603180 447
1603190 447
1603200 447
1603210 447
1603220 447
1603230 447
1603240 447
1603250 447
1603260 447
1603270 447
1603280 447
1603290 447
1603300 447
1603310 448
1603320 448
1603330 448
1603340 448
1603350 448
1603360 448
1603370 448
1603380 448
1603390 448
1603400 447
1603410 447
1603420 447
1603430 447
1603440 447
1603450 447
1603460 447
1603470 447
1603480 447
1603490 446
1603500 446
1603510 446
1603520 446
1603530 446
1603540 446
1603550 446
1603560 446
1603570 446
1603580 446
1603590 446
1603600 446
1603610 446
1603620 446
1603630 447
1603640 447
1603650 447
1603660 447
1603670 447
1603680 447
1603690 447
1603700 447
1603710 447
1603720 447
1603730 446
1603740 446
1603750 446
1603760 446
1603770 446
1603780 446
1603790 446
1603800 446
1603810 446
1603820 447
1603830 447
1603840 447
1603850 447
1603860 447
1603870 447
1603880 446
1603890 446
1603900 446
1603910 446
1603920 447
1603930 447
1603940 447
1603950 447
1603960 447
1603970 447
1603980 446
1603990 446
1604000 446
1604010 446
1604020 446
1604030 446
1604040 446
1604050 446
1604060 446
1604070 446
1604080 446
1604090 446
1604100 446
1604110 444
1604120 444
1604130 443
1604140 443
1604150 443
1604160 442
1604170 442
1604180 442
1604190 442
1604200 442
1604210 442
1604220 442
1604230 442
1604240 442
1604250 442
1604260 441
1604270 441
1604280 441
1604290 442
1604300 442
1604310 442
1604320 442
1604330 442
1604340 442
1604350 442
1604360 442
1604370 442
1604380 442
1604390 442
1604400 442
1604410 442
1604420 442
1604430 442
1604440 442
1604450 442
1604460 442
1604470 442
1604480 442
1604490 442
1604500 442
1604510 442
1604520 442
1604530 442
1604540 442
1604550 442
1604560 442
1604570 442
1604580 442
1604590 442
1604600 442
1604610 442
1604620 442
1604630 442
1604640 442
1604650 442
1604660 442
1604670 442
1604680 442
1604690 442
1604700 442
1604710 442
1604720 442
1604730 442
1604740 442
1604750 442
1604760 442
1604770 442
1604780 442
1604790 442
1604800 442
1604810 442
1604820 442
1604830 442
1604840 442
1604850 442
1604860 442
1604870 442
1604880 442
1604890 442
1604900 442
1604910 442
1604920 442
1604930 442
1604940 442
1604950 442
1604960 442
1604970 442
1604980 442
1604990 442
1605000 442
1605010 442
1605020 442
1605030 442
1605040 442
1605050 442
1605060 442
1605070 442
1605080 442
1605090 442
1605100 442
1605110 442
1605120 442
1605130 442
1605140 442
1605150 442
1605160 442
1605170 442
1605180 442
1605190 442
1605200 442
1605210 442
1605220 442
1605230 442
1605240 442
1605250 442
1605260 442
1605270 442
1605280 442
1605290 442
1605300 442
1605310 442
1605320 442
1605330 442
1605340 442
1605350 442
1605360 442
1605370 442
1605380 442
1605390 442
1605400 442
1605410 442
1605420 442
1605430 442
1605440 442
1605450 442
1605460 442
1605470 442
1605480 442
1605490 442
1605500 442
1605510 442
1605520 442
1605530 442
1605540 442
1605550 442
1605560 442
1605570 441
1605580 441
1605590 441
1605600 441
1605610 441
1605620 441
1605630 441
1605640 441
1605650 441
1605660 441
1605670 441
1605680 441
1605690 441
1605700 441
1605710 441
1605720 441
1605730 441
1605740 441
1605750 441
1605760 441
1605770 441
1605780 441
1605790 441
1605800 441
1605810 441
1605820 441
1605830 440
1605840 440
1605850 440
1605860 440
1605870 440
1605880 440
1605890 440
1605900 440
1605910 440
1605920 440
1605930 439
1605940 439
1605950 439
1605960 439
1605970 439
1605980 439
1605990 439
1606000 439
1606010 439
1606020 439
1606030 439
1606040 439
1606050 439
1606060 439
1606070 439
1606080 439
1606090 439
1606100 439
1606110 439
1606120 439
1606130 439
1606140 439
1606150 439
1606160 439
1606170 439
1606180 439
1606190 439
1606200 439
1606210 439
1606220 439
1606230 439
1606240 439
1606250 438
1606260 438
1606270 438
1606280 437
1606290 437
1606300 437
1606310 437
1606320 437
1606330 437
1606340 437
1606350 437
1606360 437
1606370 438
1606380 437
1606390 437
1606400 438
1606410 437
1606420 437
1606430 437
1606440 437
1606450 437
1606460 437
1606470 437
1606480 437
1606490 437
1606500 437
1606510 437
1606520 437
1606530 437
1606540 437
1606550 437
1606560 437
1606570 436
1606580 436
1606590 436
1606600 436
1606610 436
1606620 436
1606630 436
1606640 436
1606650 436
1606660 437
1606670 437
1606680 437
1606690 437
1606700 437
1606710 437
1606720 437
1606730 437
1606740 437
1606750 437
1606760 437
1606770 437
1606780 437
1606790 437
1606800 437
1606810 437
1606820 437
1606830 437
1606840 437
1606850 437
1606860 437
1606870 437
1606880 437
1606890 437
1606900 437
1606910 437
1606920 437
1606930 437
1606940 437
1606950 437
1606960 437
1606970 437
1606980 436
1606990 437
1607000 437
1607010 437
1607020 437
1607030 437
1607040 437
1607050 437
1607060 437
1607070 437
1607080 437
1607090 437
1607100 437
1607110 437
1607120 436
1607130 436
1607140 435
1607150 436
1607160 436
1607170 437
1607180 437
1607190 437
1607200 437
1607210 437
1607220 437
1607230 437
1607240 437
1607250 437
1607260 437
1607270 437
1607280 436
1607290 436
1607300 436
1607310 436
1607320 436
1607330 436
1607340 436
1607350 436
1607360 436
1607370 436
1607380 436
1607390 436
1607400 436
1607410 436
1607420 436
1607430 437
1607440 439
1607450 439
1607460 442
1607470 442
1607480 442
1607490 442
1607500 442
1607510 442
1607520 442
1607530 442
1607540 442
1607550 442
1607560 442
1607570 442
1607580 442
1607590 442
1607600 443
1607610 443
1607620 443
1607630 443
1607640 443
1607650 444
1607660 444
1607670 444
1607680 444
1607690 444
1607700 444
1607710 445
1607720 445
1607730 445
1607740 445
1607750 445
1607760 445
1607770 445
1607780 445
1607790 446
1607800 446
1607810 447
1607820 448
1607830 448
1607840 449
1607850 450
1607860 450
1607870 450
1607880 450
1607890 450
1607900 450
1607910 450
1607920 450
1607930 450
1607940 450
1607950 451
1607960 451
1607970 450
1607980 450
1607990 450
1608000 450
1608010 450
1608020 450
1608030 450
1608040 450
1608050 450
1608060 450
1608070 450
1608080 450
1608090 450
1608100 450
1608110 449
1608120 449
1608130 449
1608140 449
1608150 449
1608160 449
1608170 449
1608180 449
1608190 449
1608200 449
1608210 449
1608220 449
1608230 449
1608240 449
1608250 449
1608260 449
1608270 449
1608280 449
1608290 449
1608300 449
1608310 449
1608320 449
1608330 449
1608340 449
1608350 449
1608360 449
1608370 449
1608380 449
1608390 449
1608400 449
1608410 449
1608420 449
1608430 449
1608440 449
1608450 448
1608460 448
1608470 448
1608480 449
1608490 448
1608500 448
1608510 448
1608520 448
1608530 448
1608540 448
1608550 448
1608560 448
1608570 448
1608580 449
1608590 449
1608600 449
1608610 449
1608620 449
1608630 449
1608640 449
1608650 449
1608660 449
1608670 449
1608680 449
1608690 449
1608700 449
1608710 449
1608720 449
1608730 449
1608740 449
1608750 449
1608760 449
1608770 449
1608780 449
1608790 449
1608800 449
1608810 449
1608820 449
1608830 449
1608840 449
1608850 449
1608860 449
1608870 449
1608880 449
1608890 449
1608900 449
1608910 449
1608920 449
1608930 449
1608940 449
1608950 449
1608960 449
1608970 449
1608980 449
1608990 449
1609000 449
1609010 449
1609020 449
1609030 448
1609040 448
1609050 448
1609060 448
1609070 448
1609080 448
1609090 448
1609100 448
1609110 448
1609120 448
1609130 448
1609140 448
1609150 448
1609160 448
1609170 448
1609180 448
1609190 448
1609200 448
1609210 448
1609220 448
1609230 448
1609240 448
1609250 448
1609260 448
1609270 448
1609280 448
1609290 448
1609300 448
1609310 448
1609320 448
1609330 448
1609340 448
1609350 448
1609360 448
1609370 448
1609380 448
1609390 449
1609400 449
1609410 449
1609420 451
1609430 451
1609440 452
1609450 452
1609460 452
1609470 453
1609480 453
1609490 453
1609500 453
1609510 452
1609520 452
1609530 452
1609540 452
1609550 452
1609560 452
1609570 452
1609580 451
1609590 451
1609600 451
1609610 450
1609620 450
1609630 450
1609640 450
1609650 450
1609660 450
1609670 450
1609680 450
1609690 450
1609700 452
1609710 451
1609720 451
1609730 451
1609740 451
1609750 451
1609760 451
1609770 451
1609780 451
1609790 451
1609800 450
1609810 450
1609820 450
1609830 449
1609840 449
1609850 449
1609860 449
1609870 448
1609880 448
1609890 448
1609900 448
1609910 448
1609920 447
1609930 447
1609940 447
1609950 447
1609960 447
1609970 447
1609980 447
1609990 447
1610000 447
1610010 447
1610020 447
1610030 447
1610040 447
1610050 447
1610060 447
1610070 447
1610080 447
1610090 447
1610100 447
1610110 447
1610120 447
1610130 447
1610140 448
1610150 447
1610160 447
1610170 447
1610180 447
1610190 447
1610200 447
1610210 447
1610220 447
1610230 447
1610240 447
1610250 448
1610260 448
1610270 448
1610280 448
1610290 448
1610300 449
1610310 449
1610320 449
1610330 450
1610340 450
1610350 451
1610360 451
1610370 451
1610380 452
1610390 452
1610400 452
1610410 452
1610420 452
1610430 453
1610440 453
1610450 453
1610460 452
1610470 452
1610480 452
1610490 452
1610500 452
1610510 452
1610520 452
1610530 452
1610540 452
1610550 452
1610560 452
1610570 452
1610580 452
1610590 452
1610600 452
1610610 452
1610620 452
1610630 452
1610640 452
1610650 451
1610660 451
1610670 452
1610680 452
1610690 452
1610700 452
1610710 452
1610720 452
1610730 452
1610740 452
1610750 452
1610760 452
1610770 452
1610780 452
1610790 452
1610800 452
1610810 452
1610820 451
1610830 451
1610840 451
1610850 451
1610860 451
1610870 451
1610880 452
1610890 451
1610900 451
1610910 451
1610920 451
1610930 451
1610940 451
1610950 451
1610960 451
1610970 451
1610980 451
1610990 451
1611000 451
1611010 451
1611020 451
1611030 451
1611040 451
1611050 451
1611060 451
1611070 451
1611080 452
1611090 452
1611100 452
1611110 452
1611120 452
1611130 452
1611140 452
1611150 452
1611160 452
1611170 452
1611180 452
1611190 452
1611200 452
1611210 453
1611220 453
1611230 453
1611240 453
1611250 453
1611260 453
1611270 453
1611280 453
1611290 452
1611300 452
1611310 452
1611320 452
1611330 452
1611340 452
1611350 452
1611360 452
1611370 452
1611380 452
1611390 452
1611400 453
1611410 453
1611420 453
1611430 456
1611440 456
1611450 457
1611460 458
1611470 458
1611480 458
1611490 459
1611500 461
1611510 461
1611520 463
1611530 465
1611540 465
1611550 466
1611560 467
1611570 467
1611580 469
1611590 470
1611600 470
1611610 472
1611620 474
1611630 477
1611640 477
1611650 482
1611660 485
1611670 485
1611680 489
1611690 491
1611700 491
1611710 491
1611720 491
1611730 491
1611740 494
1611750 496
1611760 496
1611770 498
1611780 501
1611790 501
1611800 504
1611810 507
1611820 510
1611830 510
1611840 512
1611850 514
1611860 514
1611870 516
1611880 518
1611890 518
1611900 519
1611910 520
1611920 520
1611930 521
1611940 523
1611950 523
1611960 524
1611970 526
1611980 527
1611990 527
1612000 529
1612010 531
1612020 531
1612030 533
1612040 535
1612050 535
1612060 537
1612070 538
1612080 538
1612090 540
1612100 541
1612110 541
1612120 542
1612130 542
1612140 543
1612150 543
1612160 543
1612170 544
1612180 544
1612190 544
1612200 544
1612210 544
1612220 542
1612230 539
1612240 539
1612250 534
1612260 529
1612270 529
1612280 525
1612290 522
1612300 520
1612310 520
1612320 519
1612330 519
1612340 519
1612350 519
1612360 519
1612370 519
1612380 519
1612390 519
1612400 519
1612410 518
1612420 517
1612430 517
1612440 515
1612450 512
1612460 509
1612470 509
1612480 507
1612490 507
1612500 507
1612510 509
1612520 510
1612530 510
1612540 512
1612550 513
1612560 513
1612570 513
1612580 513
1612590 513
1612600 513
1612610 512
1612620 512
1612630 512
1612640 512
1612650 512
1612660 512
1612670 513
1612680 513
1612690 513
1612700 514
1612710 515
1612720 515
1612730 516
1612740 518
1612750 518
1612760 519
1612770 520
1612780 521
1612790 521
1612800 522
1612810 523
1612820 523
1612830 524
1612840 524
1612850 524
1612860 525
1612870 526
1612880 526
1612890 527
1612900 527
1612910 527
1612920 527
1612930 526
1612940 526
1612950 526
1612960 526
1612970 527
1612980 527
1612990 527
1613000 527
1613010 527
1613020 527
1613030 526
1613040 526
1613050 525
1613060 525
1613070 525
1613080 524
1613090 523
1613100 523
1613110 523
1613120 522
1613130 521
1613140 521
1613150 520
1613160 519
1613170 519
1613180 519
1613190 519
1613200 519
1613210 519
1613220 518
1613230 518
1613240 518
1613250 518
1613260 517
1613270 517
1613280 517
1613290 517
1613300 517
1613310 517
1613320 515
1613330 515
1613340 514
1613350 513
1613360 513
1613370 512
1613380 512
1613390 512
1613400 510
1613410 510
1613420 510
1613430 510
1613440 511
1613450 511
1613460 511
1613470 512
1613480 512
1613490 512
1613500 513
1613510 514
1613520 514
1613530 514
1613540 515
1613550 515
1613560 515
1613570 516
1613580 516
1613590 516
1613600 517
1613610 518
1613620 518
1613630 518
1613640 518
1613650 518
1613660 518
1613670 518
1613680 518
1613690 518
1613700 518
1613710 518
1613720 518
1613730 519
1613740 519
1613750 519
1613760 519
1613770 520
1613780 520
1613790 522
1613800 525
1613810 525
1613820 527
1613830 528
1613840 528
1613850 531
1613860 533
1613870 533
1613880 534
1613890 535
1613900 536
1613910 536
1613920 537
1613930 537
1613940 537
1613950 537
1613960 536
1613970 536
1613980 534
1613990 532
1614000 532
1614010 530
1614020 528
1614030 528
1614040 527
1614050 525
1614060 525
1614070 525
1614080 524
1614090 523
1614100 523
1614110 523
1614120 523
1614130 523
1614140 523
1614150 523
1614160 523
1614170 523
1614180 523
1614190 523
1614200 523
1614210 524
1614220 524
1614230 524
1614240 525
1614250 527
1614260 527
1614270 529
1614280 531
1614290 531
1614300 533
1614310 536
1614320 536
1614330 538
1614340 541
1614350 541
1614360 543
1614370 546
1614380 547
1614390 547
1614400 549
1614410 550
1614420 550
1614430 551
1614440 553
1614450 553
1614460 554
1614470 555
1614480 555
1614490 556
1614500 558
1614510 558
1614520 559
1614530 560
1614540 561
1614550 561
1614560 561
1614570 562
1614580 562
1614590 563
1614600 563
1614610 563
1614620 564
1614630 564
1614640 564
1614650 564
1614660 564
1614670 564
1614680 563
1614690 563
1614700 562
1614710 562
1614720 560
1614730 559
1614740 559
1614750 557
1614760 555
1614770 555
1614780 553
1614790 550
1614800 550
1614810 547
1614820 544
1614830 544
1614840 541
1614850 538
1614860 535
1614870 535
1614880 531
1614890 528
1614900 528
1614910 525
1614920 522
1614930 522
1614940 521
1614950 520
1614960 520
1614970 519
1614980 518
1614990 518
1615000 516
1615010 516
1615020 516
1615030 514
1615040 512
1615050 511
1615060 511
1615070 510
1615080 509
1615090 509
1615100 508
1615110 507
1615120 507
1615130 507
1615140 506
1615150 506
1615160 505
1615170 505
1615180 505
1615190 504
1615200 504
1615210 503
1615220 503
1615230 503
1615240 502
1615250 502
1615260 502
1615270 502
1615280 502
1615290 501
1615300 501
1615310 501
1615320 502
1615330 502
1615340 502
1615350 502
1615360 502
1615370 502
1615380 502
1615390 502
1615400 502
1615410 502
1615420 502
1615430 502
1615440 502
1615450 502
1615460 502
1615470 502
1615480 503
1615490 503
1615500 503
1615510 504
1615520 504
1615530 504
1615540 504
1615550 505
1615560 505
1615570 505
1615580 506
1615590 507
1615600 507
1615610 508
1615620 510
1615630 510
1615640 513
1615650 514
1615660 514
1615670 515
1615680 516
1615690 518
1615700 518
1615710 521
1615720 524
1615730 524
1615740 527
1615750 530
1615760 530
1615770 532
1615780 534
1615790 534
1615800 534
1615810 534
1615820 534
1615830 533
1615840 533
1615850 531
1615860 531
1615870 530
1615880 529
1615890 529
1615900 527
1615910 525
1615920 525
1615930 523
1615940 521
1615950 521
1615960 519
1615970 517
1615980 517
1615990 516
1616000 515
1616010 513
1616020 513
1616030 513
1616040 512
1616050 512
1616060 510
1616070 509
1616080 509
1616090 508
1616100 508
1616110 508
1616120 508
1616130 507
1616140 507
1616150 507
1616160 506
1616170 506
1616180 506
1616190 505
1616200 506
1616210 506
1616220 506
1616230 507
1616240 507
1616250 507
1616260 509
1616270 509
1616280 509
1616290 509
1616300 509
1616310 510
1616320 510
1616330 511
1616340 511
1616350 512
1616360 514
1616370 514
1616380 515
1616390 515
1616400 515
1616410 516
1616420 517
1616430 517
1616440 518
1616450 520
1616460 520
1616470 521
1616480 522
1616490 523
1616500 523
1616510 525
1616520 526
1616530 526
1616540 527
1616550 528
1616560 528
1616570 528
1616580 529
1616590 529
1616600 530
1616610 531
1616620 531
1616630 532
1616640 532
1616650 532
1616660 532
1616670 532
1616680 532
1616690 532
1616700 532
1616710 531
1616720 531
1616730 530
1616740 529
1616750 529
1616760 527
1616770 525
1616780 525
1616790 523
1616800 521
1616810 518
1616820 518
1616830 517
1616840 515
1616850 515
1616860 513
1616870 511
1616880 511
1616890 509
1616900 509
1616910 509
1616920 508
1616930 508
1616940 508
1616950 511
1616960 514
1616970 514
1616980 514
1616990 515
1617000 516
1617010 516
1617020 517
1617030 519
1617040 519
1617050 520
1617060 521
1617070 521
1617080 521
1617090 522
1617100 522
1617110 522
1617120 522
1617130 523
1617140 523
1617150 523
1617160 523
1617170 523
1617180 522
1617190 522
1617200 522
1617210 522
1617220 523
1617230 523
1617240 523
1617250 519
1617260 519
1617270 518
1617280 517
1617290 515
1617300 515
1617310 513
1617320 513
1617330 513
1617340 511
1617350 509
1617360 509
1617370 506
1617380 504
1617390 504
1617400 502
1617410 500
1617420 500
1617430 497
1617440 494
1617450 491
1617460 491
1617470 491
1617480 492
1617490 492
1617500 493
1617510 492
1617520 492
1617530 491
1617540 489
1617550 489
1617560 488
1617570 487
1617580 487
1617590 487
1617600 486
1617610 486
1617620 486
1617630 485
1617640 484
1617650 484
1617660 484
1617670 484
1617680 484
1617690 483
1617700 483
1617710 483
1617720 482
1617730 481
1617740 481
1617750 481
1617760 482
1617770 482
1617780 482
1617790 480
1617800 478
1617810 478
1617820 475
1617830 475
1617840 475
1617850 475
1617860 476
1617870 476
1617880 475
1617890 474
1617900 474
1617910 472
1617920 471
1617930 472
1617940 472
1617950 474
1617960 475
1617970 475
1617980 475
1617990 474
1618000 474
1618010 473
1618020 471
1618030 471
1618040 470
1618050 469
1618060 469
1618070 469
1618080 469
1618090 469
1618100 468
1618110 468
1618120 468
1618130 468
1618140 467
1618150 467
1618160 467
1618170 467
1618180 467
1618190 466
1618200 466
1618210 466
1618220 466
1618230 465
1618240 465
1618250 465
1618260 465
1618270 465
1618280 465
1618290 465
1618300 465
1618310 466
1618320 466
1618330 466
1618340 467
1618350 467
1618360 468
1618370 468
1618380 468
1618390 469
1618400 470
1618410 470
1618420 470
1618430 470
1618440 471
1618450 471
1618460 471
1618470 471
1618480 471
1618490 472
1618500 473
1618510 473
1618520 473
1618530 474
1618540 474
1618550 476
1618560 477
1618570 477
1618580 477
1618590 479
1618600 480
1618610 480
1618620 480
1618630 480
1618640 480
1618650 481
1618660 482
1618670 482
1618680 484
1618690 486
1618700 486
1618710 488
1618720 489
1618730 489
1618740 491
1618750 492
1618760 493
1618770 493
1618780 493
1618790 494
1618800 494
1618810 495
1618820 497
1618830 497
1618840 498
1618850 500
1618860 500
1618870 502
1618880 503
1618890 503
1618900 504
1618910 505
1618920 507
1618930 507
1618940 509
1618950 510
1618960 510
1618970 511
1618980 513
1618990 513
1619000 515
1619010 516
1619020 516
1619030 516
1619040 516
1619050 516
1619060 517
1619070 517
1619080 518
1619090 518
1619100 520
1619110 521
1619120 521
1619130 526
1619140 528
1619150 528
1619160 529
1619170 529
1619180 529
1619190 529
1619200 530
1619210 530
1619220 532
1619230 534
1619240 536
1619250 536
1619260 537
1619270 538
1619280 538
1619290 539
1619300 540
1619310 540
1619320 542
1619330 544
1619340 544
1619350 546
1619360 549
1619370 549
1619380 552
1619390 556
1619400 560
1619410 560
1619420 562
1619430 564
1619440 564
1619450 563
1619460 562
1619470 562
1619480 562
1619490 563
1619500 563
1619510 566
1619520 569
1619530 569
1619540 573
1619550 577
1619560 581
1619570 581
1619580 585
1619590 589
1619600 589
1619610 593
1619620 597
1619630 597
1619640 601
1619650 605
1619660 605
1619670 610
1619680 615
1619690 615
1619700 621
1619710 627
1619720 633
1619730 633
1619740 637
1619750 640
1619760 640
1619770 644
1619780 648
1619790 648
1619800 652
1619810 655
1619820 655
1619830 658
1619840 660
1619850 660
1619860 663
1619870 665
1619880 668
1619890 668
1619900 669
1619910 670
1619920 670
1619930 670
1619940 670
1619950 670
1619960 669
1619970 669
1619980 669
1619990 667
