1600000 519
1600010 519
1600020 519
1600030 519
1600040 518
1600050 518
1600060 518
1600070 518
1600080 518
1600090 518
1600100 518
1600110 518
1600120 518
1600130 518
1600140 518
1600150 518
1600160 518
1600170 518
1600180 518
1600190 518
1600200 518
1600210 518
1600220 518
1600230 518
1600240 518
1600250 517
1600260 517
1600270 517
1600280 517
1600290 517
1600300 517
1600310 517
1600320 517
1600330 517
1600340 517
1600350 517
1600360 517
1600370 517
1600380 517
1600390 517
1600400 517
1600410 517
1600420 517
1600430 516
1600440 516
1600450 516
1600460 516
1600470 515
1600480 515
1600490 513
1600500 510
1600510 510
1600520 509
1600530 507
1600540 507
1600550 506
1600560 503
1600570 499
1600580 499
1600590 496
1600600 493
1600610 493
1600620 494
1600630 496
1600640 496
1600650 498
1600660 499
1600670 499
1600680 499
1600690 498
1600700 498
1600710 498
1600720 498
1600730 497
1600740 497
1600750 497
1600760 497
1600770 497
1600780 497
1600790 498
1600800 498
1600810 498
1600820 499
1600830 499
1600840 499
1600850 499
1600860 499
1600870 499
1600880 499
1600890 498
1600900 498
1600910 498
1600920 497
1600930 497
1600940 496
1600950 496
1600960 496
1600970 495
1600980 495
1600990 495
1601000 494
1601010 493
1601020 493
1601030 492
1601040 492
1601050 492
1601060 492
1601070 491
1601080 491
1601090 491
1601100 490
1601110 489
1601120 489
1601130 489
1601140 488
1601150 488
1601160 488
1601170 487
1601180 487
1601190 486
1601200 484
1601210 484
1601220 483
1601230 482
1601240 482
1601250 482
1601260 481
1601270 480
1601280 480
1601290 480
1601300 480
1601310 480
1601320 479
1601330 479
1601340 479
1601350 478
1601360 478
1601370 478
1601380 478
1601390 477
1601400 477
1601410 477
1601420 477
1601430 476
1601440 476
1601450 476
1601460 476
1601470 476
1601480 476
1601490 476
1601500 475
1601510 475
1601520 475
1601530 475
1601540 475
1601550 476
1601560 476
1601570 476
1601580 475
1601590 473
1601600 473
1601610 469
1601620 468
1601630 468
1601640 468
1601650 468
1601660 468
1601670 468
1601680 468
1601690 468
1601700 468
1601710 468
1601720 468
1601730 468
1601740 468
1601750 468
1601760 468
1601770 468
1601780 468
1601790 468
1601800 468
1601810 468
1601820 468
1601830 468
1601840 468
1601850 468
1601860 469
1601870 470
1601880 471
1601890 471
1601900 472
1601910 472
1601920 472
1601930 472
1601940 472
1601950 472
1601960 472
1601970 472
1601980 472
1601990 473
1602000 474
1602010 474
1602020 474
1602030 474
1602040 474
1602050 474
1602060 476
1602070 480
1602080 480
1602090 485
1602100 490
1602110 490
1602120 494
1602130 499
1602140 499
1602150 502
1602160 503
1602170 503
1602180 503
1602190 504
1602200 505
1602210 505
1602220 506
1602230 509
1602240 509
1602250 512
1602260 515
1602270 515
1602280 516
1602290 517
1602300 517
1602310 517
1602320 518
1602330 518
1602340 518
1602350 518
1602360 518
1602370 518
1602380 518
1602390 518
1602400 518
1602410 518
1602420 518
1602430 518
1602440 519
1602450 521
1602460 521
1602470 522
1602480 525
1602490 525
1602500 526
1602510 527
1602520 527
1602530 527
1602540 528
1602550 528
1602560 528
1602570 528
1602580 528
1602590 528
1602600 527
1602610 526
1602620 526
1602630 525
1602640 524
1602650 524
1602660 523
1602670 523
1602680 523
1602690 522
1602700 521
1602710 521
1602720 521
1602730 521
1602740 521
1602750 521
1602760 521
1602770 522
1602780 522
1602790 522
1602800 522
1602810 522
1602820 521
1602830 521
1602840 521
1602850 520
1602860 519
1602870 519
1602880 519
1602890 518
1602900 517
1602910 517
1602920 517
1602930 516
1602940 516
1602950 516
1602960 516
1602970 516
1602980 516
1602990 515
1603000 515
1603010 514
1603020 514
1603030 513
1603040 513
1603050 513
1603060 512
1603070 512
1603080 512
1603090 511
1603100 511
1603110 510
1603120 510
1603130 510
1603140 508
1603150 506
1603160 506
1603170 504
1603180 502
1603190 500
1603200 500
1603210 498
1603220 496
1603230 496
1603240 494
1603250 493
1603260 493
1603270 491
1603280 489
1603290 489
1603300 487
1603310 486
1603320 486
1603330 484
1603340 483
1603350 481
1603360 481
1603370 479
1603380 477
1603390 477
1603400 475
1603410 473
1603420 473
1603430 472
1603440 470
1603450 470
1603460 469
1603470 468
1603480 468
1603490 467
1603500 467
1603510 466
1603520 466
1603530 466
1603540 466
1603550 466
1603560 465
1603570 465
1603580 465
1603590 464
1603600 464
1603610 464
1603620 464
1603630 464
1603640 464
1603650 464
1603660 463
1603670 463
1603680 463
1603690 462
1603700 462
1603710 462
1603720 461
1603730 461
1603740 461
1603750 461
1603760 461
1603770 461
1603780 461
1603790 461
1603800 461
1603810 462
1603820 461
1603830 461
1603840 461
1603850 461
1603860 460
1603870 460
1603880 460
1603890 460
1603900 460
1603910 460
1603920 460
1603930 460
1603940 460
1603950 460
1603960 460
1603970 459
1603980 459
1603990 459
1604000 459
1604010 459
1604020 460
1604030 460
1604040 460
1604050 460
1604060 460
1604070 461
1604080 461
1604090 461
1604100 462
1604110 464
1604120 464
1604130 466
1604140 467
1604150 467
1604160 466
1604170 465
1604180 465
1604190 465
1604200 465
1604210 465
1604220 465
1604230 464
1604240 464
1604250 464
1604260 463
1604270 463
1604280 463
1604290 463
1604300 463
1604310 463
1604320 463
1604330 463
1604340 463
1604350 463
1604360 463
1604370 462
1604380 462
1604390 462
1604400 462
1604410 462
1604420 462
1604430 462
1604440 462
1604450 462
1604460 461
1604470 461
1604480 461
1604490 461
1604500 461
1604510 461
1604520 461
1604530 461
1604540 461
1604550 461
1604560 461
1604570 461
1604580 461
1604590 461
1604600 461
1604610 461
1604620 460
1604630 460
1604640 460
1604650 460
1604660 460
1604670 460
1604680 460
1604690 460
1604700 460
1604710 460
1604720 459
1604730 459
1604740 459
1604750 459
1604760 459
1604770 459
1604780 459
1604790 459
1604800 459
1604810 459
1604820 459
1604830 459
1604840 459
1604850 459
1604860 459
1604870 460
1604880 460
1604890 460
1604900 460
1604910 460
1604920 460
1604930 460
1604940 460
1604950 460
1604960 460
1604970 460
1604980 460
1604990 460
1605000 460
1605010 460
1605020 460
1605030 460
1605040 460
1605050 460
1605060 460
1605070 460
1605080 460
1605090 460
1605100 460
1605110 460
1605120 460
1605130 460
1605140 460
1605150 460
1605160 460
1605170 460
1605180 460
1605190 461
1605200 461
1605210 461
1605220 461
1605230 461
1605240 461
1605250 461
1605260 462
1605270 462
1605280 462
1605290 462
1605300 463
1605310 463
1605320 462
1605330 462
1605340 462
1605350 463
1605360 462
1605370 462
1605380 462
1605390 461
1605400 461
1605410 461
1605420 460
1605430 460
1605440 460
1605450 460
1605460 459
1605470 459
1605480 459
1605490 459
1605500 459
1605510 459
1605520 459
1605530 459
1605540 459
1605550 459
1605560 459
1605570 459
1605580 459
1605590 459
1605600 459
1605610 458
1605620 458
1605630 458
1605640 458
1605650 459
1605660 459
1605670 459
1605680 460
1605690 460
1605700 461
1605710 462
1605720 462
1605730 462
1605740 466
1605750 466
1605760 470
1605770 474
1605780 474
1605790 480
1605800 486
1605810 489
1605820 489
1605830 490
1605840 491
1605850 491
1605860 492
1605870 493
1605880 493
1605890 492
1605900 490
1605910 490
1605920 489
1605930 486
1605940 486
1605950 484
1605960 482
1605970 481
1605980 481
1605990 481
1606000 480
1606010 480
1606020 480
1606030 480
1606040 480
1606050 481
1606060 482
1606070 482
1606080 483
1606090 483
1606100 483
1606110 484
1606120 484
1606130 484
1606140 484
1606150 484
1606160 485
1606170 485
1606180 485
1606190 486
1606200 486
1606210 486
1606220 488
1606230 488
1606240 490
1606250 494
1606260 494
1606270 498
1606280 501
1606290 502
1606300 502
1606310 504
1606320 506
1606330 506
1606340 509
1606350 513
1606360 513
1606370 518
1606380 524
1606390 524
1606400 530
1606410 532
1606420 532
1606430 532
1606440 531
1606450 530
1606460 530
1606470 530
1606480 530
1606490 530
1606500 530
1606510 529
1606520 529
1606530 527
1606540 524
1606550 524
1606560 521
1606570 518
1606580 518
1606590 516
1606600 513
1606610 511
1606620 511
1606630 507
1606640 504
1606650 504
1606660 500
1606670 497
1606680 497
1606690 492
1606700 487
1606710 487
1606720 483
1606730 481
1606740 481
1606750 478
1606760 475
1606770 473
1606780 473
1606790 470
1606800 468
1606810 468
1606820 466
1606830 464
1606840 464
1606850 462
1606860 461
1606870 461
1606880 460
1606890 458
1606900 458
1606910 455
1606920 453
1606930 453
1606940 452
1606950 452
1606960 452
1606970 452
1606980 452
1606990 451
1607000 451
1607010 451
1607020 451
1607030 451
1607040 451
1607050 451
1607060 451
1607070 451
1607080 451
1607090 451
1607100 451
1607110 451
1607120 451
1607130 451
1607140 451
1607150 451
1607160 451
1607170 451
1607180 451
1607190 451
1607200 451
1607210 451
1607220 451
1607230 450
1607240 450
1607250 450
1607260 450
1607270 449
1607280 449
1607290 449
1607300 448
1607310 448
1607320 448
1607330 447
1607340 447
1607350 447
1607360 447
1607370 447
1607380 447
1607390 447
1607400 447
1607410 447
1607420 447
1607430 447
1607440 447
1607450 447
1607460 447
1607470 447
1607480 447
1607490 447
1607500 447
1607510 447
1607520 447
1607530 446
1607540 446
1607550 446
1607560 446
1607570 446
1607580 446
1607590 446
1607600 446
1607610 446
1607620 446
1607630 446
1607640 446
1607650 445
1607660 444
1607670 444
1607680 444
1607690 445
1607700 445
1607710 446
1607720 446
1607730 446
1607740 446
1607750 446
1607760 446
1607770 446
1607780 446
1607790 446
1607800 446
1607810 446
1607820 446
1607830 446
1607840 446
1607850 446
1607860 446
1607870 446
1607880 446
1607890 446
1607900 446
1607910 446
1607920 446
1607930 446
1607940 446
1607950 446
1607960 446
1607970 446
1607980 446
1607990 446
1608000 446
1608010 446
1608020 446
1608030 446
1608040 446
1608050 446
1608060 446
1608070 446
1608080 446
1608090 446
1608100 446
1608110 446
1608120 446
1608130 446
1608140 446
1608150 446
1608160 446
1608170 446
1608180 446
1608190 448
1608200 450
1608210 450
1608220 451
1608230 451
1608240 452
1608250 452
1608260 454
1608270 455
1608280 455
1608290 458
1608300 461
1608310 461
1608320 463
1608330 465
1608340 465
1608350 466
1608360 467
1608370 467
1608380 467
1608390 467
1608400 467
1608410 468
1608420 468
1608430 469
1608440 469
1608450 470
1608460 472
1608470 472
1608480 472
1608490 473
1608500 473
1608510 473
1608520 474
1608530 474
1608540 475
1608550 476
1608560 476
1608570 478
1608580 481
1608590 483
1608600 483
1608610 486
1608620 489
1608630 489
1608640 493
1608650 497
1608660 497
1608670 501
1608680 504
1608690 504
1608700 507
1608710 510
1608720 510
1608730 511
1608740 514
1608750 519
1608760 519
1608770 524
1608780 529
1608790 529
1608800 534
1608810 535
1608820 535
1608830 538
1608840 542
1608850 542
1608860 546
1608870 551
1608880 551
1608890 556
1608900 561
1608910 564
1608920 564
1608930 568
1608940 572
1608950 572
1608960 577
1608970 581
1608980 581
1608990 585
1609000 590
1609010 590
1609020 594
1609030 596
1609040 596
1609050 598
1609060 600
1609070 601
1609080 601
1609090 602
1609100 604
1609110 604
1609120 608
1609130 610
1609140 610
1609150 612
1609160 614
1609170 614
1609180 616
1609190 618
1609200 618
1609210 621
1609220 624
1609230 625
1609240 625
1609250 627
1609260 627
1609270 627
1609280 628
1609290 628
1609300 628
1609310 628
1609320 628
1609330 628
1609340 629
1609350 629
1609360 629
1609370 630
1609380 630
1609390 630
1609400 630
1609410 630
1609420 630
1609430 630
1609440 630
1609450 629
1609460 629
1609470 629
1609480 630
1609490 630
1609500 631
1609510 631
1609520 631
1609530 632
1609540 632
1609550 633
1609560 633
1609570 633
1609580 633
1609590 633
1609600 634
1609610 634
1609620 634
1609630 635
1609640 635
1609650 635
1609660 636
1609670 637
1609680 637
1609690 637
1609700 638
1609710 638
1609720 638
1609730 639
1609740 640
1609750 640
1609760 642
1609770 644
1609780 644
1609790 646
1609800 647
1609810 647
1609820 643
1609830 643
1609840 643
1609850 642
1609860 643
1609870 643
1609880 646
1609890 648
1609900 649
1609910 649
1609920 651
1609930 653
1609940 653
1609950 655
1609960 658
1609970 658
1609980 660
1609990 659
1610000 659
1610010 660
1610020 661
1610030 661
1610040 661
1610050 658
1610060 656
1610070 656
1610080 656
1610090 656
1610100 656
1610110 656
1610120 655
1610130 655
1610140 655
1610150 655
1610160 655
1610170 655
1610180 656
1610190 656
1610200 658
1610210 662
1610220 665
1610230 665
1610240 668
1610250 670
1610260 670
1610270 670
1610280 669
1610290 669
1610300 668
1610310 667
1610320 667
1610330 666
1610340 663
1610350 663
1610360 661
1610370 658
1610380 655
1610390 655
1610400 653
1610410 652
1610420 652
1610430 651
1610440 649
1610450 649
1610460 648
1610470 646
1610480 646
1610490 644
1610500 642
1610510 642
1610520 639
1610530 636
1610540 633
1610550 633
1610560 630
1610570 627
1610580 627
1610590 624
1610600 621
1610610 621
1610620 618
1610630 615
1610640 615
1610650 612
1610660 611
1610670 611
1610680 611
1610690 608
1610700 604
1610710 604
1610720 602
1610730 601
1610740 601
1610750 600
1610760 598
1610770 598
1610780 596
1610790 595
1610800 595
1610810 593
1610820 586
1610830 586
1610840 585
1610850 584
1610860 583
1610870 583
1610880 582
1610890 581
1610900 581
1610910 579
1610920 577
1610930 577
1610940 576
1610950 575
1610960 575
1610970 574
1610980 573
1610990 573
1611000 573
1611010 573
1611020 573
1611030 573
1611040 572
1611050 571
1611060 571
1611070 570
1611080 569
1611090 569
1611100 567
1611110 566
1611120 566
1611130 564
1611140 561
1611150 561
1611160 557
1611170 554
1611180 550
1611190 550
1611200 547
1611210 544
1611220 544
1611230 541
1611240 538
1611250 538
1611260 536
1611270 534
1611280 534
1611290 532
1611300 531
1611310 531
1611320 531
1611330 532
1611340 532
1611350 533
1611360 533
1611370 533
1611380 533
1611390 533
1611400 533
1611410 533
1611420 534
1611430 534
1611440 534
1611450 534
1611460 534
1611470 534
1611480 535
1611490 535
1611500 535
1611510 536
1611520 536
1611530 536
1611540 536
1611550 536
1611560 536
1611570 536
1611580 535
1611590 534
1611600 534
1611610 533
1611620 532
1611630 532
1611640 531
1611650 530
1611660 530
1611670 530
1611680 529
1611690 528
1611700 528
1611710 527
1611720 527
1611730 527
1611740 526
1611750 526
1611760 526
1611770 525
1611780 525
1611790 525
1611800 525
1611810 524
1611820 524
1611830 523
1611840 523
1611850 523
1611860 523
1611870 522
1611880 522
1611890 522
1611900 521
1611910 521
1611920 521
1611930 521
1611940 521
1611950 521
1611960 521
1611970 521
1611980 521
1611990 521
1612000 521
1612010 521
1612020 521
1612030 521
1612040 521
1612050 521
1612060 521
1612070 522
1612080 522
1612090 522
1612100 522
1612110 522
1612120 522
1612130 522
1612140 522
1612150 522
1612160 522
1612170 522
1612180 522
1612190 522
1612200 522
1612210 522
1612220 523
1612230 523
1612240 523
1612250 524
1612260 524
1612270 524
1612280 524
1612290 524
1612300 524
1612310 524
1612320 524
1612330 524
1612340 524
1612350 524
1612360 524
1612370 524
1612380 524
1612390 524
1612400 524
1612410 524
1612420 524
1612430 524
1612440 524
1612450 524
1612460 524
1612470 524
1612480 523
1612490 523
1612500 523
1612510 523
1612520 523
1612530 523
1612540 522
1612550 522
1612560 522
1612570 522
1612580 522
1612590 522
1612600 522
1612610 521
1612620 521
1612630 521
1612640 521
1612650 521
1612660 521
1612670 521
1612680 521
1612690 521
1612700 521
1612710 521
1612720 521
1612730 521
1612740 521
1612750 521
1612760 521
1612770 521
1612780 521
1612790 521
1612800 522
1612810 522
1612820 523
1612830 523
1612840 524
1612850 524
1612860 524
1612870 526
1612880 526
1612890 528
1612900 529
1612910 529
1612920 531
1612930 532
1612940 532
1612950 533
1612960 535
1612970 535
1612980 536
1612990 538
1613000 540
1613010 540
1613020 541
1613030 542
1613040 542
1613050 542
1613060 542
1613070 542
1613080 542
1613090 543
1613100 543
1613110 543
1613120 544
1613130 544
1613140 545
1613150 545
1613160 546
1613170 546
1613180 546
1613190 546
1613200 546
1613210 546
1613220 546
1613230 546
1613240 546
1613250 547
1613260 547
1613270 547
1613280 547
1613290 547
1613300 548
1613310 549
1613320 549
1613330 549
1613340 549
1613350 548
1613360 548
1613370 548
1613380 547
1613390 547
1613400 546
1613410 546
1613420 546
1613430 545
1613440 545
1613450 545
1613460 545
1613470 545
1613480 544
1613490 544
1613500 545
1613510 545
1613520 545
1613530 546
1613540 546
1613550 546
1613560 546
1613570 544
1613580 544
1613590 542
1613600 539
1613610 539
1613620 536
1613630 532
1613640 529
1613650 529
1613660 527
1613670 526
1613680 526
1613690 525
1613700 524
1613710 524
1613720 524
1613730 523
1613740 523
1613750 523
1613760 523
1613770 523
1613780 523
1613790 525
1613800 529
1613810 529
1613820 532
1613830 534
1613840 534
1613850 535
1613860 535
1613870 535
1613880 536
1613890 536
1613900 536
1613910 537
1613920 539
1613930 539
1613940 543
1613950 546
1613960 549
1613970 549
1613980 551
1613990 552
1614000 552
1614010 552
1614020 551
1614030 551
1614040 551
1614050 552
1614060 552
1614070 550
1614080 548
1614090 548
1614100 545
1614110 542
1614120 542
1614130 541
1614140 540
1614150 539
1614160 539
1614170 538
1614180 538
1614190 538
1614200 536
1614210 533
1614220 533
1614230 532
1614240 528
1614250 528
1614260 524
1614270 518
1614280 518
1614290 516
1614300 515
1614310 515
1614320 515
1614330 514
1614340 512
1614350 512
1614360 511
1614370 510
1614380 510
1614390 510
1614400 510
1614410 510
1614420 510
1614430 511
1614440 511
1614450 511
1614460 512
1614470 512
1614480 512
1614490 512
1614500 513
1614510 513
1614520 513
1614530 514
1614540 514
1614550 514
1614560 515
1614570 515
1614580 516
1614590 516
1614600 516
1614610 516
1614620 516
1614630 517
1614640 517
1614650 517
1614660 517
1614670 517
1614680 517
1614690 517
1614700 517
1614710 517
1614720 517
1614730 517
1614740 518
1614750 518
1614760 518
1614770 519
1614780 520
1614790 521
1614800 521
1614810 521
1614820 521
1614830 521
1614840 522
1614850 522
1614860 522
1614870 522
1614880 523
1614890 523
1614900 524
1614910 525
1614920 525
1614930 528
1614940 530
1614950 533
1614960 533
1614970 536
1614980 539
1614990 539
1615000 541
1615010 542
1615020 542
1615030 543
1615040 544
1615050 544
1615060 544
1615070 545
1615080 545
1615090 546
1615100 547
1615110 548
1615120 548
1615130 548
1615140 549
1615150 549
1615160 549
1615170 549
1615180 549
1615190 550
1615200 550
1615210 550
1615220 550
1615230 550
1615240 550
1615250 550
1615260 551
1615270 551
1615280 551
1615290 552
1615300 553
1615310 553
1615320 554
1615330 554
1615340 554
1615350 555
1615360 555
1615370 555
1615380 556
1615390 557
1615400 557
1615410 559
1615420 560
1615430 560
1615440 560
1615450 561
1615460 562
1615470 562
1615480 563
1615490 564
1615500 564
1615510 565
1615520 566
1615530 566
1615540 567
1615550 567
1615560 567
1615570 568
1615580 569
1615590 569
1615600 570
1615610 570
1615620 570
1615630 570
1615640 571
1615650 572
1615660 572
1615670 573
1615680 573
1615690 573
1615700 572
1615710 573
1615720 573
1615730 573
1615740 572
1615750 572
1615760 571
1615770 571
1615780 570
1615790 570
1615800 569
1615810 568
1615820 568
1615830 567
1615840 566
1615850 566
1615860 566
1615870 565
1615880 565
1615890 565
1615900 565
1615910 565
1615920 565
1615930 565
1615940 565
1615950 565
1615960 566
1615970 566
1615980 566
1615990 567
1616000 568
1616010 568
1616020 568
1616030 569
1616040 569
1616050 570
1616060 570
1616070 570
1616080 570
1616090 571
1616100 571
1616110 571
1616120 572
1616130 573
1616140 573
1616150 574
1616160 574
1616170 574
1616180 575
1616190 575
1616200 575
1616210 576
1616220 578
1616230 578
1616240 580
1616250 582
1616260 583
1616270 583
1616280 584
1616290 585
1616300 585
1616310 585
1616320 586
1616330 586
1616340 588
1616350 590
1616360 590
1616370 591
1616380 592
1616390 592
1616400 596
1616410 599
1616420 602
1616430 602
1616440 604
1616450 606
1616460 606
1616470 608
1616480 610
1616490 610
1616500 613
1616510 615
1616520 615
1616530 617
1616540 619
1616550 619
1616560 620
1616570 621
1616580 623
1616590 623
1616600 626
1616610 627
1616620 627
1616630 626
1616640 624
1616650 624
1616660 625
1616670 627
1616680 627
1616690 629
1616700 632
1616710 632
1616720 635
1616730 637
1616740 639
1616750 639
1616760 640
1616770 641
1616780 641
1616790 643
1616800 645
1616810 645
1616820 646
1616830 649
1616840 649
1616850 653
1616860 657
1616870 657
1616880 660
1616890 661
1616900 661
1616910 665
1616920 669
1616930 672
1616940 672
1616950 675
1616960 678
1616970 678
1616980 680
1616990 681
1617000 681
1617010 682
1617020 684
1617030 684
1617040 686
1617050 691
1617060 691
1617070 695
1617080 696
1617090 694
1617100 694
1617110 691
1617120 690
1617130 690
1617140 690
1617150 691
1617160 691
1617170 693
1617180 697
1617190 697
1617200 701
1617210 705
1617220 705
1617230 709
1617240 713
1617250 717
1617260 717
1617270 723
1617280 728
1617290 728
1617300 732
1617310 735
1617320 735
1617330 740
1617340 744
1617350 744
1617360 749
1617370 752
1617380 752
1617390 754
1617400 757
1617410 760
1617420 760
1617430 763
1617440 765
1617450 765
1617460 767
1617470 768
1617480 768
1617490 769
1617500 769
1617510 769
1617520 770
1617530 770
1617540 770
1617550 771
1617560 771
1617570 771
1617580 771
1617590 772
1617600 773
1617610 777
1617620 778
1617630 780
1617640 780
1617650 782
1617660 784
1617670 784
1617680 786
1617690 787
1617700 787
1617710 789
1617720 791
1617730 792
1617740 792
1617750 792
1617760 790
1617770 790
1617780 788
1617790 785
1617800 785
1617810 781
1617820 777
1617830 777
1617840 773
1617850 770
1617860 770
1617870 766
1617880 763
1617890 761
1617900 761
1617910 759
1617920 756
1617930 756
1617940 752
1617950 748
1617960 748
1617970 741
1617980 733
1617990 733
1618000 729
1618010 728
1618020 728
1618030 726
1618040 718
1618050 707
1618060 707
1618070 699
1618080 691
1618090 691
1618100 685
1618110 679
1618120 679
1618130 674
1618140 669
1618150 669
1618160 664
1618170 658
1618180 658
1618190 652
1618200 646
1618210 641
1618220 641
1618230 635
1618240 630
1618250 630
1618260 624
1618270 618
1618280 618
1618290 613
1618300 607
1618310 607
1618320 604
1618330 605
1618340 605
1618350 610
1618360 613
1618370 613
1618380 617
1618390 622
1618400 626
1618410 626
1618420 631
1618430 635
1618440 635
1618450 640
1618460 644
1618470 644
1618480 649
1618490 653
1618500 653
1618510 659
1618520 664
1618530 664
1618540 669
1618550 673
1618560 677
1618570 677
1618580 680
1618590 683
1618600 683
1618610 687
1618620 690
1618630 690
1618640 692
1618650 692
1618660 692
1618670 691
1618680 695
1618690 695
1618700 700
1618710 705
1618720 710
1618730 710
1618740 715
1618750 719
1618760 719
1618770 721
1618780 723
1618790 723
1618800 725
1618810 725
1618820 725
1618830 727
1618840 730
1618850 730
1618860 734
1618870 736
1618880 738
1618890 738
1618900 738
1618910 739
1618920 739
1618930 739
1618940 740
1618950 740
1618960 743
1618970 745
1618980 745
1618990 747
1619000 749
1619010 749
1619020 751
1619030 755
1619040 760
1619050 760
1619060 764
1619070 767
1619080 767
1619090 769
1619100 772
1619110 772
1619120 775
1619130 779
1619140 779
1619150 784
1619160 788
1619170 788
1619180 792
1619190 797
1619200 800
1619210 800
1619220 803
1619230 806
1619240 806
1619250 808
1619260 809
1619270 809
1619280 810
1619290 811
1619300 811
1619310 812
1619320 814
1619330 814
1619340 816
1619350 818
1619360 820
1619370 820
1619380 821
1619390 822
1619400 822
1619410 824
1619420 826
1619430 826
1619440 827
1619450 827
1619460 827
1619470 828
1619480 828
1619490 828
1619500 829
1619510 831
1619520 833
1619530 833
1619540 836
1619550 839
1619560 839
1619570 840
1619580 839
1619590 839
1619600 838
1619610 838
1619620 838
1619630 839
1619640 840
1619650 840
1619660 839
1619670 837
1619680 837
1619690 835
1619700 833
1619710 832
1619720 832
1619730 833
1619740 833
1619750 833
1619760 834
1619770 833
1619780 833
1619790 832
1619800 830
1619810 830
1619820 829
1619830 828
1619840 828
1619850 828
1619860 828
1619870 828
1619880 828
1619890 828
1619900 828
1619910 828
1619920 828
1619930 829
1619940 829
1619950 828
1619960 827
1619970 827
1619980 825
1619990 823
