1600000 472
1600010 472
1600020 471
1600030 471
1600040 471
1600050 471
1600060 471
1600070 471
1600080 471
1600090 471
1600100 471
1600110 471
1600120 471
1600130 471
1600140 471
1600150 471
1600160 471
1600170 471
1600180 472
1600190 472
1600200 472
1600210 471
1600220 471
1600230 471
1600240 471
1600250 471
1600260 471
1600270 471
1600280 471
1600290 471
1600300 472
1600310 472
1600320 472
1600330 472
1600340 473
1600350 473
1600360 474
1600370 474
1600380 474
1600390 475
1600400 475
1600410 476
1600420 476
1600430 476
1600440 477
1600450 477
1600460 479
1600470 480
1600480 480
1600490 482
1600500 485
1600510 485
1600520 487
1600530 490
1600540 490
1600550 492
1600560 494
1600570 495
1600580 495
1600590 497
1600600 499
1600610 499
1600620 501
1600630 504
1600640 504
1600650 507
1600660 511
1600670 511
1600680 514
1600690 516
1600700 516
1600710 516
1600720 517
1600730 518
1600740 518
1600750 518
1600760 519
1600770 519
1600780 519
1600790 519
1600800 519
1600810 520
1600820 520
1600830 520
1600840 520
1600850 521
1600860 521
1600870 521
1600880 521
1600890 520
1600900 520
1600910 520
1600920 520
1600930 520
1600940 520
1600950 519
1600960 519
1600970 519
1600980 518
1600990 518
1601000 518
1601010 517
1601020 517
1601030 517
1601040 518
1601050 518
1601060 520
1601070 522
1601080 523
1601090 523
1601100 524
1601110 525
1601120 525
1601130 525
1601140 526
1601150 526
1601160 527
1601170 528
1601180 528
1601190 530
1601200 530
1601210 530
1601220 531
1601230 532
1601240 532
1601250 532
1601260 532
1601270 532
1601280 532
1601290 532
1601300 532
1601310 532
1601320 532
1601330 532
1601340 532
1601350 532
1601360 532
1601370 532
1601380 532
1601390 532
1601400 532
1601410 532
1601420 532
1601430 532
1601440 532
1601450 532
1601460 532
1601470 532
1601480 533
1601490 533
1601500 533
1601510 533
1601520 533
1601530 533
1601540 533
1601550 534
1601560 534
1601570 534
1601580 534
1601590 534
1601600 534
1601610 535
1601620 536
1601630 536
1601640 538
1601650 540
1601660 540
1601670 542
1601680 544
1601690 544
1601700 546
1601710 546
1601720 546
1601730 546
1601740 547
1601750 545
1601760 545
1601770 543
1601780 542
1601790 542
1601800 544
1601810 548
1601820 548
1601830 549
1601840 550
1601850 550
1601860 550
1601870 551
1601880 550
1601890 550
1601900 550
1601910 550
1601920 550
1601930 550
1601940 551
1601950 551
1601960 551
1601970 552
1601980 552
1601990 553
1602000 553
1602010 553
1602020 553
1602030 552
1602040 552
1602050 552
1602060 551
1602070 551
1602080 551
1602090 550
1602100 549
1602110 549
1602120 548
1602130 548
1602140 548
1602150 547
1602160 547
1602170 547
1602180 546
1602190 546
1602200 546
1602210 546
1602220 547
1602230 547
1602240 547
1602250 548
1602260 549
1602270 549
1602280 551
1602290 552
1602300 552
1602310 553
1602320 554
1602330 554
1602340 555
1602350 555
1602360 555
1602370 556
1602380 557
1602390 558
1602400 558
1602410 560
1602420 561
1602430 561
1602440 562
1602450 562
1602460 562
1602470 563
1602480 564
1602490 564
1602500 565
1602510 565
1602520 565
1602530 565
1602540 566
1602550 566
1602560 566
1602570 566
1602580 566
1602590 566
1602600 567
1602610 568
1602620 568
1602630 568
1602640 569
1602650 569
1602660 570
1602670 571
1602680 571
1602690 572
1602700 573
1602710 573
1602720 573
1602730 574
1602740 575
1602750 575
1602760 575
1602770 576
1602780 576
1602790 576
1602800 577
1602810 577
1602820 577
1602830 577
1602840 577
1602850 577
1602860 576
1602870 575
1602880 575
1602890 574
1602900 573
1602910 573
1602920 573
1602930 573
1602940 573
1602950 576
1602960 579
1602970 579
1602980 582
1602990 584
1603000 584
1603010 587
1603020 589
1603030 589
1603040 589
1603050 588
1603060 586
1603070 586
1603080 585
1603090 583
1603100 583
1603110 581
1603120 577
1603130 577
1603140 575
1603150 574
1603160 574
1603170 572
1603180 571
1603190 569
1603200 569
1603210 567
1603220 564
1603230 564
1603240 561
1603250 556
1603260 556
1603270 553
1603280 551
1603290 551
1603300 547
1603310 546
1603320 546
1603330 545
1603340 546
1603350 548
1603360 548
1603370 548
1603380 549
1603390 549
1603400 549
1603410 549
1603420 549
1603430 549
1603440 549
1603450 549
1603460 548
1603470 548
1603480 548
1603490 547
1603500 547
1603510 547
1603520 547
1603530 546
1603540 546
1603550 546
1603560 546
1603570 546
1603580 546
1603590 546
1603600 546
1603610 546
1603620 547
1603630 544
1603640 544
1603650 540
1603660 539
1603670 539
1603680 540
1603690 540
1603700 541
1603710 541
1603720 542
1603730 541
1603740 541
1603750 541
1603760 541
1603770 541
1603780 541
1603790 541
1603800 541
1603810 541
1603820 541
1603830 541
1603840 541
1603850 540
1603860 540
1603870 540
1603880 540
1603890 540
1603900 540
1603910 540
1603920 539
1603930 539
1603940 539
1603950 539
1603960 539
1603970 539
1603980 539
1603990 539
1604000 539
1604010 539
1604020 539
1604030 539
1604040 539
1604050 538
1604060 538
1604070 538
1604080 537
1604090 537
1604100 537
1604110 536
1604120 536
1604130 536
1604140 536
1604150 536
1604160 536
1604170 536
1604180 536
1604190 536
1604200 536
1604210 535
1604220 535
1604230 534
1604240 533
1604250 533
1604260 533
1604270 532
1604280 532
1604290 533
1604300 533
1604310 533
1604320 531
1604330 528
1604340 526
1604350 526
1604360 523
1604370 522
1604380 522
1604390 520
1604400 519
1604410 519
1604420 518
1604430 518
1604440 518
1604450 517
1604460 517
1604470 517
1604480 516
1604490 516
1604500 515
1604510 515
1604520 515
1604530 514
1604540 514
1604550 514
1604560 513
1604570 513
1604580 512
1604590 511
1604600 511
1604610 509
1604620 507
1604630 507
1604640 506
1604650 503
1604660 503
1604670 500
1604680 496
1604690 494
1604700 494
1604710 493
1604720 491
1604730 491
1604740 489
1604750 488
1604760 488
1604770 489
1604780 489
1604790 489
1604800 489
1604810 490
1604820 490
1604830 494
1604840 499
1604850 505
1604860 505
1604870 507
1604880 508
1604890 508
1604900 509
1604910 510
1604920 510
1604930 511
1604940 511
1604950 511
1604960 511
1604970 510
1604980 510
1604990 509
1605000 508
1605010 507
1605020 507
1605030 506
1605040 505
1605050 506
1605060 505
1605070 504
1605080 504
1605090 504
1605100 503
1605110 503
1605120 502
1605130 502
1605140 502
1605150 501
1605160 501
1605170 501
1605180 501
1605190 500
1605200 500
1605210 500
1605220 500
1605230 500
1605240 500
1605250 500
1605260 500
1605270 500
1605280 501
1605290 501
1605300 501
1605310 501
1605320 501
1605330 501
1605340 501
1605350 501
1605360 501
1605370 501
1605380 501
1605390 501
1605400 501
1605410 501
1605420 501
1605430 501
1605440 501
1605450 501
1605460 501
1605470 501
1605480 501
1605490 501
1605500 501
1605510 501
1605520 502
1605530 502
1605540 503
1605550 503
1605560 503
1605570 504
1605580 505
1605590 505
1605600 506
1605610 506
1605620 506
1605630 507
1605640 507
1605650 508
1605660 508
1605670 508
1605680 508
1605690 508
1605700 509
1605710 509
1605720 509
1605730 510
1605740 511
1605750 511
1605760 511
1605770 512
1605780 512
1605790 513
1605800 515
1605810 516
1605820 516
1605830 518
1605840 518
1605850 518
1605860 518
1605870 519
1605880 519
1605890 520
1605900 520
1605910 520
1605920 521
1605930 522
1605940 522
1605950 523
1605960 524
1605970 524
1605980 525
1605990 527
1606000 529
1606010 529
1606020 531
1606030 533
1606040 533
1606050 534
1606060 534
1606070 534
1606080 534
1606090 538
1606100 538
1606110 538
1606120 537
1606130 537
1606140 537
1606150 538
1606160 539
1606170 539
1606180 540
1606190 542
1606200 542
1606210 543
1606220 544
1606230 544
1606240 544
1606250 546
1606260 546
1606270 547
1606280 549
1606290 549
1606300 552
1606310 554
1606320 555
1606330 555
1606340 554
1606350 553
1606360 553
1606370 552
1606380 551
1606390 551
1606400 549
1606410 548
1606420 548
1606430 546
1606440 545
1606450 545
1606460 543
1606470 542
1606480 541
1606490 541
1606500 540
1606510 540
1606520 540
1606530 540
1606540 539
1606550 539
1606560 539
1606570 542
1606580 542
1606590 544
1606600 546
1606610 546
1606620 547
1606630 547
1606640 547
1606650 547
1606660 548
1606670 547
1606680 547
1606690 548
1606700 548
1606710 548
1606720 548
1606730 549
1606740 549
1606750 549
1606760 549
1606770 549
1606780 549
1606790 549
1606800 549
1606810 549
1606820 550
1606830 551
1606840 551
1606850 552
1606860 553
1606870 553
1606880 554
1606890 556
1606900 556
1606910 558
1606920 559
1606930 559
1606940 561
1606950 563
1606960 563
1606970 563
1606980 564
1606990 564
1607000 564
1607010 564
1607020 565
1607030 565
1607040 566
1607050 567
1607060 567
1607070 569
1607080 571
1607090 571
1607100 571
1607110 572
1607120 572
1607130 577
1607140 577
1607150 576
1607160 576
1607170 575
1607180 573
1607190 573
1607200 571
1607210 570
1607220 570
1607230 570
1607240 569
1607250 569
1607260 568
1607270 567
1607280 567
1607290 566
1607300 565
1607310 564
1607320 564
1607330 562
1607340 560
1607350 560
1607360 559
1607370 557
1607380 557
1607390 555
1607400 553
1607410 553
1607420 551
1607430 549
1607440 549
1607450 547
1607460 545
1607470 543
1607480 543
1607490 541
1607500 538
1607510 538
1607520 536
1607530 534
1607540 534
1607550 531
1607560 530
1607570 530
1607580 528
1607590 526
1607600 526
1607610 524
1607620 523
1607630 521
1607640 521
1607650 520
1607660 522
1607670 522
1607680 522
1607690 522
1607700 522
1607710 519
1607720 515
1607730 515
1607740 511
1607750 509
1607760 509
1607770 507
1607780 503
1607790 499
1607800 499
1607810 497
1607820 496
1607830 496
1607840 493
1607850 490
1607860 490
1607870 487
1607880 485
1607890 485
1607900 484
1607910 482
1607920 482
1607930 480
1607940 479
1607950 475
1607960 475
1607970 468
1607980 463
1607990 463
1608000 461
1608010 459
1608020 459
1608030 457
1608040 456
1608050 456
1608060 456
1608070 456
1608080 456
1608090 456
1608100 456
1608110 456
1608120 456
1608130 456
1608140 456
1608150 456
1608160 456
1608170 456
1608180 456
1608190 457
1608200 457
1608210 457
1608220 457
1608230 457
1608240 457
1608250 457
1608260 457
1608270 457
1608280 457
1608290 457
1608300 457
1608310 457
1608320 457
1608330 457
1608340 457
1608350 457
1608360 457
1608370 457
1608380 456
1608390 457
1608400 457
1608410 457
1608420 457
1608430 457
1608440 457
1608450 457
1608460 457
1608470 457
1608480 457
1608490 457
1608500 457
1608510 457
1608520 457
1608530 457
1608540 457
1608550 457
1608560 457
1608570 457
1608580 457
1608590 457
1608600 457
1608610 457
1608620 456
1608630 456
1608640 456
1608650 456
1608660 456
1608670 456
1608680 456
1608690 456
1608700 456
1608710 456
1608720 456
1608730 456
1608740 456
1608750 456
1608760 456
1608770 455
1608780 455
1608790 455
1608800 455
1608810 455
1608820 455
1608830 455
1608840 455
1608850 455
1608860 455
1608870 455
1608880 455
1608890 455
1608900 454
1608910 454
1608920 454
1608930 454
1608940 454
1608950 454
1608960 454
1608970 454
1608980 454
1608990 454
1609000 454
1609010 454
1609020 454
1609030 454
1609040 454
1609050 454
1609060 454
1609070 454
1609080 454
1609090 454
1609100 454
1609110 454
1609120 454
1609130 454
1609140 454
1609150 455
1609160 455
1609170 455
1609180 455
1609190 454
1609200 454
1609210 454
1609220 454
1609230 454
1609240 454
1609250 454
1609260 454
1609270 454
1609280 453
1609290 453
1609300 453
1609310 451
1609320 451
1609330 451
1609340 451
1609350 451
1609360 451
1609370 451
1609380 450
1609390 450
1609400 450
1609410 450
1609420 450
1609430 450
1609440 450
1609450 450
1609460 450
1609470 450
1609480 450
1609490 450
1609500 450
1609510 450
1609520 450
1609530 450
1609540 450
1609550 450
1609560 450
1609570 450
1609580 450
1609590 450
1609600 450
1609610 450
1609620 450
1609630 450
1609640 450
1609650 450
1609660 450
1609670 450
1609680 450
1609690 450
1609700 450
1609710 450
1609720 450
1609730 450
1609740 450
1609750 450
1609760 450
1609770 450
1609780 450
1609790 450
1609800 450
1609810 450
1609820 450
1609830 451
1609840 451
1609850 451
1609860 451
1609870 451
1609880 451
1609890 451
1609900 451
1609910 451
1609920 451
1609930 451
1609940 451
1609950 450
1609960 450
1609970 450
1609980 451
1609990 451
1610000 451
1610010 451
1610020 451
1610030 451
1610040 451
1610050 451
1610060 451
1610070 451
1610080 451
1610090 451
1610100 451
1610110 451
1610120 451
1610130 451
1610140 451
1610150 451
1610160 451
1610170 451
1610180 451
1610190 451
1610200 451
1610210 451
1610220 451
1610230 451
1610240 451
1610250 451
1610260 451
1610270 451
1610280 451
1610290 451
1610300 451
1610310 451
1610320 451
1610330 451
1610340 451
1610350 451
1610360 451
1610370 451
1610380 451
1610390 451
1610400 451
1610410 451
1610420 451
1610430 451
1610440 451
1610450 451
1610460 451
1610470 451
1610480 451
1610490 451
1610500 451
1610510 451
1610520 451
1610530 450
1610540 450
1610550 450
1610560 450
1610570 451
1610580 451
1610590 452
1610600 452
1610610 452
1610620 452
1610630 452
1610640 452
1610650 452
1610660 452
1610670 452
1610680 451
1610690 451
1610700 451
1610710 452
1610720 452
1610730 452
1610740 452
1610750 452
1610760 452
1610770 452
1610780 452
1610790 452
1610800 452
1610810 452
1610820 452
1610830 452
1610840 452
1610850 452
1610860 452
1610870 452
1610880 452
1610890 452
1610900 452
1610910 452
1610920 452
1610930 452
1610940 452
1610950 452
1610960 452
1610970 452
1610980 452
1610990 452
1611000 452
1611010 452
1611020 452
1611030 453
1611040 453
1611050 453
1611060 453
1611070 453
1611080 453
1611090 453
1611100 453
1611110 453
1611120 453
1611130 453
1611140 453
1611150 453
1611160 453
1611170 453
1611180 453
1611190 453
1611200 453
1611210 453
1611220 452
1611230 451
1611240 451
1611250 451
1611260 453
1611270 453
1611280 453
1611290 453
1611300 453
1611310 453
1611320 453
1611330 453
1611340 453
1611350 453
1611360 453
1611370 453
1611380 453
1611390 453
1611400 453
1611410 453
1611420 454
1611430 454
1611440 454
1611450 454
1611460 454
1611470 454
1611480 454
1611490 454
1611500 454
1611510 453
1611520 453
1611530 453
1611540 453
1611550 453
1611560 454
1611570 454
1611580 454
1611590 454
1611600 454
1611610 454
1611620 454
1611630 454
1611640 454
1611650 454
1611660 454
1611670 454
1611680 454
1611690 454
1611700 454
1611710 454
1611720 454
1611730 454
1611740 454
1611750 454
1611760 454
1611770 454
1611780 454
1611790 454
1611800 454
1611810 454
1611820 454
1611830 454
1611840 454
1611850 454
1611860 454
1611870 454
1611880 454
1611890 455
1611900 455
1611910 455
1611920 455
1611930 455
1611940 454
1611950 454
1611960 454
1611970 454
1611980 454
1611990 455
1612000 454
1612010 454
1612020 454
1612030 455
1612040 455
1612050 455
1612060 455
1612070 454
1612080 454
1612090 455
1612100 455
1612110 455
1612120 455
1612130 455
1612140 455
1612150 455
1612160 454
1612170 454
1612180 455
1612190 454
1612200 454
1612210 454
1612220 453
1612230 453
1612240 453
1612250 455
1612260 455
1612270 455
1612280 455
1612290 455
1612300 455
1612310 455
1612320 455
1612330 455
1612340 456
1612350 456
1612360 456
1612370 456
1612380 456
1612390 456
1612400 456
1612410 456
1612420 456
1612430 456
1612440 456
1612450 456
1612460 456
1612470 456
1612480 456
1612490 456
1612500 456
1612510 456
1612520 456
1612530 456
1612540 456
1612550 456
1612560 456
1612570 456
1612580 456
1612590 456
1612600 456
1612610 456
1612620 456
1612630 456
1612640 456
1612650 456
1612660 456
1612670 456
1612680 456
1612690 456
1612700 456
1612710 456
1612720 456
1612730 456
1612740 456
1612750 456
1612760 456
1612770 456
1612780 456
1612790 456
1612800 456
1612810 456
1612820 455
1612830 455
1612840 455
1612850 455
1612860 455
1612870 456
1612880 456
1612890 456
1612900 456
1612910 456
1612920 456
1612930 456
1612940 456
1612950 456
1612960 456
1612970 456
1612980 456
1612990 456
1613000 456
1613010 456
1613020 456
1613030 456
1613040 456
1613050 456
1613060 456
1613070 456
1613080 456
1613090 456
1613100 456
1613110 456
1613120 456
1613130 456
1613140 456
1613150 457
1613160 457
1613170 457
1613180 457
1613190 457
1613200 457
1613210 457
1613220 457
1613230 457
1613240 457
1613250 458
1613260 458
1613270 458
1613280 458
1613290 458
1613300 458
1613310 458
1613320 458
1613330 458
1613340 458
1613350 458
1613360 458
1613370 458
1613380 458
1613390 458
1613400 458
1613410 458
1613420 458
1613430 458
1613440 458
1613450 458
1613460 458
1613470 458
1613480 458
1613490 458
1613500 458
1613510 458
1613520 458
1613530 458
1613540 458
1613550 458
1613560 458
1613570 458
1613580 458
1613590 458
1613600 458
1613610 458
1613620 458
1613630 458
1613640 458
1613650 458
1613660 458
1613670 458
1613680 458
1613690 458
1613700 458
1613710 458
1613720 458
1613730 458
1613740 458
1613750 458
1613760 457
1613770 457
1613780 456
1613790 456
1613800 456
1613810 456
1613820 458
1613830 458
1613840 460
1613850 462
1613860 464
1613870 464
1613880 464
1613890 465
1613900 465
1613910 468
1613920 472
1613930 472
1613940 477
1613950 479
1613960 479
1613970 480
1613980 482
1613990 482
1614000 482
1614010 483
1614020 484
1614030 484
1614040 485
1614050 487
1614060 487
1614070 490
1614080 492
1614090 492
1614100 495
1614110 498
1614120 495
1614130 498
1614140 500
1614150 500
1614160 502
1614170 504
1614180 507
1614190 507
1614200 509
1614210 512
1614220 512
1614230 514
1614240 515
1614250 515
1614260 514
1614270 513
1614280 513
1614290 512
1614300 512
1614310 512
1614320 513
1614330 513
1614340 513
1614350 514
1614360 516
1614370 518
1614380 518
1614390 520
1614400 522
1614410 522
1614420 524
1614430 526
1614440 526
1614450 529
1614460 531
1614470 531
1614480 531
1614490 533
1614500 533
1614510 534
1614520 535
1614530 535
1614540 535
1614550 536
1614560 537
1614570 537
1614580 538
1614590 541
1614600 541
1614610 545
1614620 548
1614630 548
1614640 550
1614650 551
1614660 551
1614670 552
1614680 555
1614690 557
1614700 557
1614710 560
1614720 561
1614730 561
1614740 560
1614750 559
1614760 559
1614770 558
1614780 556
1614790 556
1614800 554
1614810 552
1614820 552
1614830 551
1614840 551
1614850 551
1614860 551
1614870 552
1614880 552
1614890 552
1614900 552
1614910 553
1614920 553
1614930 553
1614940 553
1614950 553
1614960 553
1614970 553
1614980 553
1614990 554
1615000 554
1615010 554
1615020 554
1615030 554
1615040 555
1615050 555
1615060 555
1615070 556
1615080 556
1615090 557
1615100 558
1615110 558
1615120 558
1615130 559
1615140 559
1615150 560
1615160 561
1615170 563
1615180 563
1615190 565
1615200 567
1615210 567
1615220 570
1615230 573
1615240 573
1615250 574
1615260 576
1615270 576
1615280 580
1615290 584
1615300 584
1615310 588
1615320 591
1615330 595
1615340 595
1615350 599
1615360 602
1615370 602
1615380 606
1615390 609
1615400 609
1615410 612
1615420 614
1615430 614
1615440 616
1615450 617
1615460 617
1615470 619
1615480 621
1615490 621
1615500 623
1615510 625
1615520 625
1615530 625
1615540 626
1615550 626
1615560 626
1615570 627
1615580 629
1615590 629
1615600 630
1615610 630
1615620 630
1615630 631
1615640 633
1615650 633
1615660 636
1615670 638
1615680 639
1615690 639
1615700 642
1615710 644
1615720 644
1615730 647
1615740 648
1615750 648
1615760 649
1615770 650
1615780 650
1615790 651
1615800 651
1615810 651
1615820 653
1615830 655
1615840 658
1615850 658
1615860 661
1615870 663
1615880 663
1615890 665
1615900 668
1615910 668
1615920 670
1615930 672
1615940 672
1615950 675
1615960 677
1615970 677
1615980 678
1615990 679
1616000 680
1616010 680
1616020 681
1616030 683
1616040 683
1616050 684
1616060 686
1616070 686
1616080 688
1616090 690
1616100 690
1616110 692
1616120 693
1616130 693
1616140 694
1616150 697
1616160 699
1616170 699
1616180 699
1616190 699
1616200 699
1616210 699
1616220 699
1616230 699
1616240 700
1616250 701
1616260 701
1616270 702
1616280 704
1616290 704
1616300 705
1616310 707
1616320 710
1616330 710
1616340 714
1616350 717
1616360 717
1616370 719
1616380 721
1616390 721
1616400 721
1616410 722
1616420 722
1616430 722
1616440 721
1616450 721
1616460 721
1616470 722
1616480 724
1616490 724
1616500 727
1616510 730
1616520 730
1616530 733
1616540 736
1616550 736
1616560 738
1616570 740
1616580 740
1616590 742
1616600 743
1616610 743
1616620 744
1616630 744
1616640 744
1616650 745
1616660 746
1616670 747
1616680 747
1616690 747
1616700 748
1616710 748
1616720 750
1616730 751
1616740 751
1616750 752
1616760 751
1616770 751
1616780 750
1616790 749
1616800 749
1616810 749
1616820 749
1616830 750
1616840 750
1616850 750
1616860 749
1616870 749
1616880 749
1616890 750
1616900 750
1616910 750
1616920 752
1616930 752
1616940 753
1616950 754
1616960 754
1616970 756
1616980 758
1616990 761
1617000 756
1617010 759
1617020 761
1617030 761
1617040 762
1617050 764
1617060 764
1617070 766
1617080 768
1617090 768
1617100 771
1617110 772
1617120 772
1617130 773
1617140 774
1617150 775
1617160 775
1617170 775
1617180 775
1617190 775
1617200 775
1617210 775
1617220 775
1617230 776
1617240 777
1617250 777
1617260 778
1617270 778
1617280 778
1617290 779
1617300 779
1617310 780
1617320 780
1617330 780
1617340 780
1617350 780
1617360 780
1617370 779
1617380 779
1617390 778
1617400 776
1617410 776
1617420 774
1617430 771
1617440 771
1617450 768
1617460 765
1617470 762
1617480 762
1617490 760
1617500 757
1617510 757
1617520 755
1617530 753
1617540 753
1617550 750
1617560 748
1617570 748
1617580 746
1617590 744
1617600 744
1617610 742
1617620 739
1617630 736
1617640 736
1617650 732
1617660 729
1617670 729
1617680 727
1617690 725
1617700 725
1617710 723
1617720 720
1617730 720
1617740 718
1617750 716
1617760 716
1617770 714
1617780 711
1617790 711
1617800 709
1617810 706
1617820 704
1617830 704
1617840 701
1617850 698
1617860 698
1617870 695
1617880 690
1617890 690
1617900 685
1617910 681
1617920 681
1617930 677
1617940 673
1617950 675
1617960 673
1617970 669
1617980 664
1617990 664
1618000 657
1618010 651
1618020 651
1618030 646
1618040 642
1618050 642
1618060 640
1618070 637
1618080 637
1618090 635
1618100 633
1618110 633
1618120 631
1618130 629
1618140 626
1618150 626
1618160 623
1618170 617
1618180 617
1618190 609
1618200 603
1618210 603
1618220 598
1618230 593
1618240 593
1618250 588
1618260 583
1618270 583
1618280 580
1618290 576
1618300 574
1618310 574
1618320 572
1618330 571
1618340 571
1618350 570
1618360 569
1618370 569
1618380 569
1618390 567
1618400 567
1618410 565
1618420 564
1618430 564
1618440 564
1618450 563
1618460 563
1618470 563
1618480 563
1618490 563
1618500 563
1618510 562
1618520 563
1618530 563
1618540 563
1618550 563
1618560 563
1618570 565
1618580 565
1618590 565
1618600 566
1618610 567
1618620 569
1618630 569
1618640 571
1618650 573
1618660 573
1618670 575
1618680 576
1618690 576
1618700 575
1618710 576
1618720 576
1618730 577
1618740 579
1618750 579
1618760 580
1618770 582
1618780 584
1618790 584
1618800 586
1618810 589
1618820 589
1618830 593
1618840 596
1618850 596
1618860 598
1618870 599
1618880 599
1618890 596
1618900 597
1618910 597
1618920 598
1618930 600
1618940 600
1618950 601
1618960 604
1618970 606
1618980 606
1618990 608
1619000 609
1619010 609
1619020 611
1619030 613
1619040 613
1619050 614
1619060 615
1619070 615
1619080 616
1619090 617
1619100 617
1619110 617
1619120 617
1619130 615
1619140 615
1619150 613
1619160 610
1619170 610
1619180 607
1619190 604
1619200 604
1619210 602
1619220 599
1619230 599
1619240 597
1619250 594
1619260 594
1619270 592
1619280 590
1619290 588
1619300 588
1619310 586
1619320 584
1619330 584
1619340 583
1619350 582
1619360 582
1619370 581
1619380 580
1619390 580
1619400 579
1619410 578
1619420 578
1619430 578
1619440 578
1619450 578
1619460 578
1619470 577
1619480 577
1619490 577
1619500 577
1619510 576
1619520 576
1619530 576
1619540 576
1619550 576
1619560 576
1619570 576
1619580 576
1619590 577
1619600 578
1619610 578
1619620 578
1619630 578
1619640 577
1619650 577
1619660 575
1619670 574
1619680 574
1619690 574
1619700 574
1619710 574
1619720 574
1619730 574
1619740 574
1619750 574
1619760 574
1619770 574
1619780 574
1619790 574
1619800 573
1619810 573
1619820 572
1619830 572
1619840 572
1619850 572
1619860 571
1619870 571
1619880 570
1619890 569
1619900 569
1619910 569
1619920 569
1619930 568
1619940 568
1619950 569
1619960 569
1619970 569
1619980 568
1619990 567
