1600000 514
1600010 515
1600020 516
1600030 516
1600040 517
1600050 518
1600060 518
1600070 520
1600080 522
1600090 524
1600100 524
1600110 525
1600120 525
1600130 525
1600140 526
1600150 527
1600160 527
1600170 528
1600180 529
1600190 529
1600200 530
1600210 533
1600220 533
1600230 536
1600240 537
1600250 537
1600260 537
1600270 538
1600280 539
1600290 539
1600300 540
1600310 541
1600320 541
1600330 542
1600340 543
1600350 543
1600360 543
1600370 543
1600380 543
1600390 543
1600400 543
1600410 542
1600420 542
1600430 542
1600440 541
1600450 541
1600460 540
1600470 540
1600480 540
1600490 540
1600500 540
1600510 540
1600520 541
1600530 541
1600540 541
1600550 541
1600560 544
1600570 549
1600580 549
1600590 552
1600600 554
1600610 554
1600620 556
1600630 559
1600640 559
1600650 560
1600660 560
1600670 560
1600680 559
1600690 559
1600700 559
1600710 559
1600720 560
1600730 560
1600740 564
1600750 569
1600760 576
1600770 576
1600780 580
1600790 583
1600800 583
1600810 585
1600820 587
1600830 587
1600840 588
1600850 589
1600860 589
1600870 590
1600880 591
1600890 591
1600900 594
1600910 600
1600920 604
1600930 604
1600940 604
1600950 600
1600960 600
1600970 596
1600980 593
1600990 593
1601000 588
1601010 584
1601020 584
1601030 581
1601040 578
1601050 578
1601060 574
1601070 570
1601080 568
1601090 568
1601100 567
1601110 566
1601120 566
1601130 566
1601140 567
1601150 567
1601160 569
1601170 571
1601180 571
1601190 572
1601200 572
1601210 572
1601220 573
1601230 574
1601240 577
1601250 577
1601260 580
1601270 582
1601280 582
1601290 586
1601300 590
1601310 590
1601320 593
1601330 595
1601340 595
1601350 596
1601360 597
1601370 597
1601380 599
1601390 601
1601400 604
1601410 604
1601420 606
1601430 609
1601440 609
1601450 612
1601460 615
1601470 615
1601480 618
1601490 621
1601500 621
1601510 625
1601520 630
1601530 630
1601540 635
1601550 639
1601560 639
1601570 643
1601580 647
1601590 654
1601600 654
1601610 661
1601620 667
1601630 667
1601640 669
1601650 670
1601660 670
1601670 670
1601680 669
1601690 669
1601700 668
1601710 670
1601720 670
1601730 674
1601740 679
1601750 681
1601760 681
1601770 683
1601780 683
1601790 683
1601800 683
1601810 683
1601820 683
1601830 679
1601840 673
1601850 673
1601860 671
1601870 670
1601880 670
1601890 668
1601900 667
1601910 665
1601920 665
1601930 661
1601940 655
1601950 655
1601960 648
1601970 640
1601980 640
1601990 633
1602000 627
1602010 627
1602020 622
1602030 617
1602040 617
1602050 611
1602060 606
1602070 600
1602080 600
1602090 596
1602100 592
1602110 592
1602120 588
1602130 586
1602140 586
1602150 584
1602160 582
1602170 582
1602180 581
1602190 581
1602200 581
1602210 580
1602220 580
1602230 579
1602240 579
1602250 579
1602260 579
1602270 579
1602280 579
1602290 579
1602300 579
1602310 579
1602320 579
1602330 579
1602340 580
1602350 580
1602360 580
1602370 581
1602380 581
1602390 581
1602400 581
1602410 582
1602420 582
1602430 582
1602440 583
1602450 583
1602460 583
1602470 584
1602480 584
1602490 584
1602500 585
1602510 586
1602520 586
1602530 587
1602540 588
1602550 588
1602560 589
1602570 589
1602580 590
1602590 590
1602600 591
1602610 591
1602620 591
1602630 592
1602640 593
1602650 593
1602660 593
1602670 594
1602680 594
1602690 594
1602700 595
1602710 595
1602720 595
1602730 597
1602740 598
1602750 598
1602760 600
1602770 601
1602780 601
1602790 602
1602800 602
1602810 602
1602820 603
1602830 603
1602840 603
1602850 603
1602860 604
1602870 604
1602880 604
1602890 604
1602900 605
1602910 605
1602920 605
1602930 605
1602940 605
1602950 606
1602960 606
1602970 606
1602980 606
1602990 606
1603000 606
1603010 606
1603020 607
1603030 607
1603040 607
1603050 607
1603060 607
1603070 607
1603080 607
1603090 607
1603100 607
1603110 608
1603120 609
1603130 609
1603140 609
1603150 608
1603160 608
1603170 608
1603180 608
1603190 608
1603200 608
1603210 609
1603220 609
1603230 610
1603240 611
1603250 613
1603260 613
1603270 614
1603280 615
1603290 615
1603300 617
1603310 619
1603320 619
1603330 620
1603340 621
1603350 621
1603360 622
1603370 622
1603380 622
1603390 622
1603400 625
1603410 624
1603420 624
1603430 624
1603440 623
1603450 623
1603460 623
1603470 622
1603480 622
1603490 622
1603500 622
1603510 622
1603520 623
1603530 623
1603540 623
1603550 623
1603560 623
1603570 623
1603580 623
1603590 623
1603600 623
1603610 623
1603620 623
1603630 622
1603640 622
1603650 622
1603660 622
1603670 622
1603680 621
1603690 620
1603700 620
1603710 619
1603720 618
1603730 618
1603740 618
1603750 618
1603760 617
1603770 617
1603780 617
1603790 617
1603800 617
1603810 616
1603820 614
1603830 614
1603840 614
1603850 613
1603860 613
1603870 613
1603880 612
1603890 612
1603900 612
1603910 611
1603920 610
1603930 610
1603940 609
1603950 609
1603960 609
1603970 608
1603980 607
1603990 607
1604000 606
1604010 606
1604020 606
1604030 605
1604040 605
1604050 605
1604060 605
1604070 604
1604080 604
1604090 604
1604100 604
1604110 604
1604120 604
1604130 604
1604140 604
1604150 604
1604160 604
1604170 604
1604180 604
1604190 603
1604200 602
1604210 602
1604220 601
1604230 601
1604240 600
1604250 600
1604260 600
1604270 600
1604280 600
1604290 600
1604300 600
1604310 600
1604320 600
1604330 601
1604340 601
1604350 601
1604360 601
1604370 601
1604380 601
1604390 602
1604400 602
1604410 602
1604420 603
1604430 604
1604440 604
1604450 605
1604460 606
1604470 606
1604480 606
1604490 606
1604500 606
1604510 605
1604520 604
1604530 604
1604540 604
1604550 604
1604560 604
1604570 604
1604580 604
1604590 604
1604600 604
1604610 604
1604620 603
1604630 603
1604640 603
1604650 603
1604660 603
1604670 603
1604680 602
1604690 602
1604700 601
1604710 601
1604720 601
1604730 601
1604740 600
1604750 600
1604760 600
1604770 600
1604780 600
1604790 600
1604800 600
1604810 601
1604820 601
1604830 601
1604840 601
1604850 601
1604860 602
1604870 602
1604880 602
1604890 603
1604900 603
1604910 603
1604920 603
1604930 604
1604940 604
1604950 604
1604960 605
1604970 607
1604980 607
1604990 608
1605000 608
1605010 608
1605020 608
1605030 608
1605040 608
1605050 609
1605060 610
1605070 609
1605080 609
1605090 609
1605100 608
1605110 608
1605120 608
1605130 607
1605140 607
1605150 607
1605160 607
1605170 607
1605180 607
1605190 606
1605200 606
1605210 606
1605220 606
1605230 606
1605240 606
1605250 604
1605260 601
1605270 601
1605280 598
1605290 596
1605300 596
1605310 594
1605320 591
1605330 591
1605340 590
1605350 589
1605360 589
1605370 589
1605380 589
1605390 589
1605400 589
1605410 589
1605420 588
1605430 588
1605440 587
1605450 587
1605460 587
1605470 590
1605480 593
1605490 593
1605500 595
1605510 596
1605520 596
1605530 597
1605540 599
1605550 599
1605560 600
1605570 601
1605580 602
1605590 602
1605600 603
1605610 604
1605620 604
1605630 607
1605640 610
1605650 610
1605660 613
1605670 613
1605680 613
1605690 611
1605700 613
1605710 613
1605720 615
1605730 618
1605740 623
1605750 623
1605760 626
1605770 628
1605780 628
1605790 629
1605800 629
1605810 629
1605820 630
1605830 630
1605840 630
1605850 631
1605860 631
1605870 631
1605880 631
1605890 632
1605900 631
1605910 631
1605920 630
1605930 629
1605940 629
1605950 629
1605960 629
1605970 629
1605980 629
1605990 628
1606000 628
1606010 629
1606020 631
1606030 631
1606040 632
1606050 633
1606060 634
1606070 634
1606080 634
1606090 634
1606100 634
1606110 634
1606120 634
1606130 634
1606140 634
1606150 634
1606160 634
1606170 634
1606180 635
1606190 635
1606200 637
1606210 639
1606220 640
1606230 640
1606240 643
1606250 645
1606260 645
1606270 647
1606280 649
1606290 649
1606300 650
1606310 650
1606320 650
1606330 651
1606340 653
1606350 653
1606360 655
1606370 656
1606380 656
1606390 657
1606400 658
1606410 657
1606420 657
1606430 656
1606440 655
1606450 655
1606460 654
1606470 653
1606480 653
1606490 652
1606500 651
1606510 651
1606520 651
1606530 653
1606540 653
1606550 652
1606560 652
1606570 651
1606580 651
1606590 650
1606600 649
1606610 649
1606620 649
1606630 648
1606640 648
1606650 647
1606660 646
1606670 646
1606680 646
1606690 646
1606700 646
1606710 645
1606720 644
1606730 644
1606740 644
1606750 643
1606760 640
1606770 640
1606780 637
1606790 636
1606800 636
1606810 635
1606820 636
1606830 636
1606840 637
1606850 638
1606860 638
1606870 639
1606880 640
1606890 642
1606900 642
1606910 643
1606920 644
1606930 644
1606940 644
1606950 645
1606960 645
1606970 646
1606980 647
1606990 647
1607000 648
1607010 649
1607020 649
1607030 650
1607040 651
1607050 652
1607060 652
1607070 653
1607080 654
1607090 654
1607100 654
1607110 654
1607120 654
1607130 654
1607140 654
1607150 654
1607160 654
1607170 654
1607180 654
1607190 655
1607200 656
1607210 656
1607220 654
1607230 653
1607240 650
1607250 650
1607260 646
1607270 642
1607280 642
1607290 638
1607300 633
1607310 633
1607320 629
1607330 627
1607340 627
1607350 623
1607360 623
1607370 623
1607380 627
1607390 633
1607400 637
1607410 637
1607420 640
1607430 642
1607440 642
1607450 644
1607460 647
1607470 647
1607480 650
1607490 654
1607500 654
1607510 657
1607520 661
1607530 661
1607540 664
1607550 666
1607560 669
1607570 669
1607580 671
1607590 673
1607600 673
1607610 675
1607620 678
1607630 678
1607640 680
1607650 681
1607660 681
1607670 682
1607680 683
1607690 683
1607700 684
1607710 685
1607720 686
1607730 686
1607740 687
1607750 688
1607760 688
1607770 689
1607780 690
1607790 690
1607800 691
1607810 692
1607820 692
1607830 693
1607840 694
1607850 694
1607860 696
1607870 698
1607880 702
1607890 702
1607900 705
1607910 709
1607920 709
1607930 711
1607940 712
1607950 712
1607960 714
1607970 714
1607980 714
1607990 716
1608000 718
1608010 718
1608020 720
1608030 723
1608040 723
1608050 726
1608060 729
1608070 733
1608080 733
1608090 737
1608100 741
1608110 741
1608120 746
1608130 749
1608140 749
1608150 752
1608160 755
1608170 755
1608180 759
1608190 763
1608200 763
1608210 766
1608220 769
1608230 772
1608240 772
1608250 776
1608260 779
1608270 779
1608280 783
1608290 786
1608300 786
1608310 790
1608320 792
1608330 792
1608340 795
1608350 798
1608360 798
1608370 801
1608380 804
1608390 807
1608400 807
1608410 811
1608420 815
1608430 815
1608440 820
1608450 825
1608460 825
1608470 831
1608480 835
1608490 835
1608500 840
1608510 846
1608520 846
1608530 852
1608540 857
1608550 862
1608560 862
1608570 865
1608580 870
1608590 870
1608600 872
1608610 872
1608620 872
1608630 871
1608640 870
1608650 870
1608660 868
1608670 865
1608680 865
1608690 862
1608700 858
1608710 854
1608720 854
1608730 850
1608740 846
1608750 846
1608760 843
1608770 840
1608780 840
1608790 838
1608800 836
1608810 836
1608820 833
1608830 831
1608840 831
1608850 830
1608860 829
1608870 829
1608880 829
1608890 829
1608900 829
1608910 829
1608920 830
1608930 830
1608940 830
1608950 829
1608960 828
1608970 828
1608980 826
1608990 825
1609000 825
1609010 824
1609020 822
1609030 822
1609040 822
1609050 821
1609060 820
1609070 820
1609080 818
1609090 817
1609100 817
1609110 816
1609120 815
1609130 815
1609140 813
1609150 812
1609160 812
1609170 811
1609180 810
1609190 810
1609200 810
1609210 809
1609220 809
1609230 809
1609240 809
1609250 809
1609260 809
1609270 809
1609280 809
1609290 809
1609300 809
1609310 810
1609320 810
1609330 809
1609340 809
1609350 809
1609360 809
1609370 809
1609380 808
1609390 808
1609400 808
1609410 809
1609420 809
1609430 809
1609440 810
1609450 810
1609460 811
1609470 811
1609480 811
1609490 811
1609500 811
1609510 811
1609520 811
1609530 812
1609540 812
1609550 812
1609560 813
1609570 813
1609580 813
1609590 815
1609600 814
1609610 814
1609620 813
1609630 813
1609640 813
1609650 813
1609660 814
1609670 814
1609680 814
1609690 815
1609700 815
1609710 815
1609720 816
1609730 818
1609740 818
1609750 820
1609760 822
1609770 822
1609780 822
1609790 819
1609800 819
1609810 821
1609820 823
1609830 823
1609840 824
1609850 825
1609860 825
1609870 828
1609880 830
1609890 831
1609900 831
1609910 835
1609920 839
1609930 839
1609940 842
1609950 846
1609960 846
1609970 850
1609980 854
1609990 854
1610000 857
1610010 859
1610020 859
1610030 860
1610040 861
1610050 863
1610060 863
1610070 864
1610080 867
1610090 867
1610100 870
1610110 875
1610120 875
1610130 878
1610140 877
1610150 877
1610160 876
1610170 875
1610180 875
1610190 874
1610200 874
1610210 873
1610220 873
1610230 873
1610240 872
1610250 872
1610260 872
1610270 872
1610280 872
1610290 872
1610300 871
1610310 871
1610320 870
1610330 869
1610340 869
1610350 867
1610360 866
1610370 866
1610380 865
1610390 864
1610400 864
1610410 864
1610420 866
1610430 868
1610440 868
1610450 869
1610460 870
1610470 870
1610480 871
1610490 872
1610500 872
1610510 873
1610520 874
1610530 874
1610540 875
1610550 876
1610560 877
1610570 877
1610580 879
1610590 883
1610600 884
1610610 887
1610620 890
1610630 890
1610640 894
1610650 896
1610660 896
1610670 898
1610680 900
1610690 900
1610700 901
1610710 902
1610720 902
1610730 902
1610740 902
1610750 902
1610760 902
1610770 901
1610780 900
1610790 900
1610800 898
1610810 896
1610820 896
1610830 894
1610840 893
1610850 893
1610860 891
1610870 890
1610880 888
1610890 888
1610900 886
1610910 883
1610920 883
1610930 880
1610940 877
1610950 877
1610960 873
1610970 868
1610980 868
1610990 864
1611000 861
1611010 861
1611020 859
1611030 856
1611040 854
1611050 854
1611060 851
1611070 848
1611080 848
1611090 846
1611100 844
1611110 844
1611120 843
1611130 842
1611140 842
1611150 841
1611160 840
1611170 840
1611180 839
1611190 838
1611200 838
1611210 837
1611220 835
1611230 834
1611240 834
1611250 834
1611260 833
1611270 833
1611280 832
1611290 831
1611300 831
1611310 830
1611320 830
1611330 830
1611340 829
1611350 828
1611360 828
1611370 828
1611380 827
1611390 826
1611400 826
1611410 825
1611420 824
1611430 824
1611440 824
1611450 823
1611460 823
1611470 822
1611480 821
1611490 821
1611500 820
1611510 820
1611520 820
1611530 819
1611540 819
1611550 818
1611560 818
1611570 817
1611580 817
1611590 818
1611600 817
1611610 816
1611620 816
1611630 816
1611640 815
1611650 815
1611660 814
1611670 813
1611680 813
1611690 811
1611700 806
1611710 802
1611720 802
1611730 798
1611740 791
1611750 791
1611760 784
1611770 780
1611780 780
1611790 776
1611800 772
1611810 772
1611820 768
1611830 764
1611840 764
1611850 761
1611860 761
1611870 765
1611880 765
1611890 767
1611900 770
1611910 770
1611920 774
1611930 774
1611940 774
1611950 774
1611960 773
1611970 773
1611980 772
1611990 772
1612000 772
1612010 771
1612020 771
1612030 771
1612040 771
1612050 771
1612060 772
1612070 772
1612080 773
1612090 773
1612100 773
1612110 774
1612120 774
1612130 774
1612140 774
1612150 774
1612160 774
1612170 773
1612180 773
1612190 773
1612200 772
1612210 771
1612220 770
1612230 770
1612240 770
1612250 771
1612260 771
1612270 771
1612280 772
1612290 772
1612300 772
1612310 772
1612320 772
1612330 772
1612340 773
1612350 773
1612360 775
1612370 776
1612380 777
1612390 777
1612400 778
1612410 780
1612420 780
1612430 781
1612440 783
1612450 783
1612460 784
1612470 787
1612480 787
1612490 789
1612500 791
1612510 791
1612520 793
1612530 794
1612540 796
1612550 796
1612560 798
1612570 800
1612580 805
1612590 807
1612600 808
1612610 808
1612620 810
1612630 813
1612640 813
1612650 815
1612660 818
1612670 818
1612680 821
1612690 824
1612700 828
1612710 828
1612720 832
1612730 836
1612740 836
1612750 840
1612760 844
1612770 844
1612780 847
1612790 850
1612800 850
1612810 853
1612820 855
1612830 855
1612840 856
1612850 858
1612860 858
1612870 860
1612880 862
1612890 864
1612900 864
1612910 866
1612920 867
1612930 867
1612940 865
1612950 860
1612960 860
1612970 854
1612980 848
1612990 848
1613000 842
1613010 835
1613020 835
1613030 829
1613040 823
1613050 817
1613060 817
1613070 811
1613080 805
1613090 805
1613100 799
1613110 793
1613120 793
1613130 787
1613140 781
1613150 781
1613160 774
1613170 768
1613180 768
1613190 762
1613200 756
1613210 751
1613220 751
1613230 746
1613240 742
1613250 742
1613260 738
1613270 735
1613280 735
1613290 731
1613300 728
1613310 728
1613320 724
1613330 722
1613340 722
1613350 719
1613360 715
1613370 710
1613380 710
1613390 704
1613400 699
1613410 699
1613420 695
1613430 691
1613440 691
1613450 689
1613460 686
1613470 686
1613480 682
1613490 676
1613500 676
1613510 673
1613520 670
1613530 667
1613540 667
1613550 664
1613560 665
1613570 665
1613580 660
1613590 659
1613600 659
1613610 655
1613620 651
1613630 651
1613640 645
1613650 641
1613660 641
1613670 637
1613680 632
1613690 632
1613700 625
1613710 616
1613720 606
1613730 606
1613740 593
1613750 589
1613760 589
1613770 595
1613780 600
1613790 600
1613800 603
1613810 607
1613820 607
1613830 609
1613840 612
1613850 612
1613860 613
1613870 612
1613880 609
1613890 609
1613900 606
1613910 602
1613920 602
1613930 598
1613940 595
1613950 595
1613960 592
1613970 591
1613980 591
1613990 589
1614000 587
1614010 587
1614020 584
1614030 583
1614040 582
1614050 582
1614060 578
1614070 573
1614080 573
1614090 568
1614100 564
1614110 564
1614120 559
1614130 554
1614140 554
1614150 550
1614160 547
1614170 547
1614180 545
1614190 544
1614200 542
1614210 542
1614220 541
1614230 539
1614240 539
1614250 538
1614260 536
1614270 536
1614280 534
1614290 533
1614300 533
1614310 530
1614320 524
1614330 524
1614340 518
1614350 512
1614360 506
1614370 506
1614380 503
1614390 500
1614400 500
1614410 497
1614420 495
1614430 495
1614440 491
1614450 490
1614460 490
1614470 489
1614480 489
1614490 489
1614500 488
1614510 488
1614520 488
1614530 488
1614540 487
1614550 487
1614560 487
1614570 486
1614580 486
1614590 486
1614600 485
1614610 485
1614620 485
1614630 485
1614640 484
1614650 484
1614660 484
1614670 484
1614680 484
1614690 484
1614700 484
1614710 484
1614720 484
1614730 484
1614740 484
1614750 484
1614760 484
1614770 484
1614780 484
1614790 484
1614800 484
1614810 484
1614820 484
1614830 484
1614840 484
1614850 484
1614860 484
1614870 484
1614880 484
1614890 485
1614900 485
1614910 485
1614920 485
1614930 484
1614940 484
1614950 484
1614960 484
1614970 484
1614980 484
1614990 483
1615000 483
1615010 481
1615020 480
1615030 479
1615040 479
1615050 478
1615060 477
1615070 477
1615080 477
1615090 476
1615100 476
1615110 475
1615120 474
1615130 474
1615140 474
1615150 474
1615160 474
1615170 473
1615180 473
1615190 473
1615200 473
1615210 473
1615220 473
1615230 473
1615240 473
1615250 469
1615260 469
1615270 466
1615280 465
1615290 465
1615300 465
1615310 465
1615320 465
1615330 466
1615340 467
1615350 467
1615360 467
1615370 467
1615380 467
1615390 467
1615400 467
1615410 467
1615420 467
1615430 467
1615440 467
1615450 467
1615460 467
1615470 467
1615480 467
1615490 467
1615500 467
1615510 467
1615520 467
1615530 467
1615540 468
1615550 468
1615560 468
1615570 468
1615580 468
1615590 468
1615600 468
1615610 468
1615620 468
1615630 468
1615640 468
1615650 468
1615660 468
1615670 468
1615680 468
1615690 468
1615700 468
1615710 468
1615720 468
1615730 468
1615740 468
1615750 468
1615760 468
1615770 468
1615780 468
1615790 468
1615800 468
1615810 468
1615820 468
1615830 468
1615840 468
1615850 468
1615860 468
1615870 468
1615880 469
1615890 469
1615900 469
1615910 469
1615920 470
1615930 470
1615940 472
1615950 474
1615960 474
1615970 476
1615980 477
1615990 477
1616000 479
1616010 481
1616020 481
1616030 485
1616040 489
1616050 493
1616060 493
1616070 497
1616080 500
1616090 500
1616100 501
1616110 502
1616120 502
1616130 504
1616140 505
1616150 505
1616160 506
1616170 508
1616180 508
1616190 510
1616200 513
1616210 514
1616220 514
1616230 519
1616240 524
1616250 524
1616260 531
1616270 537
1616280 537
1616290 543
1616300 548
1616310 548
1616320 552
1616330 555
1616340 555
1616350 559
1616360 562
1616370 566
1616380 566
1616390 571
1616400 576
1616410 576
1616420 580
1616430 585
1616440 585
1616450 584
1616460 588
1616470 588
1616480 593
1616490 595
1616500 595
1616510 594
1616520 592
1616530 590
1616540 590
1616550 587
1616560 584
1616570 584
1616580 581
1616590 577
1616600 577
1616610 573
1616620 569
1616630 569
1616640 566
1616650 562
1616660 562
1616670 559
1616680 556
1616690 553
1616700 553
1616710 551
1616720 550
1616730 550
1616740 548
1616750 545
1616760 545
1616770 543
1616780 541
1616790 541
1616800 540
1616810 539
1616820 539
1616830 539
1616840 539
1616850 539
1616860 539
1616870 540
1616880 540
1616890 540
1616900 541
1616910 542
1616920 542
1616930 542
1616940 542
1616950 542
1616960 542
1616970 543
1616980 543
1616990 543
1617000 543
1617010 543
1617020 543
1617030 543
1617040 542
1617050 542
1617060 541
1617070 539
1617080 539
1617090 536
1617100 533
1617110 533
1617120 531
1617130 530
1617140 530
1617150 529
1617160 528
1617170 528
1617180 528
1617190 528
1617200 528
1617210 528
1617220 528
1617230 528
1617240 528
1617250 528
1617260 528
1617270 528
1617280 528
1617290 528
1617300 528
1617310 527
1617320 527
1617330 527
1617340 527
1617350 527
1617360 527
1617370 527
1617380 527
1617390 527
1617400 527
1617410 527
1617420 527
1617430 527
1617440 527
1617450 525
1617460 525
1617470 522
1617480 518
1617490 518
1617500 516
1617510 515
1617520 515
1617530 517
1617540 519
1617550 518
1617560 518
1617570 515
1617580 513
1617590 513
1617600 507
1617610 503
1617620 503
1617630 499
1617640 495
1617650 495
1617660 494
1617670 500
1617680 500
1617690 508
1617700 512
1617710 516
1617720 516
1617730 522
1617740 526
1617750 526
1617760 526
1617770 526
1617780 526
1617790 526
1617800 526
1617810 526
1617820 526
1617830 526
1617840 526
1617850 526
1617860 526
1617870 526
1617880 526
1617890 526
1617900 526
1617910 526
1617920 526
1617930 526
1617940 526
1617950 526
1617960 526
1617970 526
1617980 526
1617990 526
1618000 526
1618010 526
1618020 527
1618030 527
1618040 527
1618050 527
1618060 527
1618070 527
1618080 527
1618090 528
1618100 528
1618110 528
1618120 529
1618130 529
1618140 529
1618150 531
1618160 531
1618170 534
1618180 537
1618190 540
1618200 540
1618210 543
1618220 546
1618230 546
1618240 545
1618250 542
1618260 542
1618270 540
1618280 539
1618290 539
1618300 538
1618310 537
1618320 537
1618330 536
1618340 535
1618350 536
1618360 535
1618370 535
1618380 535
1618390 535
1618400 535
1618410 535
1618420 535
1618430 535
1618440 535
1618450 535
1618460 534
1618470 533
1618480 533
1618490 533
1618500 532
1618510 532
1618520 531
1618530 530
1618540 530
1618550 530
1618560 529
1618570 528
1618580 528
1618590 528
1618600 528
1618610 528
1618620 527
1618630 527
1618640 527
1618650 526
1618660 526
1618670 526
1618680 526
1618690 526
1618700 526
1618710 526
1618720 526
1618730 526
1618740 526
1618750 526
1618760 526
1618770 526
1618780 525
1618790 525
1618800 525
1618810 525
1618820 525
1618830 525
1618840 525
1618850 525
1618860 525
1618870 525
1618880 525
1618890 525
1618900 525
1618910 525
1618920 525
1618930 525
1618940 525
1618950 525
1618960 525
1618970 525
1618980 525
1618990 525
1619000 525
1619010 525
1619020 525
1619030 525
1619040 525
1619050 525
1619060 525
1619070 525
1619080 525
1619090 525
1619100 525
1619110 525
1619120 525
1619130 525
1619140 525
1619150 525
1619160 525
1619170 525
1619180 525
1619190 525
1619200 525
1619210 525
1619220 525
1619230 525
1619240 525
1619250 525
1619260 525
1619270 525
1619280 525
1619290 525
1619300 525
1619310 525
1619320 526
1619330 525
1619340 525
1619350 525
1619360 525
1619370 526
1619380 526
1619390 526
1619400 526
1619410 526
1619420 526
1619430 527
1619440 527
1619450 526
1619460 526
1619470 526
1619480 527
1619490 527
1619500 527
1619510 527
1619520 527
1619530 527
1619540 527
1619550 527
1619560 527
1619570 527
1619580 527
1619590 527
1619600 527
1619610 527
1619620 527
1619630 527
1619640 527
1619650 527
1619660 527
1619670 527
1619680 527
1619690 527
1619700 527
1619710 527
1619720 527
1619730 527
1619740 527
1619750 528
1619760 528
1619770 528
1619780 528
1619790 528
1619800 528
1619810 528
1619820 528
1619830 528
1619840 528
1619850 528
1619860 528
1619870 528
1619880 528
1619890 528
1619900 528
1619910 528
1619920 528
1619930 528
1619940 528
1619950 528
1619960 528
1619970 529
1619980 529
1619990 529
