1600000 460
1600010 460
1600020 460
1600030 460
1600040 460
1600050 460
1600060 460
1600070 460
1600080 460
1600090 460
1600100 460
1600110 460
1600120 460
1600130 460
1600140 460
1600150 460
1600160 460
1600170 460
1600180 460
1600190 460
1600200 460
1600210 460
1600220 460
1600230 460
1600240 460
1600250 460
1600260 461
1600270 462
1600280 462
1600290 462
1600300 462
1600310 462
1600320 462
1600330 461
1600340 461
1600350 461
1600360 462
1600370 462
1600380 462
1600390 463
1600400 464
1600410 464
1600420 464
1600430 465
1600440 465
1600450 465
1600460 466
1600470 466
1600480 466
1600490 466
1600500 466
1600510 466
1600520 466
1600530 466
1600540 466
1600550 466
1600560 466
1600570 466
1600580 466
1600590 467
1600600 467
1600610 467
1600620 468
1600630 468
1600640 468
1600650 469
1600660 471
1600670 471
1600680 472
1600690 473
1600700 473
1600710 474
1600720 477
1600730 477
1600740 480
1600750 480
1600760 480
1600770 480
1600780 480
1600790 480
1600800 480
1600810 480
1600820 481
1600830 481
1600840 482
1600850 482
1600860 482
1600870 483
1600880 485
1600890 485
1600900 486
1600910 487
1600920 487
1600930 487
1600940 489
1600950 489
1600960 489
1600970 490
1600980 491
1600990 491
1601000 492
1601010 493
1601020 493
1601030 495
1601040 497
1601050 497
1601060 498
1601070 499
1601080 499
1601090 500
1601100 502
1601110 503
1601120 503
1601130 504
1601140 504
1601150 504
1601160 505
1601170 505
1601180 505
1601190 504
1601200 500
1601210 500
1601220 495
1601230 493
1601240 493
1601250 491
1601260 491
1601270 491
1601280 491
1601290 491
1601300 490
1601310 490
1601320 491
1601330 491
1601340 491
1601350 491
1601360 491
1601370 491
1601380 491
1601390 491
1601400 491
1601410 491
1601420 491
1601430 491
1601440 491
1601450 491
1601460 491
1601470 491
1601480 491
1601490 491
1601500 491
1601510 491
1601520 491
1601530 491
1601540 491
1601550 491
1601560 491
1601570 491
1601580 492
1601590 492
1601600 492
1601610 492
1601620 492
1601630 492
1601640 493
1601650 493
1601660 493
1601670 494
1601680 495
1601690 495
1601700 496
1601710 497
1601720 497
1601730 498
1601740 499
1601750 499
1601760 500
1601770 501
1601780 502
1601790 502
1601800 504
1601810 506
1601820 506
1601830 510
1601840 513
1601850 513
1601860 519
1601870 523
1601880 523
1601890 525
1601900 530
1601910 530
1601920 533
1601930 538
1601940 543
1601950 543
1601960 548
1601970 552
1601980 552
1601990 553
1602000 556
1602010 556
1602020 558
1602030 560
1602040 560
1602050 561
1602060 563
1602070 563
1602080 567
1602090 570
1602100 570
1602110 574
1602120 579
1602130 585
1602140 585
1602150 590
1602160 594
1602170 594
1602180 597
1602190 600
1602200 600
1602210 603
1602220 606
1602230 606
1602240 611
1602250 616
1602260 616
1602270 619
1602280 620
1602290 623
1602300 623
1602310 623
1602320 624
1602330 624
1602340 624
1602350 624
1602360 624
1602370 626
1602380 629
1602390 629
1602400 631
1602410 633
1602420 633
1602430 635
1602440 637
1602450 639
1602460 639
1602470 641
1602480 644
1602490 644
1602500 647
1602510 649
1602520 649
1602530 652
1602540 655
1602550 655
1602560 658
1602570 661
1602580 661
1602590 663
1602600 665
1602610 667
1602620 667
1602630 670
1602640 673
1602650 673
1602660 676
1602670 678
1602680 678
1602690 682
1602700 686
1602710 686
1602720 690
1602730 695
1602740 695
1602750 700
1602760 704
1602770 704
1602780 706
1602790 708
1602800 709
1602810 709
1602820 712
1602830 717
1602840 717
1602850 724
1602860 728
1602870 728
1602880 733
1602890 738
1602900 738
1602910 741
1602920 744
1602930 744
1602940 748
1602950 751
1602960 754
1602970 754
1602980 757
1602990 761
1603000 761
1603010 764
1603020 768
1603030 768
1603040 772
1603050 775
1603060 775
1603070 779
1603080 781
1603090 781
1603100 785
1603110 788
1603120 788
1603130 788
1603140 788
1603150 788
1603160 788
1603170 789
1603180 792
1603190 792
1603200 795
1603210 799
1603220 799
1603230 804
1603240 808
1603250 808
1603260 812
1603270 815
1603280 818
1603290 818
1603300 821
1603310 824
1603320 824
1603330 828
1603340 831
1603350 831
1603360 836
1603370 842
1603380 842
1603390 848
1603400 855
1603410 855
1603420 862
1603430 869
1603440 869
1603450 875
1603460 881
1603470 886
1603480 886
1603490 891
1603500 897
1603510 897
1603520 903
1603530 910
1603540 910
1603550 918
1603560 925
1603570 925
1603580 930
1603590 935
1603600 935
1603610 939
1603620 943
1603630 946
1603640 946
1603650 950
1603660 953
1603670 953
1603680 956
1603690 960
1603700 960
1603710 964
1603720 968
1603730 968
1603740 971
1603750 972
1603760 972
1603770 972
1603780 969
1603790 966
1603800 966
1603810 962
1603820 958
1603830 958
1603840 955
1603850 951
1603860 951
1603870 948
1603880 944
1603890 944
1603900 941
1603910 937
1603920 937
1603930 933
1603940 928
1603950 922
1603960 922
1603970 917
1603980 912
1603990 912
1604000 907
1604010 902
1604020 902
1604030 897
1604040 892
1604050 892
1604060 887
1604070 882
1604080 882
1604090 878
1604100 875
1604110 876
1604120 873
1604130 871
1604140 869
1604150 869
1604160 868
1604170 868
1604180 868
1604190 867
1604200 864
1604210 864
1604220 860
1604230 855
1604240 855
1604250 850
1604260 845
1604270 845
1604280 840
1604290 835
1604300 829
1604310 829
1604320 824
1604330 821
1604340 821
1604350 818
1604360 816
1604370 816
1604380 813
1604390 811
1604400 811
1604410 808
1604420 804
1604430 804
1604440 803
1604450 802
1604460 801
1604470 801
1604480 797
1604490 793
1604500 793
1604510 788
1604520 786
1604530 786
1604540 785
1604550 784
1604560 784
1604570 783
1604580 781
1604590 781
1604600 776
1604610 771
1604620 769
1604630 769
1604640 767
1604650 765
1604660 765
1604670 763
1604680 762
1604690 762
1604700 760
1604710 759
1604720 759
1604730 758
1604740 755
1604750 755
1604760 753
1604770 752
1604780 752
1604790 751
1604800 750
1604810 749
1604820 749
1604830 748
1604840 747
1604850 747
1604860 746
1604870 746
1604880 746
1604890 744
1604900 742
1604910 742
1604920 741
1604930 740
1604940 740
1604950 739
1604960 737
1604970 735
1604980 735
1604990 733
1605000 736
1605010 736
1605020 736
1605030 736
1605040 736
1605050 736
1605060 736
1605070 736
1605080 737
1605090 737
1605100 737
1605110 738
1605120 738
1605130 739
1605140 739
1605150 740
1605160 741
1605170 741
1605180 741
1605190 742
1605200 742
1605210 744
1605220 745
1605230 745
1605240 747
1605250 749
1605260 749
1605270 750
1605280 751
1605290 753
1605300 753
1605310 754
1605320 756
1605330 756
1605340 758
1605350 759
1605360 759
1605370 761
1605380 763
1605390 763
1605400 765
1605410 767
1605420 767
1605430 769
1605440 770
1605450 770
1605460 772
1605470 775
1605480 777
1605490 777
1605500 779
1605510 781
1605520 781
1605530 784
1605540 788
1605550 788
1605560 790
1605570 792
1605580 792
1605590 794
1605600 796
1605610 796
1605620 798
1605630 802
1605640 804
1605650 804
1605660 804
1605670 803
1605680 803
1605690 802
1605700 800
1605710 800
1605720 798
1605730 797
1605740 797
1605750 796
1605760 796
1605770 796
1605780 795
1605790 796
1605800 797
1605810 797
1605820 798
1605830 798
1605840 798
1605850 798
1605860 798
1605870 798
1605880 797
1605890 797
1605900 797
1605910 796
1605920 795
1605930 795
1605940 792
1605950 791
1605960 791
1605970 791
1605980 791
1605990 791
1606000 791
1606010 791
1606020 791
1606030 791
1606040 790
1606050 790
1606060 790
1606070 791
1606080 792
1606090 792
1606100 792
1606110 793
1606120 793
1606130 794
1606140 795
1606150 796
1606160 796
1606170 796
1606180 797
1606190 797
1606200 798
1606210 798
1606220 798
1606230 797
1606240 796
1606250 796
1606260 796
1606270 796
1606280 796
1606290 795
1606300 794
1606310 791
1606320 791
1606330 789
1606340 790
1606350 790
1606360 788
1606370 788
1606380 788
1606390 791
1606400 796
1606410 796
1606420 798
1606430 801
1606440 801
1606450 803
1606460 805
1606470 806
1606480 806
1606490 807
1606500 808
1606510 808
1606520 809
1606530 809
1606540 809
1606550 811
1606560 812
1606570 812
1606580 812
1606590 813
1606600 813
1606610 814
1606620 815
1606630 816
1606640 816
1606650 816
1606660 817
1606670 817
1606680 817
1606690 818
1606700 818
1606710 819
1606720 820
1606730 820
1606740 820
1606750 821
1606760 821
1606770 822
1606780 823
1606790 823
1606800 824
1606810 824
1606820 827
1606830 827
1606840 830
1606850 831
1606860 831
1606870 832
1606880 833
1606890 833
1606900 836
1606910 841
1606920 841
1606930 843
1606940 842
1606950 842
1606960 841
1606970 841
1606980 841
1606990 841
1607000 842
1607010 843
1607020 843
1607030 844
1607040 845
1607050 845
1607060 845
1607070 845
1607080 845
1607090 843
1607100 841
1607110 841
1607120 839
1607130 837
1607140 834
1607150 834
1607160 832
1607170 830
1607180 830
1607190 829
1607200 827
1607210 827
1607220 825
1607230 827
1607240 827
1607250 824
1607260 820
1607270 820
1607280 818
1607290 817
1607300 817
1607310 816
1607320 817
1607330 819
1607340 819
1607350 822
1607360 825
1607370 825
1607380 829
1607390 833
1607400 833
1607410 837
1607420 841
1607430 841
1607440 845
1607450 851
1607460 851
1607470 856
1607480 860
1607490 865
1607500 865
1607510 869
1607520 875
1607530 875
1607540 882
1607550 888
1607560 888
1607570 894
1607580 900
1607590 900
1607600 904
1607610 910
1607620 910
1607630 916
1607640 922
1607650 928
1607660 928
1607670 935
1607680 938
1607690 938
1607700 940
1607710 942
1607720 942
1607730 942
1607740 942
1607750 942
1607760 942
1607770 941
1607780 941
1607790 940
1607800 940
1607810 939
1607820 939
1607830 938
1607840 937
1607850 937
1607860 935
1607870 934
1607880 934
1607890 932
1607900 931
1607910 931
1607920 929
1607930 928
1607940 928
1607950 928
1607960 926
1607970 926
1607980 925
1607990 924
1608000 922
1608010 922
1608020 918
1608030 914
1608040 914
1608050 909
1608060 905
1608070 905
1608080 900
1608090 895
1608100 895
1608110 890
1608120 885
1608130 885
1608140 880
1608150 875
1608160 870
1608170 870
1608180 866
1608190 861
1608200 861
1608210 857
1608220 852
1608230 852
1608240 848
1608250 846
1608260 846
1608270 843
1608280 841
1608290 841
1608300 839
1608310 837
1608320 833
1608330 833
1608340 829
1608350 825
1608360 825
1608370 820
1608380 815
1608390 815
1608400 810
1608410 806
1608420 806
1608430 804
1608440 803
1608450 803
1608460 804
1608470 803
1608480 801
1608490 801
1608500 800
1608510 799
1608520 799
1608530 798
1608540 796
1608550 796
1608560 793
1608570 788
1608580 788
1608590 783
1608600 777
1608610 777
1608620 770
1608630 765
1608640 765
1608650 768
1608660 773
1608670 774
1608680 774
1608690 773
1608700 770
1608710 770
1608720 766
1608730 768
1608740 768
1608750 772
1608760 772
1608770 772
1608780 769
1608790 763
1608800 763
1608810 757
1608820 752
1608830 747
1608840 747
1608850 748
1608860 753
1608870 753
1608880 759
1608890 766
1608900 766
1608910 771
1608920 776
1608930 776
1608940 779
1608950 781
1608960 781
1608970 781
1608980 781
1608990 782
1609000 782
1609010 786
1609020 792
1609030 792
1609040 795
1609050 798
1609060 798
1609070 801
1609080 803
1609090 803
1609100 806
1609110 809
1609120 809
1609130 811
1609140 812
1609150 814
1609160 814
1609170 816
1609180 818
1609190 818
1609200 821
1609210 824
1609220 824
1609230 828
1609240 833
1609250 833
1609260 837
1609270 845
1609280 845
1609290 850
1609300 853
1609310 853
1609320 857
1609330 861
1609340 864
1609350 864
1609360 867
1609370 872
1609380 872
1609390 876
1609400 880
1609410 880
1609420 884
1609430 887
1609440 887
1609450 890
1609460 892
1609470 892
1609480 894
1609490 896
1609500 898
1609510 898
1609520 899
1609530 900
1609540 900
1609550 902
1609560 904
1609570 904
1609580 906
1609590 908
1609600 908
1609610 910
1609620 913
1609630 913
1609640 916
1609650 919
1609660 923
1609670 923
1609680 926
1609690 929
1609700 929
1609710 932
1609720 935
1609730 935
1609740 938
1609750 942
1609760 942
1609770 945
1609780 948
1609790 948
1609800 952
1609810 956
1609820 959
1609830 959
1609840 962
1609850 966
1609860 966
1609870 971
1609880 975
1609890 975
1609900 980
1609910 983
1609920 983
1609930 988
1609940 992
1609950 992
1609960 997
1609970 1002
1609980 1002
1609990 1008
1610000 1014
1610010 1021
1610020 1021
1610030 1028
1610040 1035
1610050 1035
1610060 1041
1610070 1043
1610080 1043
1610090 1042
1610100 1041
1610110 1041
1610120 1042
1610130 1044
1610140 1044
1610150 1047
1610160 1049
1610170 1050
1610180 1050
1610190 1052
1610200 1056
1610210 1056
1610220 1058
1610230 1059
1610240 1059
1610250 1058
1610260 1053
1610270 1053
1610280 1045
1610290 1040
1610300 1040
1610310 1032
1610320 1028
1610330 1026
1610340 1026
1610350 1021
1610360 1015
1610370 1015
1610380 1010
1610390 1005
1610400 1005
1610410 1000
1610420 995
1610430 995
1610440 991
1610450 986
1610460 986
1610470 983
1610480 980
1610490 976
1610500 976
1610510 973
1610520 970
1610530 970
1610540 968
1610550 965
1610560 965
1610570 961
1610580 957
1610590 957
1610600 954
1610610 950
1610620 950
1610630 947
1610640 944
1610650 944
1610660 941
1610670 938
1610680 935
1610690 935
1610700 932
1610710 929
1610720 929
1610730 925
1610740 920
1610750 920
1610760 917
1610770 919
1610780 919
1610790 922
1610800 923
1610810 923
1610820 925
1610830 927
1610840 930
1610850 930
1610860 933
1610870 937
1610880 937
1610890 941
1610900 944
1610910 944
1610920 949
1610930 954
1610940 954
1610950 959
1610960 963
1610970 963
1610980 968
1610990 973
1611000 977
1611010 977
1611020 981
1611030 985
1611040 985
1611050 988
1611060 991
1611070 991
1611080 994
1611090 998
1611100 998
1611110 1000
1611120 1003
1611130 1003
1611140 1006
1611150 1008
1611160 1009
1611170 1009
1611180 1010
1611190 1010
1611200 1010
1611210 1009
1611220 1006
1611230 1006
1611240 1002
1611250 999
1611260 999
1611270 994
1611280 990
1611290 990
1611300 987
1611310 983
1611320 983
1611330 980
1611340 976
1611350 973
1611360 973
1611370 970
1611380 968
1611390 968
1611400 965
1611410 963
1611420 963
1611430 960
1611440 958
1611450 958
1611460 956
1611470 954
1611480 954
1611490 952
1611500 949
1611510 945
1611520 945
1611530 941
1611540 937
1611550 937
1611560 933
1611570 930
1611580 930
1611590 928
1611600 926
1611610 926
1611620 925
1611630 923
1611640 923
1611650 922
1611660 922
1611670 922
1611680 922
1611690 922
1611700 921
1611710 921
1611720 920
1611730 920
1611740 920
1611750 919
1611760 915
1611770 915
1611780 910
1611790 904
1611800 904
1611810 898
1611820 892
1611830 885
1611840 885
1611850 879
1611860 873
1611870 873
1611880 867
1611890 861
1611900 861
1611910 860
1611920 862
1611930 862
1611940 863
1611950 865
1611960 865
1611970 867
1611980 869
1611990 869
1612000 872
1612010 874
1612020 877
1612030 877
1612040 880
1612050 884
1612060 884
1612070 888
1612080 892
1612090 892
1612100 895
1612110 898
1612120 898
1612130 900
1612140 901
1612150 901
1612160 902
1612170 904
1612180 905
1612190 905
1612200 904
1612210 902
1612220 902
1612230 900
1612240 898
1612250 898
1612260 895
1612270 893
1612280 893
1612290 891
1612300 887
1612310 887
1612320 882
1612330 878
1612340 875
1612350 875
1612360 872
1612370 870
1612380 870
1612390 867
1612400 864
1612410 864
1612420 860
1612430 854
1612440 854
1612450 849
1612460 844
1612470 844
1612480 840
1612490 836
1612500 833
1612510 833
1612520 830
1612530 826
1612540 826
1612550 822
1612560 816
1612570 816
1612580 811
1612590 806
1612600 806
1612610 802
1612620 801
1612630 801
1612640 800
1612650 799
1612660 799
1612670 798
1612680 796
1612690 795
1612700 795
1612710 794
1612720 794
1612730 794
1612740 794
1612750 793
1612760 793
1612770 792
1612780 789
1612790 789
1612800 788
1612810 788
1612820 788
1612830 788
1612840 787
1612850 787
1612860 787
1612870 787
1612880 787
1612890 787
1612900 788
1612910 789
1612920 789
1612930 789
1612940 790
1612950 790
1612960 791
1612970 792
1612980 792
1612990 793
1613000 793
1613010 794
1613020 794
1613030 794
1613040 794
1613050 794
1613060 794
1613070 794
1613080 794
1613090 794
1613100 794
1613110 794
1613120 794
1613130 795
1613140 795
1613150 795
1613160 795
1613170 795
1613180 795
1613190 795
1613200 795
1613210 795
1613220 795
1613230 795
1613240 795
1613250 796
1613260 797
1613270 797
1613280 799
1613290 800
1613300 800
1613310 801
1613320 800
1613330 800
1613340 800
1613350 800
1613360 801
1613370 801
1613380 802
1613390 802
1613400 802
1613410 803
1613420 805
1613430 805
1613440 809
1613450 813
1613460 813
1613470 818
1613480 822
1613490 822
1613500 827
1613510 832
1613520 838
1613530 838
1613540 842
1613550 847
1613560 847
1613570 853
1613580 858
1613590 858
1613600 864
1613610 869
1613620 869
1613630 874
1613640 879
1613650 879
1613660 883
1613670 888
1613680 892
1613690 892
1613700 896
1613710 901
1613720 901
1613730 904
1613740 907
1613750 907
1613760 908
1613770 906
1613780 906
1613790 906
1613800 908
1613810 908
1613820 909
1613830 909
1613840 909
1613850 909
1613860 909
1613870 909
1613880 909
1613890 908
1613900 908
1613910 908
1613920 908
1613930 909
1613940 909
1613950 912
1613960 914
1613970 914
1613980 917
1613990 919
1614000 919
1614010 921
1614020 923
1614030 926
1614040 926
1614050 928
1614060 931
1614070 931
1614080 934
1614090 939
1614100 939
1614110 943
1614120 947
1614130 947
1614140 951
1614150 955
1614160 955
1614170 959
1614180 962
1614190 964
1614200 964
1614210 960
1614220 956
1614230 956
1614240 950
1614250 943
1614260 943
1614270 936
1614280 928
1614290 928
1614300 921
1614310 912
1614320 912
1614330 905
1614340 899
1614350 892
1614360 892
1614370 887
1614380 883
1614390 883
1614400 877
1614410 870
1614420 870
1614430 864
1614440 857
1614450 857
1614460 850
1614470 844
1614480 844
1614490 839
1614500 832
1614510 832
1614520 825
1614530 819
1614540 813
1614550 813
1614560 807
1614570 801
1614580 801
1614590 796
1614600 790
1614610 790
1614620 783
1614630 777
1614640 777
1614650 773
1614660 771
1614670 771
1614680 767
1614690 764
1614700 763
1614710 763
1614720 761
1614730 759
1614740 759
1614750 758
1614760 758
1614770 758
1614780 757
1614790 757
1614800 757
1614810 759
1614820 760
1614830 760
1614840 761
1614850 763
1614860 765
1614870 765
1614880 766
1614890 765
1614900 765
1614910 763
1614920 761
1614930 761
1614940 758
1614950 756
1614960 756
1614970 754
1614980 752
1614990 752
1615000 751
1615010 750
1615020 750
1615030 750
1615040 749
1615050 748
1615060 748
1615070 747
1615080 745
1615090 745
1615100 742
1615110 739
1615120 739
1615130 735
1615140 731
1615150 731
1615160 726
1615170 721
1615180 721
1615190 720
1615200 717
1615210 714
1615220 714
1615230 711
1615240 707
1615250 707
1615260 703
1615270 700
1615280 700
1615290 696
1615300 691
1615310 691
1615320 687
1615330 682
1615340 682
1615350 677
1615360 673
1615370 668
1615380 668
1615390 663
1615400 656
1615410 656
1615420 649
1615430 642
1615440 642
1615450 636
1615460 631
1615470 631
1615480 627
1615490 622
1615500 622
1615510 616
1615520 613
1615530 609
1615540 609
1615550 606
1615560 604
1615570 604
1615580 600
1615590 596
1615600 596
1615610 593
1615620 589
1615630 589
1615640 584
1615650 580
1615660 580
1615670 577
1615680 574
1615690 572
1615700 572
1615710 570
1615720 567
1615730 567
1615740 565
1615750 562
1615760 562
1615770 558
1615780 553
1615790 553
1615800 551
1615810 548
1615820 548
1615830 546
1615840 544
1615850 544
1615860 540
1615870 533
1615880 527
1615890 527
1615900 521
1615910 516
1615920 516
1615930 512
1615940 508
1615950 508
1615960 504
1615970 502
1615980 502
1615990 500
1616000 498
1616010 498
1616020 497
1616030 495
1616040 494
1616050 494
1616060 494
1616070 493
1616080 493
1616090 493
1616100 493
1616110 493
1616120 493
1616130 492
1616140 492
1616150 493
1616160 493
1616170 493
1616180 493
1616190 492
1616200 492
1616210 492
1616220 492
1616230 492
1616240 492
1616250 492
1616260 492
1616270 492
1616280 492
1616290 492
1616300 492
1616310 492
1616320 492
1616330 492
1616340 493
1616350 492
1616360 486
1616370 486
1616380 480
1616390 479
1616400 479
1616410 478
1616420 475
1616430 475
1616440 474
1616450 474
1616460 474
1616470 475
1616480 476
1616490 476
1616500 475
1616510 475
1616520 475
1616530 475
1616540 475
1616550 475
1616560 475
1616570 476
1616580 476
1616590 476
1616600 476
1616610 476
1616620 476
1616630 476
1616640 476
1616650 476
1616660 476
1616670 476
1616680 476
1616690 476
1616700 476
1616710 477
1616720 477
1616730 477
1616740 477
1616750 477
1616760 477
1616770 477
1616780 477
1616790 477
1616800 477
1616810 477
1616820 477
1616830 477
1616840 477
1616850 477
1616860 477
1616870 477
1616880 477
1616890 477
1616900 478
1616910 478
1616920 478
1616930 479
1616940 479
1616950 479
1616960 480
1616970 480
1616980 480
1616990 480
1617000 480
1617010 480
1617020 480
1617030 480
1617040 480
1617050 480
1617060 480
1617070 480
1617080 480
1617090 480
1617100 480
1617110 480
1617120 480
1617130 480
1617140 480
1617150 480
1617160 480
1617170 480
1617180 480
1617190 480
1617200 480
1617210 480
1617220 480
1617230 480
1617240 480
1617250 480
1617260 480
1617270 480
1617280 480
1617290 480
1617300 480
1617310 480
1617320 480
1617330 480
1617340 480
1617350 480
1617360 480
1617370 480
1617380 480
1617390 480
1617400 480
1617410 481
1617420 481
1617430 481
1617440 480
1617450 480
1617460 481
1617470 481
1617480 481
1617490 481
1617500 481
1617510 481
1617520 481
1617530 481
1617540 481
1617550 481
1617560 481
1617570 481
1617580 481
1617590 481
1617600 481
1617610 481
1617620 481
1617630 482
1617640 482
1617650 482
1617660 482
1617670 482
1617680 482
1617690 482
1617700 482
1617710 482
1617720 482
1617730 482
1617740 482
1617750 482
1617760 482
1617770 482
1617780 483
1617790 483
1617800 483
1617810 483
1617820 483
1617830 483
1617840 483
1617850 483
1617860 483
1617870 483
1617880 483
1617890 483
1617900 483
1617910 483
1617920 483
1617930 483
1617940 483
1617950 483
1617960 483
1617970 483
1617980 483
1617990 483
1618000 483
1618010 483
1618020 483
1618030 483
1618040 484
1618050 484
1618060 484
1618070 484
1618080 484
1618090 484
1618100 484
1618110 484
1618120 484
1618130 485
1618140 485
1618150 485
1618160 486
1618170 486
1618180 486
1618190 487
1618200 487
1618210 487
1618220 487
1618230 487
1618240 487
1618250 487
1618260 487
1618270 487
1618280 487
1618290 488
1618300 488
1618310 488
1618320 489
1618330 490
1618340 490
1618350 490
1618360 490
1618370 490
1618380 489
1618390 489
1618400 489
1618410 489
1618420 489
1618430 489
1618440 489
1618450 489
1618460 489
1618470 489
1618480 489
1618490 489
1618500 489
1618510 490
1618520 490
1618530 490
1618540 492
1618550 493
1618560 496
1618570 496
1618580 499
1618590 499
1618600 499
1618610 500
1618620 500
1618630 500
1618640 500
1618650 500
1618660 500
1618670 500
1618680 500
1618690 500
1618700 500
1618710 500
1618720 500
1618730 500
1618740 500
1618750 500
1618760 500
1618770 500
1618780 500
1618790 500
1618800 499
1618810 499
1618820 499
1618830 499
1618840 499
1618850 499
1618860 499
1618870 500
1618880 499
1618890 499
1618900 499
1618910 499
1618920 499
1618930 499
1618940 499
1618950 499
1618960 499
1618970 499
1618980 499
1618990 499
1619000 498
1619010 498
1619020 498
1619030 498
1619040 498
1619050 498
1619060 499
1619070 501
1619080 501
1619090 504
1619100 506
1619110 506
1619120 509
1619130 511
1619140 511
1619150 513
1619160 517
1619170 517
1619180 522
1619190 523
1619200 523
1619210 523
1619220 525
1619230 527
1619240 527
1619250 528
1619260 529
1619270 529
1619280 529
1619290 530
1619300 530
1619310 530
1619320 530
1619330 530
1619340 530
1619350 530
1619360 530
1619370 530
1619380 530
1619390 530
1619400 530
1619410 530
1619420 530
1619430 530
1619440 530
1619450 530
1619460 530
1619470 531
1619480 531
1619490 531
1619500 532
1619510 533
1619520 533
1619530 534
1619540 534
1619550 533
1619560 533
1619570 533
1619580 533
1619590 533
1619600 533
1619610 533
1619620 533
1619630 533
1619640 532
1619650 532
1619660 532
1619670 533
1619680 533
1619690 533
1619700 533
1619710 533
1619720 533
1619730 534
1619740 535
1619750 535
1619760 538
1619770 539
1619780 539
1619790 542
1619800 546
1619810 546
1619820 548
1619830 550
1619840 550
1619850 549
1619860 549
1619870 549
1619880 549
1619890 548
1619900 548
1619910 548
1619920 547
1619930 547
1619940 547
1619950 546
1619960 545
1619970 545
1619980 543
1619990 542
