1600000 459
1600010 459
1600020 459
1600030 459
1600040 459
1600050 459
1600060 459
1600070 459
1600080 459
1600090 459
1600100 459
1600110 459
1600120 459
1600130 459
1600140 459
1600150 459
1600160 459
1600170 459
1600180 459
1600190 459
1600200 459
1600210 459
1600220 459
1600230 459
1600240 459
1600250 459
1600260 460
1600270 460
1600280 460
1600290 460
1600300 460
1600310 460
1600320 460
1600330 460
1600340 460
1600350 460
1600360 460
1600370 460
1600380 460
1600390 460
1600400 460
1600410 460
1600420 460
1600430 460
1600440 460
1600450 460
1600460 460
1600470 460
1600480 460
1600490 460
1600500 461
1600510 461
1600520 461
1600530 461
1600540 461
1600550 461
1600560 461
1600570 461
1600580 462
1600590 462
1600600 463
1600610 463
1600620 463
1600630 463
1600640 463
1600650 463
1600660 463
1600670 463
1600680 463
1600690 463
1600700 463
1600710 463
1600720 463
1600730 463
1600740 463
1600750 463
1600760 463
1600770 463
1600780 463
1600790 463
1600800 465
1600810 465
1600820 466
1600830 468
1600840 468
1600850 472
1600860 474
1600870 473
1600880 473
1600890 469
1600900 469
1600910 469
1600920 469
1600930 468
1600940 468
1600950 468
1600960 470
1600970 470
1600980 475
1600990 481
1601000 481
1601010 484
1601020 485
1601030 485
1601040 486
1601050 486
1601060 487
1601070 487
1601080 488
1601090 489
1601100 489
1601110 489
1601120 489
1601130 489
1601140 489
1601150 489
1601160 489
1601170 489
1601180 488
1601190 488
1601200 488
1601210 487
1601220 487
1601230 487
1601240 486
1601250 485
1601260 485
1601270 482
1601280 483
1601290 483
1601300 484
1601310 485
1601320 485
1601330 484
1601340 485
1601350 485
1601360 486
1601370 486
1601380 486
1601390 486
1601400 487
1601410 488
1601420 488
1601430 489
1601440 489
1601450 489
1601460 489
1601470 489
1601480 489
1601490 489
1601500 489
1601510 489
1601520 489
1601530 489
1601540 489
1601550 490
1601560 490
1601570 490
1601580 490
1601590 490
1601600 490
1601610 490
1601620 491
1601630 491
1601640 491
1601650 491
1601660 492
1601670 492
1601680 492
1601690 492
1601700 492
1601710 492
1601720 493
1601730 493
1601740 493
1601750 494
1601760 495
1601770 495
1601780 495
1601790 496
1601800 496
1601810 497
1601820 498
1601830 498
1601840 499
1601850 502
1601860 502
1601870 503
1601880 504
1601890 504
1601900 504
1601910 506
1601920 507
1601930 507
1601940 509
1601950 512
1601960 512
1601970 515
1601980 518
1601990 518
1602000 522
1602010 526
1602020 526
1602030 528
1602040 531
1602050 533
1602060 533
1602070 536
1602080 541
1602090 541
1602100 548
1602110 553
1602120 553
1602130 556
1602140 557
1602150 557
1602160 558
1602170 558
1602180 558
1602190 559
1602200 560
1602210 560
1602220 561
1602230 563
1602240 566
1602250 566
1602260 569
1602270 573
1602280 573
1602290 578
1602300 584
1602310 584
1602320 589
1602330 593
1602340 593
1602350 597
1602360 600
1602370 600
1602380 604
1602390 610
1602400 615
1602410 615
1602420 621
1602430 627
1602440 627
1602450 634
1602460 640
1602470 640
1602480 647
1602490 652
1602500 652
1602510 654
1602520 655
1602530 655
1602540 656
1602550 658
1602560 659
1602570 659
1602580 660
1602590 659
1602600 659
1602610 658
1602620 657
1602630 657
1602640 655
1602650 653
1602660 653
1602670 654
1602680 656
1602690 656
1602700 658
1602710 660
1602720 661
1602730 661
1602740 663
1602750 665
1602760 665
1602770 667
1602780 669
1602790 669
1602800 671
1602810 673
1602820 673
1602830 676
1602840 679
1602850 679
1602860 680
1602870 682
1602880 682
1602890 685
1602900 687
1602910 689
1602920 689
1602930 691
1602940 692
1602950 692
1602960 694
1602970 697
1602980 697
1602990 701
1603000 704
1603010 704
1603020 705
1603030 706
1603040 706
1603050 708
1603060 712
1603070 715
1603080 715
1603090 719
1603100 723
1603110 723
1603120 728
1603130 733
1603140 733
1603150 739
1603160 744
1603170 744
1603180 747
1603190 750
1603200 750
1603210 754
1603220 755
1603230 757
1603240 757
1603250 760
1603260 763
1603270 763
1603280 768
1603290 772
1603300 772
1603310 776
1603320 779
1603330 779
1603340 782
1603350 786
1603360 786
1603370 790
1603380 793
1603390 797
1603400 797
1603410 801
1603420 804
1603430 804
1603440 807
1603450 809
1603460 809
1603470 811
1603480 815
1603490 815
1603500 820
1603510 825
1603520 825
1603530 829
1603540 835
1603550 835
1603560 842
1603570 848
1603580 853
1603590 853
1603600 857
1603610 860
1603620 860
1603630 864
1603640 867
1603650 867
1603660 871
1603670 874
1603680 874
1603690 877
1603700 880
1603710 878
1603720 880
1603730 883
1603740 887
1603750 887
1603760 891
1603770 894
1603780 894
1603790 896
1603800 897
1603810 897
1603820 897
1603830 898
1603840 898
1603850 902
1603860 906
1603870 906
1603880 911
1603890 917
1603900 923
1603910 923
1603920 929
1603930 934
1603940 934
1603950 941
1603960 945
1603970 945
1603980 946
1603990 944
1604000 944
1604010 940
1604020 936
1604030 936
1604040 932
1604050 928
1604060 925
1604070 925
1604080 923
1604090 922
1604100 922
1604110 921
1604120 920
1604130 920
1604140 920
1604150 918
1604160 918
1604170 915
1604180 913
1604190 913
1604200 910
1604210 908
1604220 908
1604230 906
1604240 904
1604250 902
1604260 902
1604270 901
1604280 899
1604290 899
1604300 898
1604310 896
1604320 896
1604330 894
1604340 893
1604350 893
1604360 891
1604370 889
1604380 889
1604390 886
1604400 882
1604410 877
1604420 877
1604430 872
1604440 868
1604450 868
1604460 864
1604470 859
1604480 859
1604490 852
1604500 846
1604510 846
1604520 840
1604530 835
1604540 835
1604550 830
1604560 825
1604570 820
1604580 820
1604590 815
1604600 811
1604610 811
1604620 806
1604630 800
1604640 800
1604650 795
1604660 790
1604670 790
1604680 785
1604690 780
1604700 780
1604710 776
1604720 772
1604730 772
1604740 769
1604750 766
1604760 762
1604770 763
1604780 762
1604790 760
1604800 760
1604810 758
1604820 757
1604830 757
1604840 756
1604850 755
1604860 755
1604870 755
1604880 755
1604890 755
1604900 755
1604910 755
1604920 756
1604930 756
1604940 756
1604950 757
1604960 757
1604970 758
1604980 759
1604990 759
1605000 759
1605010 759
1605020 759
1605030 760
1605040 761
1605050 761
1605060 762
1605070 763
1605080 764
1605090 764
1605100 765
1605110 765
1605120 765
1605130 766
1605140 767
1605150 767
1605160 769
1605170 770
1605180 770
1605190 771
1605200 772
1605210 772
1605220 772
1605230 774
1605240 774
1605250 774
1605260 775
1605270 777
1605280 777
1605290 779
1605300 781
1605310 781
1605320 783
1605330 785
1605340 785
1605350 787
1605360 788
1605370 788
1605380 790
1605390 792
1605400 792
1605410 795
1605420 798
1605430 799
1605440 799
1605450 801
1605460 802
1605470 802
1605480 807
1605490 809
1605500 809
1605510 810
1605520 812
1605530 812
1605540 815
1605550 818
1605560 818
1605570 821
1605580 825
1605590 830
1605600 830
1605610 834
1605620 838
1605630 838
1605640 842
1605650 847
1605660 847
1605670 852
1605680 858
1605690 858
1605700 862
1605710 866
1605720 866
1605730 871
1605740 876
1605750 880
1605760 880
1605770 885
1605780 890
1605790 890
1605800 895
1605810 902
1605820 902
1605830 908
1605840 913
1605850 913
1605860 918
1605870 924
1605880 924
1605890 930
1605900 934
1605910 939
1605920 939
1605930 945
1605940 950
1605950 950
1605960 952
1605970 954
1605980 954
1605990 953
1606000 951
1606010 951
1606020 948
1606030 945
1606040 945
1606050 942
1606060 939
1606070 939
1606080 936
1606090 933
1606100 931
1606110 931
1606120 929
1606130 924
1606140 924
1606150 923
1606160 921
1606170 921
1606180 917
1606190 911
1606200 911
1606210 907
1606220 903
1606230 903
1606240 899
1606250 896
1606260 892
1606270 892
1606280 888
1606290 886
1606300 886
1606310 886
1606320 887
1606330 887
1606340 889
1606350 889
1606360 889
1606370 889
1606380 889
1606390 889
1606400 889
1606410 890
1606420 891
1606430 891
1606440 892
1606450 891
1606460 891
1606470 891
1606480 890
1606490 890
1606500 889
1606510 889
1606520 889
1606530 890
1606540 891
1606550 891
1606560 893
1606570 894
1606580 894
1606590 894
1606600 895
1606610 895
1606620 895
1606630 895
1606640 895
1606650 895
1606660 896
1606670 897
1606680 897
1606690 897
1606700 898
1606710 898
1606720 900
1606730 902
1606740 902
1606750 906
1606760 909
1606770 912
1606780 912
1606790 916
1606800 920
1606810 920
1606820 924
1606830 928
1606840 930
1606850 934
1606860 939
1606870 939
1606880 941
1606890 943
1606900 943
1606910 943
1606920 940
1606930 937
1606940 937
1606950 936
1606960 936
1606970 936
1606980 935
1606990 932
1607000 932
1607010 927
1607020 923
1607030 923
1607040 922
1607050 922
1607060 922
1607070 922
1607080 921
1607090 919
1607100 919
1607110 915
1607120 912
1607130 912
1607140 912
1607150 911
1607160 911
1607170 910
1607180 906
1607190 906
1607200 901
1607210 896
1607220 896
1607230 890
1607240 884
1607250 884
1607260 879
1607270 874
1607280 869
1607290 869
1607300 864
1607310 859
1607320 859
1607330 854
1607340 848
1607350 848
1607360 842
1607370 836
1607380 836
1607390 831
1607400 825
1607410 825
1607420 821
1607430 818
1607440 815
1607450 815
1607460 815
1607470 816
1607480 816
1607490 818
1607500 822
1607510 822
1607520 826
1607530 830
1607540 830
1607550 835
1607560 841
1607570 841
1607580 846
1607590 852
1607600 858
1607610 858
1607620 865
1607630 871
1607640 871
1607650 877
1607660 884
1607670 884
1607680 889
1607690 895
1607700 895
1607710 900
1607720 900
1607730 900
1607740 897
1607750 894
1607760 890
1607770 890
1607780 887
1607790 884
1607800 884
1607810 881
1607820 878
1607830 878
1607840 876
1607850 874
1607860 874
1607870 872
1607880 869
1607890 869
1607900 866
1607910 861
1607920 861
1607930 855
1607940 848
1607950 842
1607960 842
1607970 838
1607980 836
1607990 836
1608000 834
1608010 832
1608020 832
1608030 829
1608040 825
1608050 825
1608060 821
1608070 817
1608080 817
1608090 813
1608100 808
1608110 803
1608120 803
1608130 798
1608140 794
1608150 794
1608160 791
1608170 793
1608180 793
1608190 796
1608200 797
1608210 797
1608220 798
1608230 798
1608240 798
1608250 798
1608260 799
1608270 802
1608280 802
1608290 804
1608300 807
1608310 807
1608320 808
1608330 810
1608340 810
1608350 811
1608360 811
1608370 811
1608380 811
1608390 810
1608400 810
1608410 809
1608420 807
1608430 806
1608440 806
1608450 806
1608460 805
1608470 805
1608480 804
1608490 801
1608500 801
1608510 797
1608520 793
1608530 793
1608540 790
1608550 787
1608560 787
1608570 785
1608580 782
1608590 782
1608600 777
1608610 772
1608620 768
1608630 768
1608640 764
1608650 759
1608660 759
1608670 754
1608680 749
1608690 749
1608700 742
1608710 737
1608720 737
1608730 730
1608740 724
1608750 724
1608760 716
1608770 710
1608780 708
1608790 708
1608800 710
1608810 716
1608820 716
1608830 724
1608840 732
1608850 732
1608860 737
1608870 743
1608880 743
1608890 746
1608900 748
1608910 748
1608920 748
1608930 750
1608940 754
1608950 754
1608960 756
1608970 756
1608980 756
1608990 757
1609000 758
1609010 758
1609020 759
1609030 760
1609040 760
1609050 761
1609060 763
1609070 763
1609080 764
1609090 765
1609100 765
1609110 767
1609120 768
1609130 770
1609140 770
1609150 772
1609160 773
1609170 773
1609180 774
1609190 775
1609200 775
1609210 776
1609220 776
1609230 776
1609240 776
1609250 775
1609260 775
1609270 776
1609280 778
1609290 782
1609300 782
1609310 787
1609320 792
1609330 792
1609340 797
1609350 803
1609360 803
1609370 809
1609380 815
1609390 815
1609400 821
1609410 826
1609420 826
1609430 829
1609440 833
1609450 835
1609460 835
1609470 838
1609480 843
1609490 843
1609500 848
1609510 853
1609520 853
1609530 860
1609540 865
1609550 865
1609560 870
1609570 875
1609580 875
1609590 879
1609600 883
1609610 888
1609620 888
1609630 893
1609640 899
1609650 899
1609660 904
1609670 909
1609680 909
1609690 913
1609700 917
1609710 917
1609720 918
1609730 919
1609740 919
1609750 920
1609760 922
1609770 922
1609780 923
1609790 924
1609800 924
1609810 924
1609820 924
1609830 923
1609840 923
1609850 922
1609860 920
1609870 920
1609880 920
1609890 920
1609900 916
1609910 916
1609920 917
1609930 917
1609940 917
1609950 916
1609960 914
1609970 914
1609980 911
1609990 908
1610000 908
1610010 905
1610020 902
1610030 902
1610040 898
1610050 893
1610060 893
1610070 888
1610080 883
1610090 883
1610100 878
1610110 874
1610120 869
1610130 869
1610140 865
1610150 861
1610160 861
1610170 857
1610180 851
1610190 851
1610200 844
1610210 839
1610220 839
1610230 832
1610240 829
1610250 829
1610260 829
1610270 833
1610280 837
1610290 837
1610300 841
1610310 845
1610320 845
1610330 851
1610340 855
1610350 855
1610360 859
1610370 864
1610380 864
1610390 867
1610400 870
1610410 870
1610420 874
1610430 878
1610440 878
1610450 881
1610460 885
1610470 889
1610480 889
1610490 894
1610500 899
1610510 899
1610520 904
1610530 909
1610540 909
1610550 914
1610560 919
1610570 919
1610580 924
1610590 929
1610600 929
1610610 935
1610620 941
1610630 946
1610640 946
1610650 952
1610660 956
1610670 956
1610680 959
1610690 961
1610700 961
1610710 962
1610720 962
1610730 962
1610740 961
1610750 961
1610760 961
1610770 960
1610780 959
1610790 957
1610800 957
1610810 954
1610820 950
1610830 950
1610840 946
1610850 941
1610860 941
1610870 936
1610880 931
1610890 931
1610900 930
1610910 928
1610920 928
1610930 928
1610940 928
1610950 928
1610960 928
1610970 927
1610980 926
1610990 926
1611000 925
1611010 922
1611020 922
1611030 918
1611040 914
1611050 914
1611060 910
1611070 906
1611080 906
1611090 903
1611100 899
1611110 899
1611120 896
1611130 892
1611140 889
1611150 889
1611160 886
1611170 883
1611180 883
1611190 879
1611200 877
1611210 877
1611220 875
1611230 873
1611240 873
1611250 873
1611260 873
1611270 873
1611280 873
1611290 872
1611300 872
1611310 872
1611320 872
1611330 871
1611340 871
1611350 869
1611360 867
1611370 867
1611380 866
1611390 866
1611400 866
1611410 865
1611420 865
1611430 865
1611440 864
1611450 865
1611460 865
1611470 865
1611480 867
1611490 867
1611500 867
1611510 867
1611520 867
1611530 867
1611540 867
1611550 865
1611560 865
1611570 864
1611580 861
1611590 861
1611600 859
1611610 857
1611620 857
1611630 855
1611640 853
1611650 851
1611660 851
1611670 847
1611680 844
1611690 844
1611700 840
1611710 837
1611720 837
1611730 834
1611740 833
1611750 833
1611760 831
1611770 828
1611780 828
1611790 827
1611800 825
1611810 825
1611820 825
1611830 824
1611840 824
1611850 824
1611860 825
1611870 827
1611880 827
1611890 832
1611900 835
1611910 835
1611920 837
1611930 840
1611940 840
1611950 843
1611960 845
1611970 846
1611980 846
1611990 845
1612000 843
1612010 843
1612020 841
1612030 838
1612040 838
1612050 834
1612060 830
1612070 830
1612080 827
1612090 825
1612100 825
1612110 830
1612120 833
1612130 837
1612140 837
1612150 842
1612160 846
1612170 846
1612180 851
1612190 855
1612200 855
1612210 861
1612220 866
1612230 866
1612240 869
1612250 871
1612260 871
1612270 874
1612280 875
1612290 875
1612300 876
1612310 877
1612320 877
1612330 877
1612340 876
1612350 874
1612360 874
1612370 871
1612380 866
1612390 866
1612400 863
1612410 861
1612420 861
1612430 859
1612440 857
1612450 857
1612460 854
1612470 850
1612480 844
1612490 844
1612500 839
1612510 834
1612520 834
1612530 830
1612540 826
1612550 826
1612560 824
1612570 821
1612580 821
1612590 818
1612600 816
1612610 816
1612620 813
1612630 813
1612640 816
1612650 816
1612660 821
1612670 823
1612680 823
1612690 826
1612700 833
1612710 833
1612720 839
1612730 842
1612740 842
1612750 846
1612760 850
1612770 850
1612780 855
1612790 860
1612800 865
1612810 865
1612820 870
1612830 875
1612840 875
1612850 880
1612860 885
1612870 885
1612880 890
1612890 895
1612900 895
1612910 899
1612920 903
1612930 903
1612940 906
1612950 909
1612960 909
1612970 910
1612980 911
1612990 911
1613000 911
1613010 910
1613020 909
1613030 909
1613040 907
1613050 905
1613060 905
1613070 903
1613080 900
1613090 900
1613100 896
1613110 894
1613120 894
1613130 892
1613140 890
1613150 890
1613160 890
1613170 889
1613180 889
1613190 889
1613200 889
1613210 889
1613220 889
1613230 888
1613240 886
1613250 886
1613260 882
1613270 879
1613280 879
1613290 875
1613300 871
1613310 867
1613320 867
1613330 865
1613340 867
1613350 867
1613360 868
1613370 870
1613380 870
1613390 872
1613400 875
1613410 875
1613420 878
1613430 883
1613440 883
1613450 887
1613460 891
1613470 891
1613480 895
1613490 900
1613500 904
1613510 904
1613520 908
1613530 912
1613540 912
1613550 917
1613560 922
1613570 922
1613580 927
1613590 933
1613600 933
1613610 939
1613620 945
1613630 945
1613640 950
1613650 956
1613660 961
1613670 961
1613680 966
1613690 970
1613700 970
1613710 975
1613720 979
1613730 979
1613740 982
1613750 985
1613760 985
1613770 987
1613780 990
1613790 990
1613800 992
1613810 992
1613820 992
1613830 992
1613840 991
1613850 995
1613860 995
1613870 994
1613880 992
1613890 992
1613900 991
1613910 991
1613920 991
1613930 993
1613940 994
1613950 994
1613960 996
1613970 998
1613980 1000
1613990 1000
1614000 1000
1614010 1000
1614020 1000
1614030 999
1614040 996
1614050 996
1614060 995
1614070 994
1614080 994
1614090 994
1614100 996
1614110 996
1614120 998
1614130 1000
1614140 1000
1614150 1002
1614160 1004
1614170 1005
1614180 1005
1614190 1006
1614200 1006
1614210 1006
1614220 1006
1614230 1005
1614240 1005
1614250 1004
1614260 1004
1614270 1004
1614280 1003
1614290 1001
1614300 1001
1614310 999
1614320 997
1614330 995
1614340 995
1614350 992
1614360 990
1614370 990
1614380 987
1614390 984
1614400 984
1614410 979
1614420 975
1614430 975
1614440 971
1614450 966
1614460 966
1614470 962
1614480 957
1614490 951
1614500 951
1614510 944
1614520 937
1614530 937
1614540 931
1614550 924
1614560 924
1614570 917
1614580 911
1614590 911
1614600 908
1614610 902
1614620 902
1614630 897
1614640 892
1614650 888
1614660 888
1614670 882
1614680 878
1614690 878
1614700 873
1614710 868
1614720 868
1614730 863
1614740 858
1614750 858
1614760 852
1614770 847
1614780 847
1614790 842
1614800 837
1614810 837
1614820 831
1614830 823
1614840 817
1614850 817
1614860 812
1614870 807
1614880 807
1614890 803
1614900 798
1614910 798
1614920 793
1614930 788
1614940 788
1614950 784
1614960 779
1614970 779
1614980 774
1614990 769
1615000 762
1615010 762
1615020 756
1615030 750
1615040 750
1615050 745
1615060 741
1615070 741
1615080 739
1615090 737
1615100 737
1615110 734
1615120 731
1615130 731
1615140 729
1615150 727
1615160 726
1615170 726
1615180 724
1615190 720
1615200 720
1615210 715
1615220 712
1615230 712
1615240 711
1615250 710
1615260 710
1615270 708
1615280 706
1615290 706
1615300 704
1615310 702
1615320 702
1615330 700
1615340 697
1615350 695
1615360 695
1615370 692
1615380 690
1615390 690
1615400 687
1615410 684
1615420 684
1615430 681
1615440 678
1615450 678
1615460 676
1615470 672
1615480 672
1615490 668
1615500 663
1615510 658
1615520 658
1615530 653
1615540 647
1615550 647
1615560 642
1615570 637
1615580 637
1615590 633
1615600 628
1615610 628
1615620 624
1615630 620
1615640 620
1615650 616
1615660 612
1615670 608
1615680 608
1615690 605
1615700 602
1615710 602
1615720 600
1615730 598
1615740 598
1615750 596
1615760 595
1615770 595
1615780 594
1615790 593
1615800 593
1615810 592
1615820 590
1615830 587
1615840 587
1615850 585
1615860 580
1615870 580
1615880 577
1615890 575
1615900 575
1615910 572
1615920 569
1615930 569
1615940 566
1615950 562
1615960 562
1615970 559
1615980 554
1615990 554
1616000 548
1616010 542
1616020 537
1616030 537
1616040 534
1616050 531
1616060 531
1616070 530
1616080 529
1616090 529
1616100 527
1616110 525
1616120 525
1616130 523
1616140 521
1616150 521
1616160 520
1616170 519
1616180 516
1616190 516
1616200 515
1616210 515
1616220 515
1616230 514
1616240 511
1616250 511
1616260 507
1616270 506
1616280 506
1616290 505
1616300 504
1616310 504
1616320 503
1616330 502
1616340 501
1616350 501
1616360 500
1616370 499
1616380 499
1616390 498
1616400 498
1616410 498
1616420 498
1616430 496
1616440 496
1616450 494
1616460 494
1616470 494
1616480 493
1616490 493
1616500 491
1616510 491
1616520 491
1616530 492
1616540 492
1616550 492
1616560 489
1616570 489
1616580 487
1616590 484
1616600 484
1616610 483
1616620 482
1616630 482
1616640 481
1616650 480
1616660 480
1616670 480
1616680 480
1616690 480
1616700 480
1616710 479
1616720 478
1616730 478
1616740 478
1616750 478
1616760 478
1616770 478
1616780 478
1616790 478
1616800 478
1616810 478
1616820 478
1616830 478
1616840 478
1616850 478
1616860 478
1616870 478
1616880 479
1616890 479
1616900 479
1616910 479
1616920 479
1616930 478
1616940 478
1616950 478
1616960 478
1616970 479
1616980 479
1616990 478
1617000 478
1617010 477
1617020 477
1617030 477
1617040 477
1617050 477
1617060 477
1617070 477
1617080 477
1617090 477
1617100 478
1617110 478
1617120 478
1617130 478
1617140 478
1617150 478
1617160 478
1617170 478
1617180 478
1617190 477
1617200 476
1617210 476
1617220 477
1617230 478
1617240 478
1617250 479
1617260 481
1617270 481
1617280 481
1617290 481
1617300 481
1617310 481
1617320 482
1617330 482
1617340 482
1617350 482
1617360 482
1617370 482
1617380 482
1617390 482
1617400 482
1617410 482
1617420 482
1617430 482
1617440 483
1617450 483
1617460 483
1617470 483
1617480 483
1617490 483
1617500 483
1617510 483
1617520 483
1617530 483
1617540 483
1617550 483
1617560 483
1617570 483
1617580 483
1617590 483
1617600 483
1617610 483
1617620 483
1617630 483
1617640 483
1617650 483
1617660 483
1617670 483
1617680 483
1617690 483
1617700 484
1617710 484
1617720 484
1617730 484
1617740 484
1617750 484
1617760 484
1617770 484
1617780 484
1617790 484
1617800 484
1617810 484
1617820 484
1617830 484
1617840 484
1617850 484
1617860 484
1617870 484
1617880 484
1617890 484
1617900 484
1617910 484
1617920 484
1617930 484
1617940 484
1617950 484
1617960 486
1617970 486
1617980 487
1617990 487
1618000 487
1618010 488
1618020 488
1618030 488
1618040 488
1618050 488
1618060 488
1618070 488
1618080 488
1618090 488
1618100 488
1618110 488
1618120 488
1618130 488
1618140 488
1618150 488
1618160 488
1618170 488
1618180 488
1618190 488
1618200 488
1618210 488
1618220 488
1618230 488
1618240 488
1618250 489
1618260 489
1618270 489
1618280 490
1618290 490
1618300 490
1618310 491
1618320 491
1618330 492
1618340 493
1618350 493
1618360 493
1618370 493
1618380 494
1618390 494
1618400 497
1618410 502
1618420 502
1618430 503
1618440 502
1618450 502
1618460 502
1618470 502
1618480 502
1618490 502
1618500 502
1618510 502
1618520 502
1618530 502
1618540 502
1618550 502
1618560 502
1618570 502
1618580 502
1618590 502
1618600 502
1618610 502
1618620 502
1618630 502
1618640 502
1618650 502
1618660 502
1618670 502
1618680 502
1618690 502
1618700 502
1618710 502
1618720 502
1618730 502
1618740 502
1618750 501
1618760 501
1618770 501
1618780 502
1618790 502
1618800 502
1618810 501
1618820 501
1618830 501
1618840 501
1618850 501
1618860 501
1618870 501
1618880 501
1618890 501
1618900 501
1618910 501
1618920 500
1618930 500
1618940 500
1618950 500
1618960 500
1618970 500
1618980 500
1618990 500
1619000 499
1619010 499
1619020 499
1619030 499
1619040 499
1619050 499
1619060 499
1619070 499
1619080 499
1619090 499
1619100 499
1619110 499
1619120 499
1619130 499
1619140 499
1619150 499
1619160 499
1619170 499
1619180 499
1619190 499
1619200 499
1619210 499
1619220 499
1619230 499
1619240 498
1619250 498
1619260 498
1619270 498
1619280 498
1619290 498
1619300 498
1619310 498
1619320 498
1619330 499
1619340 499
1619350 500
1619360 501
1619370 504
1619380 504
1619390 509
1619400 516
1619410 516
1619420 524
1619430 533
1619440 533
1619450 538
1619460 538
1619470 538
1619480 537
1619490 535
1619500 535
1619510 530
1619520 526
1619530 524
1619540 524
1619550 522
1619560 520
1619570 520
1619580 513
1619590 511
1619600 511
1619610 509
1619620 508
1619630 508
1619640 507
1619650 507
1619660 507
1619670 506
1619680 506
1619690 506
1619700 507
1619710 507
1619720 508
1619730 508
1619740 509
1619750 510
1619760 510
1619770 510
1619780 511
1619790 511
1619800 512
1619810 512
1619820 512
1619830 513
1619840 515
1619850 515
1619860 516
1619870 517
1619880 519
1619890 519
1619900 520
1619910 522
1619920 522
1619930 523
1619940 525
1619950 525
1619960 527
1619970 529
1619980 529
1619990 530
