1600000 463
1600010 463
1600020 463
1600030 463
1600040 463
1600050 463
1600060 463
1600070 462
1600080 462
1600090 462
1600100 462
1600110 462
1600120 462
1600130 462
1600140 462
1600150 462
1600160 462
1600170 462
1600180 462
1600190 462
1600200 462
1600210 462
1600220 462
1600230 462
1600240 462
1600250 462
1600260 462
1600270 462
1600280 462
1600290 462
1600300 462
1600310 462
1600320 462
1600330 462
1600340 462
1600350 462
1600360 462
1600370 462
1600380 462
1600390 462
1600400 462
1600410 462
1600420 462
1600430 462
1600440 462
1600450 462
1600460 462
1600470 462
1600480 462
1600490 462
1600500 462
1600510 462
1600520 462
1600530 462
1600540 462
1600550 461
1600560 461
1600570 461
1600580 461
1600590 461
1600600 461
1600610 463
1600620 462
1600630 462
1600640 461
1600650 461
1600660 461
1600670 460
1600680 460
1600690 460
1600700 460
1600710 462
1600720 463
1600730 463
1600740 461
1600750 460
1600760 460
1600770 460
1600780 460
1600790 460
1600800 460
1600810 460
1600820 460
1600830 460
1600840 460
1600850 460
1600860 460
1600870 460
1600880 461
1600890 461
1600900 461
1600910 461
1600920 461
1600930 460
1600940 460
1600950 460
1600960 461
1600970 461
1600980 461
1600990 462
1601000 461
1601010 461
1601020 460
1601030 460
1601040 460
1601050 460
1601060 460
1601070 461
1601080 461
1601090 460
1601100 460
1601110 460
1601120 460
1601130 460
1601140 460
1601150 460
1601160 461
1601170 461
1601180 463
1601190 468
1601200 470
1601210 470
1601220 470
1601230 468
1601240 468
1601250 463
1601260 460
1601270 460
1601280 460
1601290 460
1601300 460
1601310 460
1601320 460
1601330 460
1601340 460
1601350 460
1601360 460
1601370 460
1601380 460
1601390 460
1601400 460
1601410 460
1601420 460
1601430 460
1601440 460
1601450 460
1601460 460
1601470 459
1601480 459
1601490 459
1601500 459
1601510 459
1601520 459
1601530 459
1601540 459
1601550 460
1601560 460
1601570 460
1601580 460
1601590 460
1601600 460
1601610 460
1601620 460
1601630 460
1601640 461
1601650 461
1601660 461
1601670 461
1601680 461
1601690 461
1601700 461
1601710 461
1601720 461
1601730 461
1601740 462
1601750 462
1601760 462
1601770 463
1601780 463
1601790 463
1601800 464
1601810 464
1601820 464
1601830 464
1601840 464
1601850 464
1601860 465
1601870 465
1601880 465
1601890 466
1601900 466
1601910 466
1601920 467
1601930 467
1601940 467
1601950 467
1601960 467
1601970 467
1601980 467
1601990 467
1602000 467
1602010 467
1602020 467
1602030 467
1602040 467
1602050 467
1602060 467
1602070 467
1602080 467
1602090 467
1602100 467
1602110 467
1602120 467
1602130 467
1602140 468
1602150 468
1602160 468
1602170 469
1602180 471
1602190 471
1602200 471
1602210 471
1602220 471
1602230 471
1602240 471
1602250 472
1602260 472
1602270 472
1602280 475
1602290 475
1602300 477
1602310 477
1602320 477
1602330 477
1602340 478
1602350 478
1602360 478
1602370 479
1602380 480
1602390 480
1602400 480
1602410 481
1602420 481
1602430 483
1602440 485
1602450 485
1602460 487
1602470 487
1602480 487
1602490 488
1602500 489
1602510 489
1602520 491
1602530 494
1602540 494
1602550 498
1602560 500
1602570 502
1602580 502
1602590 505
1602600 507
1602610 507
1602620 507
1602630 510
1602640 510
1602650 513
1602660 517
1602670 517
1602680 521
1602690 524
1602700 524
1602710 528
1602720 532
1602730 535
1602740 535
1602750 536
1602760 540
1602770 540
1602780 544
1602790 547
1602800 547
1602810 551
1602820 556
1602830 556
1602840 560
1602850 565
1602860 565
1602870 569
1602880 573
1602890 579
1602900 579
1602910 584
1602920 588
1602930 588
1602940 592
1602950 595
1602960 595
1602970 597
1602980 598
1602990 598
1603000 599
1603010 601
1603020 601
1603030 603
1603040 607
1603050 607
1603060 610
1603070 612
1603080 616
1603090 616
1603100 620
1603110 619
1603120 619
1603130 617
1603140 616
1603150 616
1603160 616
1603170 617
1603180 617
1603190 617
1603200 619
1603210 619
1603220 620
1603230 621
1603240 623
1603250 623
1603260 625
1603270 628
1603280 628
1603290 632
1603300 637
1603310 637
1603320 641
1603330 647
1603340 647
1603350 653
1603360 660
1603370 660
1603380 666
1603390 668
1603400 671
1603410 671
1603420 676
1603430 681
1603440 681
1603450 687
1603460 691
1603470 691
1603480 692
1603490 690
1603500 690
1603510 689
1603520 690
1603530 690
1603540 691
1603550 692
1603560 692
1603570 693
1603580 694
1603590 695
1603600 695
1603610 696
1603620 697
1603630 697
1603640 699
1603650 700
1603660 700
1603670 701
1603680 702
1603690 702
1603700 702
1603710 701
1603720 701
1603730 700
1603740 698
1603750 694
1603760 694
1603770 688
1603780 682
1603790 682
1603800 678
1603810 674
1603820 674
1603830 672
1603840 671
1603850 671
1603860 671
1603870 670
1603880 670
1603890 669
1603900 667
1603910 667
1603920 667
1603930 666
1603940 666
1603950 666
1603960 666
1603970 667
1603980 667
1603990 667
1604000 667
1604010 667
1604020 668
1604030 668
1604040 668
1604050 669
1604060 669
1604070 669
1604080 669
1604090 668
1604100 665
1604110 665
1604120 663
1604130 660
1604140 660
1604150 657
1604160 655
1604170 655
1604180 654
1604190 652
1604200 652
1604210 649
1604220 647
1604230 647
1604240 652
1604250 656
1604260 659
1604270 659
1604280 661
1604290 663
1604300 663
1604310 666
1604320 669
1604330 669
1604340 672
1604350 675
1604360 675
1604370 679
1604380 684
1604390 684
1604400 688
1604410 692
1604420 695
1604430 695
1604440 699
1604450 704
1604460 704
1604470 710
1604480 717
1604490 717
1604500 723
1604510 728
1604520 728
1604530 734
1604540 739
1604550 739
1604560 742
1604570 743
1604580 742
1604590 742
1604600 740
1604610 738
1604620 738
1604630 736
1604640 734
1604650 734
1604660 732
1604670 730
1604680 730
1604690 729
1604700 727
1604710 727
1604720 725
1604730 727
1604740 727
1604750 729
1604760 730
1604770 731
1604780 731
1604790 731
1604800 732
1604810 732
1604820 734
1604830 737
1604840 737
1604850 739
1604860 742
1604870 742
1604880 744
1604890 747
1604900 747
1604910 749
1604920 751
1604930 753
1604940 753
1604950 756
1604960 758
1604970 758
1604980 759
1604990 761
1605000 761
1605010 761
1605020 761
1605030 761
1605040 760
1605050 760
1605060 760
1605070 760
1605080 761
1605090 762
1605100 762
1605110 765
1605120 767
1605130 767
1605140 769
1605150 771
1605160 771
1605170 774
1605180 777
1605190 777
1605200 780
1605210 782
1605220 782
1605230 785
1605240 788
1605250 788
1605260 791
1605270 794
1605280 797
1605290 797
1605300 801
1605310 803
1605320 803
1605330 802
1605340 800
1605350 800
1605360 797
1605370 794
1605380 794
1605390 792
1605400 790
1605410 790
1605420 789
1605430 788
1605440 785
1605450 785
1605460 784
1605470 785
1605480 785
1605490 786
1605500 787
1605510 787
1605520 788
1605530 788
1605540 788
1605550 789
1605560 789
1605570 789
1605580 790
1605590 792
1605600 795
1605610 795
1605620 797
1605630 798
1605640 798
1605650 798
1605660 799
1605670 799
1605680 798
1605690 797
1605700 797
1605710 796
1605720 796
1605730 796
1605740 796
1605750 798
1605760 798
1605770 798
1605780 800
1605790 802
1605800 802
1605810 806
1605820 807
1605830 807
1605840 808
1605850 810
1605860 810
1605870 811
1605880 814
1605890 814
1605900 816
1605910 817
1605920 817
1605930 818
1605940 818
1605950 819
1605960 819
1605970 820
1605980 820
1605990 820
1606000 821
1606010 821
1606020 817
1606030 816
1606040 812
1606050 812
1606060 810
1606070 810
1606080 810
1606090 813
1606100 816
1606110 819
1606120 819
1606130 823
1606140 827
1606150 827
1606160 828
1606170 830
1606180 830
1606190 831
1606200 833
1606210 833
1606220 835
1606230 837
1606240 837
1606250 840
1606260 842
1606270 843
1606280 843
1606290 843
1606300 843
1606310 843
1606320 844
1606330 844
1606340 844
1606350 845
1606360 844
1606370 844
1606380 843
1606390 843
1606400 843
1606410 842
1606420 840
1606430 840
1606440 838
1606450 836
1606460 835
1606470 835
1606480 835
1606490 837
1606500 837
1606510 838
1606520 838
1606530 838
1606540 839
1606550 840
1606560 840
1606570 841
1606580 842
1606590 842
1606600 844
1606610 846
1606620 849
1606630 849
1606640 852
1606650 855
1606660 855
1606670 859
1606680 863
1606690 863
1606700 866
1606710 869
1606720 869
1606730 872
1606740 875
1606750 875
1606760 878
1606770 882
1606780 885
1606790 885
1606800 887
1606810 889
1606820 889
1606830 891
1606840 892
1606850 892
1606860 894
1606870 893
1606880 893
1606890 889
1606900 884
1606910 884
1606920 878
1606930 873
1606940 873
1606950 869
1606960 866
1606970 862
1606980 862
1606990 860
1607000 857
1607010 857
1607020 855
1607030 852
1607040 852
1607050 851
1607060 847
1607070 847
1607080 845
1607090 841
1607100 841
1607110 836
1607120 830
1607130 825
1607140 825
1607150 820
1607160 816
1607170 816
1607180 810
1607190 804
1607200 804
1607210 800
1607220 796
1607230 796
1607240 791
1607250 785
1607260 785
1607270 787
1607280 788
1607290 788
1607300 788
1607310 787
1607320 785
1607330 785
1607340 783
1607350 781
1607360 781
1607370 779
1607380 777
1607390 777
1607400 774
1607410 772
1607420 772
1607430 770
1607440 767
1607450 767
1607460 765
1607470 764
1607480 762
1607490 762
1607500 760
1607510 758
1607520 758
1607530 756
1607540 755
1607550 755
1607560 753
1607570 752
1607580 752
1607590 750
1607600 748
1607610 748
1607620 745
1607630 744
1607640 742
1607650 742
1607660 740
1607670 737
1607680 737
1607690 734
1607700 731
1607710 731
1607720 728
1607730 724
1607740 724
1607750 721
1607760 719
1607770 719
1607780 717
1607790 714
1607800 711
1607810 711
1607820 709
1607830 707
1607840 707
1607850 706
1607860 704
1607870 704
1607880 702
1607890 700
1607900 700
1607910 698
1607920 695
1607930 695
1607940 694
1607950 690
1607960 690
1607970 685
1607980 682
1607990 680
1608000 680
1608010 677
1608020 672
1608030 672
1608040 666
1608050 661
1608060 661
1608070 657
1608080 653
1608090 653
1608100 651
1608110 650
1608120 650
1608130 648
1608140 647
1608150 646
1608160 646
1608170 646
1608180 648
1608190 648
1608200 647
1608210 645
1608220 645
1608230 644
1608240 644
1608250 644
1608260 645
1608270 648
1608280 648
1608290 652
1608300 657
1608310 658
1608320 658
1608330 658
1608340 657
1608350 657
1608360 658
1608370 659
1608380 659
1608390 658
1608400 658
1608410 658
1608420 658
1608430 657
1608440 657
1608450 657
1608460 656
1608470 656
1608480 655
1608490 654
1608500 653
1608510 653
1608520 653
1608530 652
1608540 652
1608550 652
1608560 651
1608570 651
1608580 650
1608590 649
1608600 649
1608610 648
1608620 644
1608630 644
1608640 643
1608650 640
1608660 633
1608670 633
1608680 632
1608690 635
1608700 635
1608710 641
1608720 648
1608730 648
1608740 654
1608750 657
1608760 657
1608770 660
1608780 663
1608790 663
1608800 666
1608810 669
1608820 671
1608830 671
1608840 672
1608850 674
1608860 674
1608870 675
1608880 676
1608890 676
1608900 677
1608910 677
1608920 677
1608930 677
1608940 678
1608950 678
1608960 677
1608970 676
1608980 675
1608990 675
1609000 675
1609010 676
1609020 676
1609030 678
1609040 682
1609050 682
1609060 685
1609070 688
1609080 688
1609090 688
1609100 688
1609110 688
1609120 687
1609130 686
1609140 686
1609150 685
1609160 682
1609170 679
1609180 679
1609190 677
1609200 675
1609210 675
1609220 674
1609230 672
1609240 672
1609250 671
1609260 669
1609270 669
1609280 668
1609290 667
1609300 667
1609310 665
1609320 665
1609330 665
1609340 665
1609350 664
1609360 664
1609370 664
1609380 663
1609390 663
1609400 663
1609410 662
1609420 661
1609430 661
1609440 661
1609450 660
1609460 660
1609470 660
1609480 659
1609490 660
1609500 660
1609510 660
1609520 660
1609530 660
1609540 660
1609550 661
1609560 661
1609570 662
1609580 664
1609590 664
1609600 666
1609610 667
1609620 667
1609630 669
1609640 671
1609650 671
1609660 673
1609670 676
1609680 678
1609690 678
1609700 681
1609710 684
1609720 684
1609730 687
1609740 691
1609750 691
1609760 696
1609770 700
1609780 700
1609790 705
1609800 710
1609810 710
1609820 714
1609830 718
1609840 721
1609850 721
1609860 725
1609870 728
1609880 728
1609890 732
1609900 735
1609910 735
1609920 739
1609930 742
1609940 742
1609950 745
1609960 748
1609970 748
1609980 751
1609990 754
1610000 756
1610010 756
1610020 759
1610030 760
1610040 760
1610050 762
1610060 763
1610070 763
1610080 765
1610090 767
1610100 765
1610110 767
1610120 768
1610130 768
1610140 768
1610150 768
1610160 768
1610170 770
1610180 770
1610190 771
1610200 771
1610210 772
1610220 773
1610230 773
1610240 775
1610250 776
1610260 776
1610270 777
1610280 778
1610290 778
1610300 779
1610310 779
1610320 779
1610330 779
1610340 778
1610350 777
1610360 777
1610370 776
1610380 774
1610390 774
1610400 772
1610410 770
1610420 770
1610430 767
1610440 765
1610450 765
1610460 762
1610470 759
1610480 759
1610490 756
1610500 755
1610510 755
1610520 755
1610530 756
1610540 757
1610550 757
1610560 758
1610570 758
1610580 758
1610590 761
1610600 766
1610610 766
1610620 769
1610630 770
1610640 770
1610650 771
1610660 771
1610670 771
1610680 771
1610690 771
1610700 769
1610710 769
1610720 767
1610730 764
1610740 764
1610750 766
1610760 772
1610770 772
1610780 779
1610790 786
1610800 786
1610810 792
1610820 797
1610830 797
1610840 803
1610850 808
1610860 811
1610870 811
1610880 813
1610890 815
1610900 815
1610910 818
1610920 821
1610930 821
1610940 823
1610950 824
1610960 824
1610970 823
1610980 820
1610990 820
1611000 816
1611010 813
1611020 810
1611030 810
1611040 805
1611050 799
1611060 799
1611070 793
1611080 789
1611090 789
1611100 788
1611110 790
1611120 790
1611130 794
1611140 799
1611150 799
1611160 805
1611170 810
1611180 814
1611190 814
1611200 817
1611210 816
1611220 816
1611230 813
1611240 808
1611250 808
1611260 804
1611270 800
1611280 800
1611290 795
1611300 790
1611310 790
1611320 785
1611330 780
1611340 780
1611350 776
1611360 777
1611370 783
1611380 783
1611390 790
1611400 797
1611410 797
1611420 803
1611430 810
1611440 810
1611450 816
1611460 822
1611470 822
1611480 827
1611490 834
1611500 834
1611510 840
1611520 846
1611530 852
1611540 852
1611550 857
1611560 861
1611570 861
1611580 864
1611590 866
1611600 866
1611610 867
1611620 867
1611630 867
1611640 866
1611650 864
1611660 864
1611670 862
1611680 860
1611690 862
1611700 862
1611710 863
1611720 864
1611730 864
1611740 865
1611750 866
1611760 866
1611770 867
1611780 869
1611790 869
1611800 871
1611810 873
1611820 873
1611830 876
1611840 880
1611850 880
1611860 884
1611870 889
1611880 895
1611890 895
1611900 902
1611910 908
1611920 908
1611930 914
1611940 919
1611950 919
1611960 926
1611970 933
1611980 933
1611990 937
1612000 945
1612010 945
1612020 951
1612030 956
1612040 959
1612050 959
1612060 959
1612070 955
1612080 955
1612090 947
1612100 941
1612110 941
1612120 935
1612130 929
1612140 929
1612150 925
1612160 918
1612170 918
1612180 913
1612190 907
1612200 902
1612210 902
1612220 898
1612230 893
1612240 893
1612250 890
1612260 889
1612270 889
1612280 887
1612290 886
1612300 886
1612310 885
1612320 888
1612330 888
1612340 894
1612350 900
1612360 900
1612370 907
1612380 913
1612390 918
1612400 918
1612410 922
1612420 924
1612430 924
1612440 922
1612450 916
1612460 916
1612470 911
1612480 905
1612490 905
1612500 898
1612510 892
1612520 892
1612530 890
1612540 888
1612550 883
1612560 883
1612570 878
1612580 875
1612590 875
1612600 878
1612610 885
1612620 885
1612630 890
1612640 894
1612650 894
1612660 897
1612670 899
1612680 899
1612690 900
1612700 902
1612710 906
1612720 906
1612730 909
1612740 907
1612750 907
1612760 902
1612770 896
1612780 896
1612790 891
1612800 886
1612810 886
1612820 880
1612830 874
1612840 874
1612850 869
1612860 864
1612870 864
1612880 859
1612890 854
1612900 850
1612910 850
1612920 846
1612930 840
1612940 840
1612950 837
1612960 834
1612970 834
1612980 835
1612990 840
1613000 840
1613010 848
1613020 854
1613030 854
1613040 860
1613050 865
1613060 870
1613070 870
1613080 870
1613090 874
1613100 874
1613110 878
1613120 880
1613130 880
1613140 878
1613150 875
1613160 875
1613170 872
1613180 869
1613190 869
1613200 866
1613210 863
1613220 861
1613230 861
1613240 858
1613250 855
1613260 855
1613270 854
1613280 854
1613290 854
1613300 857
1613310 863
1613320 863
1613330 867
1613340 875
1613350 875
1613360 883
1613370 890
1613380 897
1613390 897
1613400 904
1613410 912
1613420 912
1613430 918
1613440 925
1613450 925
1613460 932
1613470 939
1613480 939
1613490 946
1613500 952
1613510 952
1613520 958
1613530 964
1613540 964
1613550 970
1613560 976
1613570 981
1613580 981
1613590 980
1613600 977
1613610 977
1613620 975
1613630 975
1613640 975
1613650 975
1613660 975
1613670 975
1613680 976
1613690 977
1613700 977
1613710 979
1613720 981
1613730 983
1613740 983
1613750 985
1613760 986
1613770 986
1613780 987
1613790 988
1613800 988
1613810 988
1613820 987
1613830 987
1613840 985
1613850 981
1613860 981
1613870 977
1613880 974
1613890 972
1613900 972
1613910 971
1613920 968
1613930 968
1613940 964
1613950 962
1613960 962
1613970 962
1613980 964
1613990 964
1614000 967
1614010 969
1614020 969
1614030 971
1614040 973
1614050 969
1614060 972
1614070 975
1614080 979
1614090 979
1614100 984
1614110 988
1614120 988
1614130 992
1614140 996
1614150 996
1614160 1000
1614170 1005
1614180 1005
1614190 1009
1614200 1012
1614210 1012
1614220 1014
1614230 1016
1614240 1017
1614250 1017
1614260 1018
1614270 1018
1614280 1018
1614290 1019
1614300 1020
1614310 1020
1614320 1020
1614330 1019
1614340 1019
1614350 1016
1614360 1012
1614370 1012
1614380 1004
1614390 997
1614400 992
1614410 992
1614420 987
1614430 983
1614440 983
1614450 979
1614460 975
1614470 975
1614480 970
1614490 964
1614500 964
1614510 959
1614520 954
1614530 954
1614540 950
1614550 946
1614560 946
1614570 941
1614580 937
1614590 932
1614600 932
1614610 928
1614620 924
1614630 924
1614640 921
1614650 917
1614660 917
1614670 915
1614680 913
1614690 913
1614700 911
1614710 911
1614720 911
1614730 911
1614740 911
1614750 911
1614760 911
1614770 910
1614780 908
1614790 908
1614800 905
1614810 901
1614820 901
1614830 898
1614840 895
1614850 895
1614860 894
1614870 893
1614880 893
1614890 893
1614900 894
1614910 895
1614920 895
1614930 896
1614940 898
1614950 898
1614960 900
1614970 902
1614980 902
1614990 904
1615000 907
1615010 907
1615020 909
1615030 913
1615040 913
1615050 918
1615060 924
1615070 924
1615080 929
1615090 934
1615100 937
1615110 937
1615120 939
1615130 940
1615140 940
1615150 941
1615160 941
1615170 941
1615180 941
1615190 940
1615200 940
1615210 937
1615220 932
1615230 932
1615240 929
1615250 928
1615260 927
1615270 927
1615280 926
1615290 925
1615300 925
1615310 923
1615320 921
1615330 921
1615340 918
1615350 914
1615360 914
1615370 910
1615380 906
1615390 906
1615400 901
1615410 898
1615420 893
1615430 893
1615440 888
1615450 884
1615460 884
1615470 879
1615480 875
1615490 875
1615500 871
1615510 868
1615520 868
1615530 863
1615540 858
1615550 858
1615560 853
1615570 847
1615580 847
1615590 841
1615600 836
1615610 832
1615620 832
1615630 828
1615640 824
1615650 824
1615660 819
1615670 815
1615680 815
1615690 811
1615700 806
1615710 806
1615720 802
1615730 796
1615740 796
1615750 791
1615760 785
1615770 781
1615780 781
1615790 779
1615800 776
1615810 776
1615820 773
1615830 770
1615840 770
1615850 768
1615860 766
1615870 766
1615880 764
1615890 762
1615900 762
1615910 760
1615920 759
1615930 756
1615940 756
1615950 753
1615960 750
1615970 750
1615980 746
1615990 744
1616000 744
1616010 740
1616020 737
1616030 737
1616040 734
1616050 731
1616060 731
1616070 727
1616080 723
1616090 723
1616100 720
1616110 717
1616120 714
1616130 714
1616140 711
1616150 708
1616160 708
1616170 707
1616180 705
1616190 705
1616200 703
1616210 701
1616220 701
1616230 699
1616240 696
1616250 696
1616260 692
1616270 688
1616280 683
1616290 683
1616300 679
1616310 674
1616320 674
1616330 669
1616340 664
1616350 664
1616360 660
1616370 656
1616380 656
1616390 652
1616400 648
1616410 648
1616420 642
1616430 637
1616440 636
1616450 636
1616460 633
1616470 631
1616480 631
1616490 629
1616500 626
1616510 626
1616520 624
1616530 621
1616540 621
1616550 619
1616560 617
1616570 617
1616580 615
1616590 613
1616600 611
1616610 611
1616620 609
1616630 608
1616640 608
1616650 605
1616660 603
1616670 603
1616680 599
1616690 592
1616700 592
1616710 584
1616720 579
1616730 579
1616740 575
1616750 570
1616760 570
1616770 565
1616780 559
1616790 553
1616800 553
1616810 547
1616820 540
1616830 540
1616840 534
1616850 529
1616860 529
1616870 525
1616880 523
1616890 523
1616900 522
1616910 521
1616920 521
1616930 520
1616940 515
1616950 511
1616960 511
1616970 507
1616980 505
1616990 505
1617000 503
1617010 501
1617020 501
1617030 500
1617040 498
1617050 498
1617060 496
1617070 494
1617080 494
1617090 494
1617100 493
1617110 493
1617120 493
1617130 491
1617140 490
1617150 490
1617160 490
1617170 489
1617180 489
1617190 489
1617200 488
1617210 488
1617220 487
1617230 487
1617240 487
1617250 487
1617260 486
1617270 486
1617280 486
1617290 486
1617300 488
1617310 488
1617320 489
1617330 486
1617340 486
1617350 483
1617360 483
1617370 483
1617380 482
1617390 482
1617400 482
1617410 483
1617420 483
1617430 483
1617440 484
1617450 484
1617460 484
1617470 484
1617480 484
1617490 485
1617500 485
1617510 486
1617520 487
1617530 487
1617540 487
1617550 487
1617560 487
1617570 487
1617580 487
1617590 487
1617600 487
1617610 487
1617620 487
1617630 487
1617640 487
1617650 488
1617660 488
1617670 491
1617680 497
1617690 497
1617700 505
1617710 511
1617720 511
1617730 514
1617740 518
1617750 518
1617760 520
1617770 523
1617780 523
1617790 525
1617800 530
1617810 534
1617820 534
1617830 538
1617840 543
1617850 543
1617860 548
1617870 552
1617880 552
1617890 557
1617900 561
1617910 561
1617920 564
1617930 569
1617940 569
1617950 574
1617960 579
1617970 585
1617980 585
1617990 590
1618000 596
1618010 596
1618020 602
1618030 608
1618040 608
1618050 614
1618060 621
1618070 621
1618080 628
1618090 636
1618100 636
1618110 643
1618120 651
1618130 659
1618140 659
1618150 666
1618160 672
1618170 672
1618180 679
1618190 686
1618200 686
1618210 693
1618220 700
1618230 700
1618240 707
1618250 715
1618260 715
1618270 721
1618280 727
1618290 727
1618300 733
1618310 738
1618320 741
1618330 741
1618340 745
1618350 746
1618360 746
1618370 747
1618380 746
1618390 746
1618400 744
1618410 741
1618420 741
1618430 738
1618440 734
1618450 734
1618460 732
1618470 729
1618480 727
1618490 727
1618500 724
1618510 723
1618520 723
1618530 722
1618540 721
1618550 721
1618560 720
1618570 720
1618580 720
1618590 720
1618600 721
1618610 721
1618620 722
1618630 723
1618640 724
1618650 724
1618660 726
1618670 729
1618680 729
1618690 732
1618700 735
1618710 735
1618720 738
1618730 740
1618740 740
1618750 740
1618760 740
1618770 740
1618780 737
1618790 732
1618800 732
1618810 726
1618820 721
1618830 715
1618840 715
1618850 711
1618860 709
1618870 709
1618880 707
1618890 706
1618900 706
1618910 705
1618920 705
1618930 705
1618940 705
1618950 705
1618960 705
1618970 704
1618980 704
1618990 703
1619000 703
1619010 703
1619020 702
1619030 702
1619040 702
1619050 701
1619060 701
1619070 701
1619080 701
1619090 701
1619100 702
1619110 704
1619120 704
1619130 706
1619140 709
1619150 711
1619160 711
1619170 712
1619180 712
1619190 712
1619200 710
1619210 709
1619220 709
1619230 708
1619240 706
1619250 706
1619260 704
1619270 701
1619280 701
1619290 698
1619300 695
1619310 691
1619320 691
1619330 687
1619340 683
1619350 683
1619360 679
1619370 675
1619380 675
1619390 673
1619400 669
1619410 669
1619420 666
1619430 668
1619440 668
1619450 670
1619460 671
1619470 671
1619480 672
1619490 674
1619500 675
1619510 675
1619520 677
1619530 679
1619540 679
1619550 682
1619560 684
1619570 684
1619580 686
1619590 691
1619600 691
1619610 696
1619620 699
1619630 699
1619640 702
1619650 706
1619660 709
1619670 709
1619680 711
1619690 713
1619700 713
1619710 715
1619720 718
1619730 718
1619740 722
1619750 727
1619760 727
1619770 735
1619780 739
1619790 739
1619800 744
1619810 748
1619820 753
1619830 753
1619840 758
1619850 763
1619860 763
1619870 769
1619880 773
1619890 773
1619900 777
1619910 782
1619920 782
1619930 786
1619940 790
1619950 790
1619960 795
1619970 799
1619980 799
1619990 802
