1600000 521
1600010 521
1600020 521
1600030 520
1600040 520
1600050 520
1600060 520
1600070 520
1600080 520
1600090 519
1600100 519
1600110 519
1600120 518
1600130 518
1600140 515
1600150 510
1600160 510
1600170 508
1600180 507
1600190 507
1600200 507
1600210 507
1600220 507
1600230 507
1600240 504
1600250 501
1600260 501
1600270 500
1600280 499
1600290 499
1600300 500
1600310 501
1600320 501
1600330 502
1600340 502
1600350 502
1600360 502
1600370 502
1600380 502
1600390 502
1600400 500
1600410 498
1600420 498
1600430 499
1600440 500
1600450 500
1600460 501
1600470 502
1600480 502
1600490 502
1600500 502
1600510 502
1600520 502
1600530 503
1600540 502
1600550 502
1600560 502
1600570 503
1600580 503
1600590 504
1600600 503
1600610 503
1600620 501
1600630 497
1600640 497
1600650 494
1600660 492
1600670 492
1600680 492
1600690 492
1600700 492
1600710 491
1600720 491
1600730 490
1600740 490
1600750 487
1600760 484
1600770 484
1600780 482
1600790 477
1600800 477
1600810 472
1600820 468
1600830 468
1600840 464
1600850 463
1600860 463
1600870 462
1600880 461
1600890 461
1600900 461
1600910 461
1600920 461
1600930 461
1600940 461
1600950 461
1600960 461
1600970 461
1600980 461
1600990 461
1601000 461
1601010 461
1601020 461
1601030 461
1601040 461
1601050 461
1601060 461
1601070 461
1601080 461
1601090 461
1601100 461
1601110 461
1601120 461
1601130 461
1601140 461
1601150 461
1601160 461
1601170 461
1601180 461
1601190 461
1601200 461
1601210 461
1601220 460
1601230 460
1601240 460
1601250 460
1601260 460
1601270 461
1601280 461
1601290 461
1601300 461
1601310 461
1601320 461
1601330 462
1601340 462
1601350 462
1601360 462
1601370 462
1601380 462
1601390 462
1601400 462
1601410 462
1601420 461
1601430 461
1601440 461
1601450 461
1601460 460
1601470 460
1601480 461
1601490 461
1601500 461
1601510 461
1601520 461
1601530 461
1601540 461
1601550 461
1601560 461
1601570 461
1601580 461
1601590 463
1601600 463
1601610 463
1601620 462
1601630 462
1601640 462
1601650 463
1601660 463
1601670 463
1601680 464
1601690 464
1601700 464
1601710 465
1601720 465
1601730 465
1601740 465
1601750 466
1601760 466
1601770 466
1601780 466
1601790 466
1601800 466
1601810 467
1601820 467
1601830 467
1601840 468
1601850 468
1601860 468
1601870 468
1601880 468
1601890 468
1601900 468
1601910 468
1601920 468
1601930 468
1601940 468
1601950 468
1601960 469
1601970 469
1601980 469
1601990 470
1602000 470
1602010 470
1602020 471
1602030 473
1602040 473
1602050 474
1602060 475
1602070 477
1602080 477
1602090 478
1602100 480
1602110 480
1602120 481
1602130 483
1602140 484
1602150 485
1602160 485
1602170 485
1602180 485
1602190 484
1602200 484
1602210 484
1602220 483
1602230 483
1602240 482
1602250 481
1602260 480
1602270 480
1602280 480
1602290 480
1602300 480
1602310 480
1602320 481
1602330 481
1602340 482
1602350 483
1602360 483
1602370 483
1602380 484
1602390 484
1602400 484
1602410 484
1602420 485
1602430 485
1602440 485
1602450 486
1602460 486
1602470 486
1602480 487
1602490 487
1602500 487
1602510 487
1602520 487
1602530 488
1602540 489
1602550 489
1602560 489
1602570 490
1602580 490
1602590 490
1602600 491
1602610 491
1602620 491
1602630 492
1602640 492
1602650 492
1602660 492
1602670 492
1602680 492
1602690 493
1602700 494
1602710 494
1602720 494
1602730 495
1602740 495
1602750 496
1602760 496
1602770 497
1602780 497
1602790 498
1602800 498
1602810 498
1602820 500
1602830 501
1602840 501
1602850 502
1602860 503
1602870 503
1602880 504
1602890 505
1602900 505
1602910 506
1602920 507
1602930 509
1602940 509
1602950 509
1602960 509
1602970 509
1602980 510
1602990 510
1603000 510
1603010 509
1603020 509
1603030 509
1603040 510
1603050 511
1603060 511
1603070 511
1603080 512
1603090 512
1603100 512
1603110 513
1603120 515
1603130 515
1603140 517
1603150 519
1603160 519
1603170 522
1603180 527
1603190 527
1603200 533
1603210 531
1603220 531
1603230 533
1603240 535
1603250 535
1603260 537
1603270 539
1603280 543
1603290 543
1603300 546
1603310 552
1603320 552
1603330 560
1603340 562
1603350 562
1603360 559
1603370 556
1603380 556
1603390 552
1603400 549
1603410 549
1603420 545
1603430 541
1603440 539
1603450 539
1603460 538
1603470 538
1603480 538
1603490 538
1603500 538
1603510 538
1603520 538
1603530 538
1603540 538
1603550 538
1603560 538
1603570 538
1603580 538
1603590 538
1603600 538
1603610 538
1603620 538
1603630 538
1603640 538
1603650 537
1603660 537
1603670 537
1603680 537
1603690 537
1603700 537
1603710 537
1603720 537
1603730 537
1603740 537
1603750 537
1603760 537
1603770 537
1603780 538
1603790 538
1603800 538
1603810 538
1603820 538
1603830 538
1603840 539
1603850 540
1603860 540
1603870 542
1603880 544
1603890 544
1603900 547
1603910 551
1603920 551
1603930 555
1603940 559
1603950 563
1603960 563
1603970 568
1603980 573
1603990 573
1604000 575
1604010 577
1604020 577
1604030 570
1604040 560
1604050 560
1604060 558
1604070 563
1604080 563
1604090 571
1604100 574
1604110 576
1604120 576
1604130 578
1604140 577
1604150 577
1604160 575
1604170 574
1604180 574
1604190 573
1604200 574
1604210 574
1604220 574
1604230 573
1604240 573
1604250 573
1604260 568
1604270 567
1604280 567
1604290 570
1604300 575
1604310 575
1604320 577
1604330 581
1604340 581
1604350 585
1604360 587
1604370 587
1604380 590
1604390 592
1604400 592
1604410 594
1604420 595
1604430 595
1604440 597
1604450 599
1604460 601
1604470 601
1604480 604
1604490 605
1604500 605
1604510 606
1604520 606
1604530 606
1604540 607
1604550 610
1604560 610
1604570 610
1604580 611
1604590 611
1604600 610
1604610 608
1604620 603
1604630 603
1604640 604
1604650 608
1604660 608
1604670 609
1604680 611
1604690 611
1604700 613
1604710 616
1604720 616
1604730 618
1604740 619
1604750 619
1604760 620
1604770 620
1604780 622
1604790 622
1604800 626
1604810 629
1604820 629
1604830 632
1604840 634
1604850 634
1604860 636
1604870 638
1604880 638
1604890 641
1604900 644
1604910 644
1604920 646
1604930 647
1604940 647
1604950 648
1604960 649
1604970 650
1604980 650
1604990 650
1605000 651
1605010 651
1605020 652
1605030 655
1605040 655
1605050 656
1605060 658
1605070 658
1605080 660
1605090 662
1605100 662
1605110 665
1605120 668
1605130 672
1605140 672
1605150 676
1605160 678
1605170 678
1605180 679
1605190 681
1605200 681
1605210 683
1605220 684
1605230 684
1605240 686
1605250 688
1605260 688
1605270 688
1605280 693
1605290 697
1605300 697
1605310 696
1605320 701
1605330 701
1605340 706
1605350 711
1605360 711
1605370 714
1605380 716
1605390 716
1605400 719
1605410 723
1605420 723
1605430 727
1605440 731
1605450 731
1605460 734
1605470 736
1605480 737
1605490 737
1605500 739
1605510 740
1605520 740
1605530 742
1605540 745
1605550 745
1605560 748
1605570 751
1605580 751
1605590 754
1605600 756
1605610 756
1605620 759
1605630 762
1605640 764
1605650 764
1605660 766
1605670 767
1605680 767
1605690 769
1605700 769
1605710 769
1605720 773
1605730 781
1605740 781
1605750 792
1605760 799
1605770 799
1605780 796
1605790 790
1605800 784
1605810 784
1605820 779
1605830 774
1605840 774
1605850 770
1605860 766
1605870 766
1605880 762
1605890 758
1605900 758
1605910 754
1605920 751
1605930 751
1605940 748
1605950 746
1605960 746
1605970 743
1605980 741
1605990 739
1606000 739
1606010 738
1606020 737
1606030 737
1606040 736
1606050 734
1606060 734
1606070 731
1606080 726
1606090 726
1606100 722
1606110 718
1606120 718
1606130 715
1606140 710
1606150 706
1606160 706
1606170 702
1606180 698
1606190 698
1606200 695
1606210 694
1606220 694
1606230 697
1606240 702
1606250 702
1606260 708
1606270 713
1606280 713
1606290 718
1606300 724
1606310 730
1606320 730
1606330 735
1606340 739
1606350 737
1606360 739
1606370 739
1606380 739
1606390 740
1606400 740
1606410 740
1606420 741
1606430 742
1606440 742
1606450 743
1606460 743
1606470 743
1606480 744
1606490 744
1606500 746
1606510 746
1606520 748
1606530 749
1606540 749
1606550 749
1606560 749
1606570 749
1606580 749
1606590 749
1606600 749
1606610 751
1606620 754
1606630 754
1606640 756
1606650 758
1606660 761
1606670 761
1606680 763
1606690 764
1606700 764
1606710 764
1606720 763
1606730 763
1606740 761
1606750 761
1606760 761
1606770 767
1606780 774
1606790 774
1606800 779
1606810 784
1606820 786
1606830 786
1606840 789
1606850 792
1606860 792
1606870 796
1606880 799
1606890 799
1606900 803
1606910 806
1606920 806
1606930 810
1606940 812
1606950 812
1606960 813
1606970 813
1606980 813
1606990 814
1607000 815
1607010 816
1607020 816
1607030 816
1607040 816
1607050 816
1607060 816
1607070 818
1607080 818
1607090 819
1607100 820
1607110 820
1607120 820
1607130 820
1607140 820
1607150 820
1607160 820
1607170 820
1607180 820
1607190 820
1607200 820
1607210 820
1607220 819
1607230 819
1607240 819
1607250 819
1607260 819
1607270 819
1607280 819
1607290 819
1607300 819
1607310 819
1607320 819
1607330 818
1607340 818
1607350 818
1607360 817
1607370 817
1607380 813
1607390 807
1607400 807
1607410 799
1607420 792
1607430 792
1607440 784
1607450 777
1607460 777
1607470 771
1607480 765
1607490 765
1607500 760
1607510 756
1607520 753
1607530 753
1607540 750
1607550 749
1607560 749
1607570 747
1607580 747
1607590 747
1607600 746
1607610 745
1607620 745
1607630 744
1607640 743
1607650 743
1607660 743
1607670 741
1607680 740
1607690 740
1607700 739
1607710 738
1607720 738
1607730 737
1607740 737
1607750 737
1607760 736
1607770 736
1607780 736
1607790 735
1607800 734
1607810 734
1607820 733
1607830 732
1607840 731
1607850 731
1607860 730
1607870 729
1607880 729
1607890 726
1607900 723
1607910 723
1607920 720
1607930 718
1607940 718
1607950 717
1607960 717
1607970 717
1607980 715
1607990 714
1608000 714
1608010 711
1608020 709
1608030 708
1608040 708
1608050 706
1608060 705
1608070 705
1608080 703
1608090 702
1608100 702
1608110 700
1608120 699
1608130 699
1608140 697
1608150 695
1608160 695
1608170 694
1608180 692
1608190 689
1608200 689
1608210 687
1608220 686
1608230 686
1608240 685
1608250 683
1608260 683
1608270 682
1608280 680
1608290 680
1608300 679
1608310 678
1608320 678
1608330 677
1608340 676
1608350 675
1608360 675
1608370 674
1608380 674
1608390 674
1608400 673
1608410 672
1608420 672
1608430 671
1608440 670
1608450 670
1608460 670
1608470 669
1608480 669
1608490 667
1608500 664
1608510 664
1608520 663
1608530 662
1608540 660
1608550 660
1608560 658
1608570 657
1608580 657
1608590 655
1608600 652
1608610 652
1608620 650
1608630 649
1608640 649
1608650 647
1608660 645
1608670 645
1608680 644
1608690 643
1608700 642
1608710 642
1608720 640
1608730 639
1608740 639
1608750 637
1608760 636
1608770 636
1608780 634
1608790 633
1608800 633
1608810 630
1608820 627
1608830 627
1608840 624
1608850 620
1608860 617
1608870 617
1608880 617
1608890 614
1608900 614
1608910 611
1608920 610
1608930 610
1608940 608
1608950 606
1608960 606
1608970 606
1608980 609
1608990 609
1609000 609
1609010 609
1609020 609
1609030 609
1609040 609
1609050 609
1609060 609
1609070 608
1609080 608
1609090 608
1609100 608
1609110 608
1609120 608
1609130 608
1609140 608
1609150 608
1609160 608
1609170 609
1609180 609
1609190 610
1609200 611
1609210 615
1609220 615
1609230 618
1609240 623
1609250 623
1609260 626
1609270 626
1609280 626
1609290 626
1609300 626
1609310 626
1609320 627
1609330 627
1609340 627
1609350 628
1609360 629
1609370 630
1609380 630
1609390 631
1609400 632
1609410 632
1609420 629
1609430 629
1609440 629
1609450 629
1609460 630
1609470 630
1609480 630
1609490 631
1609500 631
1609510 631
1609520 632
1609530 632
1609540 632
1609550 632
1609560 633
1609570 633
1609580 633
1609590 633
1609600 633
1609610 633
1609620 632
1609630 632
1609640 630
1609650 628
1609660 628
1609670 626
1609680 624
1609690 624
1609700 623
1609710 623
1609720 624
1609730 624
1609740 625
1609750 626
1609760 626
1609770 627
1609780 629
1609790 629
1609800 631
1609810 633
1609820 633
1609830 635
1609840 636
1609850 636
1609860 636
1609870 635
1609880 633
1609890 633
1609900 631
1609910 629
1609920 629
1609930 624
1609940 625
1609950 625
1609960 630
1609970 634
1609980 634
1609990 637
1610000 639
1610010 639
1610020 642
1610030 644
1610040 644
1610050 646
1610060 651
1610070 656
1610080 656
1610090 658
1610100 662
1610110 662
1610120 664
1610130 666
1610140 666
1610150 668
1610160 671
1610170 671
1610180 677
1610190 682
1610200 682
1610210 685
1610220 691
1610230 695
1610240 695
1610250 699
1610260 702
1610270 702
1610280 703
1610290 704
1610300 704
1610310 704
1610320 704
1610330 704
1610340 703
1610350 703
1610360 703
1610370 705
1610380 709
1610390 713
1610400 713
1610410 715
1610420 721
1610430 721
1610440 721
1610450 720
1610460 720
1610470 717
1610480 713
1610490 713
1610500 709
1610510 704
1610520 704
1610530 699
1610540 698
1610550 698
1610560 699
1610570 699
1610580 699
1610590 699
1610600 697
1610610 696
1610620 696
1610630 696
1610640 696
1610650 696
1610660 696
1610670 694
1610680 694
1610690 693
1610700 692
1610710 692
1610720 692
1610730 697
1610740 703
1610750 703
1610760 709
1610770 713
1610780 713
1610790 718
1610800 723
1610810 723
1610820 728
1610830 733
1610840 733
1610850 738
1610860 743
1610870 743
1610880 748
1610890 753
1610900 758
1610910 758
1610920 763
1610930 768
1610940 768
1610950 774
1610960 779
1610970 779
1610980 784
1610990 787
1611000 787
1611010 791
1611020 795
1611030 795
1611040 800
1611050 805
1611060 805
1611070 810
1611080 814
1611090 819
1611100 819
1611110 822
1611120 827
1611130 827
1611140 830
1611150 832
1611160 832
1611170 832
1611180 833
1611190 833
1611200 835
1611210 838
1611220 838
1611230 841
1611240 844
1611250 849
1611260 849
1611270 854
1611280 859
1611290 859
1611300 864
1611310 870
1611320 870
1611330 876
1611340 880
1611350 880
1611360 885
1611370 889
1611380 889
1611390 893
1611400 899
1611410 903
1611420 905
1611430 910
1611440 915
1611450 915
1611460 921
1611470 926
1611480 926
1611490 931
1611500 936
1611510 936
1611520 939
1611530 943
1611540 943
1611550 945
1611560 945
1611570 945
1611580 943
1611590 942
1611600 939
1611610 939
1611620 935
1611630 931
1611640 931
1611650 927
1611660 923
1611670 923
1611680 920
1611690 917
1611700 917
1611710 915
1611720 912
1611730 912
1611740 909
1611750 907
1611760 904
1611770 904
1611780 902
1611790 899
1611800 899
1611810 896
1611820 894
1611830 894
1611840 894
1611850 895
1611860 895
1611870 896
1611880 896
1611890 896
1611900 896
1611910 894
1611920 891
1611930 891
1611940 888
1611950 888
1611960 888
1611970 890
1611980 890
1611990 890
1612000 891
1612010 893
1612020 893
1612030 895
1612040 897
1612050 897
1612060 898
1612070 896
1612080 896
1612090 892
1612100 886
1612110 879
1612120 879
1612130 872
1612140 865
1612150 865
1612160 858
1612170 851
1612180 851
1612190 847
1612200 844
1612210 844
1612220 841
1612230 838
1612240 838
1612250 834
1612260 829
1612270 825
1612280 825
1612290 822
1612300 820
1612310 820
1612320 819
1612330 816
1612340 816
1612350 813
1612360 809
1612370 809
1612380 804
1612390 800
1612400 800
1612410 800
1612420 795
1612430 791
1612440 791
1612450 786
1612460 781
1612470 781
1612480 775
1612490 770
1612500 770
1612510 767
1612520 764
1612530 764
1612540 761
1612550 757
1612560 757
1612570 751
1612580 746
1612590 742
1612600 742
1612610 740
1612620 739
1612630 739
1612640 740
1612650 741
1612660 741
1612670 741
1612680 743
1612690 743
1612700 745
1612710 745
1612720 745
1612730 743
1612740 738
1612750 738
1612760 735
1612770 737
1612780 742
1612790 742
1612800 750
1612810 757
1612820 757
1612830 763
1612840 769
1612850 769
1612860 775
1612870 780
1612880 780
1612890 783
1612900 783
1612910 783
1612920 778
1612930 771
1612940 764
1612950 764
1612960 758
1612970 751
1612980 751
1612990 745
1613000 738
1613010 738
1613020 732
1613030 726
1613040 726
1613050 720
1613060 715
1613070 715
1613080 717
1613090 723
1613100 728
1613110 728
1613120 735
1613130 742
1613140 742
1613150 748
1613160 755
1613170 755
1613180 762
1613190 769
1613200 769
1613210 775
1613220 782
1613230 782
1613240 788
1613250 794
1613260 794
1613270 800
1613280 805
1613290 811
1613300 811
1613310 816
1613320 821
1613330 821
1613340 825
1613350 829
1613360 829
1613370 829
1613380 828
1613390 824
1613400 821
1613410 817
1613420 817
1613430 812
1613440 808
1613450 804
1613460 804
1613470 800
1613480 796
1613490 796
1613500 791
1613510 785
1613520 785
1613530 779
1613540 774
1613550 774
1613560 771
1613570 767
1613580 767
1613590 762
1613600 756
1613610 756
1613620 756
1613630 761
1613640 762
1613650 762
1613660 762
1613670 761
1613680 761
1613690 759
1613700 758
1613710 758
1613720 757
1613730 760
1613740 760
1613750 765
1613760 772
1613770 772
1613780 778
1613790 784
1613800 790
1613810 790
1613820 795
1613830 801
1613840 801
1613850 808
1613860 814
1613870 814
1613880 820
1613890 824
1613900 824
1613910 829
1613920 834
1613930 834
1613940 839
1613950 844
1613960 848
1613970 848
1613980 851
1613990 854
1614000 854
1614010 857
1614020 860
1614030 860
1614040 863
1614050 865
1614060 865
1614070 868
1614080 870
1614090 870
1614100 872
1614110 872
1614120 871
1614130 871
1614140 869
1614150 868
1614160 868
1614170 867
1614180 865
1614190 865
1614200 862
1614210 857
1614220 857
1614230 851
1614240 844
1614250 844
1614260 837
1614270 834
1614280 834
1614290 833
1614300 832
1614310 832
1614320 832
1614330 832
1614340 832
1614350 832
1614360 828
1614370 827
1614380 827
1614390 824
1614400 821
1614410 821
1614420 818
1614430 814
1614440 814
1614450 810
1614460 807
1614470 804
1614480 804
1614490 801
1614500 795
1614510 795
1614520 787
1614530 781
1614540 781
1614550 779
1614560 780
1614570 780
1614580 781
1614590 779
1614600 779
1614610 776
1614620 774
1614630 771
1614640 771
1614650 767
1614660 764
1614670 764
1614680 760
1614690 756
1614700 756
1614710 750
1614720 742
1614730 742
1614740 733
1614750 725
1614760 725
1614770 716
1614780 708
1614790 708
1614800 699
1614810 692
1614820 698
1614830 698
1614840 705
1614850 712
1614860 712
1614870 718
1614880 724
1614890 724
1614900 728
1614910 732
1614920 732
1614930 736
1614940 740
1614950 740
1614960 742
1614970 742
1614980 742
1614990 742
1615000 743
1615010 743
1615020 743
1615030 745
1615040 747
1615050 747
1615060 750
1615070 753
1615080 753
1615090 756
1615100 758
1615110 758
1615120 761
1615130 764
1615140 767
1615150 767
1615160 770
1615170 774
1615180 774
1615190 777
1615200 781
1615210 781
1615220 785
1615230 789
1615240 789
1615250 790
1615260 793
1615270 793
1615280 796
1615290 797
1615300 797
1615310 795
1615320 793
1615330 784
1615340 784
1615350 780
1615360 776
1615370 776
1615380 772
1615390 767
1615400 767
1615410 761
1615420 755
1615430 755
1615440 749
1615450 744
1615460 744
1615470 738
1615480 733
1615490 730
1615500 730
1615510 727
1615520 726
1615530 726
1615540 724
1615550 722
1615560 722
1615570 720
1615580 719
1615590 719
1615600 716
1615610 713
1615620 713
1615630 709
1615640 706
1615650 702
1615660 702
1615670 699
1615680 695
1615690 695
1615700 691
1615710 686
1615720 686
1615730 681
1615740 675
1615750 675
1615760 672
1615770 673
1615780 673
1615790 674
1615800 675
1615810 675
1615820 677
1615830 678
1615840 679
1615850 679
1615860 681
1615870 683
1615880 683
1615890 685
1615900 688
1615910 688
1615920 691
1615930 693
1615940 693
1615950 696
1615960 699
1615970 699
1615980 703
1615990 706
1616000 710
1616010 710
1616020 714
1616030 718
1616040 718
1616050 721
1616060 725
1616070 725
1616080 728
1616090 732
1616100 732
1616110 736
1616120 741
1616130 741
1616140 746
1616150 751
1616160 755
1616170 755
1616180 758
1616190 762
1616200 762
1616210 765
1616220 764
1616230 764
1616240 760
1616250 757
1616260 757
1616270 752
1616280 747
1616290 748
1616300 743
1616310 738
1616320 738
1616330 735
1616340 732
1616350 730
1616360 730
1616370 727
1616380 723
1616390 723
1616400 718
1616410 715
1616420 715
1616430 713
1616440 711
1616450 711
1616460 708
1616470 706
1616480 706
1616490 704
1616500 702
1616510 701
1616520 701
1616530 699
1616540 698
1616550 698
1616560 695
1616570 692
1616580 692
1616590 687
1616600 681
1616610 681
1616620 675
1616630 670
1616640 670
1616650 665
1616660 660
1616670 654
1616680 654
1616690 649
1616700 644
1616710 644
1616720 639
1616730 634
1616740 634
1616750 629
1616760 625
1616770 625
1616780 620
1616790 615
1616800 615
1616810 612
1616820 609
1616830 609
1616840 605
1616850 601
1616860 598
1616870 598
1616880 594
1616890 591
1616900 591
1616910 586
1616920 584
1616930 584
1616940 582
1616950 580
1616960 580
1616970 577
1616980 573
1616990 573
1617000 571
1617010 569
1617020 568
1617030 568
1617040 566
1617050 564
1617060 564
1617070 563
1617080 561
1617090 561
1617100 560
1617110 557
1617120 557
1617130 554
1617140 549
1617150 549
1617160 545
1617170 540
1617180 535
1617190 535
1617200 530
1617210 526
1617220 526
1617230 521
1617240 516
1617250 515
1617260 511
1617270 509
1617280 509
1617290 506
1617300 502
1617310 502
1617320 501
1617330 499
1617340 499
1617350 496
1617360 495
1617370 495
1617380 495
1617390 495
1617400 495
1617410 495
1617420 495
1617430 494
1617440 494
1617450 493
1617460 493
1617470 493
1617480 493
1617490 493
1617500 493
1617510 492
1617520 492
1617530 493
1617540 493
1617550 493
1617560 493
1617570 493
1617580 492
1617590 492
1617600 492
1617610 492
1617620 492
1617630 492
1617640 492
1617650 492
1617660 492
1617670 492
1617680 492
1617690 492
1617700 492
1617710 492
1617720 492
1617730 492
1617740 491
1617750 491
1617760 491
1617770 492
1617780 494
1617790 494
1617800 494
1617810 494
1617820 494
1617830 493
1617840 491
1617850 491
1617860 490
1617870 490
1617880 490
1617890 490
1617900 489
1617910 487
1617920 487
1617930 486
1617940 485
1617950 485
1617960 488
1617970 491
1617980 491
1617990 493
1618000 498
1618010 498
1618020 503
1618030 509
1618040 514
1618050 514
1618060 519
1618070 525
1618080 525
1618090 531
1618100 537
1618110 537
1618120 544
1618130 550
1618140 550
1618150 557
1618160 561
1618170 561
1618180 564
1618190 567
1618200 569
1618210 569
1618220 572
1618230 577
1618240 577
1618250 580
1618260 582
1618270 582
1618280 582
1618290 582
1618300 582
1618310 582
1618320 582
1618330 582
1618340 581
1618350 580
1618360 580
1618370 578
1618380 576
1618390 577
1618400 577
1618410 577
1618420 577
1618430 577
1618440 577
1618450 576
1618460 576
1618470 574
1618480 572
1618490 572
1618500 566
1618510 561
1618520 561
1618530 557
1618540 553
1618550 555
1618560 555
1618570 562
1618580 569
1618590 569
1618600 575
1618610 583
1618620 583
1618630 589
1618640 594
1618650 594
1618660 598
1618670 602
1618680 602
1618690 606
1618700 610
1618710 615
1618720 615
1618730 619
1618740 625
1618750 625
1618760 630
1618770 636
1618780 636
1618790 642
1618800 648
1618810 648
1618820 653
1618830 658
1618840 658
1618850 662
1618860 667
1618870 667
1618880 671
1618890 675
1618900 680
1618910 680
1618920 684
1618930 686
1618940 686
1618950 687
1618960 687
1618970 687
1618980 687
1618990 685
1619000 685
1619010 683
1619020 682
1619030 682
1619040 682
1619050 682
1619060 683
1619070 683
1619080 683
1619090 684
1619100 684
1619110 685
1619120 686
1619130 689
1619140 691
1619150 692
1619160 692
1619170 695
1619180 697
1619190 697
1619200 699
1619210 703
1619220 706
1619230 706
1619240 709
1619250 714
1619260 714
1619270 717
1619280 718
1619290 718
1619300 720
1619310 723
1619320 723
1619330 725
1619340 727
1619350 727
1619360 729
1619370 730
1619380 730
1619390 732
1619400 734
1619410 735
1619420 735
1619430 737
1619440 739
1619450 739
1619460 742
1619470 743
1619480 743
1619490 745
1619500 748
1619510 748
1619520 752
1619530 756
1619540 756
1619550 760
1619560 765
1619570 770
1619580 770
1619590 775
1619600 779
1619610 779
1619620 782
1619630 785
1619640 785
1619650 787
1619660 789
1619670 789
1619680 790
1619690 791
1619700 791
1619710 792
1619720 793
1619730 793
1619740 793
1619750 792
1619760 792
1619770 792
1619780 791
1619790 792
1619800 792
1619810 792
1619820 792
1619830 792
1619840 793
1619850 794
1619860 794
1619870 796
1619880 797
1619890 797
1619900 798
1619910 799
1619920 800
1619930 800
1619940 801
1619950 802
1619960 802
1619970 804
1619980 806
1619990 806
