1600000 469
1600010 469
1600020 469
1600030 469
1600040 469
1600050 468
1600060 468
1600070 467
1600080 467
1600090 467
1600100 467
1600110 467
1600120 467
1600130 467
1600140 467
1600150 467
1600160 467
1600170 467
1600180 467
1600190 467
1600200 467
1600210 467
1600220 467
1600230 467
1600240 467
1600250 467
1600260 467
1600270 467
1600280 467
1600290 467
1600300 466
1600310 466
1600320 466
1600330 466
1600340 466
1600350 466
1600360 467
1600370 467
1600380 467
1600390 467
1600400 466
1600410 466
1600420 466
1600430 466
1600440 466
1600450 466
1600460 466
1600470 466
1600480 466
1600490 466
1600500 466
1600510 466
1600520 466
1600530 466
1600540 466
1600550 466
1600560 466
1600570 466
1600580 466
1600590 466
1600600 466
1600610 466
1600620 466
1600630 466
1600640 466
1600650 466
1600660 466
1600670 466
1600680 466
1600690 466
1600700 466
1600710 466
1600720 466
1600730 466
1600740 465
1600750 465
1600760 465
1600770 465
1600780 465
1600790 465
1600800 465
1600810 465
1600820 465
1600830 465
1600840 465
1600850 465
1600860 465
1600870 465
1600880 465
1600890 465
1600900 465
1600910 466
1600920 466
1600930 466
1600940 466
1600950 466
1600960 466
1600970 465
1600980 465
1600990 465
1601000 465
1601010 465
1601020 465
1601030 465
1601040 465
1601050 465
1601060 465
1601070 465
1601080 465
1601090 465
1601100 465
1601110 465
1601120 465
1601130 465
1601140 465
1601150 465
1601160 465
1601170 464
1601180 464
1601190 464
1601200 464
1601210 464
1601220 465
1601230 466
1601240 466
1601250 466
1601260 466
1601270 466
1601280 465
1601290 465
1601300 465
1601310 465
1601320 465
1601330 465
1601340 464
1601350 464
1601360 464
1601370 464
1601380 464
1601390 465
1601400 465
1601410 464
1601420 464
1601430 464
1601440 464
1601450 464
1601460 464
1601470 464
1601480 464
1601490 464
1601500 464
1601510 464
1601520 464
1601530 464
1601540 464
1601550 464
1601560 464
1601570 464
1601580 464
1601590 464
1601600 464
1601610 465
1601620 465
1601630 465
1601640 465
1601650 465
1601660 465
1601670 465
1601680 465
1601690 465
1601700 465
1601710 466
1601720 466
1601730 466
1601740 466
1601750 466
1601760 466
1601770 467
1601780 467
1601790 467
1601800 467
1601810 467
1601820 468
1601830 468
1601840 468
1601850 469
1601860 470
1601870 471
1601880 471
1601890 472
1601900 472
1601910 472
1601920 473
1601930 473
1601940 473
1601950 473
1601960 473
1601970 473
1601980 473
1601990 474
1602000 474
1602010 474
1602020 474
1602030 475
1602040 475
1602050 475
1602060 477
1602070 477
1602080 478
1602090 478
1602100 478
1602110 479
1602120 480
1602130 480
1602140 481
1602150 482
1602160 482
1602170 483
1602180 485
1602190 485
1602200 484
1602210 484
1602220 484
1602230 484
1602240 484
1602250 485
1602260 485
1602270 484
1602280 485
1602290 485
1602300 485
1602310 485
1602320 485
1602330 485
1602340 485
1602350 485
1602360 485
1602370 486
1602380 486
1602390 486
1602400 487
1602410 488
1602420 488
1602430 488
1602440 489
1602450 489
1602460 490
1602470 491
1602480 491
1602490 492
1602500 493
1602510 493
1602520 494
1602530 494
1602540 495
1602550 495
1602560 496
1602570 496
1602580 496
1602590 497
1602600 497
1602610 497
1602620 497
1602630 497
1602640 497
1602650 498
1602660 498
1602670 498
1602680 499
1602690 499
1602700 499
1602710 500
1602720 501
1602730 502
1602740 502
1602750 502
1602760 504
1602770 504
1602780 505
1602790 506
1602800 506
1602810 507
1602820 508
1602830 508
1602840 509
1602850 511
1602860 511
1602870 513
1602880 515
1602890 516
1602900 516
1602910 517
1602920 517
1602930 517
1602940 517
1602950 518
1602960 518
1602970 519
1602980 521
1602990 521
1603000 523
1603010 524
1603020 524
1603030 525
1603040 526
1603050 526
1603060 527
1603070 528
1603080 529
1603090 529
1603100 530
1603110 532
1603120 532
1603130 532
1603140 532
1603150 532
1603160 533
1603170 533
1603180 533
1603190 533
1603200 534
1603210 534
1603220 534
1603230 534
1603240 534
1603250 534
1603260 534
1603270 534
1603280 534
1603290 535
1603300 535
1603310 535
1603320 536
1603330 536
1603340 536
1603350 536
1603360 536
1603370 536
1603380 536
1603390 537
1603400 538
1603410 538
1603420 539
1603430 539
1603440 539
1603450 539
1603460 540
1603470 540
1603480 540
1603490 540
1603500 540
1603510 540
1603520 540
1603530 540
1603540 541
1603550 541
1603560 541
1603570 541
1603580 541
1603590 541
1603600 541
1603610 541
1603620 542
1603630 542
1603640 542
1603650 542
1603660 542
1603670 542
1603680 542
1603690 542
1603700 543
1603710 543
1603720 543
1603730 543
1603740 544
1603750 544
1603760 544
1603770 544
1603780 545
1603790 545
1603800 546
1603810 547
1603820 547
1603830 548
1603840 551
1603850 551
1603860 553
1603870 554
1603880 554
1603890 554
1603900 554
1603910 554
1603920 554
1603930 553
1603940 552
1603950 552
1603960 551
1603970 549
1603980 549
1603990 548
1604000 547
1604010 547
1604020 546
1604030 545
1604040 545
1604050 544
1604060 544
1604070 544
1604080 544
1604090 544
1604100 543
1604110 543
1604120 543
1604130 543
1604140 543
1604150 543
1604160 543
1604170 543
1604180 543
1604190 542
1604200 542
1604210 542
1604220 542
1604230 542
1604240 542
1604250 542
1604260 542
1604270 542
1604280 542
1604290 542
1604300 542
1604310 542
1604320 542
1604330 542
1604340 542
1604350 542
1604360 542
1604370 542
1604380 542
1604390 542
1604400 542
1604410 542
1604420 542
1604430 542
1604440 542
1604450 542
1604460 542
1604470 542
1604480 542
1604490 542
1604500 542
1604510 542
1604520 542
1604530 542
1604540 542
1604550 542
1604560 541
1604570 536
1604580 536
1604590 532
1604600 532
1604610 533
1604620 533
1604630 533
1604640 534
1604650 534
1604660 534
1604670 534
1604680 534
1604690 534
1604700 533
1604710 533
1604720 529
1604730 524
1604740 524
1604750 522
1604760 522
1604770 522
1604780 521
1604790 521
1604800 520
1604810 520
1604820 520
1604830 519
1604840 519
1604850 518
1604860 518
1604870 518
1604880 516
1604890 516
1604900 516
1604910 516
1604920 516
1604930 516
1604940 516
1604950 515
1604960 514
1604970 514
1604980 514
1604990 514
1605000 514
1605010 514
1605020 514
1605030 514
1605040 514
1605050 515
1605060 515
1605070 516
1605080 517
1605090 517
1605100 518
1605110 519
1605120 519
1605130 520
1605140 521
1605150 522
1605160 522
1605170 523
1605180 524
1605190 524
1605200 524
1605210 524
1605220 524
1605230 525
1605240 526
1605250 526
1605260 527
1605270 527
1605280 527
1605290 527
1605300 527
1605310 527
1605320 527
1605330 527
1605340 527
1605350 527
1605360 527
1605370 527
1605380 527
1605390 527
1605400 527
1605410 527
1605420 526
1605430 526
1605440 526
1605450 525
1605460 525
1605470 524
1605480 524
1605490 523
1605500 523
1605510 523
1605520 523
1605530 522
1605540 522
1605550 522
1605560 522
1605570 522
1605580 523
1605590 523
1605600 523
1605610 523
1605620 523
1605630 523
1605640 523
1605650 523
1605660 523
1605670 523
1605680 523
1605690 523
1605700 523
1605710 522
1605720 522
1605730 522
1605740 523
1605750 523
1605760 523
1605770 523
1605780 522
1605790 522
1605800 522
1605810 520
1605820 519
1605830 519
1605840 519
1605850 518
1605860 518
1605870 517
1605880 516
1605890 516
1605900 516
1605910 517
1605920 517
1605930 519
1605940 520
1605950 520
1605960 521
1605970 522
1605980 522
1605990 522
1606000 522
1606010 522
1606020 522
1606030 522
1606040 522
1606050 522
1606060 522
1606070 522
1606080 522
1606090 522
1606100 521
1606110 521
1606120 521
1606130 521
1606140 521
1606150 521
1606160 521
1606170 521
1606180 521
1606190 521
1606200 521
1606210 521
1606220 521
1606230 521
1606240 521
1606250 521
1606260 521
1606270 521
1606280 521
1606290 521
1606300 521
1606310 522
1606320 522
1606330 522
1606340 522
1606350 522
1606360 522
1606370 522
1606380 522
1606390 521
1606400 521
1606410 521
1606420 521
1606430 521
1606440 521
1606450 521
1606460 521
1606470 521
1606480 521
1606490 521
1606500 521
1606510 521
1606520 520
1606530 520
1606540 520
1606550 520
1606560 520
1606570 520
1606580 520
1606590 520
1606600 520
1606610 520
1606620 520
1606630 519
1606640 519
1606650 519
1606660 518
1606670 518
1606680 518
1606690 518
1606700 516
1606710 515
1606720 515
1606730 515
1606740 515
1606750 515
1606760 515
1606770 515
1606780 515
1606790 515
1606800 515
1606810 515
1606820 515
1606830 515
1606840 515
1606850 515
1606860 515
1606870 515
1606880 515
1606890 515
1606900 515
1606910 515
1606920 515
1606930 515
1606940 515
1606950 516
1606960 516
1606970 516
1606980 516
1606990 517
1607000 517
1607010 516
1607020 517
1607030 517
1607040 517
1607050 518
1607060 518
1607070 518
1607080 518
1607090 518
1607100 518
1607110 518
1607120 518
1607130 518
1607140 518
1607150 518
1607160 518
1607170 518
1607180 518
1607190 517
1607200 517
1607210 517
1607220 517
1607230 517
1607240 517
1607250 517
1607260 517
1607270 517
1607280 517
1607290 517
1607300 517
1607310 517
1607320 517
1607330 517
1607340 517
1607350 517
1607360 517
1607370 518
1607380 518
1607390 518
1607400 518
1607410 518
1607420 518
1607430 518
1607440 519
1607450 519
1607460 519
1607470 519
1607480 519
1607490 519
1607500 519
1607510 519
1607520 519
1607530 519
1607540 520
1607550 520
1607560 520
1607570 520
1607580 520
1607590 520
1607600 520
1607610 520
1607620 520
1607630 520
1607640 520
1607650 520
1607660 520
1607670 520
1607680 520
1607690 520
1607700 520
1607710 521
1607720 521
1607730 521
1607740 521
1607750 521
1607760 522
1607770 522
1607780 522
1607790 522
1607800 522
1607810 522
1607820 522
1607830 522
1607840 522
1607850 522
1607860 522
1607870 522
1607880 522
1607890 522
1607900 522
1607910 522
1607920 522
1607930 522
1607940 522
1607950 522
1607960 522
1607970 522
1607980 522
1607990 522
1608000 522
1608010 522
1608020 522
1608030 522
1608040 522
1608050 522
1608060 522
1608070 523
1608080 523
1608090 523
1608100 523
1608110 523
1608120 523
1608130 523
1608140 523
1608150 523
1608160 523
1608170 523
1608180 523
1608190 523
1608200 524
1608210 524
1608220 524
1608230 524
1608240 524
1608250 524
1608260 524
1608270 524
1608280 524
1608290 524
1608300 524
1608310 524
1608320 524
1608330 524
1608340 524
1608350 524
1608360 524
1608370 524
1608380 524
1608390 524
1608400 524
1608410 524
1608420 524
1608430 524
1608440 524
1608450 524
1608460 524
1608470 524
1608480 524
1608490 524
1608500 524
1608510 524
1608520 524
1608530 524
1608540 524
1608550 524
1608560 524
1608570 523
1608580 523
1608590 524
1608600 524
1608610 524
1608620 523
1608630 523
1608640 523
1608650 522
1608660 522
1608670 522
1608680 522
1608690 522
1608700 522
1608710 522
1608720 522
1608730 522
1608740 522
1608750 524
1608760 524
1608770 524
1608780 525
1608790 525
1608800 526
1608810 526
1608820 526
1608830 527
1608840 528
1608850 528
1608860 529
1608870 529
1608880 529
1608890 530
1608900 530
1608910 530
1608920 530
1608930 530
1608940 530
1608950 530
1608960 530
1608970 530
1608980 530
1608990 530
1609000 530
1609010 530
1609020 530
1609030 530
1609040 530
1609050 530
1609060 530
1609070 530
1609080 530
1609090 530
1609100 530
1609110 530
1609120 530
1609130 530
1609140 530
1609150 530
1609160 530
1609170 530
1609180 530
1609190 530
1609200 530
1609210 530
1609220 530
1609230 530
1609240 530
1609250 530
1609260 530
1609270 530
1609280 530
1609290 530
1609300 530
1609310 530
1609320 530
1609330 530
1609340 530
1609350 530
1609360 530
1609370 530
1609380 530
1609390 530
1609400 530
1609410 530
1609420 530
1609430 530
1609440 530
1609450 530
1609460 530
1609470 530
1609480 529
1609490 529
1609500 528
1609510 528
1609520 528
1609530 526
1609540 525
1609550 525
1609560 524
1609570 523
1609580 523
1609590 523
1609600 523
1609610 522
1609620 522
1609630 521
1609640 521
1609650 521
1609660 521
1609670 521
1609680 521
1609690 520
1609700 520
1609710 520
1609720 520
1609730 520
1609740 520
1609750 520
1609760 520
1609770 520
1609780 520
1609790 520
1609800 520
1609810 520
1609820 520
1609830 520
1609840 520
1609850 520
1609860 520
1609870 520
1609880 520
1609890 520
1609900 520
1609910 520
1609920 520
1609930 520
1609940 520
1609950 520
1609960 519
1609970 519
1609980 519
1609990 519
1610000 519
1610010 519
1610020 519
1610030 519
1610040 519
1610050 519
1610060 519
1610070 519
1610080 519
1610090 519
1610100 519
1610110 519
1610120 519
1610130 519
1610140 519
1610150 519
1610160 519
1610170 519
1610180 519
1610190 519
1610200 519
1610210 519
1610220 519
1610230 519
1610240 519
1610250 519
1610260 519
1610270 519
1610280 519
1610290 519
1610300 519
1610310 519
1610320 519
1610330 519
1610340 519
1610350 519
1610360 519
1610370 519
1610380 519
1610390 519
1610400 518
1610410 518
1610420 518
1610430 518
1610440 518
1610450 518
1610460 517
1610470 517
1610480 517
1610490 517
1610500 516
1610510 516
1610520 516
1610530 516
1610540 516
1610550 516
1610560 515
1610570 515
1610580 515
1610590 515
1610600 515
1610610 515
1610620 515
1610630 515
1610640 515
1610650 515
1610660 514
1610670 514
1610680 514
1610690 514
1610700 514
1610710 514
1610720 514
1610730 514
1610740 514
1610750 514
1610760 514
1610770 514
1610780 514
1610790 514
1610800 514
1610810 514
1610820 514
1610830 514
1610840 514
1610850 514
1610860 514
1610870 514
1610880 514
1610890 514
1610900 514
1610910 514
1610920 514
1610930 513
1610940 512
1610950 512
1610960 512
1610970 512
1610980 512
1610990 512
1611000 513
1611010 514
1611020 514
1611030 514
1611040 514
1611050 514
1611060 514
1611070 514
1611080 514
1611090 514
1611100 514
1611110 514
1611120 514
1611130 514
1611140 514
1611150 514
1611160 514
1611170 514
1611180 514
1611190 514
1611200 514
1611210 514
1611220 513
1611230 513
1611240 513
1611250 513
1611260 513
1611270 513
1611280 514
1611290 514
1611300 514
1611310 514
1611320 515
1611330 515
1611340 515
1611350 515
1611360 515
1611370 515
1611380 515
1611390 515
1611400 515
1611410 515
1611420 515
1611430 515
1611440 515
1611450 515
1611460 515
1611470 515
1611480 515
1611490 515
1611500 514
1611510 514
1611520 514
1611530 514
1611540 514
1611550 514
1611560 514
1611570 514
1611580 514
1611590 514
1611600 514
1611610 513
1611620 513
1611630 513
1611640 512
1611650 512
1611660 512
1611670 511
1611680 511
1611690 511
1611700 511
1611710 511
1611720 511
1611730 511
1611740 511
1611750 511
1611760 511
1611770 511
1611780 511
1611790 512
1611800 513
1611810 513
1611820 514
1611830 514
1611840 516
1611850 516
1611860 523
1611870 531
1611880 531
1611890 536
1611900 537
1611910 537
1611920 537
1611930 537
1611940 537
1611950 537
1611960 537
1611970 537
1611980 537
1611990 537
1612000 537
1612010 537
1612020 536
1612030 536
1612040 536
1612050 536
1612060 536
1612070 536
1612080 536
1612090 536
1612100 536
1612110 535
1612120 535
1612130 535
1612140 535
1612150 535
1612160 535
1612170 535
1612180 535
1612190 534
1612200 534
1612210 534
1612220 534
1612230 534
1612240 534
1612250 533
1612260 533
1612270 532
1612280 532
1612290 532
1612300 531
1612310 531
1612320 531
1612330 531
1612340 531
1612350 531
1612360 531
1612370 531
1612380 531
1612390 531
1612400 531
1612410 531
1612420 531
1612430 531
1612440 531
1612450 531
1612460 531
1612470 531
1612480 531
1612490 530
1612500 527
1612510 527
1612520 523
1612530 520
1612540 516
1612550 516
1612560 513
1612570 512
1612580 512
1612590 511
1612600 511
1612610 511
1612620 509
1612630 508
1612640 508
1612650 507
1612660 507
1612670 507
1612680 507
1612690 508
1612700 509
1612710 509
1612720 510
1612730 510
1612740 510
1612750 510
1612760 510
1612770 510
1612780 510
1612790 510
1612800 510
1612810 510
1612820 510
1612830 510
1612840 510
1612850 509
1612860 509
1612870 509
1612880 509
1612890 509
1612900 509
1612910 508
1612920 508
1612930 508
1612940 508
1612950 508
1612960 508
1612970 507
1612980 507
1612990 507
1613000 506
1613010 506
1613020 506
1613030 506
1613040 506
1613050 506
1613060 506
1613070 507
1613080 507
1613090 507
1613100 507
1613110 506
1613120 506
1613130 506
1613140 506
1613150 506
1613160 506
1613170 506
1613180 506
1613190 507
1613200 507
1613210 507
1613220 507
1613230 507
1613240 508
1613250 508
1613260 508
1613270 508
1613280 508
1613290 507
1613300 507
1613310 507
1613320 507
1613330 507
1613340 507
1613350 507
1613360 507
1613370 507
1613380 507
1613390 507
1613400 507
1613410 507
1613420 506
1613430 505
1613440 505
1613450 505
1613460 504
1613470 504
1613480 505
1613490 507
1613500 507
1613510 509
1613520 509
1613530 509
1613540 510
1613550 510
1613560 510
1613570 514
1613580 521
1613590 527
1613600 527
1613610 534
1613620 540
1613630 540
1613640 546
1613650 552
1613660 552
1613670 557
1613680 561
1613690 561
1613700 563
1613710 564
1613720 564
1613730 564
1613740 564
1613750 564
1613760 564
1613770 564
1613780 563
1613790 563
1613800 562
1613810 560
1613820 560
1613830 559
1613840 562
1613850 562
1613860 564
1613870 565
1613880 565
1613890 567
1613900 568
1613910 568
1613920 568
1613930 569
1613940 569
1613950 569
1613960 568
1613970 562
1613980 567
1613990 560
1614000 554
1614010 554
1614020 549
1614030 546
1614040 546
1614050 550
1614060 555
1614070 555
1614080 558
1614090 562
1614100 564
1614110 564
1614120 569
1614130 573
1614140 573
1614150 574
1614160 578
1614170 578
1614180 584
1614190 588
1614200 588
1614210 591
1614220 593
1614230 593
1614240 596
1614250 598
1614260 601
1614270 601
1614280 603
1614290 606
1614300 606
1614310 608
1614320 611
1614330 611
1614340 614
1614350 617
1614360 617
1614370 618
1614380 618
1614390 618
1614400 618
1614410 620
1614420 620
1614430 621
1614440 621
1614450 620
1614460 620
1614470 619
1614480 617
1614490 617
1614500 616
1614510 616
1614520 616
1614530 616
1614540 617
1614550 617
1614560 618
1614570 620
1614580 620
1614590 622
1614600 624
1614610 627
1614620 627
1614630 630
1614640 633
1614650 633
1614660 635
1614670 637
1614680 637
1614690 639
1614700 641
1614710 641
1614720 643
1614730 644
1614740 644
1614750 646
1614760 649
1614770 653
1614780 653
1614790 656
1614800 660
1614810 660
1614820 663
1614830 666
1614840 666
1614850 670
1614860 673
1614870 673
1614880 676
1614890 677
1614900 677
1614910 676
1614920 676
1614930 676
1614940 679
1614950 681
1614960 686
1614970 686
1614980 690
1614990 695
1615000 695
1615010 698
1615020 703
1615030 703
1615040 707
1615050 711
1615060 711
1615070 714
1615080 716
1615090 716
1615100 715
1615110 714
1615120 715
1615130 715
1615140 717
1615150 721
1615160 721
1615170 727
1615180 732
1615190 732
1615200 737
1615210 741
1615220 741
1615230 743
1615240 744
1615250 744
1615260 742
1615270 740
1615280 740
1615290 740
1615300 741
1615310 742
1615320 742
1615330 743
1615340 745
1615350 745
1615360 747
1615370 749
1615380 749
1615390 753
1615400 756
1615410 756
1615420 760
1615430 763
1615440 763
1615450 767
1615460 771
1615470 775
1615480 775
1615490 778
1615500 781
1615510 781
1615520 784
1615530 786
1615540 786
1615550 787
1615560 788
1615570 788
1615580 787
1615590 786
1615600 786
1615610 785
1615620 785
1615630 785
1615640 784
1615650 783
1615660 782
1615670 782
1615680 782
1615690 781
1615700 781
1615710 780
1615720 779
1615730 779
1615740 778
1615750 779
1615760 779
1615770 781
1615780 784
1615790 784
1615800 787
1615810 790
1615820 794
1615830 794
1615840 796
1615850 798
1615860 798
1615870 799
1615880 801
1615890 801
1615900 803
1615910 804
1615920 809
1615930 807
1615940 804
1615950 804
1615960 799
1615970 795
1615980 792
1615990 792
1616000 789
1616010 788
1616020 788
1616030 788
1616040 788
1616050 788
1616060 788
1616070 786
1616080 786
1616090 783
1616100 781
1616110 781
1616120 780
1616130 780
1616140 780
1616150 779
1616160 775
1616170 772
1616180 772
1616190 769
1616200 767
1616210 767
1616220 765
1616230 763
1616240 763
1616250 762
1616260 760
1616270 760
1616280 760
1616290 759
1616300 759
1616310 759
1616320 759
1616330 759
1616340 759
1616350 758
1616360 758
1616370 758
1616380 758
1616390 758
1616400 758
1616410 758
1616420 758
1616430 758
1616440 757
1616450 757
1616460 757
1616470 755
1616480 754
1616490 754
1616500 753
1616510 752
1616520 751
1616530 751
1616540 751
1616550 752
1616560 752
1616570 753
1616580 755
1616590 755
1616600 757
1616610 758
1616620 758
1616630 759
1616640 759
1616650 759
1616660 759
1616670 759
1616680 759
1616690 759
1616700 759
1616710 758
1616720 758
1616730 757
1616740 757
1616750 757
1616760 756
1616770 755
1616780 755
1616790 753
1616800 752
1616810 752
1616820 750
1616830 747
1616840 744
1616850 744
1616860 741
1616870 735
1616880 735
1616890 731
1616900 727
1616910 727
1616920 722
1616930 716
1616940 716
1616950 710
1616960 703
1616970 703
1616980 697
1616990 692
1617000 692
1617010 685
1617020 679
1617030 673
1617040 673
1617050 665
1617060 657
1617070 657
1617080 647
1617090 640
1617100 640
1617110 636
1617120 635
1617130 635
1617140 634
1617150 633
1617160 633
1617170 632
1617180 630
1617190 629
1617200 629
1617210 629
1617220 630
1617230 630
1617240 631
1617250 631
1617260 631
1617270 630
1617280 628
1617290 628
1617300 625
1617310 622
1617320 622
1617330 619
1617340 614
1617350 614
1617360 611
1617370 606
1617380 603
1617390 603
1617400 599
1617410 595
1617420 595
1617430 590
1617440 585
1617450 585
1617460 582
1617470 577
1617480 577
1617490 572
1617500 567
1617510 567
1617520 563
1617530 557
1617540 552
1617550 552
1617560 549
1617570 546
1617580 546
1617590 542
1617600 538
1617610 538
1617620 535
1617630 531
1617640 531
1617650 527
1617660 525
1617670 525
1617680 523
1617690 521
1617700 518
1617710 518
1617720 516
1617730 515
1617740 515
1617750 514
1617760 513
1617770 513
1617780 513
1617790 512
1617800 512
1617810 512
1617820 513
1617830 513
1617840 513
1617850 513
1617860 513
1617870 513
1617880 512
1617890 511
1617900 511
1617910 511
1617920 511
1617930 511
1617940 511
1617950 511
1617960 511
1617970 511
1617980 511
1617990 511
1618000 511
1618010 511
1618020 511
1618030 511
1618040 511
1618050 510
1618060 510
1618070 510
1618080 515
1618090 515
1618100 521
1618110 527
1618120 527
1618130 532
1618140 535
1618150 535
1618160 538
1618170 541
1618180 541
1618190 544
1618200 545
1618210 545
1618220 549
1618230 551
1618240 554
1618250 554
1618260 558
1618270 563
1618280 563
1618290 567
1618300 572
1618310 572
1618320 574
1618330 576
1618340 576
1618350 577
1618360 578
1618370 578
1618380 579
1618390 580
1618400 581
1618410 581
1618420 582
1618430 584
1618440 584
1618450 585
1618460 585
1618470 585
1618480 586
1618490 587
1618500 587
1618510 588
1618520 589
1618530 589
1618540 589
1618550 590
1618560 590
1618570 590
1618580 590
1618590 591
1618600 591
1618610 591
1618620 591
1618630 591
1618640 590
1618650 589
1618660 589
1618670 586
1618680 581
1618690 581
1618700 580
1618710 583
1618720 583
1618730 583
1618740 578
1618750 571
1618760 566
1618770 566
1618780 568
1618790 568
1618800 573
1618810 577
1618820 577
1618830 582
1618840 585
1618850 585
1618860 588
1618870 590
1618880 590
1618890 593
1618900 596
1618910 597
1618920 597
1618930 599
1618940 600
1618950 600
1618960 601
1618970 603
1618980 603
1618990 604
1619000 603
1619010 603
1619020 604
1619030 608
1619040 608
1619050 613
1619060 618
1619070 618
1619080 621
1619090 624
1619100 626
1619110 626
1619120 624
1619130 626
1619140 626
1619150 630
1619160 636
1619170 636
1619180 640
1619190 646
1619200 646
1619210 652
1619220 658
1619230 658
1619240 665
1619250 670
1619260 675
1619270 675
1619280 680
1619290 684
1619300 684
1619310 690
1619320 696
1619330 696
1619340 701
1619350 707
1619360 707
1619370 712
1619380 718
1619390 718
1619400 723
1619410 729
1619420 729
1619430 734
1619440 740
1619450 746
1619460 746
1619470 752
1619480 756
1619490 756
1619500 761
1619510 766
1619520 766
1619530 772
1619540 780
1619550 780
1619560 786
1619570 791
1619580 791
1619590 797
1619600 802
1619610 808
1619620 808
1619630 809
1619640 808
1619650 808
1619660 807
1619670 807
1619680 807
1619690 809
1619700 813
1619710 813
1619720 815
1619730 818
1619740 818
1619750 821
1619760 824
1619770 827
1619780 827
1619790 829
1619800 834
1619810 834
1619820 839
1619830 843
1619840 843
1619850 847
1619860 850
1619870 850
1619880 852
1619890 852
1619900 852
1619910 850
1619920 848
1619930 848
1619940 845
1619950 842
1619960 839
1619970 839
1619980 835
1619990 833
