1600000 598
1600010 598
1600020 599
1600030 599
1600040 600
1600050 600
1600060 600
1600070 600
1600080 600
1600090 600
1600100 600
1600110 601
1600120 601
1600130 601
1600140 601
1600150 601
1600160 601
1600170 602
1600180 602
1600190 602
1600200 602
1600210 602
1600220 602
1600230 602
1600240 603
1600250 603
1600260 603
1600270 604
1600280 604
1600290 604
1600300 604
1600310 604
1600320 604
1600330 605
1600340 606
1600350 606
1600360 605
1600370 605
1600380 605
1600390 606
1600400 607
1600410 609
1600420 609
1600430 610
1600440 612
1600450 612
1600460 616
1600470 620
1600480 620
1600490 625
1600500 630
1600510 630
1600520 637
1600530 641
1600540 641
1600550 640
1600560 640
1600570 640
1600580 641
1600590 645
1600600 650
1600610 650
1600620 655
1600630 657
1600640 657
1600650 660
1600660 664
1600670 664
1600680 665
1600690 666
1600700 666
1600710 667
1600720 667
1600730 667
1600740 669
1600750 672
1600760 676
1600770 676
1600780 680
1600790 680
1600800 680
1600810 679
1600820 676
1600830 676
1600840 673
1600850 671
1600860 671
1600870 668
1600880 665
1600890 665
1600900 663
1600910 662
1600920 662
1600930 661
1600940 660
1600950 659
1600960 659
1600970 658
1600980 657
1600990 657
1601000 655
1601010 652
1601020 652
1601030 649
1601040 646
1601050 646
1601060 644
1601070 643
1601080 643
1601090 643
1601100 642
1601110 642
1601120 642
1601130 642
1601140 643
1601150 643
1601160 648
1601170 653
1601180 653
1601190 654
1601200 655
1601210 655
1601220 656
1601230 654
1601240 654
1601250 650
1601260 644
1601270 644
1601280 637
1601290 629
1601300 621
1601310 621
1601320 615
1601330 608
1601340 608
1601350 604
1601360 599
1601370 599
1601380 594
1601390 589
1601400 589
1601410 583
1601420 579
1601430 579
1601440 576
1601450 575
1601460 575
1601470 574
1601480 574
1601490 577
1601500 577
1601510 574
1601520 570
1601530 570
1601540 565
1601550 559
1601560 559
1601570 555
1601580 552
1601590 552
1601600 549
1601610 548
1601620 548
1601630 547
1601640 545
1601650 543
1601660 543
1601670 542
1601680 540
1601690 540
1601700 539
1601710 537
1601720 537
1601730 536
1601740 535
1601750 535
1601760 534
1601770 532
1601780 532
1601790 531
1601800 530
1601810 530
1601820 529
1601830 528
1601840 527
1601850 527
1601860 526
1601870 525
1601880 525
1601890 524
1601900 524
1601910 524
1601920 523
1601930 522
1601940 522
1601950 521
1601960 521
1601970 521
1601980 520
1601990 519
1602000 519
1602010 519
1602020 518
1602030 517
1602040 517
1602050 517
1602060 517
1602070 517
1602080 516
1602090 515
1602100 515
1602110 516
1602120 515
1602130 515
1602140 515
1602150 514
1602160 514
1602170 514
1602180 513
1602190 513
1602200 513
1602210 513
1602220 514
1602230 514
1602240 515
1602250 516
1602260 516
1602270 516
1602280 517
1602290 517
1602300 518
1602310 516
1602320 516
1602330 514
1602340 514
1602350 514
1602360 514
1602370 514
1602380 514
1602390 514
1602400 513
1602410 514
1602420 514
1602430 514
1602440 515
1602450 515
1602460 515
1602470 517
1602480 517
1602490 520
1602500 521
1602510 521
1602520 524
1602530 527
1602540 529
1602550 529
1602560 531
1602570 529
1602580 529
1602590 531
1602600 534
1602610 534
1602620 535
1602630 537
1602640 537
1602650 537
1602660 538
1602670 538
1602680 538
1602690 538
1602700 538
1602710 538
1602720 539
1602730 540
1602740 540
1602750 541
1602760 542
1602770 542
1602780 542
1602790 543
1602800 543
1602810 543
1602820 543
1602830 543
1602840 543
1602850 543
1602860 543
1602870 543
1602880 543
1602890 543
1602900 543
1602910 543
1602920 543
1602930 543
1602940 544
1602950 543
1602960 543
1602970 543
1602980 543
1602990 543
1603000 543
1603010 543
1603020 543
1603030 542
1603040 542
1603050 542
1603060 542
1603070 541
1603080 541
1603090 541
1603100 541
1603110 542
1603120 542
1603130 542
1603140 542
1603150 542
1603160 542
1603170 542
1603180 542
1603190 542
1603200 542
1603210 542
1603220 541
1603230 541
1603240 539
1603250 539
1603260 538
1603270 537
1603280 537
1603290 537
1603300 537
1603310 537
1603320 537
1603330 534
1603340 534
1603350 533
1603360 533
1603370 533
1603380 533
1603390 533
1603400 533
1603410 535
1603420 539
1603430 542
1603440 542
1603450 542
1603460 542
1603470 542
1603480 542
1603490 542
1603500 542
1603510 542
1603520 542
1603530 542
1603540 543
1603550 543
1603560 543
1603570 543
1603580 544
1603590 544
1603600 544
1603610 545
1603620 546
1603630 546
1603640 546
1603650 547
1603660 547
1603670 548
1603680 549
1603690 549
1603700 549
1603710 551
1603720 551
1603730 553
1603740 554
1603750 554
1603760 555
1603770 557
1603780 558
1603790 558
1603800 560
1603810 562
1603820 562
1603830 564
1603840 566
1603850 566
1603860 569
1603870 570
1603880 570
1603890 572
1603900 575
1603910 575
1603920 577
1603930 578
1603940 580
1603950 580
1603960 580
1603970 580
1603980 580
1603990 580
1604000 580
1604010 580
1604020 580
1604030 580
1604040 580
1604050 579
1604060 579
1604070 579
1604080 578
1604090 578
1604100 578
1604110 577
1604120 577
1604130 577
1604140 577
1604150 577
1604160 577
1604170 577
1604180 577
1604190 577
1604200 577
1604210 578
1604220 578
1604230 578
1604240 578
1604250 578
1604260 578
1604270 578
1604280 578
1604290 578
1604300 578
1604310 578
1604320 578
1604330 578
1604340 578
1604350 579
1604360 579
1604370 579
1604380 579
1604390 579
1604400 578
1604410 577
1604420 577
1604430 576
1604440 576
1604450 576
1604460 576
1604470 575
1604480 575
1604490 575
1604500 574
1604510 574
1604520 574
1604530 574
1604540 574
1604550 574
1604560 573
1604570 573
1604580 573
1604590 573
1604600 573
1604610 573
1604620 574
1604630 574
1604640 574
1604650 574
1604660 575
1604670 575
1604680 575
1604690 575
1604700 574
1604710 574
1604720 574
1604730 574
1604740 574
1604750 574
1604760 574
1604770 574
1604780 574
1604790 574
1604800 574
1604810 576
1604820 576
1604830 577
1604840 577
1604850 577
1604860 578
1604870 578
1604880 578
1604890 580
1604900 580
1604910 584
1604920 588
1604930 588
1604940 591
1604950 592
1604960 592
1604970 592
1604980 592
1604990 592
1605000 592
1605010 592
1605020 592
1605030 592
1605040 592
1605050 592
1605060 592
1605070 592
1605080 592
1605090 592
1605100 592
1605110 592
1605120 592
1605130 592
1605140 591
1605150 591
1605160 591
1605170 591
1605180 591
1605190 591
1605200 591
1605210 591
1605220 591
1605230 591
1605240 591
1605250 591
1605260 591
1605270 590
1605280 590
1605290 590
1605300 590
1605310 590
1605320 590
1605330 590
1605340 590
1605350 591
1605360 591
1605370 591
1605380 591
1605390 590
1605400 590
1605410 590
1605420 590
1605430 590
1605440 590
1605450 590
1605460 590
1605470 590
1605480 590
1605490 590
1605500 590
1605510 590
1605520 590
1605530 590
1605540 589
1605550 589
1605560 589
1605570 589
1605580 589
1605590 589
1605600 589
1605610 590
1605620 594
1605630 594
1605640 600
1605650 601
1605660 601
1605670 601
1605680 600
1605690 600
1605700 601
1605710 602
1605720 599
1605730 599
1605740 596
1605750 596
1605760 596
1605770 596
1605780 597
1605790 597
1605800 597
1605810 596
1605820 596
1605830 594
1605840 592
1605850 592
1605860 591
1605870 590
1605880 590
1605890 589
1605900 588
1605910 587
1605920 587
1605930 586
1605940 585
1605950 585
1605960 584
1605970 584
1605980 584
1605990 584
1606000 584
1606010 584
1606020 584
1606030 584
1606040 584
1606050 585
1606060 585
1606070 586
1606080 586
1606090 586
1606100 586
1606110 586
1606120 587
1606130 587
1606140 587
1606150 587
1606160 587
1606170 587
1606180 587
1606190 586
1606200 586
1606210 585
1606220 584
1606230 584
1606240 584
1606250 583
1606260 581
1606270 581
1606280 580
1606290 578
1606300 578
1606310 577
1606320 576
1606330 576
1606340 575
1606350 575
1606360 575
1606370 574
1606380 573
1606390 573
1606400 573
1606410 572
1606420 572
1606430 572
1606440 572
1606450 572
1606460 572
1606470 572
1606480 572
1606490 572
1606500 572
1606510 574
1606520 574
1606530 575
1606540 576
1606550 576
1606560 577
1606570 577
1606580 577
1606590 578
1606600 579
1606610 581
1606620 581
1606630 582
1606640 585
1606650 585
1606660 586
1606670 587
1606680 587
1606690 587
1606700 589
1606710 589
1606720 590
1606730 592
1606740 592
1606750 594
1606760 598
1606770 599
1606780 599
1606790 599
1606800 599
1606810 599
1606820 600
1606830 600
1606840 600
1606850 600
1606860 600
1606870 600
1606880 601
1606890 602
1606900 602
1606910 604
1606920 607
1606930 607
1606940 612
1606950 618
1606960 625
1606970 625
1606980 630
1606990 633
1607000 633
1607010 634
1607020 635
1607030 635
1607040 634
1607050 634
1607060 634
1607070 631
1607080 629
1607090 629
1607100 628
1607110 627
1607120 627
1607130 625
1607140 624
1607150 623
1607160 623
1607170 622
1607180 621
1607190 621
1607200 620
1607210 619
1607220 619
1607230 618
1607240 618
1607250 618
1607260 618
1607270 618
1607280 618
1607290 618
1607300 618
1607310 618
1607320 618
1607330 618
1607340 618
1607350 618
1607360 618
1607370 618
1607380 618
1607390 618
1607400 618
1607410 618
1607420 618
1607430 619
1607440 619
1607450 620
1607460 622
1607470 622
1607480 622
1607490 620
1607500 618
1607510 618
1607520 617
1607530 617
1607540 617
1607550 617
1607560 617
1607570 617
1607580 617
1607590 617
1607600 617
1607610 619
1607620 621
1607630 621
1607640 624
1607650 626
1607660 628
1607670 628
1607680 629
1607690 629
1607700 629
1607710 628
1607720 627
1607730 627
1607740 625
1607750 624
1607760 624
1607770 623
1607780 622
1607790 622
1607800 621
1607810 620
1607820 620
1607830 619
1607840 617
1607850 615
1607860 615
1607870 614
1607880 613
1607890 613
1607900 611
1607910 609
1607920 609
1607930 609
1607940 609
1607950 609
1607960 609
1607970 609
1607980 609
1607990 610
1608000 611
1608010 613
1608020 613
1608030 615
1608040 617
1608050 617
1608060 621
1608070 624
1608080 624
1608090 629
1608100 633
1608110 633
1608120 637
1608130 641
1608140 641
1608150 647
1608160 652
1608170 652
1608180 655
1608190 656
1608200 655
1608210 655
1608220 654
1608230 654
1608240 654
1608250 656
1608260 657
1608270 657
1608280 659
1608290 661
1608300 661
1608310 665
1608320 670
1608330 670
1608340 676
1608350 679
1608360 679
1608370 681
1608380 682
1608390 679
1608400 679
1608410 676
1608420 674
1608430 674
1608440 673
1608450 674
1608460 674
1608470 676
1608480 677
1608490 677
1608500 678
1608510 678
1608520 678
1608530 677
1608540 675
1608550 673
1608560 673
1608570 672
1608580 671
1608590 671
1608600 670
1608610 668
1608620 668
1608630 666
1608640 665
1608650 665
1608660 663
1608670 661
1608680 661
1608690 659
1608700 657
1608710 657
1608720 656
1608730 654
1608740 652
1608750 652
1608760 650
1608770 648
1608780 648
1608790 646
1608800 644
1608810 644
1608820 642
1608830 639
1608840 639
1608850 636
1608860 633
1608870 633
1608880 630
1608890 626
1608900 622
1608910 622
1608920 619
1608930 618
1608940 618
1608950 617
1608960 617
1608970 617
1608980 617
1608990 616
1609000 616
1609010 615
1609020 614
1609030 614
1609040 613
1609050 611
1609060 611
1609070 609
1609080 608
1609090 605
1609100 605
1609110 603
1609120 600
1609130 600
1609140 598
1609150 595
1609160 595
1609170 592
1609180 588
1609190 588
1609200 584
1609210 582
1609220 582
1609230 580
1609240 577
1609250 574
1609260 574
1609270 572
1609280 572
1609290 572
1609300 572
1609310 571
1609320 571
1609330 570
1609340 568
1609350 568
1609360 566
1609370 565
1609380 565
1609390 563
1609400 563
1609410 563
1609420 562
1609430 562
1609440 562
1609450 562
1609460 562
1609470 562
1609480 562
1609490 562
1609500 563
1609510 563
1609520 562
1609530 560
1609540 560
1609550 560
1609560 560
1609570 560
1609580 560
1609590 560
1609600 560
1609610 560
1609620 560
1609630 560
1609640 560
1609650 560
1609660 560
1609670 560
1609680 560
1609690 559
1609700 559
1609710 559
1609720 559
1609730 559
1609740 558
1609750 558
1609760 558
1609770 558
1609780 556
1609790 553
1609800 553
1609810 552
1609820 551
1609830 551
1609840 551
1609850 550
1609860 550
1609870 550
1609880 550
1609890 550
1609900 550
1609910 550
1609920 550
1609930 550
1609940 550
1609950 550
1609960 550
1609970 550
1609980 550
1609990 550
1610000 550
1610010 550
1610020 550
1610030 550
1610040 550
1610050 550
1610060 550
1610070 550
1610080 550
1610090 550
1610100 550
1610110 550
1610120 550
1610130 550
1610140 550
1610150 550
1610160 550
1610170 550
1610180 550
1610190 550
1610200 550
1610210 550
1610220 550
1610230 550
1610240 550
1610250 550
1610260 550
1610270 550
1610280 550
1610290 550
1610300 550
1610310 550
1610320 549
1610330 549
1610340 549
1610350 549
1610360 549
1610370 549
1610380 549
1610390 548
1610400 548
1610410 548
1610420 548
1610430 548
1610440 548
1610450 548
1610460 548
1610470 547
1610480 543
1610490 539
1610500 539
1610510 536
1610520 534
1610530 534
1610540 533
1610550 533
1610560 533
1610570 533
1610580 533
1610590 533
1610600 533
1610610 534
1610620 534
1610630 534
1610640 535
1610650 535
1610660 535
1610670 534
1610680 534
1610690 534
1610700 535
1610710 540
1610720 540
1610730 544
1610740 545
1610750 545
1610760 544
1610770 539
1610780 539
1610790 535
1610800 537
1610810 537
1610820 539
1610830 542
1610840 547
1610850 547
1610860 551
1610870 553
1610880 553
1610890 555
1610900 556
1610910 556
1610920 558
1610930 561
1610940 561
1610950 565
1610960 568
1610970 568
1610980 572
1610990 576
1611000 576
1611010 580
1611020 583
1611030 585
1611040 585
1611050 587
1611060 589
1611070 589
1611080 591
1611090 593
1611100 593
1611110 596
1611120 599
1611130 599
1611140 603
1611150 606
1611160 606
1611170 609
1611180 613
1611190 613
1611200 617
1611210 619
1611220 620
1611230 620
1611240 622
1611250 623
1611260 623
1611270 626
1611280 627
1611290 627
1611300 628
1611310 630
1611320 630
1611330 632
1611340 634
1611350 634
1611360 637
1611370 640
1611380 643
1611390 643
1611400 645
1611410 648
1611420 648
1611430 650
1611440 652
1611450 652
1611460 655
1611470 657
1611480 657
1611490 659
1611500 661
1611510 661
1611520 663
1611530 666
1611540 666
1611550 669
1611560 671
1611570 672
1611580 672
1611590 674
1611600 675
1611610 675
1611620 676
1611630 677
1611640 677
1611650 678
1611660 679
1611670 679
1611680 680
1611690 682
1611700 682
1611710 683
1611720 685
1611730 687
1611740 687
1611750 689
1611760 691
1611770 691
1611780 693
1611790 696
1611800 696
1611810 699
1611820 702
1611830 706
1611840 709
1611850 711
1611860 711
1611870 713
1611880 714
1611890 714
1611900 714
1611910 714
1611920 714
1611930 714
1611940 714
1611950 712
1611960 712
1611970 710
1611980 707
1611990 707
1612000 703
1612010 700
1612020 700
1612030 696
1612040 693
1612050 693
1612060 689
1612070 685
1612080 681
1612090 681
1612100 678
1612110 674
1612120 674
1612130 671
1612140 667
1612150 667
1612160 663
1612170 660
1612180 660
1612190 656
1612200 653
1612210 653
1612220 651
1612230 647
1612240 647
1612250 643
1612260 640
1612270 637
1612280 637
1612290 633
1612300 630
1612310 630
1612320 628
1612330 625
1612340 625
1612350 622
1612360 619
1612370 619
1612380 615
1612390 612
1612400 612
1612410 608
1612420 605
1612430 601
1612440 601
1612450 598
1612460 595
1612470 595
1612480 591
1612490 587
1612500 587
1612510 584
1612520 581
1612530 581
1612540 578
1612550 577
1612560 577
1612570 576
1612580 574
1612590 574
1612600 572
1612610 572
1612620 571
1612630 571
1612640 570
1612650 569
1612660 569
1612670 568
1612680 568
1612690 568
1612700 567
1612710 567
1612720 567
1612730 567
1612740 567
1612750 567
1612760 567
1612770 567
1612780 567
1612790 567
1612800 567
1612810 568
1612820 568
1612830 569
1612840 570
1612850 570
1612860 571
1612870 573
1612880 573
1612890 576
1612900 579
1612910 579
1612920 581
1612930 583
1612940 583
1612950 585
1612960 587
1612970 588
1612980 588
1612990 590
1613000 592
1613010 592
1613020 594
1613030 595
1613040 595
1613050 597
1613060 599
1613070 599
1613080 602
1613090 603
1613100 603
1613110 605
1613120 607
1613130 607
1613140 611
1613150 616
1613160 620
1613170 620
1613180 623
1613190 628
1613200 628
1613210 633
1613220 637
1613230 637
1613240 640
1613250 643
1613260 643
1613270 646
1613280 647
1613290 647
1613300 649
1613310 651
1613320 652
1613330 652
1613340 653
1613350 655
1613360 655
1613370 657
1613380 659
1613390 659
1613400 660
1613410 661
1613420 661
1613430 663
1613440 664
1613450 664
1613460 666
1613470 667
1613480 667
1613490 669
1613500 670
1613510 672
1613520 672
1613530 674
1613540 676
1613550 676
1613560 678
1613570 681
1613580 681
1613590 684
1613600 686
1613610 686
1613620 688
1613630 689
1613640 689
1613650 690
1613660 691
1613670 692
1613680 692
1613690 693
1613700 694
1613710 694
1613720 697
1613730 699
1613740 699
1613750 701
1613760 703
1613770 703
1613780 705
1613790 704
1613800 704
1613810 705
1613820 706
1613830 706
1613840 707
1613850 708
1613860 710
1613870 710
1613880 710
1613890 706
1613900 706
1613910 701
1613920 699
1613930 699
1613940 695
1613950 691
1613960 691
1613970 688
1613980 684
1613990 684
1614000 679
1614010 675
1614020 675
1614030 673
1614040 671
1614050 667
1614060 667
1614070 665
1614080 665
1614090 665
1614100 664
1614110 664
1614120 664
1614130 662
1614140 662
1614150 662
1614160 661
1614170 660
1614180 660
1614190 658
1614200 658
1614210 658
1614220 658
1614230 659
1614240 659
1614250 659
1614260 660
1614270 661
1614280 661
1614290 662
1614300 664
1614310 664
1614320 666
1614330 667
1614340 667
1614350 668
1614360 670
1614370 670
1614380 673
1614390 675
1614400 677
1614410 677
1614420 681
1614430 684
1614440 684
1614450 686
1614460 688
1614470 688
1614480 691
1614490 693
1614500 693
1614510 694
1614520 695
1614530 695
1614540 695
1614550 696
1614560 697
1614570 697
1614580 697
1614590 697
1614600 697
1614610 696
1614620 696
1614630 696
1614640 696
1614650 697
1614660 697
1614670 697
1614680 698
1614690 698
1614700 697
1614710 698
1614720 698
1614730 701
1614740 705
1614750 710
1614760 710
1614770 713
1614780 716
1614790 716
1614800 719
1614810 722
1614820 722
1614830 725
1614840 728
1614850 728
1614860 731
1614870 735
1614880 735
1614890 738
1614900 742
1614910 746
1614920 746
1614930 750
1614940 754
1614950 754
1614960 759
1614970 763
1614980 763
1614990 766
1615000 769
1615010 769
1615020 772
1615030 774
1615040 774
1615050 777
1615060 780
1615070 780
1615080 782
1615090 784
1615100 786
1615110 786
1615120 787
1615130 788
1615140 788
1615150 788
1615160 788
1615170 788
1615180 788
1615190 788
1615200 788
1615210 788
1615220 789
1615230 789
1615240 790
1615250 791
1615260 791
1615270 792
1615280 794
1615290 795
1615300 795
1615310 796
1615320 798
1615330 798
1615340 799
1615350 800
1615360 800
1615370 801
1615380 801
1615390 801
1615400 801
1615410 802
1615420 802
1615430 803
1615440 805
1615450 807
1615460 807
1615470 809
1615480 811
1615490 811
1615500 812
1615510 814
1615520 814
1615530 815
1615540 813
1615550 813
1615560 811
1615570 809
1615580 809
1615590 806
1615600 805
1615610 805
1615620 804
1615630 804
1615640 804
1615650 804
1615660 804
1615670 804
1615680 804
1615690 804
1615700 803
1615710 803
1615720 801
1615730 801
1615740 799
1615750 799
1615760 800
1615770 800
1615780 801
1615790 801
1615800 802
1615810 802
1615820 803
1615830 803
1615840 803
1615850 804
1615860 805
1615870 805
1615880 806
1615890 806
1615900 806
1615910 807
1615920 809
1615930 809
1615940 810
1615950 812
1615960 812
1615970 813
1615980 814
1615990 815
1616000 815
1616010 815
1616020 816
1616030 816
1616040 818
1616050 819
1616060 819
1616070 820
1616080 822
1616090 822
1616100 824
1616110 825
1616120 825
1616130 826
1616140 828
1616150 831
1616160 831
1616170 834
1616180 834
1616190 834
1616200 834
1616210 835
1616220 835
1616230 836
1616240 838
1616250 838
1616260 838
1616270 838
1616280 838
1616290 837
1616300 835
1616310 835
1616320 833
1616330 831
1616340 828
1616350 828
1616360 825
1616370 823
1616380 823
1616390 820
1616400 818
1616410 818
1616420 816
1616430 814
1616440 814
1616450 813
1616460 810
1616470 810
1616480 808
1616490 806
1616500 804
1616510 804
1616520 802
1616530 801
1616540 801
1616550 799
1616560 797
1616570 797
1616580 796
1616590 795
1616600 795
1616610 794
1616620 794
1616630 794
1616640 795
1616650 796
1616660 796
1616670 797
1616680 797
1616690 801
1616700 801
1616710 801
1616720 802
1616730 802
1616740 802
1616750 802
1616760 802
1616770 802
1616780 802
1616790 802
1616800 803
1616810 803
1616820 803
1616830 803
1616840 803
1616850 803
1616860 804
1616870 805
1616880 808
1616890 808
1616900 813
1616910 817
1616920 817
1616930 818
1616940 818
1616950 818
1616960 819
1616970 819
1616980 819
1616990 818
1617000 818
1617010 818
1617020 817
1617030 816
1617040 816
1617050 816
1617060 815
1617070 815
1617080 815
1617090 815
1617100 815
1617110 815
1617120 816
1617130 817
1617140 817
1617150 817
1617160 818
1617170 818
1617180 819
1617190 820
1617200 820
1617210 820
1617220 821
1617230 822
1617240 822
1617250 824
1617260 825
1617270 825
1617280 825
1617290 826
1617300 826
1617310 827
1617320 828
1617330 828
1617340 830
1617350 831
1617360 831
1617370 832
1617380 833
1617390 834
1617400 834
1617410 835
1617420 835
1617430 835
1617440 835
1617450 835
1617460 835
1617470 835
1617480 835
1617490 835
1617500 836
1617510 836
1617520 836
1617530 837
1617540 837
1617550 837
1617560 837
1617570 837
1617580 837
1617590 837
1617600 837
1617610 836
1617620 836
1617630 836
1617640 836
1617650 838
1617660 837
1617670 837
1617680 837
1617690 837
1617700 838
1617710 838
1617720 838
1617730 839
1617740 841
1617750 841
1617760 843
1617770 846
1617780 846
1617790 849
1617800 852
1617810 852
1617820 856
1617830 858
1617840 858
1617850 860
1617860 863
1617870 863
1617880 864
1617890 866
1617900 866
1617910 868
1617920 870
1617930 873
1617940 873
1617950 875
1617960 876
1617970 876
1617980 878
1617990 879
1618000 879
1618010 879
1618020 879
1618030 879
1618040 878
1618050 876
1618060 876
1618070 874
1618080 874
1618090 874
1618100 875
1618110 875
1618120 875
1618130 875
1618140 876
1618150 877
1618160 877
1618170 878
1618180 879
1618190 879
1618200 880
1618210 882
1618220 882
1618230 884
1618240 886
1618250 886
1618260 888
1618270 890
1618280 892
1618290 892
1618300 894
1618310 896
1618320 896
1618330 897
1618340 899
1618350 899
1618360 901
1618370 902
1618380 902
1618390 904
1618400 906
1618410 906
1618420 908
1618430 909
1618440 909
1618450 911
1618460 913
1618470 914
1618480 914
1618490 916
1618500 918
1618510 918
1618520 919
1618530 922
1618540 922
1618550 924
1618560 927
1618570 927
1618580 930
1618590 931
1618600 931
1618610 933
1618620 934
1618630 936
1618640 936
1618650 939
1618660 941
1618670 941
1618680 944
1618690 946
1618700 946
1618710 948
1618720 949
1618730 949
1618740 952
1618750 954
1618760 954
1618770 956
1618780 957
1618790 957
1618800 960
1618810 962
1618820 965
1618830 965
1618840 967
1618850 968
1618860 968
1618870 970
1618880 971
1618890 971
1618900 973
1618910 974
1618920 974
1618930 975
1618940 976
1618950 976
1618960 977
1618970 978
1618980 979
1618990 979
1619000 981
1619010 984
1619020 984
1619030 986
1619040 989
1619050 989
1619060 992
1619070 993
1619080 993
1619090 989
1619100 983
1619110 983
1619120 975
1619130 967
1619140 967
1619150 959
1619160 951
1619170 942
1619180 942
1619190 935
1619200 927
1619210 927
1619220 918
1619230 908
1619240 908
1619250 899
1619260 890
1619270 890
1619280 883
1619290 879
1619300 879
1619310 872
1619320 863
1619330 863
1619340 855
1619350 848
1619360 840
1619370 840
1619380 832
1619390 823
1619400 823
1619410 812
1619420 805
1619430 805
1619440 800
1619450 794
1619460 794
1619470 789
1619480 788
1619490 788
1619500 784
1619510 771
1619520 763
1619530 758
1619540 752
1619550 746
1619560 746
1619570 740
1619580 733
1619590 733
1619600 729
1619610 729
1619620 729
1619630 729
1619640 727
1619650 727
1619660 726
1619670 720
1619680 720
1619690 711
1619700 704
1619710 700
1619720 700
1619730 700
1619740 702
1619750 702
1619760 702
1619770 692
1619780 692
1619790 686
1619800 680
1619810 680
1619820 676
1619830 671
1619840 671
1619850 667
1619860 664
1619870 660
1619880 660
1619890 655
1619900 650
1619910 650
1619920 644
1619930 637
1619940 637
1619950 631
1619960 624
1619970 624
1619980 618
1619990 611
