1600000 602
1600010 602
1600020 602
1600030 602
1600040 602
1600050 601
1600060 601
1600070 601
1600080 601
1600090 601
1600100 601
1600110 601
1600120 602
1600130 602
1600140 602
1600150 603
1600160 604
1600170 604
1600180 604
1600190 604
1600200 604
1600210 605
1600220 605
1600230 605
1600240 605
1600250 606
1600260 606
1600270 606
1600280 607
1600290 607
1600300 608
1600310 610
1600320 611
1600330 611
1600340 612
1600350 615
1600360 615
1600370 619
1600380 623
1600390 623
1600400 628
1600410 633
1600420 633
1600430 636
1600440 639
1600450 639
1600460 642
1600470 646
1600480 646
1600490 651
1600500 655
1600510 659
1600520 659
1600530 664
1600540 668
1600550 668
1600560 674
1600570 682
1600580 682
1600590 688
1600600 693
1600610 693
1600620 698
1600630 704
1600640 704
1600650 710
1600660 716
1600670 723
1600680 723
1600690 731
1600700 740
1600710 740
1600720 745
1600730 749
1600740 749
1600750 754
1600760 761
1600770 761
1600780 766
1600790 769
1600800 769
1600810 769
1600820 766
1600830 766
1600840 763
1600850 761
1600860 758
1600870 758
1600880 757
1600890 755
1600900 755
1600910 753
1600920 750
1600930 750
1600940 748
1600950 744
1600960 744
1600970 741
1600980 737
1600990 737
1601000 734
1601010 731
1601020 727
1601030 727
1601040 724
1601050 722
1601060 722
1601070 720
1601080 718
1601090 718
1601100 715
1601110 712
1601120 712
1601130 709
1601140 708
1601150 708
1601160 705
1601170 703
1601180 703
1601190 701
1601200 700
1601210 699
1601220 699
1601230 697
1601240 694
1601250 694
1601260 690
1601270 687
1601280 687
1601290 683
1601300 680
1601310 680
1601320 677
1601330 675
1601340 675
1601350 671
1601360 667
1601370 667
1601380 664
1601390 661
1601400 658
1601410 658
1601420 654
1601430 652
1601440 652
1601450 650
1601460 647
1601470 647
1601480 643
1601490 638
1601500 638
1601510 632
1601520 627
1601530 627
1601540 623
1601550 620
1601560 615
1601570 615
1601580 608
1601590 604
1601600 604
1601610 601
1601620 597
1601630 597
1601640 594
1601650 590
1601660 590
1601670 586
1601680 582
1601690 581
1601700 577
1601710 574
1601720 574
1601730 570
1601740 565
1601750 561
1601760 561
1601770 557
1601780 555
1601790 555
1601800 553
1601810 552
1601820 552
1601830 551
1601840 550
1601850 550
1601860 549
1601870 548
1601880 548
1601890 548
1601900 548
1601910 547
1601920 547
1601930 546
1601940 542
1601950 542
1601960 538
1601970 534
1601980 534
1601990 529
1602000 525
1602010 525
1602020 523
1602030 521
1602040 521
1602050 519
1602060 519
1602070 519
1602080 519
1602090 519
1602100 519
1602110 519
1602120 520
1602130 520
1602140 520
1602150 520
1602160 520
1602170 520
1602180 520
1602190 521
1602200 521
1602210 521
1602220 522
1602230 522
1602240 523
1602250 524
1602260 524
1602270 524
1602280 525
1602290 526
1602300 526
1602310 528
1602320 531
1602330 531
1602340 535
1602350 537
1602360 537
1602370 540
1602380 544
1602390 544
1602400 545
1602410 545
1602420 545
1602430 545
1602440 545
1602450 546
1602460 546
1602470 545
1602480 545
1602490 545
1602500 545
1602510 545
1602520 545
1602530 546
1602540 546
1602550 546
1602560 546
1602570 546
1602580 546
1602590 546
1602600 546
1602610 546
1602620 546
1602630 547
1602640 547
1602650 547
1602660 547
1602670 547
1602680 547
1602690 547
1602700 547
1602710 547
1602720 548
1602730 548
1602740 548
1602750 548
1602760 548
1602770 548
1602780 549
1602790 549
1602800 548
1602810 548
1602820 548
1602830 548
1602840 548
1602850 548
1602860 547
1602870 547
1602880 547
1602890 546
1602900 546
1602910 545
1602920 545
1602930 545
1602940 545
1602950 545
1602960 545
1602970 545
1602980 544
1602990 544
1603000 544
1603010 544
1603020 545
1603030 545
1603040 545
1603050 545
1603060 545
1603070 546
1603080 546
1603090 546
1603100 547
1603110 547
1603120 547
1603130 548
1603140 549
1603150 550
1603160 550
1603170 550
1603180 550
1603190 550
1603200 550
1603210 549
1603220 549
1603230 548
1603240 547
1603250 547
1603260 547
1603270 546
1603280 546
1603290 546
1603300 546
1603310 546
1603320 545
1603330 545
1603340 545
1603350 545
1603360 545
1603370 545
1603380 545
1603390 545
1603400 545
1603410 545
1603420 545
1603430 545
1603440 545
1603450 545
1603460 545
1603470 545
1603480 546
1603490 548
1603500 552
1603510 552
1603520 555
1603530 559
1603540 559
1603550 562
1603560 563
1603570 563
1603580 564
1603590 564
1603600 564
1603610 563
1603620 563
1603630 563
1603640 562
1603650 562
1603660 562
1603670 561
1603680 561
1603690 560
1603700 560
1603710 559
1603720 559
1603730 559
1603740 560
1603750 561
1603760 561
1603770 562
1603780 563
1603790 563
1603800 563
1603810 563
1603820 563
1603830 561
1603840 560
1603850 560
1603860 558
1603870 558
1603880 556
1603890 556
1603900 555
1603910 555
1603920 555
1603930 556
1603940 558
1603950 558
1603960 558
1603970 558
1603980 558
1603990 558
1604000 557
1604010 557
1604020 557
1604030 558
1604040 558
1604050 558
1604060 558
1604070 559
1604080 559
1604090 562
1604100 562
1604110 562
1604120 563
1604130 563
1604140 563
1604150 563
1604160 563
1604170 563
1604180 563
1604190 563
1604200 563
1604210 563
1604220 563
1604230 564
1604240 564
1604250 564
1604260 564
1604270 564
1604280 565
1604290 565
1604300 565
1604310 566
1604320 569
1604330 569
1604340 573
1604350 575
1604360 575
1604370 576
1604380 576
1604390 576
1604400 576
1604410 576
1604420 576
1604430 576
1604440 577
1604450 577
1604460 577
1604470 578
1604480 578
1604490 578
1604500 579
1604510 579
1604520 579
1604530 580
1604540 583
1604550 583
1604560 585
1604570 588
1604580 591
1604590 591
1604600 594
1604610 596
1604620 596
1604630 597
1604640 597
1604650 597
1604660 597
1604670 598
1604680 598
1604690 600
1604700 601
1604710 601
1604720 602
1604730 602
1604740 602
1604750 601
1604760 601
1604770 602
1604780 602
1604790 605
1604800 607
1604810 607
1604820 608
1604830 607
1604840 607
1604850 605
1604860 603
1604870 603
1604880 600
1604890 598
1604900 598
1604910 597
1604920 596
1604930 595
1604940 595
1604950 594
1604960 594
1604970 594
1604980 593
1604990 593
1605000 593
1605010 593
1605020 593
1605030 593
1605040 593
1605050 593
1605060 593
1605070 593
1605080 593
1605090 593
1605100 593
1605110 593
1605120 593
1605130 593
1605140 592
1605150 592
1605160 592
1605170 591
1605180 590
1605190 590
1605200 589
1605210 587
1605220 587
1605230 585
1605240 584
1605250 584
1605260 582
1605270 582
1605280 582
1605290 582
1605300 581
1605310 581
1605320 581
1605330 580
1605340 580
1605350 580
1605360 580
1605370 579
1605380 579
1605390 579
1605400 579
1605410 579
1605420 578
1605430 578
1605440 578
1605450 578
1605460 577
1605470 577
1605480 577
1605490 577
1605500 577
1605510 577
1605520 577
1605530 577
1605540 577
1605550 577
1605560 577
1605570 577
1605580 577
1605590 577
1605600 577
1605610 576
1605620 576
1605630 576
1605640 576
1605650 576
1605660 576
1605670 576
1605680 576
1605690 576
1605700 576
1605710 576
1605720 576
1605730 576
1605740 577
1605750 577
1605760 577
1605770 577
1605780 577
1605790 577
1605800 577
1605810 577
1605820 577
1605830 577
1605840 577
1605850 577
1605860 577
1605870 577
1605880 577
1605890 577
1605900 577
1605910 578
1605920 578
1605930 578
1605940 581
1605950 581
1605960 584
1605970 586
1605980 586
1605990 588
1606000 591
1606010 594
1606020 594
1606030 599
1606040 603
1606050 603
1606060 606
1606070 609
1606080 609
1606090 610
1606100 611
1606110 611
1606120 612
1606130 612
1606140 612
1606150 613
1606160 612
1606170 613
1606180 613
1606190 613
1606200 613
1606210 613
1606220 615
1606230 616
1606240 616
1606250 615
1606260 614
1606270 614
1606280 614
1606290 614
1606300 614
1606310 614
1606320 614
1606330 614
1606340 615
1606350 615
1606360 615
1606370 615
1606380 615
1606390 614
1606400 614
1606410 613
1606420 616
1606430 616
1606440 621
1606450 624
1606460 624
1606470 624
1606480 622
1606490 622
1606500 621
1606510 620
1606520 620
1606530 620
1606540 618
1606550 614
1606560 614
1606570 609
1606580 604
1606590 604
1606600 600
1606610 599
1606620 599
1606630 598
1606640 597
1606650 597
1606660 597
1606670 597
1606680 597
1606690 597
1606700 597
1606710 597
1606720 597
1606730 597
1606740 597
1606750 597
1606760 597
1606770 597
1606780 597
1606790 596
1606800 596
1606810 596
1606820 595
1606830 595
1606840 595
1606850 594
1606860 594
1606870 594
1606880 594
1606890 594
1606900 594
1606910 594
1606920 594
1606930 594
1606940 594
1606950 594
1606960 594
1606970 594
1606980 594
1606990 594
1607000 594
1607010 594
1607020 594
1607030 594
1607040 595
1607050 595
1607060 595
1607070 595
1607080 595
1607090 595
1607100 595
1607110 595
1607120 596
1607130 596
1607140 596
1607150 596
1607160 596
1607170 596
1607180 597
1607190 597
1607200 597
1607210 598
1607220 598
1607230 599
1607240 599
1607250 600
1607260 600
1607270 600
1607280 601
1607290 601
1607300 601
1607310 602
1607320 602
1607330 602
1607340 603
1607350 603
1607360 604
1607370 604
1607380 604
1607390 605
1607400 605
1607410 607
1607420 607
1607430 608
1607440 609
1607450 609
1607460 610
1607470 611
1607480 611
1607490 611
1607500 612
1607510 612
1607520 612
1607530 611
1607540 611
1607550 610
1607560 610
1607570 610
1607580 610
1607590 609
1607600 609
1607610 609
1607620 609
1607630 608
1607640 608
1607650 608
1607660 607
1607670 607
1607680 606
1607690 605
1607700 605
1607710 605
1607720 604
1607730 604
1607740 604
1607750 604
1607760 604
1607770 605
1607780 606
1607790 608
1607800 608
1607810 609
1607820 612
1607830 612
1607840 614
1607850 616
1607860 616
1607870 618
1607880 619
1607890 619
1607900 621
1607910 622
1607920 622
1607930 623
1607940 624
1607950 624
1607960 624
1607970 624
1607980 624
1607990 622
1608000 622
1608010 621
1608020 621
1608030 619
1608040 616
1608050 616
1608060 614
1608070 613
1608080 613
1608090 614
1608100 616
1608110 616
1608120 617
1608130 617
1608140 617
1608150 617
1608160 617
1608170 616
1608180 616
1608190 616
1608200 615
1608210 615
1608220 614
1608230 613
1608240 613
1608250 612
1608260 611
1608270 611
1608280 611
1608290 610
1608300 610
1608310 610
1608320 609
1608330 609
1608340 609
1608350 609
1608360 609
1608370 609
1608380 608
1608390 608
1608400 608
1608410 607
1608420 607
1608430 607
1608440 605
1608450 602
1608460 602
1608470 603
1608480 605
1608490 606
1608500 606
1608510 606
1608520 606
1608530 606
1608540 603
1608550 598
1608560 598
1608570 594
1608580 589
1608590 589
1608600 584
1608610 581
1608620 581
1608630 581
1608640 580
1608650 583
1608660 583
1608670 585
1608680 587
1608690 587
1608700 584
1608710 580
1608720 580
1608730 579
1608740 581
1608750 581
1608760 584
1608770 586
1608780 586
1608790 584
1608800 581
1608810 581
1608820 579
1608830 578
1608840 574
1608850 574
1608860 569
1608870 565
1608880 565
1608890 562
1608900 560
1608910 560
1608920 560
1608930 559
1608940 559
1608950 558
1608960 558
1608970 558
1608980 558
1608990 558
1609000 558
1609010 556
1609020 555
1609030 554
1609040 554
1609050 553
1609060 553
1609070 553
1609080 553
1609090 553
1609100 553
1609110 552
1609120 552
1609130 552
1609140 552
1609150 552
1609160 552
1609170 552
1609180 552
1609190 552
1609200 552
1609210 552
1609220 552
1609230 552
1609240 552
1609250 552
1609260 552
1609270 552
1609280 552
1609290 552
1609300 552
1609310 552
1609320 552
1609330 552
1609340 551
1609350 551
1609360 551
1609370 551
1609380 551
1609390 551
1609400 551
1609410 551
1609420 551
1609430 551
1609440 551
1609450 551
1609460 551
1609470 551
1609480 551
1609490 551
1609500 551
1609510 551
1609520 551
1609530 551
1609540 551
1609550 551
1609560 551
1609570 551
1609580 551
1609590 550
1609600 550
1609610 550
1609620 550
1609630 550
1609640 550
1609650 550
1609660 549
1609670 549
1609680 549
1609690 549
1609700 549
1609710 549
1609720 548
1609730 547
1609740 547
1609750 547
1609760 546
1609770 546
1609780 545
1609790 544
1609800 544
1609810 543
1609820 543
1609830 543
1609840 543
1609850 542
1609860 542
1609870 542
1609880 542
1609890 542
1609900 541
1609910 540
1609920 540
1609930 540
1609940 540
1609950 539
1609960 539
1609970 538
1609980 537
1609990 537
1610000 538
1610010 539
1610020 539
1610030 539
1610040 540
1610050 540
1610060 540
1610070 540
1610080 540
1610090 540
1610100 540
1610110 540
1610120 540
1610130 540
1610140 540
1610150 540
1610160 540
1610170 540
1610180 540
1610190 540
1610200 540
1610210 540
1610220 540
1610230 540
1610240 540
1610250 540
1610260 540
1610270 540
1610280 540
1610290 541
1610300 541
1610310 541
1610320 541
1610330 541
1610340 541
1610350 541
1610360 541
1610370 541
1610380 541
1610390 541
1610400 541
1610410 541
1610420 541
1610430 541
1610440 541
1610450 541
1610460 541
1610470 541
1610480 541
1610490 541
1610500 541
1610510 541
1610520 541
1610530 541
1610540 541
1610550 541
1610560 541
1610570 541
1610580 542
1610590 542
1610600 542
1610610 543
1610620 543
1610630 543
1610640 544
1610650 547
1610660 547
1610670 547
1610680 546
1610690 546
1610700 547
1610710 546
1610720 546
1610730 547
1610740 547
1610750 547
1610760 548
1610770 549
1610780 549
1610790 549
1610800 549
1610810 549
1610820 549
1610830 550
1610840 550
1610850 550
1610860 550
1610870 551
1610880 551
1610890 551
1610900 552
1610910 552
1610920 553
1610930 555
1610940 555
1610950 557
1610960 558
1610970 559
1610980 559
1610990 559
1611000 559
1611010 559
1611020 559
1611030 559
1611040 559
1611050 559
1611060 560
1611070 560
1611080 560
1611090 561
1611100 561
1611110 561
1611120 562
1611130 562
1611140 563
1611150 564
1611160 566
1611170 566
1611180 568
1611190 570
1611200 570
1611210 571
1611220 573
1611230 573
1611240 574
1611250 575
1611260 575
1611270 576
1611280 577
1611290 577
1611300 578
1611310 579
1611320 579
1611330 579
1611340 580
1611350 579
1611360 579
1611370 579
1611380 578
1611390 578
1611400 577
1611410 577
1611420 577
1611430 576
1611440 576
1611450 576
1611460 576
1611470 576
1611480 576
1611490 575
1611500 574
1611510 574
1611520 574
1611530 575
1611540 576
1611550 576
1611560 578
1611570 579
1611580 579
1611590 579
1611600 580
1611610 580
1611620 581
1611630 582
1611640 582
1611650 584
1611660 585
1611670 587
1611680 587
1611690 589
1611700 590
1611710 590
1611720 590
1611730 591
1611740 591
1611750 591
1611760 592
1611770 592
1611780 592
1611790 593
1611800 593
1611810 594
1611820 594
1611830 594
1611840 595
1611850 595
1611860 596
1611870 596
1611880 597
1611890 597
1611900 597
1611910 598
1611920 599
1611930 599
1611940 600
1611950 600
1611960 600
1611970 601
1611980 602
1611990 602
1612000 602
1612010 602
1612020 602
1612030 603
1612040 604
1612050 605
1612060 605
1612070 605
1612080 606
1612090 606
1612100 606
1612110 607
1612120 607
1612130 608
1612140 609
1612150 609
1612160 610
1612170 611
1612180 611
1612190 612
1612200 613
1612210 615
1612220 615
1612230 616
1612240 617
1612250 617
1612260 618
1612270 619
1612280 619
1612290 620
1612300 622
1612310 622
1612320 624
1612330 626
1612340 626
1612350 629
1612360 632
1612370 632
1612380 635
1612390 639
1612400 642
1612410 642
1612420 645
1612430 647
1612440 647
1612450 650
1612460 652
1612470 652
1612480 654
1612490 656
1612500 656
1612510 658
1612520 660
1612530 660
1612540 662
1612550 663
1612560 663
1612570 663
1612580 663
1612590 662
1612600 662
1612610 661
1612620 658
1612630 658
1612640 655
1612650 652
1612660 652
1612670 650
1612680 648
1612690 648
1612700 646
1612710 644
1612720 644
1612730 642
1612740 639
1612750 637
1612760 637
1612770 634
1612780 631
1612790 631
1612800 628
1612810 627
1612820 627
1612830 623
1612840 619
1612850 619
1612860 617
1612870 615
1612880 615
1612890 614
1612900 613
1612910 612
1612920 612
1612930 610
1612940 608
1612950 608
1612960 607
1612970 606
1612980 606
1612990 605
1613000 605
1613010 605
1613020 605
1613030 605
1613040 605
1613050 604
1613060 603
1613070 603
1613080 602
1613090 602
1613100 601
1613110 601
1613120 601
1613130 600
1613140 600
1613150 599
1613160 599
1613170 599
1613180 598
1613190 598
1613200 598
1613210 597
1613220 597
1613230 597
1613240 597
1613250 596
1613260 596
1613270 595
1613280 594
1613290 593
1613300 593
1613310 592
1613320 591
1613330 591
1613340 588
1613350 586
1613360 586
1613370 585
1613380 584
1613390 584
1613400 583
1613410 581
1613420 581
1613430 580
1613440 579
1613450 578
1613460 578
1613470 578
1613480 578
1613490 578
1613500 578
1613510 578
1613520 578
1613530 578
1613540 579
1613550 579
1613560 579
1613570 579
1613580 579
1613590 580
1613600 582
1613610 582
1613620 583
1613630 584
1613640 585
1613650 585
1613660 586
1613670 587
1613680 587
1613690 588
1613700 589
1613710 589
1613720 590
1613730 591
1613740 591
1613750 592
1613760 592
1613770 592
1613780 593
1613790 593
1613800 594
1613810 594
1613820 594
1613830 595
1613840 595
1613850 596
1613860 598
1613870 598
1613880 599
1613890 600
1613900 600
1613910 602
1613920 603
1613930 603
1613940 605
1613950 607
1613960 607
1613970 609
1613980 611
1613990 613
1614000 613
1614010 614
1614020 616
1614030 616
1614040 616
1614050 616
1614060 616
1614070 617
1614080 618
1614090 618
1614100 619
1614110 620
1614120 620
1614130 621
1614140 621
1614150 621
1614160 621
1614170 622
1614180 622
1614190 622
1614200 623
1614210 625
1614220 625
1614230 626
1614240 626
1614250 626
1614260 627
1614270 627
1614280 627
1614290 627
1614300 627
1614310 627
1614320 629
1614330 631
1614340 634
1614350 634
1614360 638
1614370 641
1614380 641
1614390 644
1614400 647
1614410 647
1614420 650
1614430 654
1614440 654
1614450 657
1614460 661
1614470 661
1614480 665
1614490 669
1614500 669
1614510 673
1614520 675
1614530 677
1614540 677
1614550 679
1614560 680
1614570 680
1614580 681
1614590 681
1614600 681
1614610 681
1614620 681
1614630 681
1614640 681
1614650 680
1614660 680
1614670 679
1614680 678
1614690 677
1614700 677
1614710 676
1614720 675
1614730 675
1614740 673
1614750 673
1614760 673
1614770 673
1614780 672
1614790 672
1614800 672
1614810 672
1614820 672
1614830 673
1614840 673
1614850 673
1614860 673
1614870 674
1614880 675
1614890 675
1614900 677
1614910 678
1614920 678
1614930 680
1614940 681
1614950 680
1614960 681
1614970 682
1614980 682
1614990 685
1615000 687
1615010 687
1615020 689
1615030 691
1615040 691
1615050 693
1615060 695
1615070 697
1615080 697
1615090 700
1615100 703
1615110 703
1615120 706
1615130 709
1615140 709
1615150 712
1615160 716
1615170 716
1615180 719
1615190 722
1615200 722
1615210 724
1615220 726
1615230 729
1615240 729
1615250 731
1615260 734
1615270 734
1615280 737
1615290 739
1615300 739
1615310 742
1615320 745
1615330 745
1615340 747
1615350 750
1615360 750
1615370 753
1615380 755
1615390 755
1615400 758
1615410 761
1615420 765
1615430 765
1615440 767
1615450 770
1615460 770
1615470 773
1615480 776
1615490 776
1615500 778
1615510 780
1615520 780
1615530 782
1615540 783
1615550 783
1615560 784
1615570 786
1615580 787
1615590 787
1615600 788
1615610 789
1615620 789
1615630 790
1615640 791
1615650 791
1615660 792
1615670 793
1615680 793
1615690 794
1615700 795
1615710 795
1615720 797
1615730 798
1615740 798
1615750 799
1615760 799
1615770 800
1615780 800
1615790 801
1615800 801
1615810 801
1615820 802
1615830 802
1615840 802
1615850 803
1615860 803
1615870 803
1615880 804
1615890 804
1615900 804
1615910 802
1615920 802
1615930 802
1615940 802
1615950 801
1615960 800
1615970 800
1615980 800
1615990 799
1616000 799
1616010 798
1616020 797
1616030 797
1616040 796
1616050 795
1616060 795
1616070 795
1616080 794
1616090 794
1616100 793
1616110 792
1616120 791
1616130 791
1616140 790
1616150 790
1616160 790
1616170 789
1616180 789
1616190 789
1616200 788
1616210 787
1616220 787
1616230 787
1616240 787
1616250 787
1616260 787
1616270 787
1616280 787
1616290 787
1616300 787
1616310 786
1616320 786
1616330 786
1616340 786
1616350 786
1616360 786
1616370 787
1616380 787
1616390 789
1616400 790
1616410 790
1616420 792
1616430 794
1616440 794
1616450 796
1616460 798
1616470 800
1616480 800
1616490 802
1616500 804
1616510 804
1616520 806
1616530 808
1616540 808
1616550 810
1616560 811
1616570 811
1616580 812
1616590 813
1616600 813
1616610 813
1616620 814
1616630 814
1616640 815
1616650 816
1616660 817
1616670 817
1616680 818
1616690 819
1616700 819
1616710 821
1616720 822
1616730 822
1616740 824
1616750 825
1616760 825
1616770 827
1616780 828
1616790 828
1616800 830
1616810 831
1616820 832
1616830 832
1616840 834
1616850 836
1616860 836
1616870 835
1616880 837
1616890 837
1616900 838
1616910 839
1616920 839
1616930 840
1616940 841
1616950 841
1616960 842
1616970 844
1616980 844
1616990 845
1617000 846
1617010 846
1617020 846
1617030 847
1617040 847
1617050 847
1617060 848
1617070 848
1617080 848
1617090 850
1617100 852
1617110 852
1617120 853
1617130 854
1617140 854
1617150 854
1617160 853
1617170 853
1617180 852
1617190 852
1617200 853
1617210 853
1617220 854
1617230 855
1617240 855
1617250 856
1617260 856
1617270 856
1617280 857
1617290 859
1617300 859
1617310 861
1617320 863
1617330 863
1617340 865
1617350 867
1617360 869
1617370 869
1617380 871
1617390 874
1617400 874
1617410 876
1617420 879
1617430 879
1617440 882
1617450 884
1617460 884
1617470 887
1617480 890
1617490 890
1617500 892
1617510 895
1617520 895
1617530 897
1617540 900
1617550 903
1617560 903
1617570 904
1617580 906
1617590 906
1617600 907
1617610 909
1617620 909
1617630 910
1617640 911
1617650 911
1617660 912
1617670 914
1617680 914
1617690 914
1617700 915
1617710 916
1617720 916
1617730 916
1617740 916
1617750 916
1617760 916
1617770 915
1617780 915
1617790 914
1617800 912
1617810 912
1617820 910
1617830 906
1617840 906
1617850 904
1617860 903
1617870 903
1617880 903
1617890 902
1617900 902
1617910 902
1617920 901
1617930 901
1617940 901
1617950 900
1617960 899
1617970 899
1617980 899
1617990 900
1618000 900
1618010 900
1618020 901
1618030 901
1618040 902
1618050 901
1618060 901
1618070 901
1618080 901
1618090 901
1618100 901
1618110 900
1618120 900
1618130 900
1618140 900
1618150 899
1618160 899
1618170 899
1618180 899
1618190 899
1618200 899
1618210 900
1618220 900
1618230 900
1618240 900
1618250 899
1618260 899
1618270 899
1618280 899
1618290 899
1618300 899
1618310 899
1618320 899
1618330 899
1618340 900
1618350 900
1618360 900
1618370 899
1618380 899
1618390 898
1618400 896
1618410 896
1618420 895
1618430 893
1618440 891
1618450 891
1618460 889
1618470 887
1618480 887
1618490 885
1618500 883
1618510 883
1618520 881
1618530 878
1618540 878
1618550 876
1618560 874
1618570 874
1618580 871
1618590 868
1618600 863
1618610 863
1618620 858
1618630 853
1618640 853
1618650 849
1618660 847
1618670 847
1618680 847
1618690 845
1618700 845
1618710 845
1618720 846
1618730 846
1618740 847
1618750 848
1618760 848
1618770 845
1618780 844
1618790 844
1618800 844
1618810 845
1618820 845
1618830 845
1618840 846
1618850 848
1618860 848
1618870 849
1618880 850
1618890 850
1618900 851
1618910 851
1618920 851
1618930 852
1618940 854
1618950 857
1618960 857
1618970 859
1618980 861
1618990 861
1619000 864
1619010 868
1619020 868
1619030 873
1619040 877
1619050 877
1619060 879
1619070 881
1619080 881
1619090 883
1619100 887
1619110 887
1619120 890
1619130 893
1619140 895
1619150 895
1619160 898
1619170 901
1619180 901
1619190 904
1619200 907
1619210 907
1619220 910
1619230 912
1619240 912
1619250 914
1619260 914
1619270 914
1619280 915
1619290 914
1619300 914
1619310 915
1619320 916
1619330 918
1619340 918
1619350 919
1619360 916
1619370 916
1619380 909
1619390 902
1619400 902
1619410 893
1619420 886
1619430 886
1619440 879
1619450 874
1619460 874
1619470 868
1619480 861
1619490 854
1619500 854
1619510 848
1619520 841
1619530 841
1619540 834
1619550 828
1619560 828
1619570 822
1619580 815
1619590 815
1619600 809
1619610 803
1619620 803
1619630 797
1619640 789
1619650 789
1619660 783
1619670 779
1619680 776
1619690 776
1619700 773
1619710 764
1619720 764
1619730 761
1619740 757
1619750 757
1619760 754
1619770 751
1619780 751
1619790 748
1619800 746
1619810 746
1619820 743
1619830 738
1619840 735
1619850 735
1619860 729
1619870 723
1619880 723
1619890 718
1619900 708
1619910 708
1619920 693
1619930 678
1619940 678
1619950 665
1619960 657
1619970 657
1619980 643
1619990 634
