1600000 610
1600010 610
1600020 610
1600030 610
1600040 610
1600050 609
1600060 609
1600070 609
1600080 608
1600090 607
1600100 607
1600110 605
1600120 604
1600130 604
1600140 603
1600150 602
1600160 601
1600170 601
1600180 600
1600190 600
1600200 600
1600210 601
1600220 602
1600230 602
1600240 605
1600250 608
1600260 608
1600270 612
1600280 616
1600290 616
1600300 620
1600310 624
1600320 630
1600330 630
1600340 635
1600350 640
1600360 640
1600370 646
1600380 652
1600390 652
1600400 659
1600410 667
1600420 667
1600430 674
1600440 681
1600450 681
1600460 687
1600470 693
1600480 693
1600490 698
1600500 702
1600510 707
1600520 707
1600530 712
1600540 716
1600550 716
1600560 720
1600570 725
1600580 725
1600590 729
1600600 733
1600610 733
1600620 736
1600630 738
1600640 738
1600650 741
1600660 743
1600670 743
1600680 744
1600690 744
1600700 743
1600710 743
1600720 742
1600730 742
1600740 742
1600750 741
1600760 740
1600770 740
1600780 740
1600790 740
1600800 740
1600810 741
1600820 741
1600830 741
1600840 742
1600850 742
1600860 743
1600870 743
1600880 744
1600890 744
1600900 744
1600910 743
1600920 742
1600930 742
1600940 742
1600950 741
1600960 741
1600970 738
1600980 733
1600990 733
1601000 728
1601010 723
1601020 723
1601030 717
1601040 712
1601050 709
1601060 709
1601070 705
1601080 702
1601090 702
1601100 699
1601110 695
1601120 695
1601130 690
1601140 686
1601150 686
1601160 683
1601170 679
1601180 679
1601190 676
1601200 672
1601210 672
1601220 668
1601230 664
1601240 661
1601250 661
1601260 659
1601270 657
1601280 657
1601290 655
1601300 653
1601310 653
1601320 648
1601330 642
1601340 642
1601350 637
1601360 631
1601370 631
1601380 625
1601390 620
1601400 617
1601410 617
1601420 614
1601430 609
1601440 609
1601450 603
1601460 596
1601470 596
1601480 591
1601490 587
1601500 587
1601510 583
1601520 580
1601530 580
1601540 576
1601550 571
1601560 571
1601570 567
1601580 562
1601590 558
1601600 558
1601610 554
1601620 552
1601630 552
1601640 547
1601650 544
1601660 544
1601670 541
1601680 538
1601690 538
1601700 536
1601710 533
1601720 533
1601730 530
1601740 528
1601750 526
1601760 526
1601770 525
1601780 525
1601790 525
1601800 528
1601810 530
1601820 530
1601830 532
1601840 535
1601850 535
1601860 538
1601870 540
1601880 540
1601890 543
1601900 545
1601910 545
1601920 548
1601930 551
1601940 551
1601950 551
1601960 552
1601970 552
1601980 552
1601990 552
1602000 553
1602010 553
1602020 553
1602030 553
1602040 553
1602050 553
1602060 554
1602070 554
1602080 554
1602090 554
1602100 554
1602110 555
1602120 556
1602130 557
1602140 557
1602150 559
1602160 561
1602170 561
1602180 564
1602190 566
1602200 566
1602210 570
1602220 571
1602230 571
1602240 570
1602250 568
1602260 568
1602270 566
1602280 564
1602290 563
1602300 563
1602310 561
1602320 559
1602330 559
1602340 557
1602350 557
1602360 557
1602370 557
1602380 556
1602390 556
1602400 556
1602410 557
1602420 557
1602430 557
1602440 557
1602450 557
1602460 557
1602470 557
1602480 558
1602490 558
1602500 559
1602510 560
1602520 560
1602530 560
1602540 561
1602550 561
1602560 562
1602570 563
1602580 563
1602590 564
1602600 565
1602610 565
1602620 566
1602630 567
1602640 568
1602650 568
1602660 569
1602670 569
1602680 569
1602690 570
1602700 572
1602710 572
1602720 572
1602730 573
1602740 573
1602750 574
1602760 573
1602770 573
1602780 573
1602790 573
1602800 573
1602810 573
1602820 574
1602830 573
1602840 573
1602850 573
1602860 573
1602870 573
1602880 573
1602890 573
1602900 573
1602910 573
1602920 573
1602930 573
1602940 573
1602950 573
1602960 573
1602970 573
1602980 572
1602990 572
1603000 572
1603010 572
1603020 571
1603030 571
1603040 570
1603050 567
1603060 567
1603070 565
1603080 562
1603090 562
1603100 560
1603110 557
1603120 557
1603130 555
1603140 553
1603150 553
1603160 552
1603170 551
1603180 550
1603190 550
1603200 550
1603210 550
1603220 550
1603230 549
1603240 549
1603250 549
1603260 549
1603270 549
1603280 549
1603290 549
1603300 549
1603310 549
1603320 550
1603330 550
1603340 550
1603350 550
1603360 551
1603370 552
1603380 552
1603390 551
1603400 551
1603410 551
1603420 551
1603430 552
1603440 552
1603450 552
1603460 552
1603470 552
1603480 552
1603490 552
1603500 552
1603510 552
1603520 552
1603530 552
1603540 552
1603550 552
1603560 552
1603570 552
1603580 552
1603590 553
1603600 553
1603610 553
1603620 553
1603630 553
1603640 553
1603650 554
1603660 554
1603670 554
1603680 554
1603690 554
1603700 554
1603710 555
1603720 555
1603730 555
1603740 555
1603750 556
1603760 556
1603770 556
1603780 557
1603790 557
1603800 558
1603810 560
1603820 560
1603830 562
1603840 564
1603850 564
1603860 567
1603870 570
1603880 570
1603890 571
1603900 571
1603910 572
1603920 572
1603930 573
1603940 576
1603950 576
1603960 579
1603970 581
1603980 581
1603990 581
1604000 581
1604010 581
1604020 581
1604030 581
1604040 581
1604050 580
1604060 579
1604070 579
1604080 579
1604090 579
1604100 578
1604110 578
1604120 577
1604130 576
1604140 576
1604150 576
1604160 577
1604170 577
1604180 577
1604190 578
1604200 578
1604210 579
1604220 580
1604230 580
1604240 582
1604250 584
1604260 585
1604270 585
1604280 586
1604290 587
1604300 587
1604310 588
1604320 589
1604330 590
1604340 592
1604350 593
1604360 593
1604370 595
1604380 597
1604390 597
1604400 598
1604410 598
1604420 598
1604430 598
1604440 599
1604450 599
1604460 599
1604470 599
1604480 599
1604490 599
1604500 599
1604510 599
1604520 599
1604530 597
1604540 596
1604550 596
1604560 595
1604570 594
1604580 594
1604590 594
1604600 593
1604610 593
1604620 593
1604630 593
1604640 593
1604650 593
1604660 593
1604670 593
1604680 593
1604690 593
1604700 593
1604710 593
1604720 594
1604730 594
1604740 594
1604750 595
1604760 596
1604770 596
1604780 597
1604790 598
1604800 599
1604810 599
1604820 600
1604830 602
1604840 602
1604850 603
1604860 604
1604870 604
1604880 605
1604890 607
1604900 607
1604910 608
1604920 609
1604930 609
1604940 611
1604950 613
1604960 614
1604970 614
1604980 615
1604990 615
1605000 615
1605010 615
1605020 616
1605030 616
1605040 617
1605050 618
1605060 618
1605070 619
1605080 620
1605090 620
1605100 621
1605110 621
1605120 621
1605130 622
1605140 622
1605150 622
1605160 622
1605170 621
1605180 620
1605190 620
1605200 619
1605210 619
1605220 619
1605230 619
1605240 619
1605250 619
1605260 619
1605270 618
1605280 618
1605290 617
1605300 615
1605310 615
1605320 614
1605330 613
1605340 613
1605350 613
1605360 612
1605370 613
1605380 614
1605390 615
1605400 617
1605410 617
1605420 618
1605430 620
1605440 620
1605450 621
1605460 621
1605470 621
1605480 620
1605490 617
1605500 615
1605510 615
1605520 612
1605530 610
1605540 610
1605550 608
1605560 607
1605570 607
1605580 606
1605590 605
1605600 605
1605610 605
1605620 604
1605630 604
1605640 603
1605650 601
1605660 601
1605670 601
1605680 602
1605690 603
1605700 603
1605710 603
1605720 603
1605730 603
1605740 602
1605750 600
1605760 600
1605770 600
1605780 600
1605790 600
1605800 597
1605810 593
1605820 593
1605830 590
1605840 588
1605850 585
1605860 585
1605870 582
1605880 580
1605890 580
1605900 579
1605910 579
1605920 579
1605930 579
1605940 576
1605950 576
1605960 575
1605970 574
1605980 574
1605990 574
1606000 574
1606010 574
1606020 574
1606030 575
1606040 577
1606050 577
1606060 582
1606070 587
1606080 587
1606090 592
1606100 596
1606110 596
1606120 600
1606130 603
1606140 603
1606150 606
1606160 607
1606170 607
1606180 609
1606190 612
1606200 612
1606210 613
1606220 615
1606230 618
1606240 618
1606250 620
1606260 622
1606270 622
1606280 624
1606290 626
1606300 626
1606310 628
1606320 629
1606330 629
1606340 630
1606350 631
1606360 631
1606370 631
1606380 631
1606390 631
1606400 631
1606410 630
1606420 627
1606430 627
1606440 627
1606450 627
1606460 627
1606470 627
1606480 627
1606490 627
1606500 627
1606510 628
1606520 628
1606530 628
1606540 627
1606550 627
1606560 627
1606570 627
1606580 626
1606590 626
1606600 626
1606610 626
1606620 626
1606630 626
1606640 626
1606650 626
1606660 626
1606670 625
1606680 625
1606690 625
1606700 624
1606710 624
1606720 624
1606730 624
1606740 624
1606750 624
1606760 623
1606770 621
1606780 621
1606790 618
1606800 615
1606810 615
1606820 613
1606830 611
1606840 611
1606850 610
1606860 608
1606870 608
1606880 607
1606890 606
1606900 606
1606910 605
1606920 605
1606930 604
1606940 604
1606950 604
1606960 605
1606970 605
1606980 606
1606990 607
1607000 607
1607010 610
1607020 613
1607030 613
1607040 615
1607050 617
1607060 617
1607070 619
1607080 621
1607090 621
1607100 623
1607110 623
1607120 623
1607130 623
1607140 623
1607150 623
1607160 623
1607170 622
1607180 622
1607190 622
1607200 621
1607210 621
1607220 621
1607230 621
1607240 620
1607250 620
1607260 618
1607270 618
1607280 617
1607290 617
1607300 615
1607310 614
1607320 614
1607330 614
1607340 613
1607350 613
1607360 612
1607370 612
1607380 612
1607390 611
1607400 610
1607410 610
1607420 608
1607430 603
1607440 603
1607450 595
1607460 590
1607470 586
1607480 586
1607490 581
1607500 577
1607510 577
1607520 574
1607530 573
1607540 573
1607550 573
1607560 572
1607570 572
1607580 572
1607590 572
1607600 572
1607610 571
1607620 570
1607630 570
1607640 569
1607650 567
1607660 566
1607670 566
1607680 566
1607690 565
1607700 565
1607710 565
1607720 565
1607730 565
1607740 565
1607750 565
1607760 565
1607770 564
1607780 563
1607790 563
1607800 562
1607810 562
1607820 562
1607830 562
1607840 561
1607850 557
1607860 557
1607870 552
1607880 549
1607890 549
1607900 549
1607910 549
1607920 549
1607930 548
1607940 548
1607950 548
1607960 548
1607970 549
1607980 549
1607990 549
1608000 548
1608010 548
1608020 548
1608030 550
1608040 553
1608050 553
1608060 553
1608070 554
1608080 554
1608090 554
1608100 554
1608110 554
1608120 554
1608130 554
1608140 554
1608150 554
1608160 554
1608170 555
1608180 555
1608190 555
1608200 555
1608210 555
1608220 556
1608230 556
1608240 556
1608250 557
1608260 557
1608270 557
1608280 557
1608290 557
1608300 557
1608310 557
1608320 557
1608330 557
1608340 557
1608350 557
1608360 557
1608370 557
1608380 558
1608390 558
1608400 558
1608410 559
1608420 561
1608430 561
1608440 564
1608450 566
1608460 566
1608470 566
1608480 568
1608490 568
1608500 569
1608510 570
1608520 570
1608530 570
1608540 570
1608550 570
1608560 570
1608570 570
1608580 571
1608590 571
1608600 571
1608610 571
1608620 571
1608630 570
1608640 570
1608650 570
1608660 570
1608670 570
1608680 570
1608690 570
1608700 569
1608710 569
1608720 569
1608730 569
1608740 569
1608750 569
1608760 569
1608770 569
1608780 569
1608790 569
1608800 569
1608810 569
1608820 569
1608830 569
1608840 569
1608850 570
1608860 571
1608870 571
1608880 571
1608890 571
1608900 571
1608910 571
1608920 571
1608930 571
1608940 571
1608950 571
1608960 571
1608970 571
1608980 571
1608990 571
1609000 571
1609010 571
1609020 571
1609030 571
1609040 570
1609050 570
1609060 570
1609070 570
1609080 570
1609090 570
1609100 570
1609110 570
1609120 570
1609130 570
1609140 570
1609150 570
1609160 570
1609170 570
1609180 570
1609190 570
1609200 570
1609210 570
1609220 570
1609230 570
1609240 570
1609250 570
1609260 570
1609270 570
1609280 570
1609290 570
1609300 570
1609310 570
1609320 570
1609330 569
1609340 569
1609350 569
1609360 569
1609370 569
1609380 569
1609390 569
1609400 569
1609410 569
1609420 569
1609430 569
1609440 569
1609450 569
1609460 569
1609470 569
1609480 569
1609490 569
1609500 569
1609510 569
1609520 569
1609530 569
1609540 569
1609550 569
1609560 569
1609570 569
1609580 569
1609590 569
1609600 568
1609610 568
1609620 568
1609630 568
1609640 568
1609650 568
1609660 568
1609670 568
1609680 568
1609690 568
1609700 568
1609710 568
1609720 568
1609730 568
1609740 568
1609750 568
1609760 568
1609770 568
1609780 568
1609790 568
1609800 568
1609810 568
1609820 568
1609830 568
1609840 568
1609850 568
1609860 568
1609870 568
1609880 568
1609890 568
1609900 568
1609910 568
1609920 568
1609930 568
1609940 568
1609950 569
1609960 569
1609970 569
1609980 569
1609990 569
1610000 569
1610010 570
1610020 570
1610030 572
1610040 573
1610050 573
1610060 573
1610070 573
1610080 573
1610090 573
1610100 573
1610110 573
1610120 572
1610130 570
1610140 568
1610150 568
1610160 567
1610170 566
1610180 566
1610190 566
1610200 566
1610210 566
1610220 567
1610230 563
1610240 563
1610250 562
1610260 562
1610270 562
1610280 562
1610290 563
1610300 563
1610310 564
1610320 570
1610330 574
1610340 574
1610350 574
1610360 574
1610370 574
1610380 574
1610390 574
1610400 574
1610410 574
1610420 574
1610430 574
1610440 574
1610450 574
1610460 574
1610470 574
1610480 574
1610490 574
1610500 574
1610510 574
1610520 574
1610530 574
1610540 574
1610550 573
1610560 573
1610570 573
1610580 572
1610590 572
1610600 572
1610610 571
1610620 571
1610630 571
1610640 571
1610650 571
1610660 571
1610670 572
1610680 572
1610690 572
1610700 568
1610710 564
1610720 564
1610730 561
1610740 559
1610750 559
1610760 557
1610770 555
1610780 555
1610790 554
1610800 554
1610810 554
1610820 556
1610830 561
1610840 561
1610850 561
1610860 556
1610870 552
1610880 552
1610890 552
1610900 552
1610910 552
1610920 551
1610930 551
1610940 551
1610950 551
1610960 552
1610970 552
1610980 551
1610990 551
1611000 551
1611010 552
1611020 552
1611030 552
1611040 552
1611050 551
1611060 552
1611070 552
1611080 552
1611090 552
1611100 552
1611110 552
1611120 553
1611130 553
1611140 553
1611150 553
1611160 553
1611170 554
1611180 555
1611190 555
1611200 561
1611210 569
1611220 572
1611230 572
1611240 572
1611250 573
1611260 573
1611270 573
1611280 573
1611290 573
1611300 572
1611310 571
1611320 571
1611330 571
1611340 571
1611350 571
1611360 571
1611370 571
1611380 571
1611390 571
1611400 571
1611410 571
1611420 571
1611430 572
1611440 572
1611450 572
1611460 573
1611470 574
1611480 574
1611490 575
1611500 575
1611510 575
1611520 575
1611530 575
1611540 575
1611550 575
1611560 576
1611570 576
1611580 576
1611590 576
1611600 576
1611610 576
1611620 577
1611630 577
1611640 577
1611650 578
1611660 578
1611670 578
1611680 579
1611690 579
1611700 579
1611710 579
1611720 579
1611730 579
1611740 579
1611750 579
1611760 579
1611770 579
1611780 579
1611790 579
1611800 579
1611810 579
1611820 580
1611830 580
1611840 580
1611850 580
1611860 580
1611870 580
1611880 580
1611890 580
1611900 580
1611910 580
1611920 581
1611930 581
1611940 581
1611950 581
1611960 581
1611970 581
1611980 582
1611990 582
1612000 582
1612010 582
1612020 582
1612030 582
1612040 582
1612050 582
1612060 582
1612070 582
1612080 582
1612090 583
1612100 583
1612110 583
1612120 583
1612130 583
1612140 584
1612150 584
1612160 584
1612170 585
1612180 585
1612190 585
1612200 585
1612210 585
1612220 586
1612230 586
1612240 586
1612250 587
1612260 587
1612270 587
1612280 587
1612290 588
1612300 588
1612310 588
1612320 588
1612330 588
1612340 588
1612350 588
1612360 588
1612370 588
1612380 588
1612390 589
1612400 589
1612410 589
1612420 589
1612430 589
1612440 590
1612450 590
1612460 591
1612470 591
1612480 591
1612490 592
1612500 592
1612510 592
1612520 593
1612530 593
1612540 593
1612550 594
1612560 594
1612570 595
1612580 596
1612590 596
1612600 596
1612610 597
1612620 597
1612630 598
1612640 599
1612650 600
1612660 600
1612670 601
1612680 602
1612690 602
1612700 602
1612710 603
1612720 603
1612730 603
1612740 604
1612750 604
1612760 605
1612770 606
1612780 606
1612790 608
1612800 609
1612810 610
1612820 610
1612830 612
1612840 613
1612850 613
1612860 615
1612870 616
1612880 616
1612890 617
1612900 618
1612910 618
1612920 620
1612930 622
1612940 622
1612950 623
1612960 625
1612970 625
1612980 627
1612990 628
1613000 629
1613010 629
1613020 631
1613030 632
1613040 632
1613050 633
1613060 636
1613070 636
1613080 637
1613090 639
1613100 639
1613110 640
1613120 642
1613130 642
1613140 643
1613150 646
1613160 646
1613170 648
1613180 649
1613190 651
1613200 651
1613210 652
1613220 654
1613230 654
1613240 656
1613250 659
1613260 659
1613270 661
1613280 662
1613290 662
1613300 664
1613310 666
1613320 666
1613330 668
1613340 669
1613350 671
1613360 671
1613370 672
1613380 672
1613390 672
1613400 673
1613410 674
1613420 674
1613430 674
1613440 675
1613450 675
1613460 676
1613470 678
1613480 678
1613490 679
1613500 680
1613510 680
1613520 679
1613530 678
1613540 676
1613550 676
1613560 675
1613570 674
1613580 674
1613590 675
1613600 676
1613610 676
1613620 677
1613630 678
1613640 678
1613650 678
1613660 679
1613670 679
1613680 678
1613690 677
1613700 675
1613710 675
1613720 672
1613730 670
1613740 670
1613750 668
1613760 666
1613770 666
1613780 663
1613790 660
1613800 660
1613810 657
1613820 653
1613830 653
1613840 649
1613850 646
1613860 646
1613870 643
1613880 639
1613890 635
1613900 635
1613910 632
1613920 628
1613930 628
1613940 625
1613950 622
1613960 622
1613970 619
1613980 616
1613990 616
1614000 613
1614010 611
1614020 611
1614030 610
1614040 608
1614050 608
1614060 607
1614070 606
1614080 604
1614090 604
1614100 603
1614110 603
1614120 603
1614130 602
1614140 600
1614150 600
1614160 599
1614170 599
1614180 599
1614190 598
1614200 597
1614210 597
1614220 596
1614230 596
1614240 596
1614250 596
1614260 595
1614270 596
1614280 596
1614290 597
1614300 598
1614310 598
1614320 598
1614330 600
1614340 600
1614350 603
1614360 606
1614370 606
1614380 609
1614390 614
1614400 614
1614410 619
1614420 623
1614430 628
1614440 628
1614450 632
1614460 637
1614470 637
1614480 641
1614490 645
1614500 645
1614510 649
1614520 653
1614530 653
1614540 656
1614550 658
1614560 658
1614570 660
1614580 663
1614590 664
1614600 664
1614610 665
1614620 666
1614630 666
1614640 668
1614650 670
1614660 670
1614670 670
1614680 671
1614690 671
1614700 672
1614710 671
1614720 671
1614730 670
1614740 669
1614750 669
1614760 668
1614770 668
1614780 668
1614790 668
1614800 667
1614810 667
1614820 667
1614830 667
1614840 666
1614850 666
1614860 666
1614870 666
1614880 666
1614890 666
1614900 666
1614910 666
1614920 666
1614930 667
1614940 667
1614950 667
1614960 667
1614970 666
1614980 666
1614990 665
1615000 664
1615010 664
1615020 663
1615030 661
1615040 661
1615050 660
1615060 660
1615070 660
1615080 660
1615090 660
1615100 660
1615110 660
1615120 660
1615130 660
1615140 660
1615150 660
1615160 660
1615170 660
1615180 660
1615190 660
1615200 660
1615210 659
1615220 659
1615230 659
1615240 658
1615250 658
1615260 658
1615270 657
1615280 657
1615290 657
1615300 657
1615310 657
1615320 657
1615330 657
1615340 657
1615350 658
1615360 658
1615370 658
1615380 658
1615390 658
1615400 659
1615410 657
1615420 657
1615430 657
1615440 657
1615450 657
1615460 657
1615470 656
1615480 657
1615490 657
1615500 659
1615510 660
1615520 660
1615530 662
1615540 663
1615550 663
1615560 663
1615570 662
1615580 662
1615590 661
1615600 660
1615610 660
1615620 658
1615630 657
1615640 657
1615650 655
1615660 654
1615670 653
1615680 653
1615690 653
1615700 652
1615710 652
1615720 652
1615730 652
1615740 652
1615750 651
1615760 651
1615770 651
1615780 651
1615790 651
1615800 651
1615810 651
1615820 650
1615830 650
1615840 650
1615850 651
1615860 650
1615870 650
1615880 650
1615890 650
1615900 650
1615910 650
1615920 651
1615930 651
1615940 651
1615950 652
1615960 652
1615970 652
1615980 653
1615990 653
1616000 654
1616010 655
1616020 656
1616030 656
1616040 657
1616050 657
1616060 657
1616070 658
1616080 659
1616090 659
1616100 660
1616110 661
1616120 661
1616130 661
1616140 662
1616150 662
1616160 663
1616170 664
1616180 664
1616190 665
1616200 665
1616210 666
1616220 666
1616230 666
1616240 666
1616250 666
1616260 667
1616270 667
1616280 667
1616290 668
1616300 668
1616310 668
1616320 669
1616330 670
1616340 670
1616350 671
1616360 671
1616370 674
1616380 674
1616390 675
1616400 676
1616410 676
1616420 677
1616430 678
1616440 678
1616450 679
1616460 680
1616470 680
1616480 682
1616490 683
1616500 683
1616510 685
1616520 687
1616530 687
1616540 689
1616550 690
1616560 692
1616570 692
1616580 695
1616590 698
1616600 698
1616610 702
1616620 705
1616630 705
1616640 708
1616650 712
1616660 712
1616670 715
1616680 720
1616690 720
1616700 724
1616710 727
1616720 727
1616730 730
1616740 734
1616750 738
1616760 738
1616770 742
1616780 745
1616790 745
1616800 748
1616810 752
1616820 752
1616830 754
1616840 757
1616850 757
1616860 760
1616870 762
1616880 762
1616890 765
1616900 768
1616910 771
1616920 771
1616930 774
1616940 778
1616950 778
1616960 781
1616970 784
1616980 784
1616990 788
1617000 791
1617010 791
1617020 795
1617030 799
1617040 799
1617050 802
1617060 806
1617070 806
1617080 809
1617090 812
1617100 816
1617110 816
1617120 819
1617130 821
1617140 821
1617150 823
1617160 825
1617170 825
1617180 826
1617190 827
1617200 827
1617210 828
1617220 829
1617230 829
1617240 831
1617250 833
1617260 833
1617270 835
1617280 837
1617290 839
1617300 839
1617310 837
1617320 834
1617330 840
1617340 838
1617350 835
1617360 835
1617370 832
1617380 830
1617390 830
1617400 831
1617410 834
1617420 834
1617430 838
1617440 841
1617450 845
1617460 845
1617470 850
1617480 855
1617490 855
1617500 859
1617510 863
1617520 863
1617530 866
1617540 868
1617550 868
1617560 869
1617570 871
1617580 871
1617590 873
1617600 876
1617610 876
1617620 879
1617630 882
1617640 883
1617650 883
1617660 884
1617670 885
1617680 885
1617690 885
1617700 885
1617710 885
1617720 885
1617730 885
1617740 885
1617750 883
1617760 881
1617770 881
1617780 880
1617790 880
1617800 879
1617810 879
1617820 878
1617830 878
1617840 878
1617850 878
1617860 879
1617870 879
1617880 882
1617890 883
1617900 883
1617910 884
1617920 885
1617930 885
1617940 886
1617950 886
1617960 886
1617970 888
1617980 889
1617990 890
1618000 890
1618010 890
1618020 890
1618030 890
1618040 890
1618050 890
1618060 890
1618070 890
1618080 887
1618090 887
1618100 885
1618110 883
1618120 883
1618130 881
1618140 879
1618150 879
1618160 876
1618170 872
1618180 868
1618190 868
1618200 864
1618210 860
1618220 860
1618230 857
1618240 854
1618250 854
1618260 851
1618270 849
1618280 851
1618290 848
1618300 846
1618310 846
1618320 842
1618330 839
1618340 836
1618350 836
1618360 832
1618370 826
1618380 826
1618390 820
1618400 816
1618410 816
1618420 812
1618430 807
1618440 807
1618450 803
1618460 798
1618470 798
1618480 795
1618490 790
1618500 790
1618510 786
1618520 782
1618530 778
1618540 778
1618550 774
1618560 769
1618570 769
1618580 764
1618590 759
1618600 759
1618610 754
1618620 748
1618630 748
1618640 743
1618650 739
1618660 739
1618670 735
1618680 732
1618690 732
1618700 729
1618710 727
1618720 724
1618730 724
1618740 722
1618750 718
1618760 718
1618770 714
1618780 712
1618790 712
1618800 710
1618810 710
1618820 710
1618830 707
1618840 703
1618850 703
1618860 700
1618870 701
1618880 700
1618890 700
1618900 700
1618910 698
1618920 698
1618930 696
1618940 693
1618950 693
1618960 690
1618970 686
1618980 686
1618990 681
1619000 676
1619010 676
1619020 673
1619030 673
1619040 673
1619050 678
1619060 681
1619070 683
1619080 683
1619090 685
1619100 686
1619110 686
1619120 687
1619130 689
1619140 689
1619150 691
1619160 695
1619170 695
1619180 699
1619190 701
1619200 701
1619210 701
1619220 698
1619230 698
1619240 698
1619250 698
1619260 696
1619270 696
1619280 692
1619290 689
1619300 689
1619310 685
1619320 682
1619330 682
1619340 679
1619350 678
1619360 678
1619370 675
1619380 672
1619390 672
1619400 668
1619410 668
1619420 666
1619430 666
1619440 665
1619450 665
1619460 665
1619470 665
1619480 665
1619490 665
1619500 665
1619510 666
1619520 666
1619530 670
1619540 679
1619550 679
1619560 686
1619570 692
1619580 692
1619590 698
1619600 701
1619610 703
1619620 703
1619630 704
1619640 704
1619650 704
1619660 704
1619670 705
1619680 705
1619690 705
1619700 706
1619710 706
1619720 706
1619730 705
1619740 705
1619750 704
1619760 702
1619770 699
1619780 699
1619790 695
1619800 695
1619810 695
1619820 696
1619830 693
1619840 693
1619850 688
1619860 683
1619870 683
1619880 678
1619890 673
1619900 673
1619910 667
1619920 661
1619930 661
1619940 654
1619950 650
1619960 645
1619970 645
1619980 642
1619990 639
