1600000 810
1600010 809
1600020 808
1600030 808
1600040 807
1600050 805
1600060 805
1600070 804
1600080 803
1600090 803
1600100 801
1600110 799
1600120 799
1600130 797
1600140 795
1600150 795
1600160 793
1600170 791
1600180 791
1600190 789
1600200 787
1600210 785
1600220 785
1600230 784
1600240 782
1600250 782
1600260 780
1600270 778
1600280 778
1600290 776
1600300 774
1600310 774
1600320 772
1600330 770
1600340 770
1600350 766
1600360 764
1600370 761
1600380 761
1600390 758
1600400 754
1600410 754
1600420 751
1600430 748
1600440 748
1600450 745
1600460 743
1600470 743
1600480 741
1600490 739
1600500 739
1600510 736
1600520 733
1600530 733
1600540 730
1600550 730
1600560 728
1600570 728
1600580 726
1600590 725
1600600 725
1600610 723
1600620 722
1600630 722
1600640 720
1600650 719
1600660 719
1600670 718
1600680 717
1600690 717
1600700 717
1600710 716
1600720 716
1600730 715
1600740 714
1600750 714
1600760 714
1600770 716
1600780 718
1600790 718
1600800 720
1600810 722
1600820 722
1600830 724
1600840 726
1600850 726
1600860 728
1600870 730
1600880 730
1600890 732
1600900 733
1600910 733
1600920 735
1600930 737
1600940 738
1600950 738
1600960 739
1600970 740
1600980 740
1600990 742
1601000 743
1601010 743
1601020 744
1601030 746
1601040 746
1601050 747
1601060 748
1601070 748
1601080 750
1601090 751
1601100 752
1601110 752
1601120 754
1601130 754
1601140 754
1601150 755
1601160 756
1601170 756
1601180 756
1601190 756
1601200 756
1601210 756
1601220 755
1601230 755
1601240 755
1601250 754
1601260 754
1601270 753
1601280 752
1601290 751
1601300 751
1601310 750
1601320 749
1601330 749
1601340 747
1601350 746
1601360 746
1601370 744
1601380 744
1601390 744
1601400 744
1601410 744
1601420 744
1601430 744
1601440 744
1601450 744
1601460 744
1601470 743
1601480 741
1601490 741
1601500 739
1601510 736
1601520 736
1601530 733
1601540 730
1601550 730
1601560 726
1601570 723
1601580 718
1601590 715
1601600 712
1601610 712
1601620 707
1601630 702
1601640 702
1601650 697
1601660 692
1601670 688
1601680 688
1601690 684
1601700 679
1601710 679
1601720 674
1601730 670
1601740 670
1601750 667
1601760 662
1601770 662
1601780 658
1601790 655
1601800 655
1601810 651
1601820 648
1601830 645
1601840 645
1601850 643
1601860 641
1601870 641
1601880 639
1601890 638
1601900 638
1601910 636
1601920 634
1601930 634
1601940 631
1601950 630
1601960 630
1601970 630
1601980 629
1601990 629
1602000 629
1602010 628
1602020 627
1602030 627
1602040 627
1602050 626
1602060 626
1602070 625
1602080 625
1602090 625
1602100 625
1602110 625
1602120 625
1602130 625
1602140 625
1602150 625
1602160 625
1602170 625
1602180 625
1602190 625
1602200 625
1602210 625
1602220 625
1602230 626
1602240 627
1602250 627
1602260 627
1602270 627
1602280 627
1602290 627
1602300 627
1602310 627
1602320 629
1602330 629
1602340 629
1602350 630
1602360 630
1602370 630
1602380 631
1602390 633
1602400 635
1602410 635
1602420 637
1602430 639
1602440 639
1602450 640
1602460 642
1602470 642
1602480 643
1602490 645
1602500 645
1602510 646
1602520 648
1602530 648
1602540 650
1602550 652
1602560 654
1602570 654
1602580 656
1602590 658
1602600 658
1602610 661
1602620 663
1602630 663
1602640 666
1602650 668
1602660 668
1602670 670
1602680 672
1602690 672
1602700 673
1602710 675
1602720 675
1602730 676
1602740 677
1602750 677
1602760 677
1602770 677
1602780 677
1602790 677
1602800 677
1602810 677
1602820 677
1602830 677
1602840 677
1602850 677
1602860 677
1602870 677
1602880 677
1602890 677
1602900 677
1602910 677
1602920 677
1602930 677
1602940 677
1602950 677
1602960 677
1602970 677
1602980 677
1602990 677
1603000 677
1603010 677
1603020 677
1603030 675
1603040 675
1603050 673
1603060 671
1603070 671
1603080 669
1603090 666
1603100 664
1603110 664
1603120 662
1603130 660
1603140 660
1603150 658
1603160 657
1603170 657
1603180 656
1603190 654
1603200 654
1603210 653
1603220 652
1603230 652
1603240 651
1603250 650
1603260 650
1603270 649
1603280 648
1603290 647
1603300 647
1603310 646
1603320 644
1603330 644
1603340 643
1603350 642
1603360 642
1603370 641
1603380 640
1603390 640
1603400 639
1603410 639
1603420 639
1603430 639
1603440 640
1603450 640
1603460 642
1603470 643
1603480 645
1603490 645
1603500 646
1603510 648
1603520 648
1603530 648
1603540 648
1603550 648
1603560 648
1603570 647
1603580 647
1603590 646
1603600 644
1603610 644
1603620 642
1603630 640
1603640 640
1603650 637
1603660 635
1603670 634
1603680 634
1603690 633
1603700 632
1603710 632
1603720 631
1603730 631
1603740 631
1603750 631
1603760 631
1603770 631
1603780 631
1603790 632
1603800 632
1603810 632
1603820 633
1603830 634
1603840 634
1603850 635
1603860 635
1603870 635
1603880 636
1603890 637
1603900 637
1603910 638
1603920 639
1603930 639
1603940 640
1603950 641
1603960 641
1603970 642
1603980 644
1603990 644
1604000 645
1604010 647
1604020 649
1604030 649
1604040 650
1604050 652
1604060 652
1604070 654
1604080 655
1604090 655
1604100 657
1604110 660
1604120 660
1604130 662
1604140 664
1604150 664
1604160 666
1604170 668
1604180 668
1604190 670
1604200 671
1604210 672
1604220 672
1604230 671
1604240 671
1604250 671
1604260 671
1604270 672
1604280 672
1604290 672
1604300 671
1604310 671
1604320 671
1604330 671
1604340 671
1604350 671
1604360 671
1604370 671
1604380 670
1604390 670
1604400 668
1604410 668
1604420 665
1604430 662
1604440 662
1604450 660
1604460 658
1604470 658
1604480 655
1604490 652
1604500 652
1604510 650
1604520 649
1604530 649
1604540 647
1604550 646
1604560 644
1604570 644
1604580 643
1604590 641
1604600 641
1604610 639
1604620 638
1604630 638
1604640 637
1604650 637
1604660 637
1604670 636
1604680 635
1604690 635
1604700 634
1604710 634
1604720 634
1604730 633
1604740 632
1604750 631
1604760 631
1604770 630
1604780 629
1604790 629
1604800 629
1604810 628
1604820 628
1604830 628
1604840 627
1604850 627
1604860 627
1604870 627
1604880 627
1604890 626
1604900 626
1604910 626
1604920 626
1604930 625
1604940 624
1604950 624
1604960 623
1604970 621
1604980 621
1604990 621
1605000 622
1605010 622
1605020 623
1605030 625
1605040 625
1605050 626
1605060 628
1605070 628
1605080 631
1605090 633
1605100 635
1605110 635
1605120 636
1605130 638
1605140 638
1605150 638
1605160 639
1605170 639
1605180 639
1605190 638
1605200 638
1605210 634
1605220 630
1605230 630
1605240 626
1605250 623
1605260 623
1605270 621
1605280 618
1605290 615
1605300 615
1605310 611
1605320 610
1605330 610
1605340 608
1605350 607
1605360 607
1605370 605
1605380 604
1605390 604
1605400 602
1605410 600
1605420 600
1605430 598
1605440 597
1605450 597
1605460 595
1605470 594
1605480 593
1605490 593
1605500 591
1605510 589
1605520 589
1605530 587
1605540 586
1605550 586
1605560 586
1605570 585
1605580 585
1605590 585
1605600 585
1605610 585
1605620 585
1605630 585
1605640 585
1605650 585
1605660 585
1605670 585
1605680 585
1605690 585
1605700 585
1605710 585
1605720 585
1605730 585
1605740 585
1605750 585
1605760 584
1605770 584
1605780 584
1605790 584
1605800 584
1605810 584
1605820 584
1605830 584
1605840 584
1605850 584
1605860 584
1605870 584
1605880 584
1605890 583
1605900 583
1605910 583
1605920 582
1605930 582
1605940 581
1605950 580
1605960 580
1605970 579
1605980 579
1605990 579
1606000 579
1606010 578
1606020 578
1606030 578
1606040 578
1606050 577
1606060 577
1606070 577
1606080 577
1606090 577
1606100 576
1606110 576
1606120 576
1606130 575
1606140 575
1606150 575
1606160 575
1606170 575
1606180 575
1606190 575
1606200 575
1606210 575
1606220 575
1606230 574
1606240 574
1606250 574
1606260 574
1606270 573
1606280 573
1606290 572
1606300 571
1606310 571
1606320 570
1606330 569
1606340 569
1606350 568
1606360 568
1606370 568
1606380 568
1606390 568
1606400 568
1606410 568
1606420 567
1606430 567
1606440 567
1606450 565
1606460 565
1606470 565
1606480 567
1606490 569
1606500 569
1606510 573
1606520 578
1606530 578
1606540 582
1606550 583
1606560 583
1606570 583
1606580 583
1606590 583
1606600 583
1606610 583
1606620 583
1606630 583
1606640 583
1606650 583
1606660 583
1606670 583
1606680 583
1606690 583
1606700 583
1606710 583
1606720 583
1606730 583
1606740 583
1606750 583
1606760 583
1606770 583
1606780 583
1606790 583
1606800 582
1606810 582
1606820 582
1606830 582
1606840 582
1606850 582
1606860 582
1606870 583
1606880 583
1606890 583
1606900 584
1606910 584
1606920 585
1606930 585
1606940 585
1606950 585
1606960 585
1606970 585
1606980 585
1606990 585
1607000 585
1607010 585
1607020 585
1607030 585
1607040 585
1607050 585
1607060 586
1607070 586
1607080 586
1607090 587
1607100 587
1607110 586
1607120 586
1607130 586
1607140 586
1607150 586
1607160 585
1607170 585
1607180 585
1607190 585
1607200 585
1607210 585
1607220 585
1607230 585
1607240 585
1607250 585
1607260 585
1607270 585
1607280 585
1607290 585
1607300 585
1607310 585
1607320 585
1607330 585
1607340 585
1607350 584
1607360 584
1607370 584
1607380 584
1607390 584
1607400 584
1607410 584
1607420 584
1607430 584
1607440 584
1607450 584
1607460 584
1607470 584
1607480 584
1607490 584
1607500 584
1607510 584
1607520 584
1607530 583
1607540 583
1607550 583
1607560 583
1607570 582
1607580 582
1607590 582
1607600 581
1607610 581
1607620 580
1607630 579
1607640 579
1607650 580
1607660 581
1607670 582
1607680 582
1607690 582
1607700 583
1607710 583
1607720 584
1607730 584
1607740 584
1607750 585
1607760 586
1607770 586
1607780 586
1607790 586
1607800 586
1607810 587
1607820 587
1607830 587
1607840 587
1607850 587
1607860 587
1607870 587
1607880 587
1607890 587
1607900 587
1607910 587
1607920 587
1607930 587
1607940 587
1607950 587
1607960 587
1607970 587
1607980 587
1607990 587
1608000 587
1608010 587
1608020 587
1608030 587
1608040 587
1608050 587
1608060 587
1608070 587
1608080 587
1608090 587
1608100 587
1608110 587
1608120 587
1608130 587
1608140 588
1608150 588
1608160 587
1608170 586
1608180 586
1608190 586
1608200 585
1608210 585
1608220 585
1608230 585
1608240 582
1608250 582
1608260 581
1608270 580
1608280 580
1608290 580
1608300 581
1608310 581
1608320 582
1608330 586
1608340 586
1608350 586
1608360 587
1608370 587
1608380 587
1608390 588
1608400 588
1608410 588
1608420 589
1608430 590
1608440 590
1608450 590
1608460 591
1608470 591
1608480 592
1608490 593
1608500 593
1608510 593
1608520 593
1608530 593
1608540 593
1608550 593
1608560 593
1608570 593
1608580 593
1608590 594
1608600 594
1608610 594
1608620 594
1608630 594
1608640 594
1608650 594
1608660 594
1608670 595
1608680 595
1608690 595
1608700 595
1608710 595
1608720 595
1608730 596
1608740 596
1608750 596
1608760 596
1608770 595
1608780 595
1608790 595
1608800 595
1608810 595
1608820 595
1608830 595
1608840 595
1608850 595
1608860 595
1608870 595
1608880 595
1608890 595
1608900 595
1608910 595
1608920 595
1608930 595
1608940 595
1608950 595
1608960 595
1608970 595
1608980 595
1608990 595
1609000 595
1609010 595
1609020 595
1609030 595
1609040 595
1609050 595
1609060 595
1609070 595
1609080 594
1609090 594
1609100 594
1609110 594
1609120 594
1609130 594
1609140 594
1609150 594
1609160 594
1609170 594
1609180 594
1609190 594
1609200 594
1609210 594
1609220 594
1609230 594
1609240 594
1609250 595
1609260 595
1609270 595
1609280 595
1609290 595
1609300 595
1609310 595
1609320 595
1609330 595
1609340 595
1609350 596
1609360 596
1609370 596
1609380 596
1609390 596
1609400 595
1609410 595
1609420 595
1609430 595
1609440 595
1609450 595
1609460 595
1609470 595
1609480 595
1609490 595
1609500 595
1609510 595
1609520 595
1609530 596
1609540 596
1609550 596
1609560 596
1609570 596
1609580 596
1609590 596
1609600 596
1609610 596
1609620 596
1609630 596
1609640 596
1609650 597
1609660 597
1609670 597
1609680 597
1609690 597
1609700 597
1609710 597
1609720 597
1609730 597
1609740 597
1609750 597
1609760 597
1609770 597
1609780 597
1609790 597
1609800 597
1609810 596
1609820 596
1609830 596
1609840 596
1609850 596
1609860 596
1609870 596
1609880 595
1609890 595
1609900 595
1609910 595
1609920 595
1609930 595
1609940 595
1609950 595
1609960 595
1609970 595
1609980 595
1609990 595
1610000 595
1610010 595
1610020 595
1610030 595
1610040 595
1610050 595
1610060 595
1610070 594
1610080 595
1610090 595
1610100 595
1610110 596
1610120 596
1610130 595
1610140 595
1610150 595
1610160 595
1610170 595
1610180 595
1610190 595
1610200 595
1610210 595
1610220 595
1610230 595
1610240 595
1610250 595
1610260 595
1610270 595
1610280 595
1610290 595
1610300 595
1610310 595
1610320 595
1610330 595
1610340 595
1610350 595
1610360 595
1610370 595
1610380 595
1610390 594
1610400 594
1610410 594
1610420 594
1610430 595
1610440 595
1610450 595
1610460 595
1610470 595
1610480 595
1610490 595
1610500 595
1610510 595
1610520 595
1610530 595
1610540 595
1610550 594
1610560 594
1610570 594
1610580 594
1610590 594
1610600 594
1610610 595
1610620 595
1610630 595
1610640 595
1610650 595
1610660 595
1610670 595
1610680 595
1610690 595
1610700 595
1610710 595
1610720 595
1610730 595
1610740 595
1610750 594
1610760 594
1610770 594
1610780 594
1610790 594
1610800 594
1610810 594
1610820 594
1610830 594
1610840 594
1610850 594
1610860 594
1610870 594
1610880 594
1610890 595
1610900 595
1610910 595
1610920 595
1610930 595
1610940 595
1610950 595
1610960 595
1610970 595
1610980 595
1610990 595
1611000 594
1611010 594
1611020 594
1611030 594
1611040 594
1611050 594
1611060 594
1611070 594
1611080 594
1611090 594
1611100 594
1611110 594
1611120 594
1611130 594
1611140 594
1611150 594
1611160 594
1611170 594
1611180 594
1611190 594
1611200 594
1611210 594
1611220 594
1611230 594
1611240 594
1611250 594
1611260 594
1611270 594
1611280 594
1611290 594
1611300 594
1611310 594
1611320 594
1611330 594
1611340 594
1611350 594
1611360 594
1611370 594
1611380 594
1611390 594
1611400 594
1611410 594
1611420 594
1611430 594
1611440 594
1611450 594
1611460 594
1611470 594
1611480 594
1611490 594
1611500 594
1611510 594
1611520 594
1611530 594
1611540 594
1611550 594
1611560 594
1611570 594
1611580 594
1611590 594
1611600 594
1611610 594
1611620 594
1611630 594
1611640 594
1611650 594
1611660 594
1611670 594
1611680 594
1611690 594
1611700 594
1611710 594
1611720 594
1611730 594
1611740 594
1611750 594
1611760 594
1611770 594
1611780 594
1611790 594
1611800 594
1611810 594
1611820 594
1611830 594
1611840 594
1611850 594
1611860 594
1611870 594
1611880 594
1611890 594
1611900 594
1611910 594
1611920 594
1611930 594
1611940 594
1611950 594
1611960 594
1611970 594
1611980 594
1611990 594
1612000 594
1612010 595
1612020 595
1612030 595
1612040 595
1612050 596
1612060 596
1612070 596
1612080 596
1612090 596
1612100 597
1612110 597
1612120 597
1612130 597
1612140 597
1612150 597
1612160 597
1612170 597
1612180 597
1612190 598
1612200 598
1612210 598
1612220 598
1612230 598
1612240 598
1612250 598
1612260 599
1612270 599
1612280 599
1612290 599
1612300 599
1612310 599
1612320 598
1612330 598
1612340 598
1612350 598
1612360 597
1612370 597
1612380 597
1612390 597
1612400 597
1612410 597
1612420 596
1612430 596
1612440 596
1612450 596
1612460 596
1612470 596
1612480 595
1612490 595
1612500 595
1612510 595
1612520 595
1612530 595
1612540 595
1612550 594
1612560 594
1612570 594
1612580 594
1612590 594
1612600 594
1612610 594
1612620 593
1612630 593
1612640 593
1612650 593
1612660 593
1612670 593
1612680 593
1612690 593
1612700 592
1612710 592
1612720 592
1612730 592
1612740 591
1612750 589
1612760 589
1612770 589
1612780 589
1612790 589
1612800 589
1612810 588
1612820 588
1612830 588
1612840 588
1612850 588
1612860 588
1612870 588
1612880 588
1612890 588
1612900 588
1612910 588
1612920 587
1612930 587
1612940 585
1612950 585
1612960 584
1612970 583
1612980 583
1612990 581
1613000 581
1613010 581
1613020 581
1613030 580
1613040 580
1613050 580
1613060 580
1613070 580
1613080 580
1613090 580
1613100 580
1613110 580
1613120 580
1613130 580
1613140 580
1613150 581
1613160 581
1613170 581
1613180 581
1613190 582
1613200 582
1613210 582
1613220 583
1613230 583
1613240 584
1613250 585
1613260 585
1613270 586
1613280 587
1613290 587
1613300 588
1613310 589
1613320 590
1613330 590
1613340 592
1613350 592
1613360 592
1613370 593
1613380 593
1613390 593
1613400 593
1613410 593
1613420 593
1613430 594
1613440 594
1613450 594
1613460 595
1613470 595
1613480 595
1613490 595
1613500 596
1613510 596
1613520 596
1613530 596
1613540 597
1613550 597
1613560 597
1613570 597
1613580 597
1613590 597
1613600 597
1613610 597
1613620 598
1613630 598
1613640 598
1613650 598
1613660 598
1613670 598
1613680 598
1613690 598
1613700 599
1613710 599
1613720 599
1613730 599
1613740 599
1613750 599
1613760 599
1613770 599
1613780 599
1613790 599
1613800 599
1613810 600
1613820 600
1613830 600
1613840 600
1613850 600
1613860 600
1613870 600
1613880 600
1613890 601
1613900 601
1613910 601
1613920 601
1613930 601
1613940 601
1613950 601
1613960 601
1613970 601
1613980 601
1613990 601
1614000 601
1614010 601
1614020 601
1614030 601
1614040 601
1614050 601
1614060 601
1614070 602
1614080 603
1614090 603
1614100 603
1614110 603
1614120 603
1614130 604
1614140 604
1614150 604
1614160 604
1614170 605
1614180 605
1614190 605
1614200 606
1614210 607
1614220 607
1614230 607
1614240 608
1614250 608
1614260 609
1614270 609
1614280 609
1614290 610
1614300 611
1614310 611
1614320 612
1614330 612
1614340 612
1614350 613
1614360 614
1614370 614
1614380 615
1614390 616
1614400 617
1614410 617
1614420 618
1614430 619
1614440 619
1614450 620
1614460 621
1614470 621
1614480 622
1614490 624
1614500 624
1614510 625
1614520 629
1614530 629
1614540 631
1614550 632
1614560 632
1614570 630
1614580 630
1614590 632
1614600 632
1614610 635
1614620 637
1614630 637
1614640 639
1614650 640
1614660 640
1614670 643
1614680 645
1614690 645
1614700 647
1614710 649
1614720 649
1614730 650
1614740 650
1614750 650
1614760 651
1614770 653
1614780 656
1614790 656
1614800 660
1614810 663
1614820 663
1614830 665
1614840 667
1614850 667
1614860 669
1614870 671
1614880 671
1614890 673
1614900 673
1614910 673
1614920 674
1614930 675
1614940 676
1614950 676
1614960 677
1614970 679
1614980 679
1614990 681
1615000 682
1615010 682
1615020 684
1615030 686
1615040 686
1615050 688
1615060 690
1615070 690
1615080 692
1615090 694
1615100 694
1615110 695
1615120 696
1615130 697
1615140 697
1615150 698
1615160 700
1615170 700
1615180 701
1615190 703
1615200 703
1615210 705
1615220 707
1615230 707
1615240 708
1615250 710
1615260 710
1615270 711
1615280 712
1615290 712
1615300 714
1615310 716
1615320 718
1615330 718
1615340 719
1615350 720
1615360 720
1615370 721
1615380 722
1615390 722
1615400 723
1615410 725
1615420 725
1615430 726
1615440 727
1615450 727
1615460 728
1615470 729
1615480 729
1615490 731
1615500 732
1615510 736
1615520 736
1615530 741
1615540 745
1615550 745
1615560 749
1615570 752
1615580 752
1615590 754
1615600 756
1615610 756
1615620 757
1615630 759
1615640 759
1615650 760
1615660 762
1615670 763
1615680 763
1615690 765
1615700 766
1615710 766
1615720 768
1615730 770
1615740 770
1615750 772
1615760 774
1615770 774
1615780 777
1615790 779
1615800 779
1615810 781
1615820 784
1615830 784
1615840 786
1615850 787
1615860 788
1615870 788
1615880 790
1615890 794
1615900 794
1615910 796
1615920 799
1615930 799
1615940 801
1615950 802
1615960 802
1615970 803
1615980 804
1615990 804
1616000 805
1616010 806
1616020 806
1616030 807
1616040 807
1616050 808
1616060 808
1616070 808
1616080 808
1616090 808
1616100 808
1616110 808
1616120 808
1616130 808
1616140 808
1616150 808
1616160 808
1616170 808
1616180 808
1616190 807
1616200 807
1616210 807
1616220 807
1616230 807
1616240 807
1616250 807
1616260 807
1616270 808
1616280 808
1616290 808
1616300 808
1616310 808
1616320 808
1616330 808
1616340 808
1616350 808
1616360 808
1616370 808
1616380 807
1616390 807
1616400 807
1616410 807
1616420 807
1616430 807
1616440 807
1616450 807
1616460 807
1616470 807
1616480 807
1616490 807
1616500 807
1616510 807
1616520 807
1616530 807
1616540 807
1616550 807
1616560 807
1616570 807
1616580 807
1616590 807
1616600 807
1616610 806
1616620 806
1616630 806
1616640 805
1616650 804
1616660 804
1616670 803
1616680 803
1616690 803
1616700 802
1616710 802
1616720 802
1616730 803
1616740 803
1616750 803
1616760 804
1616770 804
1616780 803
1616790 803
1616800 803
1616810 803
1616820 803
1616830 803
1616840 803
1616850 803
1616860 803
1616870 803
1616880 803
1616890 803
1616900 803
1616910 803
1616920 803
1616930 802
1616940 802
1616950 802
1616960 801
1616970 800
1616980 800
1616990 800
1617000 800
1617010 800
1617020 800
1617030 800
1617040 800
1617050 801
1617060 801
1617070 801
1617080 801
1617090 802
1617100 802
1617110 802
1617120 803
1617130 804
1617140 804
1617150 805
1617160 806
1617170 806
1617180 806
1617190 807
1617200 807
1617210 808
1617220 809
1617230 809
1617240 810
1617250 811
1617260 811
1617270 812
1617280 813
1617290 813
1617300 814
1617310 815
1617320 817
1617330 817
1617340 817
1617350 818
1617360 818
1617370 819
1617380 819
1617390 819
1617400 819
1617410 820
1617420 820
1617430 819
1617440 819
1617450 819
1617460 818
1617470 817
1617480 817
1617490 815
1617500 811
1617510 807
1617520 807
1617530 806
1617540 804
1617550 804
1617560 802
1617570 800
1617580 800
1617590 798
1617600 796
1617610 796
1617620 795
1617630 792
1617640 792
1617650 788
1617660 782
1617670 781
1617680 781
1617690 781
1617700 781
1617710 781
1617720 780
1617730 780
1617740 780
1617750 780
1617760 777
1617770 777
1617780 773
1617790 771
1617800 771
1617810 769
1617820 767
1617830 767
1617840 764
1617850 762
1617860 758
1617870 758
1617880 753
1617890 746
1617900 746
1617910 735
1617920 725
1617930 725
1617940 718
1617950 712
1617960 712
1617970 706
1617980 702
1617990 702
1618000 699
1618010 696
1618020 696
1618030 692
1618040 689
1618050 682
1618060 682
1618070 676
1618080 672
1618090 672
1618100 668
1618110 659
1618120 659
1618130 650
1618140 643
1618150 643
1618160 637
1618170 632
1618180 632
1618190 627
1618200 621
1618210 621
1618220 619
1618230 618
1618240 617
1618250 617
1618260 616
1618270 617
1618280 617
1618290 618
1618300 618
1618310 618
1618320 618
1618330 618
1618340 618
1618350 619
1618360 619
1618370 619
1618380 619
1618390 620
1618400 621
1618410 621
1618420 623
1618430 623
1618440 623
1618450 625
1618460 625
1618470 625
1618480 626
1618490 627
1618500 627
1618510 627
1618520 628
1618530 628
1618540 629
1618550 630
1618560 630
1618570 631
1618580 632
1618590 634
1618600 634
1618610 634
1618620 634
1618630 634
1618640 634
1618650 634
1618660 634
1618670 635
1618680 635
1618690 635
1618700 636
1618710 637
1618720 637
1618730 638
1618740 639
1618750 639
1618760 640
1618770 642
1618780 644
1618790 644
1618800 649
1618810 653
1618820 653
1618830 655
1618840 659
1618850 659
1618860 662
1618870 664
1618880 664
1618890 666
1618900 669
1618910 669
1618920 674
1618930 680
1618940 680
1618950 685
1618960 691
1618970 696
1618980 696
1618990 701
1619000 705
1619010 705
1619020 706
1619030 706
1619040 706
1619050 704
1619060 704
1619070 704
1619080 707
1619090 710
1619100 710
1619110 712
1619120 714
1619130 714
1619140 714
1619150 718
1619160 720
1619170 720
1619180 721
1619190 718
1619200 718
1619210 715
1619220 719
1619230 719
1619240 723
1619250 726
1619260 726
1619270 728
1619280 730
1619290 730
1619300 731
1619310 732
1619320 733
1619330 733
1619340 734
1619350 736
1619360 736
1619370 738
1619380 740
1619390 740
1619400 741
1619410 741
1619420 741
1619430 742
1619440 742
1619450 742
1619460 742
1619470 743
1619480 743
1619490 744
1619500 745
1619510 745
1619520 745
1619530 745
1619540 744
1619550 744
1619560 743
1619570 739
1619580 739
1619590 734
1619600 730
1619610 730
1619620 729
1619630 722
1619640 722
1619650 726
1619660 731
1619670 731
1619680 734
1619690 737
1619700 739
1619710 739
1619720 742
1619730 744
1619740 744
1619750 746
1619760 746
1619770 746
1619780 746
1619790 745
1619800 745
1619810 744
1619820 740
1619830 740
1619840 737
1619850 733
1619860 732
1619870 732
1619880 735
1619890 738
1619900 738
1619910 741
1619920 745
1619930 745
1619940 750
1619950 753
1619960 753
1619970 755
1619980 755
1619990 755
