1600000 682
1600010 680
1600020 677
1600030 677
1600040 675
1600050 672
1600060 672
1600070 670
1600080 668
1600090 668
1600100 665
1600110 664
1600120 664
1600130 662
1600140 661
1600150 661
1600160 659
1600170 658
1600180 658
1600190 657
1600200 657
1600210 656
1600220 656
1600230 654
1600240 652
1600250 652
1600260 651
1600270 651
1600280 651
1600290 651
1600300 651
1600310 651
1600320 651
1600330 651
1600340 651
1600350 652
1600360 657
1600370 657
1600380 666
1600390 667
1600400 669
1600410 669
1600420 675
1600430 679
1600440 679
1600450 686
1600460 689
1600470 689
1600480 689
1600490 692
1600500 692
1600510 696
1600520 700
1600530 700
1600540 704
1600550 708
1600560 713
1600570 713
1600580 718
1600590 720
1600600 720
1600610 722
1600620 725
1600630 725
1600640 729
1600650 734
1600660 734
1600670 738
1600680 741
1600690 741
1600700 743
1600710 745
1600720 745
1600730 747
1600740 749
1600750 751
1600760 751
1600770 754
1600780 756
1600790 756
1600800 757
1600810 757
1600820 757
1600830 755
1600840 752
1600850 752
1600860 749
1600870 746
1600880 746
1600890 742
1600900 740
1600910 740
1600920 737
1600930 736
1600940 735
1600950 735
1600960 734
1600970 734
1600980 734
1600990 734
1601000 734
1601010 734
1601020 736
1601030 737
1601040 737
1601050 737
1601060 736
1601070 736
1601080 734
1601090 732
1601100 732
1601110 730
1601120 728
1601130 726
1601140 726
1601150 724
1601160 722
1601170 722
1601180 720
1601190 717
1601200 717
1601210 715
1601220 712
1601230 712
1601240 711
1601250 710
1601260 710
1601270 709
1601280 708
1601290 707
1601300 707
1601310 706
1601320 704
1601330 704
1601340 702
1601350 698
1601360 698
1601370 695
1601380 692
1601390 692
1601400 690
1601410 688
1601420 688
1601430 685
1601440 682
1601450 682
1601460 678
1601470 677
1601480 675
1601490 675
1601500 674
1601510 673
1601520 673
1601530 671
1601540 670
1601550 670
1601560 668
1601570 667
1601580 667
1601590 667
1601600 665
1601610 665
1601620 664
1601630 661
1601640 661
1601650 659
1601660 656
1601670 653
1601680 653
1601690 651
1601700 649
1601710 649
1601720 646
1601730 642
1601740 642
1601750 639
1601760 637
1601770 637
1601780 634
1601790 632
1601800 632
1601810 629
1601820 628
1601830 628
1601840 628
1601850 628
1601860 628
1601870 628
1601880 628
1601890 629
1601900 629
1601910 630
1601920 632
1601930 632
1601940 633
1601950 635
1601960 635
1601970 637
1601980 639
1601990 639
1602000 640
1602010 641
1602020 642
1602030 642
1602040 643
1602050 645
1602060 645
1602070 647
1602080 649
1602090 649
1602100 650
1602110 652
1602120 652
1602130 654
1602140 655
1602150 655
1602160 654
1602170 651
1602180 651
1602190 648
1602200 643
1602210 639
1602220 639
1602230 634
1602240 628
1602250 628
1602260 623
1602270 621
1602280 621
1602290 619
1602300 619
1602310 619
1602320 619
1602330 618
1602340 618
1602350 618
1602360 618
1602370 618
1602380 617
1602390 617
1602400 617
1602410 617
1602420 619
1602430 624
1602440 624
1602450 630
1602460 635
1602470 635
1602480 640
1602490 645
1602500 645
1602510 649
1602520 653
1602530 653
1602540 654
1602550 658
1602560 658
1602570 662
1602580 666
1602590 670
1602600 670
1602610 672
1602620 673
1602630 673
1602640 674
1602650 674
1602660 674
1602670 673
1602680 672
1602690 672
1602700 670
1602710 668
1602720 668
1602730 665
1602740 661
1602750 657
1602760 657
1602770 652
1602780 648
1602790 648
1602800 644
1602810 641
1602820 641
1602830 639
1602840 637
1602850 637
1602860 635
1602870 634
1602880 634
1602890 633
1602900 633
1602910 633
1602920 632
1602930 631
1602940 630
1602950 630
1602960 630
1602970 630
1602980 630
1602990 628
1603000 628
1603010 628
1603020 627
1603030 625
1603040 625
1603050 623
1603060 621
1603070 621
1603080 620
1603090 618
1603100 618
1603110 616
1603120 613
1603130 610
1603140 610
1603150 608
1603160 608
1603170 608
1603180 607
1603190 606
1603200 606
1603210 606
1603220 606
1603230 606
1603240 606
1603250 606
1603260 606
1603270 606
1603280 606
1603290 606
1603300 605
1603310 605
1603320 605
1603330 605
1603340 605
1603350 604
1603360 604
1603370 604
1603380 604
1603390 604
1603400 604
1603410 604
1603420 604
1603430 603
1603440 603
1603450 603
1603460 603
1603470 603
1603480 603
1603490 603
1603500 603
1603510 603
1603520 603
1603530 603
1603540 603
1603550 603
1603560 603
1603570 603
1603580 603
1603590 603
1603600 603
1603610 602
1603620 602
1603630 602
1603640 602
1603650 601
1603660 601
1603670 601
1603680 601
1603690 601
1603700 600
1603710 600
1603720 600
1603730 600
1603740 600
1603750 600
1603760 600
1603770 600
1603780 600
1603790 600
1603800 600
1603810 600
1603820 599
1603830 599
1603840 599
1603850 599
1603860 599
1603870 599
1603880 599
1603890 599
1603900 599
1603910 598
1603920 598
1603930 598
1603940 598
1603950 598
1603960 598
1603970 598
1603980 598
1603990 598
1604000 598
1604010 598
1604020 598
1604030 597
1604040 597
1604050 597
1604060 597
1604070 597
1604080 597
1604090 597
1604100 597
1604110 597
1604120 597
1604130 597
1604140 597
1604150 597
1604160 597
1604170 597
1604180 597
1604190 597
1604200 597
1604210 597
1604220 597
1604230 597
1604240 596
1604250 596
1604260 597
1604270 597
1604280 597
1604290 597
1604300 597
1604310 597
1604320 597
1604330 597
1604340 597
1604350 596
1604360 596
1604370 596
1604380 596
1604390 596
1604400 596
1604410 596
1604420 596
1604430 596
1604440 596
1604450 594
1604460 594
1604470 594
1604480 594
1604490 594
1604500 594
1604510 595
1604520 595
1604530 595
1604540 595
1604550 595
1604560 595
1604570 595
1604580 596
1604590 596
1604600 596
1604610 596
1604620 596
1604630 596
1604640 596
1604650 595
1604660 595
1604670 594
1604680 594
1604690 594
1604700 594
1604710 594
1604720 594
1604730 594
1604740 593
1604750 593
1604760 592
1604770 593
1604780 593
1604790 593
1604800 592
1604810 592
1604820 592
1604830 592
1604840 591
1604850 591
1604860 591
1604870 591
1604880 591
1604890 591
1604900 591
1604910 591
1604920 591
1604930 590
1604940 590
1604950 590
1604960 590
1604970 590
1604980 590
1604990 590
1605000 590
1605010 590
1605020 590
1605030 589
1605040 589
1605050 589
1605060 589
1605070 589
1605080 589
1605090 589
1605100 589
1605110 589
1605120 589
1605130 589
1605140 589
1605150 589
1605160 589
1605170 589
1605180 588
1605190 589
1605200 589
1605210 589
1605220 589
1605230 589
1605240 588
1605250 588
1605260 588
1605270 588
1605280 588
1605290 588
1605300 588
1605310 588
1605320 588
1605330 588
1605340 588
1605350 588
1605360 588
1605370 588
1605380 588
1605390 588
1605400 587
1605410 587
1605420 587
1605430 588
1605440 588
1605450 588
1605460 588
1605470 588
1605480 588
1605490 588
1605500 588
1605510 587
1605520 587
1605530 587
1605540 587
1605550 587
1605560 587
1605570 587
1605580 587
1605590 587
1605600 587
1605610 587
1605620 587
1605630 587
1605640 587
1605650 587
1605660 587
1605670 587
1605680 587
1605690 587
1605700 587
1605710 587
1605720 587
1605730 587
1605740 587
1605750 587
1605760 587
1605770 587
1605780 587
1605790 587
1605800 587
1605810 587
1605820 587
1605830 587
1605840 587
1605850 587
1605860 587
1605870 587
1605880 587
1605890 587
1605900 587
1605910 587
1605920 587
1605930 587
1605940 587
1605950 587
1605960 587
1605970 587
1605980 586
1605990 586
1606000 586
1606010 586
1606020 586
1606030 586
1606040 586
1606050 585
1606060 585
1606070 585
1606080 585
1606090 585
1606100 585
1606110 585
1606120 585
1606130 585
1606140 585
1606150 585
1606160 585
1606170 585
1606180 585
1606190 585
1606200 585
1606210 585
1606220 585
1606230 585
1606240 585
1606250 585
1606260 584
1606270 584
1606280 584
1606290 584
1606300 584
1606310 584
1606320 584
1606330 583
1606340 583
1606350 583
1606360 583
1606370 583
1606380 582
1606390 582
1606400 582
1606410 582
1606420 581
1606430 581
1606440 581
1606450 581
1606460 578
1606470 578
1606480 576
1606490 574
1606500 574
1606510 571
1606520 569
1606530 569
1606540 567
1606550 567
1606560 567
1606570 568
1606580 569
1606590 569
1606600 569
1606610 569
1606620 569
1606630 569
1606640 569
1606650 569
1606660 569
1606670 569
1606680 569
1606690 569
1606700 570
1606710 572
1606720 572
1606730 573
1606740 576
1606750 575
1606760 578
1606770 580
1606780 582
1606790 582
1606800 583
1606810 585
1606820 585
1606830 586
1606840 588
1606850 588
1606860 589
1606870 589
1606880 589
1606890 590
1606900 590
1606910 590
1606920 590
1606930 590
1606940 590
1606950 590
1606960 590
1606970 590
1606980 590
1606990 589
1607000 589
1607010 589
1607020 589
1607030 589
1607040 589
1607050 589
1607060 589
1607070 589
1607080 589
1607090 589
1607100 589
1607110 589
1607120 589
1607130 589
1607140 589
1607150 589
1607160 589
1607170 589
1607180 589
1607190 589
1607200 589
1607210 589
1607220 589
1607230 589
1607240 589
1607250 589
1607260 589
1607270 589
1607280 588
1607290 588
1607300 588
1607310 588
1607320 588
1607330 588
1607340 588
1607350 588
1607360 588
1607370 588
1607380 589
1607390 589
1607400 589
1607410 588
1607420 588
1607430 588
1607440 588
1607450 588
1607460 588
1607470 588
1607480 588
1607490 588
1607500 587
1607510 587
1607520 587
1607530 587
1607540 587
1607550 587
1607560 587
1607570 587
1607580 587
1607590 587
1607600 587
1607610 587
1607620 587
1607630 588
1607640 588
1607650 589
1607660 589
1607670 589
1607680 589
1607690 588
1607700 588
1607710 588
1607720 589
1607730 589
1607740 589
1607750 589
1607760 589
1607770 589
1607780 589
1607790 589
1607800 589
1607810 589
1607820 589
1607830 589
1607840 589
1607850 589
1607860 589
1607870 589
1607880 588
1607890 588
1607900 588
1607910 588
1607920 587
1607930 587
1607940 587
1607950 586
1607960 586
1607970 586
1607980 586
1607990 586
1608000 586
1608010 586
1608020 586
1608030 586
1608040 586
1608050 586
1608060 586
1608070 587
1608080 587
1608090 587
1608100 587
1608110 587
1608120 587
1608130 587
1608140 587
1608150 587
1608160 588
1608170 589
1608180 589
1608190 590
1608200 591
1608210 591
1608220 590
1608230 590
1608240 590
1608250 590
1608260 590
1608270 590
1608280 590
1608290 590
1608300 590
1608310 590
1608320 590
1608330 591
1608340 591
1608350 591
1608360 592
1608370 592
1608380 591
1608390 590
1608400 590
1608410 590
1608420 590
1608430 590
1608440 590
1608450 591
1608460 591
1608470 591
1608480 591
1608490 591
1608500 591
1608510 591
1608520 591
1608530 591
1608540 592
1608550 592
1608560 592
1608570 593
1608580 597
1608590 597
1608600 599
1608610 599
1608620 600
1608630 600
1608640 600
1608650 600
1608660 600
1608670 600
1608680 600
1608690 600
1608700 600
1608710 600
1608720 600
1608730 600
1608740 600
1608750 600
1608760 600
1608770 600
1608780 600
1608790 600
1608800 600
1608810 600
1608820 600
1608830 600
1608840 600
1608850 600
1608860 600
1608870 600
1608880 600
1608890 600
1608900 600
1608910 600
1608920 600
1608930 600
1608940 600
1608950 600
1608960 600
1608970 600
1608980 600
1608990 599
1609000 599
1609010 599
1609020 599
1609030 600
1609040 600
1609050 600
1609060 599
1609070 599
1609080 599
1609090 599
1609100 599
1609110 599
1609120 599
1609130 599
1609140 599
1609150 599
1609160 599
1609170 599
1609180 599
1609190 599
1609200 599
1609210 599
1609220 599
1609230 599
1609240 599
1609250 599
1609260 599
1609270 599
1609280 599
1609290 599
1609300 599
1609310 599
1609320 599
1609330 599
1609340 599
1609350 600
1609360 600
1609370 600
1609380 600
1609390 600
1609400 600
1609410 600
1609420 600
1609430 600
1609440 599
1609450 599
1609460 599
1609470 599
1609480 599
1609490 599
1609500 599
1609510 599
1609520 599
1609530 599
1609540 599
1609550 599
1609560 598
1609570 598
1609580 598
1609590 598
1609600 598
1609610 598
1609620 599
1609630 599
1609640 599
1609650 599
1609660 599
1609670 599
1609680 599
1609690 599
1609700 599
1609710 599
1609720 599
1609730 599
1609740 599
1609750 599
1609760 599
1609770 599
1609780 599
1609790 599
1609800 599
1609810 599
1609820 599
1609830 599
1609840 599
1609850 599
1609860 599
1609870 599
1609880 599
1609890 599
1609900 599
1609910 600
1609920 600
1609930 600
1609940 600
1609950 600
1609960 600
1609970 600
1609980 600
1609990 600
1610000 600
1610010 600
1610020 600
1610030 600
1610040 600
1610050 600
1610060 600
1610070 600
1610080 600
1610090 600
1610100 600
1610110 600
1610120 600
1610130 600
1610140 600
1610150 600
1610160 600
1610170 600
1610180 600
1610190 600
1610200 600
1610210 600
1610220 600
1610230 600
1610240 600
1610250 600
1610260 600
1610270 600
1610280 600
1610290 599
1610300 599
1610310 599
1610320 599
1610330 599
1610340 599
1610350 599
1610360 599
1610370 599
1610380 599
1610390 599
1610400 599
1610410 599
1610420 599
1610430 599
1610440 599
1610450 600
1610460 600
1610470 600
1610480 600
1610490 600
1610500 600
1610510 600
1610520 600
1610530 600
1610540 600
1610550 600
1610560 600
1610570 600
1610580 600
1610590 600
1610600 600
1610610 600
1610620 600
1610630 600
1610640 600
1610650 600
1610660 600
1610670 600
1610680 600
1610690 600
1610700 600
1610710 600
1610720 600
1610730 600
1610740 600
1610750 600
1610760 600
1610770 600
1610780 600
1610790 600
1610800 600
1610810 600
1610820 600
1610830 601
1610840 603
1610850 603
1610860 605
1610870 605
1610880 605
1610890 606
1610900 606
1610910 606
1610920 608
1610930 610
1610940 610
1610950 611
1610960 612
1610970 612
1610980 613
1610990 615
1611000 617
1611010 617
1611020 619
1611030 621
1611040 621
1611050 622
1611060 624
1611070 624
1611080 626
1611090 628
1611100 628
1611110 629
1611120 631
1611130 631
1611140 633
1611150 634
1611160 634
1611170 636
1611180 637
1611190 639
1611200 639
1611210 640
1611220 641
1611230 641
1611240 642
1611250 643
1611260 643
1611270 644
1611280 645
1611290 645
1611300 646
1611310 647
1611320 647
1611330 648
1611340 649
1611350 650
1611360 650
1611370 651
1611380 651
1611390 651
1611400 652
1611410 652
1611420 652
1611430 651
1611440 650
1611450 650
1611460 648
1611470 646
1611480 646
1611490 645
1611500 644
1611510 644
1611520 643
1611530 642
1611540 641
1611550 641
1611560 640
1611570 639
1611580 639
1611590 638
1611600 637
1611610 637
1611620 636
1611630 635
1611640 635
1611650 634
1611660 632
1611670 632
1611680 631
1611690 630
1611700 630
1611710 628
1611720 627
1611730 625
1611740 625
1611750 624
1611760 623
1611770 623
1611780 622
1611790 620
1611800 620
1611810 618
1611820 617
1611830 617
1611840 616
1611850 615
1611860 615
1611870 614
1611880 613
1611890 613
1611900 612
1611910 611
1611920 611
1611930 611
1611940 610
1611950 609
1611960 609
1611970 609
1611980 609
1611990 609
1612000 609
1612010 609
1612020 609
1612030 608
1612040 608
1612050 608
1612060 608
1612070 608
1612080 609
1612090 609
1612100 609
1612110 609
1612120 609
1612130 609
1612140 610
1612150 610
1612160 610
1612170 611
1612180 611
1612190 611
1612200 611
1612210 611
1612220 612
1612230 612
1612240 612
1612250 612
1612260 612
1612270 613
1612280 613
1612290 613
1612300 612
1612310 612
1612320 612
1612330 612
1612340 612
1612350 612
1612360 611
1612370 611
1612380 611
1612390 610
1612400 610
1612410 610
1612420 609
1612430 609
1612440 609
1612450 608
1612460 608
1612470 608
1612480 607
1612490 606
1612500 606
1612510 606
1612520 605
1612530 605
1612540 605
1612550 604
1612560 604
1612570 604
1612580 603
1612590 603
1612600 604
1612610 604
1612620 604
1612630 604
1612640 605
1612650 605
1612660 605
1612670 605
1612680 606
1612690 606
1612700 607
1612710 608
1612720 608
1612730 608
1612740 609
1612750 609
1612760 610
1612770 611
1612780 611
1612790 611
1612800 612
1612810 612
1612820 612
1612830 612
1612840 612
1612850 612
1612860 612
1612870 611
1612880 611
1612890 610
1612900 610
1612910 610
1612920 609
1612930 608
1612940 608
1612950 608
1612960 607
1612970 607
1612980 607
1612990 606
1613000 605
1613010 605
1613020 604
1613030 604
1613040 604
1613050 603
1613060 603
1613070 603
1613080 603
1613090 603
1613100 603
1613110 603
1613120 602
1613130 602
1613140 601
1613150 599
1613160 599
1613170 596
1613180 595
1613190 593
1613200 593
1613210 592
1613220 592
1613230 592
1613240 589
1613250 587
1613260 587
1613270 587
1613280 587
1613290 587
1613300 586
1613310 586
1613320 586
1613330 586
1613340 586
1613350 586
1613360 586
1613370 586
1613380 586
1613390 586
1613400 586
1613410 586
1613420 586
1613430 586
1613440 587
1613450 587
1613460 587
1613470 587
1613480 587
1613490 587
1613500 587
1613510 587
1613520 587
1613530 586
1613540 586
1613550 586
1613560 586
1613570 587
1613580 587
1613590 587
1613600 588
1613610 588
1613620 588
1613630 589
1613640 589
1613650 590
1613660 591
1613670 591
1613680 593
1613690 594
1613700 594
1613710 596
1613720 600
1613730 604
1613740 604
1613750 605
1613760 606
1613770 606
1613780 608
1613790 611
1613800 611
1613810 613
1613820 613
1613830 613
1613840 615
1613850 617
1613860 617
1613870 620
1613880 622
1613890 622
1613900 624
1613910 625
1613920 627
1613930 627
1613940 629
1613950 631
1613960 631
1613970 633
1613980 636
1613990 636
1614000 638
1614010 641
1614020 641
1614030 643
1614040 645
1614050 645
1614060 647
1614070 648
1614080 648
1614090 650
1614100 652
1614110 653
1614120 653
1614130 654
1614140 655
1614150 655
1614160 657
1614170 659
1614180 659
1614190 660
1614200 661
1614210 661
1614220 662
1614230 663
1614240 663
1614250 665
1614260 666
1614270 666
1614280 667
1614290 668
1614300 669
1614310 669
1614320 670
1614330 670
1614340 670
1614350 671
1614360 672
1614370 672
1614380 673
1614390 674
1614400 674
1614410 674
1614420 675
1614430 675
1614440 676
1614450 677
1614460 678
1614470 678
1614480 679
1614490 679
1614500 679
1614510 680
1614520 681
1614530 681
1614540 681
1614550 681
1614560 681
1614570 680
1614580 680
1614590 680
1614600 680
1614610 680
1614620 680
1614630 679
1614640 677
1614650 674
1614660 674
1614670 671
1614680 669
1614690 669
1614700 668
1614710 667
1614720 667
1614730 666
1614740 665
1614750 665
1614760 666
1614770 665
1614780 665
1614790 664
1614800 663
1614810 663
1614820 663
1614830 663
1614840 663
1614850 663
1614860 663
1614870 663
1614880 663
1614890 664
1614900 665
1614910 665
1614920 666
1614930 667
1614940 667
1614950 668
1614960 669
1614970 669
1614980 669
1614990 670
1615000 670
1615010 670
1615020 670
1615030 671
1615040 671
1615050 671
1615060 671
1615070 671
1615080 672
1615090 672
1615100 672
1615110 672
1615120 673
1615130 673
1615140 673
1615150 673
1615160 673
1615170 673
1615180 672
1615190 672
1615200 672
1615210 673
1615220 673
1615230 673
1615240 673
1615250 673
1615260 673
1615270 674
1615280 674
1615290 674
1615300 675
1615310 676
1615320 676
1615330 676
1615340 676
1615350 676
1615360 675
1615370 674
1615380 673
1615390 673
1615400 670
1615410 670
1615420 670
1615430 671
1615440 671
1615450 671
1615460 673
1615470 673
1615480 673
1615490 675
1615500 676
1615510 676
1615520 677
1615530 678
1615540 678
1615550 679
1615560 680
1615570 680
1615580 680
1615590 682
1615600 683
1615610 683
1615620 683
1615630 684
1615640 684
1615650 685
1615660 687
1615670 687
1615680 689
1615690 692
1615700 692
1615710 694
1615720 692
1615730 692
1615740 693
1615750 694
1615760 695
1615770 695
1615780 695
1615790 695
1615800 695
1615810 696
1615820 696
1615830 696
1615840 697
1615850 698
1615860 698
1615870 699
1615880 700
1615890 700
1615900 702
1615910 702
1615920 702
1615930 704
1615940 705
1615950 707
1615960 707
1615970 709
1615980 710
1615990 710
1616000 711
1616010 713
1616020 713
1616030 714
1616040 716
1616050 716
1616060 720
1616070 722
1616080 722
1616090 724
1616100 727
1616110 729
1616120 729
1616130 732
1616140 735
1616150 735
1616160 737
1616170 740
1616180 740
1616190 741
1616200 744
1616210 744
1616220 746
1616230 747
1616240 747
1616250 748
1616260 750
1616270 750
1616280 753
1616290 756
1616300 758
1616310 758
1616320 761
1616330 763
1616340 763
1616350 766
1616360 768
1616370 768
1616380 770
1616390 771
1616400 771
1616410 773
1616420 774
1616430 774
1616440 776
1616450 777
1616460 777
1616470 778
1616480 780
1616490 783
1616500 783
1616510 785
1616520 788
1616530 788
1616540 791
1616550 794
1616560 794
1616570 797
1616580 801
1616590 801
1616600 804
1616610 806
1616620 806
1616630 809
1616640 812
1616650 812
1616660 814
1616670 815
1616680 814
1616690 814
1616700 815
1616710 816
1616720 816
1616730 816
1616740 817
1616750 817
1616760 817
1616770 818
1616780 818
1616790 818
1616800 813
1616810 813
1616820 809
1616830 805
1616840 798
1616850 798
1616860 797
1616870 797
1616880 797
1616890 797
1616900 797
1616910 797
1616920 797
1616930 797
1616940 797
1616950 800
1616960 800
1616970 800
1616980 800
1616990 802
1617000 802
1617010 802
1617020 797
1617030 797
1617040 797
1617050 797
1617060 796
1617070 796
1617080 798
1617090 802
1617100 802
1617110 806
1617120 808
1617130 808
1617140 807
1617150 807
1617160 807
1617170 807
1617180 806
1617190 806
1617200 807
1617210 807
1617220 807
1617230 807
1617240 806
1617250 805
1617260 805
1617270 807
1617280 807
1617290 807
1617300 806
1617310 804
1617320 804
1617330 800
1617340 795
1617350 795
1617360 791
1617370 787
1617380 787
1617390 783
1617400 780
1617410 777
1617420 777
1617430 772
1617440 768
1617450 768
1617460 763
1617470 758
1617480 758
1617490 753
1617500 748
1617510 748
1617520 743
1617530 736
1617540 736
1617550 731
1617560 724
1617570 724
1617580 716
1617590 710
1617600 704
1617610 704
1617620 697
1617630 686
1617640 682
1617650 673
1617660 669
1617670 669
1617680 666
1617690 666
1617700 666
1617710 664
1617720 659
1617730 659
1617740 655
1617750 649
1617760 645
1617770 645
1617780 642
1617790 639
1617800 639
1617810 638
1617820 635
1617830 635
1617840 634
1617850 634
1617860 634
1617870 634
1617880 634
1617890 634
1617900 630
1617910 629
1617920 629
1617930 629
1617940 629
1617950 629
1617960 629
1617970 629
1617980 628
1617990 628
1618000 628
1618010 628
1618020 628
1618030 628
1618040 628
1618050 628
1618060 627
1618070 628
1618080 628
1618090 628
1618100 628
1618110 628
1618120 628
1618130 629
1618140 629
1618150 629
1618160 632
1618170 634
1618180 634
1618190 635
1618200 638
1618210 638
1618220 640
1618230 641
1618240 641
1618250 642
1618260 642
1618270 642
1618280 643
1618290 644
1618300 644
1618310 646
1618320 647
1618330 648
1618340 648
1618350 649
1618360 650
1618370 650
1618380 652
1618390 653
1618400 653
1618410 655
1618420 656
1618430 656
1618440 658
1618450 660
1618460 660
1618470 663
1618480 667
1618490 672
1618500 672
1618510 675
1618520 678
1618530 678
1618540 681
1618550 684
1618560 684
1618570 686
1618580 688
1618590 688
1618600 691
1618610 694
1618620 694
1618630 697
1618640 699
1618650 699
1618660 703
1618670 706
1618680 709
1618690 709
1618700 712
1618710 715
1618720 715
1618730 718
1618740 721
1618750 721
1618760 725
1618770 728
1618780 728
1618790 730
1618800 733
1618810 733
1618820 736
1618830 739
1618840 739
1618850 742
1618860 745
1618870 749
1618880 749
1618890 752
1618900 756
1618910 756
1618920 759
1618930 762
1618940 762
1618950 766
1618960 769
1618970 769
1618980 773
1618990 777
1619000 777
1619010 780
1619020 784
1619030 784
1619040 787
1619050 791
1619060 795
1619070 795
1619080 797
1619090 801
1619100 801
1619110 806
1619120 808
1619130 808
1619140 810
1619150 814
1619160 814
1619170 816
1619180 820
1619190 820
1619200 824
1619210 827
1619220 830
1619230 830
1619240 834
1619250 838
1619260 838
1619270 841
1619280 844
1619290 844
1619300 849
1619310 853
1619320 853
1619330 855
1619340 858
1619350 858
1619360 860
1619370 863
1619380 863
1619390 866
1619400 868
1619410 871
1619420 871
1619430 875
1619440 880
1619450 880
1619460 885
1619470 890
1619480 890
1619490 895
1619500 899
1619510 899
1619520 903
1619530 907
1619540 907
1619550 911
1619560 914
1619570 914
1619580 917
1619590 921
1619600 924
1619610 924
1619620 928
1619630 931
1619640 931
1619650 934
1619660 937
1619670 937
1619680 940
1619690 943
1619700 943
1619710 945
1619720 946
1619730 946
1619740 948
1619750 950
1619760 950
1619770 951
1619780 953
1619790 954
1619800 954
1619810 955
1619820 957
1619830 957
1619840 959
1619850 960
1619860 960
1619870 961
1619880 962
1619890 962
1619900 962
1619910 963
1619920 963
1619930 963
1619940 963
1619950 963
1619960 964
1619970 964
1619980 965
1619990 965
