1600000 658
1600010 661
1600020 661
1600030 666
1600040 669
1600050 669
1600060 670
1600070 673
1600080 673
1600090 677
1600100 681
1600110 681
1600120 686
1600130 693
1600140 693
1600150 700
1600160 707
1600170 712
1600180 712
1600190 714
1600200 715
1600210 715
1600220 714
1600230 713
1600240 713
1600250 715
1600260 714
1600270 714
1600280 713
1600290 713
1600300 713
1600310 713
1600320 713
1600330 714
1600340 714
1600350 716
1600360 717
1600370 717
1600380 719
1600390 721
1600400 721
1600410 724
1600420 727
1600430 727
1600440 731
1600450 733
1600460 733
1600470 736
1600480 738
1600490 738
1600500 739
1600510 740
1600520 741
1600530 741
1600540 742
1600550 744
1600560 744
1600570 745
1600580 746
1600590 746
1600600 746
1600610 746
1600620 746
1600630 746
1600640 746
1600650 746
1600660 746
1600670 746
1600680 746
1600690 745
1600700 745
1600710 745
1600720 745
1600730 744
1600740 744
1600750 744
1600760 743
1600770 743
1600780 743
1600790 743
1600800 742
1600810 742
1600820 742
1600830 742
1600840 742
1600850 742
1600860 741
1600870 741
1600880 740
1600890 740
1600900 739
1600910 739
1600920 739
1600930 739
1600940 739
1600950 738
1600960 737
1600970 737
1600980 736
1600990 735
1601000 735
1601010 734
1601020 732
1601030 732
1601040 730
1601050 727
1601060 727
1601070 725
1601080 722
1601090 719
1601100 719
1601110 716
1601120 713
1601130 713
1601140 709
1601150 705
1601160 705
1601170 701
1601180 698
1601190 698
1601200 695
1601210 692
1601220 692
1601230 689
1601240 686
1601250 683
1601260 683
1601270 680
1601280 677
1601290 677
1601300 674
1601310 671
1601320 671
1601330 669
1601340 664
1601350 664
1601360 662
1601370 660
1601380 660
1601390 658
1601400 655
1601410 655
1601420 652
1601430 650
1601440 647
1601450 647
1601460 645
1601470 643
1601480 643
1601490 640
1601500 638
1601510 638
1601520 636
1601530 635
1601540 635
1601550 636
1601560 636
1601570 636
1601580 636
1601590 636
1601600 636
1601610 636
1601620 638
1601630 642
1601640 642
1601650 647
1601660 652
1601670 652
1601680 656
1601690 659
1601700 659
1601710 664
1601720 669
1601730 669
1601740 674
1601750 679
1601760 679
1601770 684
1601780 690
1601790 690
1601800 694
1601810 698
1601820 701
1601830 701
1601840 704
1601850 706
1601860 706
1601870 708
1601880 709
1601890 709
1601900 709
1601910 709
1601920 709
1601930 709
1601940 708
1601950 708
1601960 707
1601970 705
1601980 703
1601990 703
1602000 699
1602010 695
1602020 695
1602030 691
1602040 687
1602050 687
1602060 684
1602070 681
1602080 681
1602090 678
1602100 675
1602110 675
1602120 672
1602130 669
1602140 669
1602150 666
1602160 663
1602170 660
1602180 660
1602190 658
1602200 654
1602210 654
1602220 648
1602230 649
1602240 649
1602250 654
1602260 659
1602270 659
1602280 662
1602290 667
1602300 667
1602310 672
1602320 676
1602330 676
1602340 681
1602350 686
1602360 689
1602370 689
1602380 691
1602390 687
1602400 687
1602410 683
1602420 684
1602430 684
1602440 680
1602450 676
1602460 676
1602470 672
1602480 667
1602490 667
1602500 664
1602510 659
1602520 659
1602530 653
1602540 648
1602550 642
1602560 642
1602570 637
1602580 632
1602590 632
1602600 627
1602610 622
1602620 622
1602630 620
1602640 618
1602650 618
1602660 618
1602670 618
1602680 618
1602690 617
1602700 617
1602710 616
1602720 616
1602730 617
1602740 617
1602750 617
1602760 617
1602770 617
1602780 617
1602790 618
1602800 618
1602810 618
1602820 619
1602830 620
1602840 620
1602850 621
1602860 620
1602870 620
1602880 620
1602890 621
1602900 627
1602910 627
1602920 634
1602930 639
1602940 639
1602950 645
1602960 648
1602970 648
1602980 647
1602990 646
1603000 646
1603010 645
1603020 644
1603030 644
1603040 644
1603050 644
1603060 644
1603070 644
1603080 644
1603090 645
1603100 645
1603110 644
1603120 644
1603130 644
1603140 645
1603150 646
1603160 646
1603170 646
1603180 647
1603190 647
1603200 647
1603210 647
1603220 647
1603230 647
1603240 647
1603250 647
1603260 647
1603270 646
1603280 645
1603290 645
1603300 644
1603310 643
1603320 643
1603330 643
1603340 642
1603350 642
1603360 640
1603370 637
1603380 637
1603390 636
1603400 635
1603410 635
1603420 634
1603430 633
1603440 633
1603450 631
1603460 628
1603470 626
1603480 630
1603490 629
1603500 627
1603510 627
1603520 626
1603530 625
1603540 625
1603550 624
1603560 623
1603570 623
1603580 620
1603590 618
1603600 618
1603610 616
1603620 614
1603630 612
1603640 612
1603650 611
1603660 610
1603670 610
1603680 608
1603690 608
1603700 608
1603710 607
1603720 607
1603730 607
1603740 607
1603750 607
1603760 607
1603770 606
1603780 606
1603790 606
1603800 605
1603810 605
1603820 605
1603830 605
1603840 605
1603850 605
1603860 605
1603870 604
1603880 604
1603890 604
1603900 604
1603910 604
1603920 604
1603930 604
1603940 605
1603950 605
1603960 605
1603970 605
1603980 605
1603990 606
1604000 606
1604010 606
1604020 606
1604030 607
1604040 607
1604050 607
1604060 607
1604070 607
1604080 607
1604090 607
1604100 607
1604110 607
1604120 607
1604130 606
1604140 606
1604150 606
1604160 606
1604170 606
1604180 605
1604190 605
1604200 604
1604210 604
1604220 604
1604230 604
1604240 604
1604250 604
1604260 604
1604270 604
1604280 604
1604290 604
1604300 604
1604310 604
1604320 604
1604330 604
1604340 604
1604350 605
1604360 605
1604370 605
1604380 605
1604390 606
1604400 606
1604410 606
1604420 606
1604430 606
1604440 606
1604450 606
1604460 606
1604470 606
1604480 606
1604490 606
1604500 607
1604510 607
1604520 607
1604530 608
1604540 609
1604550 610
1604560 610
1604570 611
1604580 612
1604590 612
1604600 613
1604610 613
1604620 613
1604630 614
1604640 614
1604650 614
1604660 614
1604670 614
1604680 614
1604690 615
1604700 615
1604710 615
1604720 616
1604730 616
1604740 617
1604750 617
1604760 618
1604770 620
1604780 620
1604790 622
1604800 623
1604810 623
1604820 624
1604830 625
1604840 625
1604850 625
1604860 626
1604870 626
1604880 626
1604890 626
1604900 626
1604910 626
1604920 626
1604930 626
1604940 626
1604950 625
1604960 624
1604970 624
1604980 624
1604990 624
1605000 624
1605010 625
1605020 626
1605030 626
1605040 626
1605050 625
1605060 625
1605070 624
1605080 623
1605090 623
1605100 623
1605110 622
1605120 623
1605130 623
1605140 623
1605150 623
1605160 623
1605170 624
1605180 624
1605190 624
1605200 624
1605210 624
1605220 624
1605230 624
1605240 624
1605250 624
1605260 623
1605270 622
1605280 622
1605290 622
1605300 621
1605310 620
1605320 620
1605330 620
1605340 619
1605350 619
1605360 619
1605370 618
1605380 618
1605390 617
1605400 616
1605410 616
1605420 616
1605430 615
1605440 615
1605450 614
1605460 614
1605470 614
1605480 614
1605490 612
1605500 611
1605510 611
1605520 609
1605530 606
1605540 606
1605550 603
1605560 600
1605570 600
1605580 597
1605590 597
1605600 597
1605610 597
1605620 596
1605630 596
1605640 595
1605650 595
1605660 594
1605670 594
1605680 594
1605690 593
1605700 593
1605710 593
1605720 593
1605730 593
1605740 593
1605750 593
1605760 593
1605770 593
1605780 593
1605790 593
1605800 593
1605810 593
1605820 593
1605830 592
1605840 592
1605850 591
1605860 591
1605870 591
1605880 591
1605890 591
1605900 590
1605910 590
1605920 590
1605930 590
1605940 590
1605950 590
1605960 590
1605970 589
1605980 589
1605990 589
1606000 589
1606010 589
1606020 589
1606030 589
1606040 589
1606050 589
1606060 588
1606070 588
1606080 588
1606090 588
1606100 588
1606110 588
1606120 587
1606130 586
1606140 586
1606150 586
1606160 586
1606170 586
1606180 586
1606190 585
1606200 585
1606210 585
1606220 585
1606230 585
1606240 585
1606250 585
1606260 585
1606270 585
1606280 585
1606290 585
1606300 585
1606310 585
1606320 585
1606330 585
1606340 584
1606350 584
1606360 584
1606370 584
1606380 584
1606390 583
1606400 583
1606410 583
1606420 583
1606430 583
1606440 583
1606450 582
1606460 582
1606470 582
1606480 582
1606490 582
1606500 581
1606510 579
1606520 579
1606530 577
1606540 576
1606550 576
1606560 574
1606570 572
1606580 571
1606590 571
1606600 570
1606610 570
1606620 570
1606630 569
1606640 569
1606650 569
1606660 569
1606670 569
1606680 569
1606690 568
1606700 567
1606710 567
1606720 568
1606730 569
1606740 570
1606750 570
1606760 569
1606770 570
1606780 570
1606790 570
1606800 571
1606810 571
1606820 573
1606830 575
1606840 575
1606850 577
1606860 580
1606870 580
1606880 583
1606890 585
1606900 585
1606910 587
1606920 589
1606930 590
1606940 590
1606950 590
1606960 590
1606970 590
1606980 590
1606990 590
1607000 590
1607010 590
1607020 590
1607030 590
1607040 590
1607050 590
1607060 590
1607070 590
1607080 590
1607090 590
1607100 590
1607110 590
1607120 590
1607130 590
1607140 590
1607150 591
1607160 591
1607170 591
1607180 590
1607190 590
1607200 590
1607210 590
1607220 590
1607230 590
1607240 590
1607250 590
1607260 590
1607270 589
1607280 589
1607290 589
1607300 589
1607310 589
1607320 589
1607330 590
1607340 590
1607350 590
1607360 590
1607370 590
1607380 590
1607390 590
1607400 590
1607410 590
1607420 589
1607430 589
1607440 589
1607450 589
1607460 589
1607470 589
1607480 589
1607490 589
1607500 589
1607510 589
1607520 589
1607530 589
1607540 589
1607550 590
1607560 590
1607570 590
1607580 590
1607590 590
1607600 590
1607610 591
1607620 591
1607630 591
1607640 590
1607650 591
1607660 591
1607670 591
1607680 591
1607690 591
1607700 591
1607710 591
1607720 591
1607730 591
1607740 591
1607750 591
1607760 591
1607770 591
1607780 591
1607790 591
1607800 591
1607810 591
1607820 591
1607830 591
1607840 590
1607850 590
1607860 590
1607870 590
1607880 590
1607890 590
1607900 590
1607910 590
1607920 590
1607930 590
1607940 590
1607950 590
1607960 589
1607970 589
1607980 589
1607990 588
1608000 588
1608010 588
1608020 588
1608030 587
1608040 587
1608050 587
1608060 587
1608070 587
1608080 587
1608090 587
1608100 587
1608110 587
1608120 587
1608130 587
1608140 587
1608150 587
1608160 587
1608170 587
1608180 587
1608190 588
1608200 588
1608210 588
1608220 588
1608230 588
1608240 588
1608250 588
1608260 589
1608270 589
1608280 589
1608290 589
1608300 589
1608310 589
1608320 590
1608330 590
1608340 592
1608350 593
1608360 593
1608370 594
1608380 593
1608390 593
1608400 593
1608410 593
1608420 593
1608430 593
1608440 594
1608450 594
1608460 594
1608470 596
1608480 598
1608490 598
1608500 601
1608510 602
1608520 602
1608530 602
1608540 602
1608550 602
1608560 602
1608570 602
1608580 602
1608590 602
1608600 602
1608610 603
1608620 603
1608630 603
1608640 602
1608650 602
1608660 602
1608670 602
1608680 602
1608690 602
1608700 602
1608710 602
1608720 602
1608730 602
1608740 602
1608750 602
1608760 601
1608770 601
1608780 601
1608790 601
1608800 601
1608810 601
1608820 601
1608830 601
1608840 601
1608850 601
1608860 601
1608870 601
1608880 601
1608890 601
1608900 601
1608910 601
1608920 601
1608930 601
1608940 601
1608950 601
1608960 601
1608970 601
1608980 601
1608990 601
1609000 601
1609010 601
1609020 601
1609030 601
1609040 601
1609050 601
1609060 601
1609070 601
1609080 601
1609090 601
1609100 601
1609110 600
1609120 600
1609130 600
1609140 600
1609150 600
1609160 600
1609170 601
1609180 601
1609190 601
1609200 601
1609210 601
1609220 601
1609230 600
1609240 600
1609250 600
1609260 600
1609270 600
1609280 600
1609290 600
1609300 600
1609310 600
1609320 600
1609330 601
1609340 601
1609350 601
1609360 601
1609370 601
1609380 601
1609390 601
1609400 601
1609410 601
1609420 601
1609430 601
1609440 601
1609450 601
1609460 601
1609470 601
1609480 601
1609490 601
1609500 601
1609510 601
1609520 601
1609530 601
1609540 601
1609550 601
1609560 601
1609570 601
1609580 601
1609590 601
1609600 601
1609610 601
1609620 601
1609630 601
1609640 601
1609650 601
1609660 601
1609670 601
1609680 601
1609690 601
1609700 601
1609710 601
1609720 601
1609730 601
1609740 601
1609750 601
1609760 601
1609770 601
1609780 601
1609790 601
1609800 601
1609810 601
1609820 601
1609830 600
1609840 600
1609850 600
1609860 600
1609870 600
1609880 600
1609890 600
1609900 600
1609910 600
1609920 600
1609930 600
1609940 600
1609950 600
1609960 600
1609970 600
1609980 600
1609990 600
1610000 601
1610010 601
1610020 602
1610030 601
1610040 601
1610050 601
1610060 600
1610070 600
1610080 600
1610090 600
1610100 600
1610110 600
1610120 600
1610130 600
1610140 600
1610150 600
1610160 601
1610170 601
1610180 601
1610190 601
1610200 601
1610210 601
1610220 600
1610230 600
1610240 600
1610250 600
1610260 600
1610270 600
1610280 600
1610290 600
1610300 600
1610310 599
1610320 599
1610330 599
1610340 599
1610350 600
1610360 600
1610370 600
1610380 600
1610390 600
1610400 601
1610410 601
1610420 600
1610430 600
1610440 600
1610450 600
1610460 600
1610470 600
1610480 601
1610490 601
1610500 601
1610510 601
1610520 601
1610530 601
1610540 601
1610550 601
1610560 601
1610570 601
1610580 601
1610590 601
1610600 601
1610610 601
1610620 601
1610630 602
1610640 602
1610650 602
1610660 602
1610670 602
1610680 602
1610690 602
1610700 603
1610710 603
1610720 603
1610730 604
1610740 604
1610750 604
1610760 604
1610770 605
1610780 605
1610790 606
1610800 607
1610810 607
1610820 609
1610830 610
1610840 610
1610850 611
1610860 613
1610870 613
1610880 615
1610890 616
1610900 616
1610910 618
1610920 619
1610930 619
1610940 621
1610950 623
1610960 624
1610970 624
1610980 626
1610990 628
1611000 628
1611010 629
1611020 631
1611030 631
1611040 632
1611050 634
1611060 634
1611070 636
1611080 638
1611090 638
1611100 639
1611110 641
1611120 641
1611130 643
1611140 645
1611150 647
1611160 647
1611170 649
1611180 651
1611190 651
1611200 654
1611210 655
1611220 655
1611230 657
1611240 658
1611250 658
1611260 660
1611270 662
1611280 662
1611290 663
1611300 665
1611310 665
1611320 667
1611330 668
1611340 670
1611350 670
1611360 672
1611370 674
1611380 674
1611390 676
1611400 678
1611410 678
1611420 677
1611430 675
1611440 675
1611450 673
1611460 671
1611470 671
1611480 669
1611490 666
1611500 666
1611510 664
1611520 662
1611530 660
1611540 660
1611550 657
1611560 655
1611570 655
1611580 652
1611590 649
1611600 649
1611610 645
1611620 642
1611630 642
1611640 638
1611650 636
1611660 636
1611670 634
1611680 631
1611690 628
1611700 630
1611710 628
1611720 625
1611730 625
1611740 623
1611750 621
1611760 621
1611770 619
1611780 616
1611790 616
1611800 614
1611810 612
1611820 612
1611830 610
1611840 609
1611850 609
1611860 607
1611870 606
1611880 605
1611890 605
1611900 605
1611910 604
1611920 604
1611930 604
1611940 603
1611950 603
1611960 603
1611970 603
1611980 603
1611990 603
1612000 602
1612010 602
1612020 602
1612030 602
1612040 602
1612050 602
1612060 602
1612070 602
1612080 602
1612090 602
1612100 602
1612110 602
1612120 602
1612130 602
1612140 602
1612150 602
1612160 601
1612170 601
1612180 601
1612190 601
1612200 601
1612210 601
1612220 601
1612230 601
1612240 601
1612250 601
1612260 601
1612270 601
1612280 601
1612290 601
1612300 601
1612310 601
1612320 601
1612330 601
1612340 601
1612350 601
1612360 601
1612370 601
1612380 601
1612390 601
1612400 600
1612410 600
1612420 600
1612430 600
1612440 600
1612450 600
1612460 600
1612470 600
1612480 600
1612490 600
1612500 600
1612510 600
1612520 600
1612530 600
1612540 600
1612550 600
1612560 600
1612570 600
1612580 600
1612590 600
1612600 600
1612610 599
1612620 599
1612630 599
1612640 599
1612650 599
1612660 599
1612670 599
1612680 599
1612690 599
1612700 599
1612710 599
1612720 599
1612730 598
1612740 598
1612750 598
1612760 598
1612770 598
1612780 598
1612790 598
1612800 598
1612810 598
1612820 598
1612830 597
1612840 597
1612850 597
1612860 597
1612870 597
1612880 597
1612890 597
1612900 597
1612910 596
1612920 596
1612930 596
1612940 596
1612950 596
1612960 596
1612970 596
1612980 596
1612990 597
1613000 597
1613010 597
1613020 597
1613030 597
1613040 597
1613050 598
1613060 598
1613070 598
1613080 598
1613090 598
1613100 598
1613110 597
1613120 597
1613130 597
1613140 597
1613150 597
1613160 597
1613170 597
1613180 597
1613190 597
1613200 597
1613210 597
1613220 597
1613230 597
1613240 597
1613250 597
1613260 596
1613270 596
1613280 596
1613290 596
1613300 596
1613310 596
1613320 595
1613330 594
1613340 593
1613350 593
1613360 593
1613370 591
1613380 591
1613390 590
1613400 588
1613410 588
1613420 588
1613430 588
1613440 588
1613450 588
1613460 588
1613470 588
1613480 588
1613490 589
1613500 589
1613510 588
1613520 588
1613530 588
1613540 588
1613550 588
1613560 588
1613570 588
1613580 588
1613590 588
1613600 588
1613610 588
1613620 588
1613630 588
1613640 588
1613650 589
1613660 589
1613670 589
1613680 590
1613690 590
1613700 591
1613710 593
1613720 596
1613730 596
1613740 598
1613750 600
1613760 600
1613770 601
1613780 602
1613790 602
1613800 604
1613810 605
1613820 605
1613830 606
1613840 607
1613850 607
1613860 608
1613870 610
1613880 610
1613890 611
1613900 613
1613910 614
1613920 614
1613930 615
1613940 615
1613950 615
1613960 615
1613970 617
1613980 617
1613990 619
1614000 620
1614010 620
1614020 621
1614030 622
1614040 622
1614050 623
1614060 624
1614070 625
1614080 625
1614090 626
1614100 626
1614110 626
1614120 627
1614130 628
1614140 628
1614150 629
1614160 630
1614170 630
1614180 631
1614190 633
1614200 633
1614210 634
1614220 635
1614230 635
1614240 636
1614250 637
1614260 638
1614270 638
1614280 639
1614290 641
1614300 641
1614310 642
1614320 644
1614330 644
1614340 646
1614350 648
1614360 648
1614370 649
1614380 651
1614390 651
1614400 652
1614410 654
1614420 654
1614430 656
1614440 658
1614450 659
1614460 659
1614470 661
1614480 662
1614490 662
1614500 664
1614510 666
1614520 666
1614530 667
1614540 669
1614550 669
1614560 671
1614570 673
1614580 673
1614590 675
1614600 676
1614610 676
1614620 678
1614630 680
1614640 681
1614650 681
1614660 683
1614670 684
1614680 684
1614690 685
1614700 686
1614710 686
1614720 687
1614730 688
1614740 688
1614750 689
1614760 690
1614770 690
1614780 691
1614790 692
1614800 693
1614810 693
1614820 694
1614830 694
1614840 694
1614850 695
1614860 695
1614870 695
1614880 696
1614890 696
1614900 696
1614910 697
1614920 697
1614930 697
1614940 697
1614950 697
1614960 697
1614970 697
1614980 697
1614990 697
1615000 697
1615010 697
1615020 697
1615030 697
1615040 697
1615050 696
1615060 696
1615070 695
1615080 695
1615090 695
1615100 695
1615110 695
1615120 695
1615130 695
1615140 695
1615150 695
1615160 694
1615170 694
1615180 694
1615190 694
1615200 693
1615210 693
1615220 693
1615230 693
1615240 693
1615250 693
1615260 694
1615270 694
1615280 694
1615290 695
1615300 696
1615310 696
1615320 697
1615330 698
1615340 698
1615350 699
1615360 699
1615370 700
1615380 700
1615390 701
1615400 701
1615410 701
1615420 701
1615430 701
1615440 701
1615450 702
1615460 704
1615470 704
1615480 707
1615490 708
1615500 708
1615510 709
1615520 711
1615530 711
1615540 712
1615550 713
1615560 715
1615570 715
1615580 718
1615590 720
1615600 720
1615610 722
1615620 723
1615630 723
1615640 725
1615650 727
1615660 727
1615670 729
1615680 732
1615690 732
1615700 735
1615710 736
1615720 739
1615730 739
1615740 742
1615750 745
1615760 745
1615770 747
1615780 749
1615790 749
1615800 752
1615810 754
1615820 754
1615830 756
1615840 757
1615850 757
1615860 758
1615870 758
1615880 758
1615890 759
1615900 761
1615910 763
1615920 763
1615930 764
1615940 765
1615950 765
1615960 765
1615970 765
1615980 765
1615990 765
1616000 765
1616010 765
1616020 765
1616030 765
1616040 765
1616050 766
1616060 766
1616070 766
1616080 766
1616090 767
1616100 768
1616110 768
1616120 769
1616130 768
1616140 768
1616150 767
1616160 766
1616170 766
1616180 764
1616190 762
1616200 762
1616210 760
1616220 760
1616230 760
1616240 760
1616250 761
1616260 761
1616270 763
1616280 765
1616290 765
1616300 765
1616310 765
1616320 766
1616330 766
1616340 767
1616350 769
1616360 769
1616370 771
1616380 773
1616390 773
1616400 775
1616410 778
1616420 778
1616430 781
1616440 783
1616450 784
1616460 784
1616470 787
1616480 789
1616490 789
1616500 791
1616510 791
1616520 791
1616530 791
1616540 793
1616550 793
1616560 797
1616570 802
1616580 802
1616590 804
1616600 806
1616610 806
1616620 808
1616630 810
1616640 811
1616650 811
1616660 812
1616670 814
1616680 814
1616690 815
1616700 817
1616710 817
1616720 819
1616730 818
1616740 818
1616750 809
1616760 805
1616770 805
1616780 802
1616790 798
1616800 798
1616810 797
1616820 797
1616830 798
1616840 798
1616850 802
1616860 805
1616870 805
1616880 805
1616890 805
1616900 805
1616910 805
1616920 806
1616930 806
1616940 808
1616950 809
1616960 809
1616970 810
1616980 811
1616990 811
1617000 811
1617010 816
1617020 819
1617030 819
1617040 817
1617050 813
1617060 813
1617070 813
1617080 811
1617090 811
1617100 811
1617110 811
1617120 811
1617130 811
1617140 811
1617150 811
1617160 811
1617170 810
1617180 810
1617190 810
1617200 810
1617210 810
1617220 810
1617230 812
1617240 812
1617250 812
1617260 814
1617270 812
1617280 812
1617290 805
1617300 800
1617310 800
1617320 794
1617330 789
1617340 789
1617350 783
1617360 779
1617370 775
1617380 775
1617390 772
1617400 767
1617410 767
1617420 761
1617430 754
1617440 754
1617450 749
1617460 743
1617470 743
1617480 735
1617490 728
1617500 728
1617510 722
1617520 711
1617530 705
1617540 691
1617550 678
1617560 671
1617570 671
1617580 671
1617590 670
1617600 670
1617610 666
1617620 665
1617630 665
1617640 663
1617650 661
1617660 661
1617670 660
1617680 660
1617690 660
1617700 656
1617710 651
1617720 651
1617730 648
1617740 647
1617750 647
1617760 647
1617770 645
1617780 638
1617790 638
1617800 634
1617810 633
1617820 633
1617830 633
1617840 633
1617850 633
1617860 633
1617870 633
1617880 633
1617890 633
1617900 633
1617910 633
1617920 632
1617930 631
1617940 631
1617950 631
1617960 630
1617970 630
1617980 630
1617990 630
1618000 630
1618010 630
1618020 630
1618030 629
1618040 629
1618050 629
1618060 629
1618070 629
1618080 629
1618090 629
1618100 629
1618110 629
1618120 629
1618130 631
1618140 631
1618150 638
1618160 649
1618170 649
1618180 654
1618190 660
1618200 660
1618210 664
1618220 664
1618230 664
1618240 664
1618250 665
1618260 665
1618270 667
1618280 669
1618290 672
1618300 672
1618310 674
1618320 675
1618330 675
1618340 677
1618350 679
1618360 679
1618370 680
1618380 681
1618390 681
1618400 682
1618410 683
1618420 683
1618430 684
1618440 686
1618450 686
1618460 687
1618470 690
1618480 691
1618490 691
1618500 694
1618510 698
1618520 698
1618530 701
1618540 705
1618550 705
1618560 708
1618570 711
1618580 711
1618590 714
1618600 717
1618610 717
1618620 720
1618630 722
1618640 722
1618650 725
1618660 727
1618670 730
1618680 730
1618690 733
1618700 736
1618710 736
1618720 739
1618730 740
1618740 740
1618750 741
1618760 746
1618770 746
1618780 749
1618790 752
1618800 752
1618810 755
1618820 758
1618830 758
1618840 760
1618850 763
1618860 766
1618870 766
1618880 768
1618890 768
1618900 768
1618910 770
1618920 774
1618930 774
1618940 780
1618950 786
1618960 786
1618970 791
1618980 796
1618990 796
1619000 801
1619010 807
1619020 813
1619030 813
1619040 818
1619050 822
1619060 822
1619070 826
1619080 830
1619090 830
1619100 834
1619110 837
1619120 837
1619130 840
1619140 842
1619150 842
1619160 844
1619170 845
1619180 845
1619190 846
1619200 848
1619210 849
1619220 849
1619230 849
1619240 850
1619250 850
1619260 851
1619270 854
1619280 854
1619290 857
1619300 862
1619310 862
1619320 866
1619330 870
1619340 870
1619350 874
1619360 878
1619370 878
1619380 882
1619390 885
1619400 889
1619410 891
1619420 894
1619430 897
1619440 897
1619450 900
1619460 903
1619470 903
1619480 906
1619490 909
1619500 909
1619510 912
1619520 916
1619530 916
1619540 919
1619550 922
1619560 922
1619570 925
1619580 928
1619590 931
1619600 931
1619610 935
1619620 938
1619630 938
1619640 942
1619650 946
1619660 946
1619670 950
1619680 953
1619690 953
1619700 957
1619710 961
1619720 961
1619730 964
1619740 968
1619750 971
1619760 971
1619770 975
1619780 979
1619790 979
1619800 982
1619810 985
1619820 985
1619830 988
1619840 990
1619850 990
1619860 993
1619870 995
1619880 995
1619890 998
1619900 1001
1619910 1001
1619920 1003
1619930 1005
1619940 1008
1619950 1008
1619960 1010
1619970 1012
1619980 1012
1619990 1015
