1600000 926
1600010 928
1600020 928
1600030 930
1600040 932
1600050 932
1600060 934
1600070 936
1600080 936
1600090 937
1600100 939
1600110 940
1600120 940
1600130 940
1600140 941
1600150 941
1600160 942
1600170 944
1600180 944
1600190 944
1600200 945
1600210 945
1600220 945
1600230 945
1600240 945
1600250 945
1600260 943
1600270 943
1600280 941
1600290 937
1600300 933
1600310 933
1600320 929
1600330 924
1600340 924
1600350 920
1600360 917
1600370 917
1600380 914
1600390 911
1600400 911
1600410 908
1600420 905
1600430 905
1600440 902
1600450 899
1600460 899
1600470 896
1600480 894
1600490 891
1600500 891
1600510 889
1600520 886
1600530 886
1600540 884
1600550 881
1600560 881
1600570 879
1600580 876
1600590 876
1600600 874
1600610 871
1600620 871
1600630 869
1600640 865
1600650 865
1600660 862
1600670 859
1600680 855
1600690 855
1600700 851
1600710 846
1600720 846
1600730 840
1600740 835
1600750 835
1600760 829
1600770 824
1600780 824
1600790 819
1600800 814
1600810 814
1600820 810
1600830 804
1600840 804
1600850 796
1600860 794
1600870 799
1600880 799
1600890 805
1600900 810
1600910 810
1600920 816
1600930 821
1600940 821
1600950 828
1600960 834
1600970 834
1600980 839
1600990 845
1601000 845
1601010 851
1601020 856
1601030 860
1601040 860
1601050 865
1601060 869
1601070 869
1601080 874
1601090 879
1601100 879
1601110 881
1601120 886
1601130 886
1601140 888
1601150 887
1601160 887
1601170 884
1601180 883
1601190 883
1601200 883
1601210 883
1601220 883
1601230 883
1601240 883
1601250 882
1601260 882
1601270 882
1601280 881
1601290 881
1601300 879
1601310 877
1601320 877
1601330 874
1601340 871
1601350 871
1601360 868
1601370 865
1601380 865
1601390 862
1601400 859
1601410 857
1601420 857
1601430 854
1601440 852
1601450 852
1601460 847
1601470 843
1601480 843
1601490 836
1601500 828
1601510 828
1601520 823
1601530 819
1601540 819
1601550 814
1601560 808
1601570 808
1601580 805
1601590 804
1601600 811
1601610 811
1601620 820
1601630 828
1601640 828
1601650 835
1601660 842
1601670 842
1601680 849
1601690 856
1601700 856
1601710 860
1601720 864
1601730 864
1601740 868
1601750 873
1601760 873
1601770 876
1601780 878
1601790 878
1601800 878
1601810 878
1601820 876
1601830 876
1601840 874
1601850 874
1601860 874
1601870 873
1601880 873
1601890 873
1601900 872
1601910 873
1601920 873
1601930 874
1601940 876
1601950 876
1601960 878
1601970 879
1601980 881
1601990 881
1602000 882
1602010 883
1602020 883
1602030 884
1602040 885
1602050 885
1602060 886
1602070 886
1602080 886
1602090 887
1602100 888
1602110 888
1602120 889
1602130 890
1602140 890
1602150 890
1602160 891
1602170 892
1602180 892
1602190 893
1602200 894
1602210 894
1602220 895
1602230 897
1602240 897
1602250 899
1602260 901
1602270 901
1602280 902
1602290 904
1602300 904
1602310 906
1602320 907
1602330 909
1602340 909
1602350 911
1602360 914
1602370 914
1602380 916
1602390 919
1602400 919
1602410 922
1602420 925
1602430 925
1602440 929
1602450 933
1602460 933
1602470 936
1602480 940
1602490 940
1602500 943
1602510 946
1602520 949
1602530 949
1602540 952
1602550 954
1602560 954
1602570 957
1602580 959
1602590 959
1602600 962
1602610 965
1602620 965
1602630 967
1602640 969
1602650 969
1602660 972
1602670 974
1602680 974
1602690 977
1602700 979
1602710 981
1602720 981
1602730 983
1602740 984
1602750 984
1602760 985
1602770 986
1602780 986
1602790 987
1602800 986
1602810 986
1602820 983
1602830 980
1602840 980
1602850 979
1602860 977
1602870 977
1602880 975
1602890 973
1602900 970
1602910 970
1602920 968
1602930 966
1602940 966
1602950 963
1602960 961
1602970 961
1602980 958
1602990 956
1603000 956
1603010 954
1603020 951
1603030 951
1603040 948
1603050 944
1603060 944
1603070 940
1603080 936
1603090 932
1603100 932
1603110 929
1603120 925
1603130 925
1603140 922
1603150 918
1603160 918
1603170 916
1603180 913
1603190 913
1603200 911
1603210 908
1603220 908
1603230 905
1603240 903
1603250 903
1603260 900
1603270 898
1603280 895
1603290 895
1603300 893
1603310 891
1603320 891
1603330 889
1603340 887
1603350 887
1603360 884
1603370 882
1603380 882
1603390 880
1603400 878
1603410 878
1603420 875
1603430 872
1603440 872
1603450 868
1603460 865
1603470 861
1603480 861
1603490 858
1603500 854
1603510 854
1603520 852
1603530 851
1603540 851
1603550 851
1603560 852
1603570 852
1603580 852
1603590 851
1603600 851
1603610 850
1603620 848
1603630 845
1603640 845
1603650 843
1603660 842
1603670 842
1603680 841
1603690 841
1603700 841
1603710 840
1603720 840
1603730 840
1603740 840
1603750 840
1603760 840
1603770 839
1603780 839
1603790 839
1603800 839
1603810 839
1603820 838
1603830 838
1603840 838
1603850 838
1603860 838
1603870 839
1603880 839
1603890 839
1603900 839
1603910 838
1603920 838
1603930 837
1603940 835
1603950 835
1603960 832
1603970 830
1603980 830
1603990 829
1604000 827
1604010 825
1604020 825
1604030 825
1604040 827
1604050 827
1604060 830
1604070 834
1604080 834
1604090 843
1604100 850
1604110 850
1604120 853
1604130 852
1604140 852
1604150 850
1604160 847
1604170 847
1604180 845
1604190 842
1604200 839
1604210 839
1604220 835
1604230 832
1604240 832
1604250 828
1604260 825
1604270 825
1604280 821
1604290 818
1604300 818
1604310 816
1604320 813
1604330 813
1604340 810
1604350 807
1604360 807
1604370 804
1604380 801
1604390 798
1604400 798
1604410 795
1604420 792
1604430 792
1604440 789
1604450 786
1604460 786
1604470 784
1604480 781
1604490 781
1604500 778
1604510 774
1604520 774
1604530 771
1604540 767
1604550 767
1604560 764
1604570 761
1604580 757
1604590 757
1604600 754
1604610 751
1604620 751
1604630 749
1604640 747
1604650 747
1604660 744
1604670 741
1604680 741
1604690 738
1604700 736
1604710 736
1604720 733
1604730 731
1604740 731
1604750 728
1604760 725
1604770 722
1604780 722
1604790 719
1604800 716
1604810 716
1604820 713
1604830 709
1604840 709
1604850 707
1604860 705
1604870 705
1604880 702
1604890 700
1604900 700
1604910 698
1604920 695
1604930 693
1604940 693
1604950 691
1604960 688
1604970 688
1604980 686
1604990 684
1605000 684
1605010 681
1605020 679
1605030 679
1605040 677
1605050 675
1605060 675
1605070 672
1605080 670
1605090 670
1605100 669
1605110 668
1605120 668
1605130 668
1605140 667
1605150 666
1605160 666
1605170 667
1605180 667
1605190 667
1605200 667
1605210 667
1605220 667
1605230 667
1605240 666
1605250 666
1605260 666
1605270 665
1605280 665
1605290 665
1605300 663
1605310 660
1605320 660
1605330 658
1605340 655
1605350 655
1605360 652
1605370 651
1605380 651
1605390 650
1605400 647
1605410 647
1605420 642
1605430 636
1605440 636
1605450 633
1605460 631
1605470 631
1605480 630
1605490 629
1605500 629
1605510 629
1605520 627
1605530 625
1605540 625
1605550 625
1605560 624
1605570 624
1605580 622
1605590 620
1605600 620
1605610 619
1605620 618
1605630 618
1605640 618
1605650 618
1605660 618
1605670 619
1605680 619
1605690 619
1605700 619
1605710 619
1605720 620
1605730 620
1605740 621
1605750 622
1605760 622
1605770 623
1605780 626
1605790 626
1605800 628
1605810 631
1605820 631
1605830 635
1605840 642
1605850 642
1605860 646
1605870 647
1605880 648
1605890 648
1605900 650
1605910 653
1605920 653
1605930 656
1605940 659
1605950 659
1605960 660
1605970 661
1605980 661
1605990 663
1606000 664
1606010 664
1606020 663
1606030 663
1606040 663
1606050 663
1606060 663
1606070 663
1606080 663
1606090 664
1606100 665
1606110 665
1606120 666
1606130 667
1606140 667
1606150 670
1606160 673
1606170 673
1606180 676
1606190 680
1606200 680
1606210 681
1606220 681
1606230 681
1606240 681
1606250 680
1606260 677
1606270 677
1606280 673
1606290 669
1606300 669
1606310 666
1606320 662
1606330 662
1606340 659
1606350 655
1606360 655
1606370 652
1606380 649
1606390 649
1606400 646
1606410 643
1606420 640
1606430 640
1606440 636
1606450 633
1606460 633
1606470 630
1606480 627
1606490 627
1606500 623
1606510 621
1606520 621
1606530 619
1606540 618
1606550 618
1606560 617
1606570 617
1606580 617
1606590 619
1606600 624
1606610 630
1606620 630
1606630 635
1606640 639
1606650 639
1606660 644
1606670 648
1606680 648
1606690 653
1606700 656
1606710 656
1606720 659
1606730 661
1606740 661
1606750 662
1606760 661
1606770 661
1606780 660
1606790 657
1606800 653
1606810 653
1606820 649
1606830 646
1606840 646
1606850 642
1606860 639
1606870 639
1606880 634
1606890 631
1606900 631
1606910 628
1606920 626
1606930 626
1606940 627
1606950 629
1606960 629
1606970 630
1606980 631
1606990 633
1607000 633
1607010 634
1607020 636
1607030 636
1607040 639
1607050 641
1607060 641
1607070 644
1607080 646
1607090 646
1607100 649
1607110 652
1607120 652
1607130 655
1607140 658
1607150 658
1607160 662
1607170 665
1607180 671
1607190 671
1607200 674
1607210 678
1607220 678
1607230 682
1607240 686
1607250 686
1607260 689
1607270 692
1607280 692
1607290 697
1607300 702
1607310 702
1607320 705
1607330 707
1607340 707
1607350 709
1607360 712
1607370 714
1607380 714
1607390 719
1607400 725
1607410 725
1607420 729
1607430 733
1607440 733
1607450 735
1607460 737
1607470 737
1607480 740
1607490 744
1607500 744
1607510 746
1607520 748
1607530 748
1607540 748
1607550 747
1607560 746
1607570 746
1607580 745
1607590 743
1607600 743
1607610 741
1607620 738
1607630 738
1607640 736
1607650 734
1607660 734
1607670 732
1607680 729
1607690 729
1607700 727
1607710 724
1607720 721
1607730 721
1607740 718
1607750 714
1607760 714
1607770 712
1607780 709
1607790 709
1607800 708
1607810 705
1607820 705
1607830 703
1607840 699
1607850 699
1607860 694
1607870 687
1607880 687
1607890 682
1607900 677
1607910 674
1607920 674
1607930 671
1607940 668
1607950 668
1607960 666
1607970 665
1607980 665
1607990 663
1608000 662
1608010 662
1608020 661
1608030 661
1608040 661
1608050 661
1608060 660
1608070 660
1608080 657
1608090 654
1608100 649
1608110 649
1608120 645
1608130 640
1608140 640
1608150 635
1608160 628
1608170 628
1608180 622
1608190 615
1608200 615
1608210 609
1608220 606
1608230 606
1608240 604
1608250 604
1608260 604
1608270 603
1608280 603
1608290 603
1608300 603
1608310 603
1608320 603
1608330 603
1608340 603
1608350 603
1608360 603
1608370 603
1608380 603
1608390 603
1608400 603
1608410 603
1608420 603
1608430 604
1608440 605
1608450 605
1608460 605
1608470 604
1608480 604
1608490 604
1608500 603
1608510 603
1608520 603
1608530 603
1608540 603
1608550 603
1608560 603
1608570 603
1608580 603
1608590 603
1608600 603
1608610 603
1608620 603
1608630 603
1608640 603
1608650 603
1608660 603
1608670 603
1608680 603
1608690 603
1608700 603
1608710 603
1608720 603
1608730 603
1608740 603
1608750 603
1608760 603
1608770 603
1608780 603
1608790 603
1608800 603
1608810 602
1608820 602
1608830 602
1608840 602
1608850 602
1608860 602
1608870 602
1608880 602
1608890 602
1608900 602
1608910 602
1608920 602
1608930 602
1608940 602
1608950 602
1608960 602
1608970 602
1608980 601
1608990 601
1609000 601
1609010 601
1609020 601
1609030 601
1609040 600
1609050 600
1609060 600
1609070 598
1609080 596
1609090 596
1609100 595
1609110 594
1609120 594
1609130 594
1609140 594
1609150 594
1609160 594
1609170 594
1609180 594
1609190 594
1609200 594
1609210 594
1609220 594
1609230 595
1609240 595
1609250 595
1609260 595
1609270 595
1609280 595
1609290 595
1609300 594
1609310 594
1609320 594
1609330 594
1609340 594
1609350 593
1609360 593
1609370 593
1609380 593
1609390 592
1609400 592
1609410 592
1609420 591
1609430 591
1609440 591
1609450 592
1609460 593
1609470 593
1609480 593
1609490 592
1609500 592
1609510 589
1609520 587
1609530 587
1609540 588
1609550 589
1609560 589
1609570 589
1609580 589
1609590 589
1609600 589
1609610 590
1609620 594
1609630 594
1609640 596
1609650 599
1609660 599
1609670 599
1609680 599
1609690 599
1609700 599
1609710 599
1609720 599
1609730 599
1609740 599
1609750 599
1609760 599
1609770 599
1609780 599
1609790 599
1609800 599
1609810 599
1609820 599
1609830 599
1609840 599
1609850 599
1609860 599
1609870 598
1609880 598
1609890 598
1609900 598
1609910 598
1609920 597
1609930 597
1609940 597
1609950 596
1609960 596
1609970 595
1609980 595
1609990 595
1610000 595
1610010 595
1610020 595
1610030 595
1610040 595
1610050 595
1610060 595
1610070 595
1610080 595
1610090 596
1610100 596
1610110 596
1610120 596
1610130 597
1610140 597
1610150 597
1610160 599
1610170 599
1610180 605
1610190 607
1610200 607
1610210 610
1610220 613
1610230 613
1610240 613
1610250 613
1610260 613
1610270 613
1610280 613
1610290 613
1610300 613
1610310 612
1610320 612
1610330 612
1610340 612
1610350 613
1610360 613
1610370 612
1610380 612
1610390 612
1610400 612
1610410 612
1610420 612
1610430 612
1610440 613
1610450 613
1610460 613
1610470 613
1610480 613
1610490 613
1610500 613
1610510 613
1610520 613
1610530 613
1610540 613
1610550 613
1610560 613
1610570 614
1610580 614
1610590 614
1610600 614
1610610 614
1610620 614
1610630 614
1610640 614
1610650 614
1610660 614
1610670 614
1610680 614
1610690 614
1610700 614
1610710 614
1610720 614
1610730 614
1610740 614
1610750 615
1610760 615
1610770 615
1610780 615
1610790 615
1610800 615
1610810 615
1610820 615
1610830 615
1610840 615
1610850 615
1610860 615
1610870 615
1610880 614
1610890 615
1610900 615
1610910 616
1610920 616
1610930 616
1610940 618
1610950 619
1610960 619
1610970 620
1610980 621
1610990 621
1611000 623
1611010 625
1611020 625
1611030 627
1611040 628
1611050 628
1611060 629
1611070 631
1611080 635
1611090 635
1611100 639
1611110 641
1611120 641
1611130 642
1611140 644
1611150 644
1611160 647
1611170 647
1611180 647
1611190 646
1611200 646
1611210 646
1611220 646
1611230 646
1611240 646
1611250 647
1611260 648
1611270 650
1611280 650
1611290 650
1611300 650
1611310 650
1611320 652
1611330 652
1611340 652
1611350 652
1611360 651
1611370 651
1611380 651
1611390 651
1611400 651
1611410 651
1611420 653
1611430 653
1611440 655
1611450 656
1611460 656
1611470 656
1611480 655
1611490 655
1611500 655
1611510 654
1611520 654
1611530 654
1611540 653
1611550 653
1611560 653
1611570 652
1611580 651
1611590 651
1611600 646
1611610 645
1611620 645
1611630 645
1611640 645
1611650 643
1611660 643
1611670 642
1611680 641
1611690 641
1611700 640
1611710 639
1611720 639
1611730 638
1611740 637
1611750 637
1611760 637
1611770 636
1611780 636
1611790 635
1611800 635
1611810 633
1611820 633
1611830 632
1611840 631
1611850 631
1611860 629
1611870 629
1611880 629
1611890 628
1611900 627
1611910 627
1611920 627
1611930 627
1611940 627
1611950 626
1611960 625
1611970 625
1611980 624
1611990 624
1612000 622
1612010 622
1612020 622
1612030 622
1612040 622
1612050 621
1612060 621
1612070 621
1612080 621
1612090 621
1612100 621
1612110 620
1612120 620
1612130 620
1612140 619
1612150 619
1612160 619
1612170 619
1612180 619
1612190 619
1612200 619
1612210 619
1612220 619
1612230 619
1612240 620
1612250 620
1612260 620
1612270 621
1612280 621
1612290 621
1612300 622
1612310 623
1612320 623
1612330 623
1612340 623
1612350 623
1612360 624
1612370 623
1612380 622
1612390 622
1612400 621
1612410 619
1612420 619
1612430 616
1612440 614
1612450 614
1612460 614
1612470 614
1612480 614
1612490 614
1612500 614
1612510 614
1612520 614
1612530 614
1612540 614
1612550 614
1612560 614
1612570 614
1612580 614
1612590 615
1612600 615
1612610 615
1612620 615
1612630 615
1612640 615
1612650 615
1612660 615
1612670 615
1612680 616
1612690 616
1612700 616
1612710 617
1612720 617
1612730 617
1612740 618
1612750 618
1612760 618
1612770 618
1612780 618
1612790 618
1612800 618
1612810 619
1612820 620
1612830 620
1612840 620
1612850 620
1612860 620
1612870 620
1612880 621
1612890 621
1612900 621
1612910 622
1612920 623
1612930 623
1612940 624
1612950 626
1612960 626
1612970 628
1612980 629
1612990 629
1613000 631
1613010 632
1613020 632
1613030 634
1613040 636
1613050 636
1613060 637
1613070 639
1613080 639
1613090 641
1613100 643
1613110 645
1613120 645
1613130 647
1613140 649
1613150 649
1613160 650
1613170 652
1613180 652
1613190 654
1613200 656
1613210 656
1613220 658
1613230 660
1613240 660
1613250 662
1613260 663
1613270 663
1613280 665
1613290 667
1613300 669
1613310 669
1613320 671
1613330 673
1613340 673
1613350 674
1613360 676
1613370 676
1613380 677
1613390 679
1613400 679
1613410 680
1613420 682
1613430 682
1613440 684
1613450 685
1613460 685
1613470 687
1613480 688
1613490 690
1613500 690
1613510 691
1613520 693
1613530 693
1613540 694
1613550 696
1613560 696
1613570 697
1613580 698
1613590 698
1613600 698
1613610 699
1613620 699
1613630 700
1613640 700
1613650 700
1613660 700
1613670 701
1613680 701
1613690 701
1613700 700
1613710 700
1613720 700
1613730 699
1613740 698
1613750 698
1613760 697
1613770 695
1613780 695
1613790 693
1613800 690
1613810 690
1613820 687
1613830 684
1613840 684
1613850 683
1613860 680
1613870 676
1613880 676
1613890 674
1613900 673
1613910 673
1613920 672
1613930 671
1613940 671
1613950 671
1613960 670
1613970 670
1613980 670
1613990 670
1614000 670
1614010 670
1614020 670
1614030 670
1614040 670
1614050 669
1614060 668
1614070 668
1614080 667
1614090 665
1614100 665
1614110 663
1614120 661
1614130 661
1614140 659
1614150 657
1614160 657
1614170 655
1614180 654
1614190 654
1614200 652
1614210 648
1614220 645
1614230 648
1614240 645
1614250 642
1614260 642
1614270 638
1614280 635
1614290 635
1614300 631
1614310 628
1614320 628
1614330 625
1614340 623
1614350 623
1614360 620
1614370 617
1614380 617
1614390 614
1614400 613
1614410 612
1614420 612
1614430 611
1614440 609
1614450 609
1614460 608
1614470 608
1614480 608
1614490 607
1614500 607
1614510 607
1614520 607
1614530 607
1614540 607
1614550 607
1614560 607
1614570 607
1614580 607
1614590 608
1614600 608
1614610 608
1614620 608
1614630 608
1614640 608
1614650 608
1614660 608
1614670 608
1614680 608
1614690 608
1614700 608
1614710 608
1614720 608
1614730 608
1614740 610
1614750 611
1614760 611
1614770 612
1614780 614
1614790 616
1614800 616
1614810 619
1614820 623
1614830 623
1614840 627
1614850 632
1614860 632
1614870 636
1614880 641
1614890 641
1614900 645
1614910 649
1614920 649
1614930 653
1614940 657
1614950 657
1614960 660
1614970 663
1614980 667
1614990 667
1615000 670
1615010 674
1615020 674
1615030 677
1615040 679
1615050 679
1615060 682
1615070 685
1615080 685
1615090 689
1615100 694
1615110 694
1615120 698
1615130 702
1615140 702
1615150 706
1615160 709
1615170 713
1615180 713
1615190 716
1615200 719
1615210 719
1615220 721
1615230 724
1615240 724
1615250 726
1615260 728
1615270 728
1615280 730
1615290 733
1615300 733
1615310 734
1615320 735
1615330 735
1615340 737
1615350 738
1615360 740
1615370 740
1615380 742
1615390 744
1615400 744
1615410 746
1615420 749
1615430 749
1615440 751
1615450 753
1615460 753
1615470 755
1615480 757
1615490 757
1615500 759
1615510 762
1615520 765
1615530 765
1615540 766
1615550 768
1615560 768
1615570 769
1615580 771
1615590 771
1615600 772
1615610 774
1615620 774
1615630 775
1615640 777
1615650 777
1615660 778
1615670 780
1615680 780
1615690 781
1615700 782
1615710 783
1615720 783
1615730 784
1615740 785
1615750 785
1615760 787
1615770 788
1615780 788
1615790 789
1615800 790
1615810 790
1615820 791
1615830 792
1615840 792
1615850 793
1615860 794
1615870 794
1615880 795
1615890 795
1615900 796
1615910 796
1615920 797
1615930 797
1615940 797
1615950 797
1615960 797
1615970 797
1615980 797
1615990 797
1616000 797
1616010 796
1616020 796
1616030 796
1616040 795
1616050 795
1616060 795
1616070 795
1616080 795
1616090 795
1616100 795
1616110 795
1616120 795
1616130 795
1616140 795
1616150 795
1616160 795
1616170 795
1616180 795
1616190 795
1616200 796
1616210 797
1616220 797
1616230 798
1616240 798
1616250 798
1616260 799
1616270 800
1616280 801
1616290 801
1616300 801
1616310 802
1616320 802
1616330 803
1616340 804
1616350 804
1616360 806
1616370 807
1616380 807
1616390 809
1616400 811
1616410 811
1616420 812
1616430 813
1616440 813
1616450 813
1616460 813
1616470 812
1616480 812
1616490 812
1616500 811
1616510 811
1616520 811
1616530 810
1616540 810
1616550 808
1616560 806
1616570 806
1616580 803
1616590 800
1616600 800
1616610 800
1616620 801
1616630 801
1616640 802
1616650 802
1616660 804
1616670 804
1616680 806
1616690 810
1616700 810
1616710 812
1616720 815
1616730 815
1616740 817
1616750 818
1616760 818
1616770 818
1616780 816
1616790 816
1616800 814
1616810 810
1616820 805
1616830 805
1616840 800
1616850 796
1616860 796
1616870 793
1616880 789
1616890 789
1616900 784
1616910 781
1616920 781
1616930 780
1616940 783
1616950 783
1616960 788
1616970 792
1616980 792
1616990 796
1617000 801
1617010 804
1617020 804
1617030 806
1617040 806
1617050 806
1617060 805
1617070 805
1617080 805
1617090 805
1617100 807
1617110 807
1617120 811
1617130 814
1617140 814
1617150 817
1617160 820
1617170 820
1617180 823
1617190 827
1617200 831
1617210 831
1617220 835
1617230 839
1617240 839
1617250 843
1617260 847
1617270 847
1617280 850
1617290 853
1617300 853
1617310 855
1617320 855
1617330 855
1617340 852
1617350 847
1617360 847
1617370 844
1617380 841
1617390 840
1617400 840
1617410 838
1617420 837
1617430 837
1617440 837
1617450 836
1617460 836
1617470 836
1617480 837
1617490 837
1617500 838
1617510 838
1617520 838
1617530 838
1617540 838
1617550 838
1617560 837
1617570 836
1617580 835
1617590 835
1617600 833
1617610 832
1617620 832
1617630 831
1617640 830
1617650 830
1617660 828
1617670 828
1617680 828
1617690 829
1617700 830
1617710 830
1617720 830
1617730 829
1617740 829
1617750 830
1617760 831
1617770 831
1617780 831
1617790 831
1617800 831
1617810 831
1617820 831
1617830 830
1617840 830
1617850 829
1617860 828
1617870 828
1617880 825
1617890 822
1617900 822
1617910 818
1617920 814
1617930 814
1617940 811
1617950 809
1617960 804
1617970 804
1617980 799
1617990 794
1618000 794
1618010 790
1618020 785
1618030 785
1618040 779
1618050 773
1618060 773
1618070 764
1618080 758
1618090 758
1618100 751
1618110 745
1618120 739
1618130 739
1618140 733
1618150 727
1618160 727
1618170 721
1618180 716
1618190 716
1618200 706
1618210 699
1618220 699
1618230 691
1618240 684
1618250 684
1618260 677
1618270 673
1618280 673
1618290 670
1618300 667
1618310 665
1618320 665
1618330 664
1618340 663
1618350 663
1618360 662
1618370 661
1618380 661
1618390 661
1618400 660
1618410 660
1618420 660
1618430 660
1618440 660
1618450 660
1618460 660
1618470 660
1618480 659
1618490 659
1618500 660
1618510 660
1618520 660
1618530 660
1618540 660
1618550 660
1618560 661
1618570 661
1618580 662
1618590 662
1618600 662
1618610 663
1618620 665
1618630 665
1618640 666
1618650 668
1618660 668
1618670 671
1618680 675
1618690 677
1618700 677
1618710 679
1618720 681
1618730 681
1618740 681
1618750 681
1618760 681
1618770 679
1618780 677
1618790 677
1618800 676
1618810 675
1618820 675
1618830 674
1618840 672
1618850 672
1618860 672
1618870 672
1618880 672
1618890 672
1618900 671
1618910 671
1618920 671
1618930 672
1618940 672
1618950 672
1618960 673
1618970 673
1618980 673
1618990 673
1619000 673
1619010 674
1619020 674
1619030 674
1619040 674
1619050 674
1619060 675
1619070 676
1619080 676
1619090 679
1619100 683
1619110 683
1619120 687
1619130 690
1619140 690
1619150 693
1619160 697
1619170 697
1619180 700
1619190 704
1619200 704
1619210 711
1619220 717
1619230 717
1619240 723
1619250 729
1619260 735
1619270 735
1619280 741
1619290 748
1619300 748
1619310 752
1619320 756
1619330 756
1619340 761
1619350 765
1619360 765
1619370 768
1619380 772
1619390 772
1619400 774
1619410 777
1619420 777
1619430 782
1619440 786
1619450 790
1619460 790
1619470 794
1619480 798
1619490 798
1619500 801
1619510 805
1619520 805
1619530 808
1619540 811
1619550 811
1619560 812
1619570 815
1619580 815
1619590 816
1619600 818
1619610 820
1619620 820
1619630 823
1619640 825
1619650 825
1619660 827
1619670 829
1619680 829
1619690 831
1619700 833
1619710 833
1619720 835
1619730 837
1619740 837
1619750 839
1619760 841
1619770 841
1619780 843
1619790 846
1619800 848
1619810 848
1619820 851
1619830 855
1619840 855
1619850 858
1619860 861
1619870 861
1619880 865
1619890 868
1619900 868
1619910 872
1619920 875
1619930 875
1619940 879
1619950 881
1619960 881
1619970 884
1619980 886
1619990 888
