1600000 806
1600010 809
1600020 809
1600030 813
1600040 818
1600050 818
1600060 823
1600070 830
1600080 830
1600090 838
1600100 845
1600110 849
1600120 849
1600130 851
1600140 854
1600150 854
1600160 854
1600170 854
1600180 854
1600190 853
1600200 851
1600210 851
1600220 848
1600230 844
1600240 844
1600250 839
1600260 835
1600270 835
1600280 830
1600290 826
1600300 823
1600310 823
1600320 820
1600330 817
1600340 817
1600350 814
1600360 812
1600370 812
1600380 810
1600390 808
1600400 808
1600410 806
1600420 803
1600430 803
1600440 800
1600450 797
1600460 797
1600470 795
1600480 792
1600490 791
1600500 791
1600510 791
1600520 792
1600530 792
1600540 792
1600550 792
1600560 792
1600570 792
1600580 791
1600590 791
1600600 790
1600610 789
1600620 789
1600630 788
1600640 787
1600650 787
1600660 786
1600670 788
1600680 789
1600690 789
1600700 790
1600710 790
1600720 790
1600730 790
1600740 791
1600750 791
1600760 791
1600770 790
1600780 790
1600790 790
1600800 792
1600810 792
1600820 795
1600830 798
1600840 798
1600850 800
1600860 801
1600870 799
1600880 799
1600890 797
1600900 793
1600910 793
1600920 786
1600930 783
1600940 783
1600950 779
1600960 773
1600970 773
1600980 770
1600990 769
1601000 769
1601010 766
1601020 773
1601030 773
1601040 777
1601050 778
1601060 778
1601070 778
1601080 778
1601090 779
1601100 779
1601110 780
1601120 780
1601130 780
1601140 778
1601150 775
1601160 775
1601170 772
1601180 768
1601190 768
1601200 766
1601210 772
1601220 772
1601230 778
1601240 780
1601250 782
1601260 782
1601270 784
1601280 786
1601290 786
1601300 789
1601310 792
1601320 792
1601330 795
1601340 798
1601350 798
1601360 802
1601370 808
1601380 808
1601390 814
1601400 818
1601410 818
1601420 821
1601430 825
1601440 829
1601450 829
1601460 831
1601470 834
1601480 834
1601490 837
1601500 839
1601510 839
1601520 842
1601530 846
1601540 846
1601550 850
1601560 853
1601570 853
1601580 857
1601590 860
1601600 860
1601610 864
1601620 868
1601630 872
1601640 872
1601650 877
1601660 881
1601670 881
1601680 887
1601690 891
1601700 891
1601710 896
1601720 899
1601730 899
1601740 901
1601750 903
1601760 903
1601770 906
1601780 908
1601790 908
1601800 911
1601810 913
1601820 916
1601830 916
1601840 919
1601850 922
1601860 922
1601870 926
1601880 928
1601890 928
1601900 931
1601910 934
1601920 934
1601930 937
1601940 940
1601950 940
1601960 942
1601970 945
1601980 945
1601990 947
1602000 950
1602010 952
1602020 952
1602030 955
1602040 957
1602050 957
1602060 960
1602070 963
1602080 963
1602090 967
1602100 972
1602110 972
1602120 977
1602130 983
1602140 983
1602150 988
1602160 992
1602170 992
1602180 997
1602190 1001
1602200 1006
1602210 1006
1602220 1011
1602230 1014
1602240 1014
1602250 1016
1602260 1017
1602270 1017
1602280 1018
1602290 1019
1602300 1019
1602310 1018
1602320 1017
1602330 1017
1602340 1015
1602350 1013
1602360 1013
1602370 1010
1602380 1006
1602390 1002
1602400 1002
1602410 999
1602420 996
1602430 996
1602440 992
1602450 988
1602460 988
1602470 985
1602480 982
1602490 982
1602500 980
1602510 977
1602520 977
1602530 974
1602540 971
1602550 971
1602560 967
1602570 964
1602580 960
1602590 960
1602600 957
1602610 956
1602620 956
1602630 954
1602640 952
1602650 952
1602660 954
1602670 956
1602680 956
1602690 958
1602700 956
1602710 956
1602720 955
1602730 955
1602740 955
1602750 955
1602760 955
1602770 955
1602780 955
1602790 954
1602800 954
1602810 954
1602820 953
1602830 951
1602840 949
1602850 947
1602860 946
1602870 946
1602880 945
1602890 944
1602900 944
1602910 942
1602920 939
1602930 939
1602940 938
1602950 938
1602960 937
1602970 937
1602980 937
1602990 936
1603000 936
1603010 935
1603020 935
1603030 935
1603040 934
1603050 933
1603060 933
1603070 932
1603080 932
1603090 932
1603100 932
1603110 932
1603120 932
1603130 933
1603140 935
1603150 937
1603160 937
1603170 938
1603180 939
1603190 939
1603200 940
1603210 941
1603220 941
1603230 942
1603240 943
1603250 943
1603260 944
1603270 947
1603280 947
1603290 950
1603300 953
1603310 956
1603320 956
1603330 958
1603340 959
1603350 959
1603360 960
1603370 961
1603380 961
1603390 961
1603400 962
1603410 962
1603420 962
1603430 963
1603440 963
1603450 963
1603460 964
1603470 964
1603480 964
1603490 966
1603500 967
1603510 967
1603520 968
1603530 970
1603540 970
1603550 972
1603560 973
1603570 973
1603580 975
1603590 975
1603600 975
1603610 974
1603620 972
1603630 972
1603640 969
1603650 966
1603660 966
1603670 963
1603680 959
1603690 956
1603700 956
1603710 954
1603720 951
1603730 951
1603740 950
1603750 948
1603760 948
1603770 947
1603780 946
1603790 946
1603800 945
1603810 945
1603820 945
1603830 944
1603840 945
1603850 945
1603860 946
1603870 948
1603880 950
1603890 950
1603900 951
1603910 948
1603920 948
1603930 950
1603940 951
1603950 951
1603960 953
1603970 955
1603980 955
1603990 957
1604000 958
1604010 958
1604020 960
1604030 961
1604040 961
1604050 962
1604060 964
1604070 963
1604080 963
1604090 963
1604100 962
1604110 962
1604120 961
1604130 961
1604140 961
1604150 959
1604160 957
1604170 957
1604180 955
1604190 953
1604200 953
1604210 951
1604220 948
1604230 948
1604240 943
1604250 939
1604260 933
1604270 933
1604280 927
1604290 923
1604300 923
1604310 918
1604320 914
1604330 914
1604340 911
1604350 909
1604360 909
1604370 908
1604380 906
1604390 906
1604400 903
1604410 900
1604420 900
1604430 896
1604440 893
1604450 890
1604460 890
1604470 888
1604480 885
1604490 885
1604500 883
1604510 880
1604520 880
1604530 877
1604540 873
1604550 873
1604560 867
1604570 860
1604580 860
1604590 855
1604600 850
1604610 850
1604620 847
1604630 844
1604640 842
1604650 842
1604660 839
1604670 836
1604680 836
1604690 834
1604700 831
1604710 831
1604720 828
1604730 825
1604740 825
1604750 822
1604760 818
1604770 818
1604780 815
1604790 811
1604800 811
1604810 807
1604820 802
1604830 798
1604840 798
1604850 794
1604860 791
1604870 791
1604880 788
1604890 786
1604900 786
1604910 783
1604920 778
1604930 778
1604940 775
1604950 779
1604960 772
1604970 774
1604980 774
1604990 774
1605000 774
1605010 773
1605020 771
1605030 771
1605040 767
1605050 766
1605060 766
1605070 772
1605080 776
1605090 776
1605100 780
1605110 784
1605120 784
1605130 786
1605140 788
1605150 788
1605160 789
1605170 790
1605180 790
1605190 791
1605200 792
1605210 792
1605220 792
1605230 792
1605240 792
1605250 792
1605260 794
1605270 795
1605280 795
1605290 797
1605300 800
1605310 800
1605320 804
1605330 808
1605340 808
1605350 810
1605360 814
1605370 814
1605380 816
1605390 817
1605400 819
1605410 819
1605420 819
1605430 821
1605440 821
1605450 822
1605460 822
1605470 822
1605480 823
1605490 824
1605500 824
1605510 824
1605520 826
1605530 826
1605540 826
1605550 825
1605560 825
1605570 823
1605580 821
1605590 818
1605600 818
1605610 814
1605620 812
1605630 812
1605640 810
1605650 807
1605660 807
1605670 805
1605680 803
1605690 803
1605700 801
1605710 799
1605720 799
1605730 797
1605740 795
1605750 795
1605760 792
1605770 790
1605780 787
1605790 787
1605800 784
1605810 781
1605820 781
1605830 778
1605840 775
1605850 775
1605860 773
1605870 769
1605880 769
1605890 766
1605900 764
1605910 764
1605920 763
1605930 761
1605940 761
1605950 760
1605960 759
1605970 757
1605980 757
1605990 756
1606000 755
1606010 752
1606020 752
1606030 751
1606040 751
1606050 751
1606060 751
1606070 751
1606080 751
1606090 752
1606100 752
1606110 754
1606120 755
1606130 755
1606140 756
1606150 756
1606160 757
1606170 757
1606180 757
1606190 756
1606200 756
1606210 755
1606220 753
1606230 753
1606240 751
1606250 748
1606260 748
1606270 746
1606280 743
1606290 743
1606300 740
1606310 737
1606320 737
1606330 735
1606340 732
1606350 730
1606360 730
1606370 728
1606380 725
1606390 725
1606400 723
1606410 721
1606420 721
1606430 719
1606440 718
1606450 718
1606460 717
1606470 716
1606480 716
1606490 715
1606500 714
1606510 714
1606520 713
1606530 712
1606540 712
1606550 712
1606560 710
1606570 706
1606580 706
1606590 703
1606600 699
1606610 699
1606620 696
1606630 694
1606640 694
1606650 691
1606660 687
1606670 687
1606680 685
1606690 682
1606700 679
1606710 679
1606720 676
1606730 672
1606740 672
1606750 668
1606760 664
1606770 664
1606780 662
1606790 659
1606800 659
1606810 656
1606820 653
1606830 653
1606840 649
1606850 644
1606860 644
1606870 639
1606880 635
1606890 634
1606900 634
1606910 633
1606920 631
1606930 631
1606940 629
1606950 627
1606960 627
1606970 624
1606980 622
1606990 622
1607000 619
1607010 616
1607020 616
1607030 612
1607040 608
1607050 605
1607060 603
1607070 601
1607080 600
1607090 600
1607100 599
1607110 599
1607120 599
1607130 598
1607140 598
1607150 598
1607160 598
1607170 598
1607180 598
1607190 598
1607200 597
1607210 597
1607220 597
1607230 596
1607240 596
1607250 596
1607260 595
1607270 595
1607280 595
1607290 594
1607300 595
1607310 595
1607320 597
1607330 598
1607340 598
1607350 598
1607360 597
1607370 597
1607380 596
1607390 595
1607400 595
1607410 597
1607420 598
1607430 598
1607440 598
1607450 599
1607460 599
1607470 599
1607480 599
1607490 601
1607500 601
1607510 602
1607520 602
1607530 602
1607540 601
1607550 602
1607560 602
1607570 603
1607580 603
1607590 603
1607600 603
1607610 603
1607620 603
1607630 605
1607640 608
1607650 610
1607660 610
1607670 611
1607680 613
1607690 613
1607700 615
1607710 615
1607720 615
1607730 614
1607740 618
1607750 618
1607760 624
1607770 628
1607780 628
1607790 629
1607800 628
1607810 628
1607820 628
1607830 627
1607840 627
1607850 627
1607860 627
1607870 626
1607880 626
1607890 626
1607900 626
1607910 626
1607920 626
1607930 630
1607940 630
1607950 633
1607960 634
1607970 634
1607980 634
1607990 635
1608000 635
1608010 636
1608020 638
1608030 640
1608040 640
1608050 642
1608060 644
1608070 648
1608080 651
1608090 654
1608100 654
1608110 658
1608120 663
1608130 663
1608140 669
1608150 674
1608160 674
1608170 679
1608180 684
1608190 684
1608200 688
1608210 693
1608220 696
1608230 696
1608240 698
1608250 699
1608260 699
1608270 698
1608280 697
1608290 697
1608300 697
1608310 696
1608320 696
1608330 694
1608340 692
1608350 692
1608360 690
1608370 688
1608380 688
1608390 686
1608400 684
1608410 682
1608420 682
1608430 680
1608440 678
1608450 678
1608460 676
1608470 675
1608480 675
1608490 673
1608500 672
1608510 672
1608520 671
1608530 669
1608540 669
1608550 668
1608560 665
1608570 665
1608580 663
1608590 660
1608600 657
1608610 657
1608620 654
1608630 652
1608640 652
1608650 650
1608660 648
1608670 648
1608680 646
1608690 644
1608700 644
1608710 642
1608720 641
1608730 641
1608740 640
1608750 639
1608760 639
1608770 638
1608780 638
1608790 638
1608800 638
1608810 638
1608820 638
1608830 638
1608840 638
1608850 638
1608860 638
1608870 638
1608880 638
1608890 638
1608900 638
1608910 638
1608920 638
1608930 638
1608940 638
1608950 638
1608960 639
1608970 639
1608980 640
1608990 640
1609000 640
1609010 641
1609020 641
1609030 641
1609040 640
1609050 640
1609060 640
1609070 641
1609080 641
1609090 641
1609100 641
1609110 641
1609120 642
1609130 643
1609140 643
1609150 643
1609160 644
1609170 645
1609180 645
1609190 646
1609200 647
1609210 647
1609220 648
1609230 649
1609240 649
1609250 651
1609260 652
1609270 652
1609280 654
1609290 655
1609300 655
1609310 657
1609320 660
1609330 660
1609340 662
1609350 663
1609360 665
1609370 665
1609380 667
1609390 669
1609400 669
1609410 671
1609420 673
1609430 673
1609440 675
1609450 677
1609460 677
1609470 679
1609480 681
1609490 681
1609500 684
1609510 687
1609520 687
1609530 691
1609540 696
1609550 701
1609560 701
1609570 704
1609580 707
1609590 707
1609600 711
1609610 714
1609620 714
1609630 718
1609640 722
1609650 722
1609660 726
1609670 730
1609680 730
1609690 734
1609700 738
1609710 738
1609720 742
1609730 746
1609740 750
1609750 750
1609760 754
1609770 757
1609780 757
1609790 759
1609800 762
1609810 762
1609820 764
1609830 767
1609840 767
1609850 770
1609860 772
1609870 772
1609880 776
1609890 780
1609900 780
1609910 782
1609920 785
1609930 788
1609940 788
1609950 792
1609960 795
1609970 795
1609980 798
1609990 802
1610000 802
1610010 805
1610020 809
1610030 809
1610040 813
1610050 816
1610060 816
1610070 819
1610080 822
1610090 822
1610100 823
1610110 826
1610120 829
1610130 829
1610140 833
1610150 836
1610160 836
1610170 838
1610180 840
1610190 840
1610200 843
1610210 845
1610220 845
1610230 848
1610240 850
1610250 850
1610260 853
1610270 855
1610280 855
1610290 859
1610300 863
1610310 866
1610320 866
1610330 868
1610340 869
1610350 869
1610360 871
1610370 873
1610380 873
1610390 875
1610400 878
1610410 878
1610420 880
1610430 883
1610440 883
1610450 886
1610460 889
1610470 892
1610480 892
1610490 894
1610500 896
1610510 896
1610520 897
1610530 898
1610540 898
1610550 899
1610560 899
1610570 899
1610580 898
1610590 897
1610600 897
1610610 897
1610620 897
1610630 897
1610640 895
1610650 893
1610660 892
1610670 892
1610680 890
1610690 888
1610700 888
1610710 886
1610720 884
1610730 884
1610740 882
1610750 880
1610760 880
1610770 878
1610780 876
1610790 876
1610800 874
1610810 872
1610820 872
1610830 869
1610840 867
1610850 865
1610860 865
1610870 862
1610880 859
1610890 859
1610900 858
1610910 857
1610920 857
1610930 855
1610940 852
1610950 852
1610960 847
1610970 845
1610980 845
1610990 842
1611000 841
1611010 841
1611020 839
1611030 837
1611040 834
1611050 834
1611060 834
1611070 833
1611080 833
1611090 833
1611100 832
1611110 835
1611120 834
1611130 833
1611140 833
1611150 832
1611160 831
1611170 831
1611180 829
1611190 827
1611200 827
1611210 825
1611220 824
1611230 823
1611240 823
1611250 824
1611260 825
1611270 825
1611280 824
1611290 823
1611300 823
1611310 823
1611320 822
1611330 822
1611340 822
1611350 822
1611360 822
1611370 821
1611380 821
1611390 821
1611400 820
1611410 820
1611420 820
1611430 820
1611440 820
1611450 819
1611460 819
1611470 817
1611480 815
1611490 815
1611500 812
1611510 809
1611520 809
1611530 805
1611540 800
1611550 800
1611560 797
1611570 793
1611580 793
1611590 789
1611600 786
1611610 782
1611620 782
1611630 777
1611640 773
1611650 773
1611660 770
1611670 766
1611680 766
1611690 760
1611700 759
1611710 759
1611720 759
1611730 759
1611740 759
1611750 760
1611760 762
1611770 762
1611780 764
1611790 766
1611800 768
1611810 768
1611820 770
1611830 771
1611840 771
1611850 772
1611860 775
1611870 775
1611880 776
1611890 775
1611900 775
1611910 775
1611920 775
1611930 775
1611940 774
1611950 774
1611960 774
1611970 774
1611980 775
1611990 777
1612000 777
1612010 779
1612020 781
1612030 781
1612040 784
1612050 786
1612060 786
1612070 787
1612080 788
1612090 788
1612100 792
1612110 794
1612120 794
1612130 795
1612140 796
1612150 796
1612160 796
1612170 796
1612180 794
1612190 794
1612200 792
1612210 789
1612220 789
1612230 786
1612240 783
1612250 783
1612260 780
1612270 776
1612280 776
1612290 772
1612300 769
1612310 769
1612320 765
1612330 761
1612340 761
1612350 757
1612360 754
1612370 751
1612380 751
1612390 749
1612400 745
1612410 745
1612420 743
1612430 740
1612440 740
1612450 736
1612460 732
1612470 732
1612480 727
1612490 722
1612500 722
1612510 718
1612520 713
1612530 713
1612540 710
1612550 708
1612560 706
1612570 706
1612580 703
1612590 699
1612600 699
1612610 697
1612620 695
1612630 695
1612640 692
1612650 692
1612660 692
1612670 693
1612680 692
1612690 692
1612700 692
1612710 692
1612720 692
1612730 692
1612740 692
1612750 692
1612760 692
1612770 692
1612780 693
1612790 693
1612800 693
1612810 694
1612820 694
1612830 694
1612840 695
1612850 695
1612860 695
1612870 696
1612880 696
1612890 696
1612900 698
1612910 698
1612920 698
1612930 699
1612940 700
1612950 700
1612960 700
1612970 702
1612980 702
1612990 704
1613000 706
1613010 706
1613020 708
1613030 710
1613040 710
1613050 712
1613060 715
1613070 715
1613080 718
1613090 719
1613100 719
1613110 719
1613120 718
1613130 718
1613140 718
1613150 718
1613160 717
1613170 717
1613180 717
1613190 716
1613200 716
1613210 715
1613220 715
1613230 715
1613240 715
1613250 714
1613260 714
1613270 713
1613280 712
1613290 712
1613300 712
1613310 712
1613320 712
1613330 712
1613340 712
1613350 712
1613360 712
1613370 712
1613380 713
1613390 713
1613400 714
1613410 715
1613420 715
1613430 717
1613440 718
1613450 718
1613460 718
1613470 719
1613480 719
1613490 720
1613500 720
1613510 719
1613520 719
1613530 718
1613540 717
1613550 717
1613560 716
1613570 715
1613580 715
1613590 715
1613600 715
1613610 715
1613620 715
1613630 714
1613640 714
1613650 713
1613660 714
1613670 714
1613680 720
1613690 725
1613700 726
1613710 726
1613720 727
1613730 728
1613740 728
1613750 730
1613760 732
1613770 732
1613780 734
1613790 737
1613800 737
1613810 740
1613820 742
1613830 742
1613840 745
1613850 748
1613860 748
1613870 750
1613880 753
1613890 757
1613900 757
1613910 759
1613920 754
1613930 754
1613940 750
1613950 744
1613960 744
1613970 738
1613980 733
1613990 733
1614000 728
1614010 725
1614020 725
1614030 722
1614040 720
1614050 718
1614060 718
1614070 715
1614080 713
1614090 713
1614100 712
1614110 710
1614120 710
1614130 708
1614140 705
1614150 705
1614160 703
1614170 700
1614180 700
1614190 698
1614200 697
1614210 697
1614220 695
1614230 694
1614240 693
1614250 693
1614260 692
1614270 692
1614280 692
1614290 689
1614300 688
1614310 688
1614320 687
1614330 686
1614340 686
1614350 685
1614360 684
1614370 684
1614380 682
1614390 682
1614400 682
1614410 681
1614420 680
1614430 679
1614440 679
1614450 678
1614460 678
1614470 678
1614480 677
1614490 676
1614500 676
1614510 675
1614520 675
1614530 675
1614540 674
1614550 673
1614560 673
1614570 672
1614580 672
1614590 672
1614600 671
1614610 671
1614620 671
1614630 671
1614640 671
1614650 672
1614660 672
1614670 673
1614680 674
1614690 674
1614700 674
1614710 674
1614720 674
1614730 673
1614740 673
1614750 673
1614760 674
1614770 674
1614780 674
1614790 674
1614800 674
1614810 674
1614820 674
1614830 674
1614840 675
1614850 675
1614860 675
1614870 675
1614880 675
1614890 674
1614900 673
1614910 673
1614920 673
1614930 673
1614940 673
1614950 673
1614960 673
1614970 673
1614980 672
1614990 671
1615000 671
1615010 671
1615020 669
1615030 668
1615040 669
1615050 668
1615060 666
1615070 666
1615080 666
1615090 665
1615100 665
1615110 663
1615120 662
1615130 662
1615140 662
1615150 661
1615160 661
1615170 660
1615180 659
1615190 657
1615200 657
1615210 655
1615220 652
1615230 652
1615240 649
1615250 647
1615260 647
1615270 646
1615280 644
1615290 644
1615300 643
1615310 642
1615320 642
1615330 640
1615340 638
1615350 638
1615360 637
1615370 637
1615380 637
1615390 637
1615400 637
1615410 637
1615420 637
1615430 637
1615440 637
1615450 637
1615460 638
1615470 637
1615480 637
1615490 637
1615500 637
1615510 637
1615520 637
1615530 637
1615540 637
1615550 637
1615560 637
1615570 638
1615580 638
1615590 637
1615600 637
1615610 637
1615620 637
1615630 638
1615640 638
1615650 638
1615660 638
1615670 638
1615680 638
1615690 638
1615700 638
1615710 638
1615720 638
1615730 638
1615740 637
1615750 637
1615760 637
1615770 637
1615780 637
1615790 637
1615800 637
1615810 637
1615820 637
1615830 637
1615840 637
1615850 637
1615860 637
1615870 638
1615880 639
1615890 639
1615900 640
1615910 641
1615920 641
1615930 643
1615940 645
1615950 647
1615960 647
1615970 648
1615980 650
1615990 650
1616000 651
1616010 654
1616020 654
1616030 655
1616040 655
1616050 655
1616060 656
1616070 656
1616080 656
1616090 657
1616100 657
1616110 657
1616120 658
1616130 658
1616140 659
1616150 659
1616160 659
1616170 660
1616180 660
1616190 661
1616200 661
1616210 661
1616220 662
1616230 663
1616240 663
1616250 663
1616260 664
1616270 664
1616280 665
1616290 665
1616300 665
1616310 666
1616320 667
1616330 667
1616340 667
1616350 668
1616360 669
1616370 669
1616380 669
1616390 670
1616400 670
1616410 671
1616420 671
1616430 671
1616440 672
1616450 672
1616460 672
1616470 672
1616480 673
1616490 673
1616500 673
1616510 674
1616520 674
1616530 674
1616540 675
1616550 675
1616560 675
1616570 675
1616580 675
1616590 675
1616600 675
1616610 675
1616620 675
1616630 675
1616640 675
1616650 675
1616660 675
1616670 675
1616680 675
1616690 675
1616700 674
1616710 674
1616720 674
1616730 673
1616740 674
1616750 674
1616760 674
1616770 674
1616780 674
1616790 674
1616800 674
1616810 674
1616820 675
1616830 675
1616840 675
1616850 675
1616860 675
1616870 675
1616880 675
1616890 675
1616900 675
1616910 675
1616920 675
1616930 675
1616940 675
1616950 674
1616960 674
1616970 675
1616980 675
1616990 675
1617000 675
1617010 675
1617020 675
1617030 675
1617040 675
1617050 676
1617060 676
1617070 676
1617080 676
1617090 677
1617100 677
1617110 677
1617120 677
1617130 677
1617140 677
1617150 677
1617160 677
1617170 677
1617180 677
1617190 677
1617200 677
1617210 677
1617220 677
1617230 677
1617240 677
1617250 677
1617260 676
1617270 676
1617280 676
1617290 676
1617300 676
1617310 676
1617320 676
1617330 676
1617340 676
1617350 676
1617360 677
1617370 677
1617380 677
1617390 677
1617400 677
1617410 677
1617420 677
1617430 677
1617440 677
1617450 678
1617460 678
1617470 678
1617480 678
1617490 678
1617500 678
1617510 678
1617520 678
1617530 678
1617540 678
1617550 679
1617560 679
1617570 679
1617580 679
1617590 679
1617600 679
1617610 680
1617620 680
1617630 680
1617640 680
1617650 681
1617660 681
1617670 681
1617680 681
1617690 682
1617700 682
1617710 682
1617720 682
1617730 682
1617740 682
1617750 683
1617760 683
1617770 683
1617780 684
1617790 684
1617800 685
1617810 686
1617820 686
1617830 687
1617840 687
1617850 688
1617860 688
1617870 690
1617880 691
1617890 691
1617900 691
1617910 692
1617920 693
1617930 695
1617940 696
1617950 696
1617960 698
1617970 699
1617980 699
1617990 701
1618000 702
1618010 702
1618020 704
1618030 706
1618040 707
1618050 707
1618060 709
1618070 710
1618080 710
1618090 712
1618100 713
1618110 713
1618120 715
1618130 716
1618140 716
1618150 716
1618160 717
1618170 717
1618180 718
1618190 720
1618200 723
1618210 723
1618220 725
1618230 727
1618240 727
1618250 729
1618260 731
1618270 731
1618280 733
1618290 736
1618300 736
1618310 738
1618320 739
1618330 739
1618340 741
1618350 742
1618360 742
1618370 745
1618380 746
1618390 747
1618400 747
1618410 749
1618420 750
1618430 750
1618440 752
1618450 753
1618460 753
1618470 755
1618480 757
1618490 757
1618500 759
1618510 760
1618520 760
1618530 761
1618540 763
1618550 763
1618560 765
1618570 768
1618580 771
1618590 771
1618600 775
1618610 779
1618620 779
1618630 782
1618640 785
1618650 785
1618660 788
1618670 790
1618680 790
1618690 793
1618700 795
1618710 795
1618720 797
1618730 799
1618740 799
1618750 802
1618760 804
1618770 806
1618780 806
1618790 808
1618800 810
1618810 810
1618820 812
1618830 813
1618840 813
1618850 815
1618860 817
1618870 817
1618880 819
1618890 820
1618900 820
1618910 819
1618920 814
1618930 814
1618940 810
1618950 805
1618960 800
1618970 800
1618980 798
1618990 796
1619000 796
1619010 791
1619020 785
1619030 785
1619040 780
1619050 775
1619060 775
1619070 771
1619080 766
1619090 766
1619100 761
1619110 755
1619120 755
1619130 751
1619140 749
1619150 746
1619160 746
1619170 745
1619180 745
1619190 745
1619200 745
1619210 744
1619220 744
1619230 742
1619240 740
1619250 740
1619260 737
1619270 734
1619280 734
1619290 730
1619300 727
1619310 727
1619320 723
1619330 720
1619340 716
1619350 716
1619360 715
1619370 713
1619380 713
1619390 712
1619400 711
1619410 711
1619420 710
1619430 710
1619440 710
1619450 709
1619460 708
1619470 708
1619480 707
1619490 706
1619500 706
1619510 704
1619520 703
1619530 702
1619540 702
1619550 701
1619560 700
1619570 700
1619580 700
1619590 700
1619600 700
1619610 699
1619620 698
1619630 698
1619640 698
1619650 697
1619660 697
1619670 696
1619680 695
1619690 695
1619700 695
1619710 694
1619720 693
1619730 693
1619740 691
1619750 690
1619760 690
1619770 690
1619780 689
1619790 689
1619800 689
1619810 690
1619820 690
1619830 690
1619840 690
1619850 690
1619860 691
1619870 692
1619880 692
1619890 692
1619900 692
1619910 693
1619920 693
1619930 693
1619940 693
1619950 693
1619960 694
1619970 695
1619980 695
1619990 697
