1600000 781
1600010 781
1600020 781
1600030 782
1600040 782
1600050 783
1600060 785
1600070 785
1600080 787
1600090 790
1600100 792
1600110 792
1600120 795
1600130 797
1600140 797
1600150 800
1600160 804
1600170 804
1600180 807
1600190 810
1600200 810
1600210 813
1600220 817
1600230 817
1600240 821
1600250 825
1600260 825
1600270 829
1600280 832
1600290 835
1600300 835
1600310 837
1600320 840
1600330 840
1600340 842
1600350 844
1600360 844
1600370 845
1600380 847
1600390 847
1600400 848
1600410 850
1600420 850
1600430 851
1600440 851
1600450 851
1600460 851
1600470 852
1600480 852
1600490 852
1600500 852
1600510 851
1600520 851
1600530 850
1600540 849
1600550 849
1600560 848
1600570 847
1600580 847
1600590 845
1600600 844
1600610 844
1600620 842
1600630 840
1600640 840
1600650 838
1600660 836
1600670 834
1600680 834
1600690 833
1600700 832
1600710 832
1600720 832
1600730 830
1600740 830
1600750 829
1600760 831
1600770 831
1600780 830
1600790 829
1600800 829
1600810 828
1600820 826
1600830 826
1600840 825
1600850 823
1600860 821
1600870 821
1600880 818
1600890 816
1600900 816
1600910 814
1600920 811
1600930 811
1600940 808
1600950 806
1600960 806
1600970 803
1600980 799
1600990 799
1601000 794
1601010 790
1601020 790
1601030 786
1601040 783
1601050 780
1601060 780
1601070 777
1601080 773
1601090 773
1601100 770
1601110 766
1601120 766
1601130 763
1601140 759
1601150 759
1601160 755
1601170 751
1601180 751
1601190 748
1601200 744
1601210 744
1601220 739
1601230 736
1601240 733
1601250 733
1601260 729
1601270 725
1601280 725
1601290 721
1601300 718
1601310 718
1601320 715
1601330 711
1601340 711
1601350 706
1601360 701
1601370 701
1601380 696
1601390 692
1601400 692
1601410 686
1601420 681
1601430 678
1601440 678
1601450 674
1601460 671
1601470 671
1601480 666
1601490 663
1601500 663
1601510 661
1601520 660
1601530 660
1601540 658
1601550 657
1601560 657
1601570 657
1601580 656
1601590 656
1601600 656
1601610 656
1601620 658
1601630 658
1601640 660
1601650 662
1601660 662
1601670 664
1601680 667
1601690 667
1601700 669
1601710 672
1601720 672
1601730 676
1601740 681
1601750 681
1601760 686
1601770 689
1601780 689
1601790 694
1601800 698
1601810 701
1601820 701
1601830 703
1601840 706
1601850 706
1601860 711
1601870 715
1601880 715
1601890 718
1601900 719
1601910 719
1601920 721
1601930 723
1601940 723
1601950 727
1601960 732
1601970 732
1601980 736
1601990 740
1602000 745
1602010 745
1602020 750
1602030 755
1602040 755
1602050 759
1602060 762
1602070 762
1602080 765
1602090 769
1602100 769
1602110 772
1602120 776
1602130 776
1602140 779
1602150 783
1602160 783
1602170 786
1602180 789
1602190 791
1602200 791
1602210 794
1602220 796
1602230 796
1602240 798
1602250 800
1602260 800
1602270 803
1602280 807
1602290 807
1602300 810
1602310 812
1602320 812
1602330 815
1602340 818
1602350 818
1602360 821
1602370 824
1602380 824
1602390 826
1602400 828
1602410 830
1602420 830
1602430 832
1602440 834
1602450 834
1602460 836
1602470 839
1602480 839
1602490 840
1602500 842
1602510 842
1602520 844
1602530 845
1602540 845
1602550 847
1602560 849
1602570 849
1602580 850
1602590 851
1602600 854
1602610 854
1602620 857
1602630 858
1602640 858
1602650 860
1602660 862
1602670 862
1602680 864
1602690 866
1602700 866
1602710 869
1602720 873
1602730 873
1602740 877
1602750 880
1602760 880
1602770 882
1602780 883
1602790 885
1602800 885
1602810 887
1602820 889
1602830 889
1602840 891
1602850 893
1602860 893
1602870 895
1602880 897
1602890 897
1602900 899
1602910 901
1602920 901
1602930 902
1602940 902
1602950 902
1602960 901
1602970 901
1602980 901
1602990 901
1603000 901
1603010 902
1603020 902
1603030 902
1603040 904
1603050 904
1603060 905
1603070 908
1603080 908
1603090 910
1603100 910
1603110 910
1603120 911
1603130 912
1603140 912
1603150 913
1603160 915
1603170 916
1603180 916
1603190 918
1603200 921
1603210 921
1603220 923
1603230 924
1603240 924
1603250 925
1603260 927
1603270 927
1603280 928
1603290 930
1603300 930
1603310 932
1603320 934
1603330 934
1603340 935
1603350 937
1603360 938
1603370 938
1603380 938
1603390 937
1603400 937
1603410 935
1603420 933
1603430 933
1603440 931
1603450 929
1603460 929
1603470 928
1603480 926
1603490 926
1603500 925
1603510 924
1603520 924
1603530 923
1603540 921
1603550 919
1603560 919
1603570 917
1603580 916
1603590 916
1603600 916
1603610 914
1603620 914
1603630 913
1603640 912
1603650 912
1603660 907
1603670 905
1603680 905
1603690 902
1603700 899
1603710 899
1603720 897
1603730 896
1603740 896
1603750 896
1603760 895
1603770 893
1603780 893
1603790 892
1603800 889
1603810 889
1603820 886
1603830 883
1603840 883
1603850 879
1603860 876
1603870 876
1603880 873
1603890 871
1603900 871
1603910 869
1603920 868
1603930 867
1603940 867
1603950 866
1603960 865
1603970 865
1603980 862
1603990 859
1604000 859
1604010 855
1604020 852
1604030 852
1604040 849
1604050 846
1604060 846
1604070 844
1604080 841
1604090 841
1604100 839
1604110 837
1604120 834
1604130 834
1604140 832
1604150 829
1604160 829
1604170 827
1604180 824
1604190 824
1604200 822
1604210 822
1604220 822
1604230 822
1604240 820
1604250 820
1604260 816
1604270 813
1604280 813
1604290 810
1604300 808
1604310 804
1604320 804
1604330 799
1604340 795
1604350 795
1604360 793
1604370 793
1604380 793
1604390 796
1604400 798
1604410 798
1604420 798
1604430 797
1604440 797
1604450 797
1604460 795
1604470 795
1604480 793
1604490 789
1604500 788
1604510 788
1604520 787
1604530 784
1604540 784
1604550 782
1604560 778
1604570 778
1604580 773
1604590 770
1604600 770
1604610 766
1604620 764
1604630 764
1604640 762
1604650 760
1604660 760
1604670 758
1604680 757
1604690 755
1604700 755
1604710 753
1604720 749
1604730 749
1604740 748
1604750 745
1604760 745
1604770 741
1604780 742
1604790 742
1604800 741
1604810 740
1604820 740
1604830 739
1604840 738
1604850 738
1604860 737
1604870 736
1604880 736
1604890 736
1604900 735
1604910 734
1604920 734
1604930 734
1604940 733
1604950 733
1604960 733
1604970 732
1604980 732
1604990 732
1605000 732
1605010 732
1605020 733
1605030 734
1605040 734
1605050 734
1605060 733
1605070 731
1605080 731
1605090 732
1605100 731
1605110 731
1605120 730
1605130 730
1605140 730
1605150 730
1605160 729
1605170 729
1605180 729
1605190 729
1605200 729
1605210 731
1605220 733
1605230 733
1605240 734
1605250 736
1605260 737
1605270 737
1605280 736
1605290 735
1605300 735
1605310 734
1605320 734
1605330 734
1605340 733
1605350 734
1605360 734
1605370 736
1605380 735
1605390 735
1605400 735
1605410 734
1605420 734
1605430 731
1605440 728
1605450 727
1605460 727
1605470 724
1605480 722
1605490 722
1605500 720
1605510 717
1605520 717
1605530 715
1605540 711
1605550 711
1605560 708
1605570 704
1605580 704
1605590 699
1605600 695
1605610 695
1605620 691
1605630 687
1605640 681
1605650 681
1605660 675
1605670 671
1605680 671
1605690 668
1605700 667
1605710 667
1605720 667
1605730 667
1605740 667
1605750 664
1605760 660
1605770 658
1605780 657
1605790 655
1605800 655
1605810 654
1605820 654
1605830 653
1605840 653
1605850 650
1605860 646
1605870 646
1605880 643
1605890 639
1605900 639
1605910 636
1605920 633
1605930 633
1605940 629
1605950 627
1605960 627
1605970 624
1605980 623
1605990 623
1606000 622
1606010 622
1606020 621
1606030 621
1606040 621
1606050 621
1606060 621
1606070 621
1606080 621
1606090 621
1606100 620
1606110 619
1606120 619
1606130 619
1606140 619
1606150 619
1606160 619
1606170 618
1606180 618
1606190 618
1606200 618
1606210 618
1606220 618
1606230 618
1606240 617
1606250 617
1606260 617
1606270 616
1606280 616
1606290 616
1606300 615
1606310 615
1606320 615
1606330 615
1606340 615
1606350 614
1606360 613
1606370 613
1606380 613
1606390 613
1606400 613
1606410 613
1606420 613
1606430 613
1606440 613
1606450 613
1606460 613
1606470 613
1606480 613
1606490 613
1606500 613
1606510 613
1606520 613
1606530 613
1606540 613
1606550 614
1606560 614
1606570 612
1606580 612
1606590 612
1606600 611
1606610 611
1606620 612
1606630 612
1606640 612
1606650 612
1606660 612
1606670 612
1606680 612
1606690 612
1606700 611
1606710 611
1606720 611
1606730 611
1606740 610
1606750 610
1606760 610
1606770 610
1606780 610
1606790 610
1606800 610
1606810 610
1606820 610
1606830 610
1606840 610
1606850 610
1606860 610
1606870 610
1606880 610
1606890 610
1606900 610
1606910 610
1606920 610
1606930 610
1606940 610
1606950 610
1606960 609
1606970 609
1606980 610
1606990 609
1607000 609
1607010 609
1607020 609
1607030 609
1607040 609
1607050 609
1607060 609
1607070 609
1607080 610
1607090 611
1607100 611
1607110 609
1607120 611
1607130 611
1607140 613
1607150 613
1607160 613
1607170 614
1607180 615
1607190 616
1607200 616
1607210 616
1607220 619
1607230 619
1607240 624
1607250 630
1607260 630
1607270 637
1607280 642
1607290 642
1607300 647
1607310 652
1607320 652
1607330 659
1607340 664
1607350 664
1607360 669
1607370 675
1607380 680
1607390 680
1607400 686
1607410 692
1607420 692
1607430 698
1607440 704
1607450 704
1607460 710
1607470 716
1607480 716
1607490 722
1607500 728
1607510 728
1607520 733
1607530 734
1607540 734
1607550 736
1607560 738
1607570 742
1607580 742
1607590 747
1607600 753
1607610 753
1607620 758
1607630 764
1607640 764
1607650 768
1607660 771
1607670 771
1607680 774
1607690 776
1607700 776
1607710 778
1607720 780
1607730 780
1607740 785
1607750 789
1607760 792
1607770 792
1607780 798
1607790 805
1607800 805
1607810 811
1607820 818
1607830 818
1607840 825
1607850 833
1607860 833
1607870 841
1607880 846
1607890 846
1607900 849
1607910 849
1607920 849
1607930 846
1607940 842
1607950 836
1607960 836
1607970 831
1607980 826
1607990 826
1608000 822
1608010 817
1608020 817
1608030 813
1608040 808
1608050 808
1608060 804
1608070 799
1608080 799
1608090 795
1608100 789
1608110 789
1608120 783
1608130 778
1608140 775
1608150 775
1608160 774
1608170 773
1608180 773
1608190 773
1608200 772
1608210 772
1608220 771
1608230 769
1608240 769
1608250 771
1608260 772
1608270 772
1608280 773
1608290 774
1608300 774
1608310 777
1608320 778
1608330 783
1608340 783
1608350 788
1608360 794
1608370 794
1608380 799
1608390 804
1608400 804
1608410 810
1608420 815
1608430 815
1608440 821
1608450 827
1608460 827
1608470 832
1608480 837
1608490 837
1608500 842
1608510 848
1608520 854
1608530 854
1608540 859
1608550 863
1608560 863
1608570 867
1608580 872
1608590 872
1608600 876
1608610 878
1608620 878
1608630 879
1608640 880
1608650 880
1608660 880
1608670 881
1608680 881
1608690 881
1608700 881
1608710 880
1608720 880
1608730 880
1608740 881
1608750 881
1608760 882
1608770 882
1608780 882
1608790 882
1608800 881
1608810 881
1608820 879
1608830 879
1608840 879
1608850 880
1608860 884
1608870 884
1608880 885
1608890 886
1608900 886
1608910 886
1608920 887
1608930 887
1608940 887
1608950 886
1608960 884
1608970 884
1608980 883
1608990 880
1609000 880
1609010 877
1609020 875
1609030 875
1609040 874
1609050 873
1609060 873
1609070 873
1609080 873
1609090 874
1609100 874
1609110 875
1609120 874
1609130 874
1609140 874
1609150 874
1609160 874
1609170 874
1609180 875
1609190 875
1609200 876
1609210 877
1609220 877
1609230 880
1609240 882
1609250 882
1609260 885
1609270 888
1609280 890
1609290 890
1609300 892
1609310 894
1609320 894
1609330 895
1609340 895
1609350 895
1609360 897
1609370 898
1609380 898
1609390 900
1609400 901
1609410 901
1609420 902
1609430 902
1609440 902
1609450 902
1609460 902
1609470 900
1609480 900
1609490 898
1609500 904
1609510 904
1609520 912
1609530 919
1609540 919
1609550 926
1609560 933
1609570 933
1609580 939
1609590 945
1609600 945
1609610 951
1609620 958
1609630 958
1609640 968
1609650 974
1609660 980
1609670 980
1609680 985
1609690 990
1609700 990
1609710 995
1609720 999
1609730 999
1609740 1004
1609750 1009
1609760 1009
1609770 1016
1609780 1028
1609790 1028
1609800 1039
1609810 1043
1609820 1043
1609830 1048
1609840 1053
1609850 1059
1609860 1059
1609870 1066
1609880 1071
1609890 1071
1609900 1076
1609910 1080
1609920 1080
1609930 1084
1609940 1088
1609950 1088
1609960 1092
1609970 1094
1609980 1094
1609990 1095
1610000 1096
1610010 1096
1610020 1098
1610030 1101
1610040 1104
1610050 1104
1610060 1107
1610070 1110
1610080 1110
1610090 1113
1610100 1116
1610110 1116
1610120 1121
1610130 1126
1610140 1126
1610150 1131
1610160 1135
1610170 1135
1610180 1138
1610190 1142
1610200 1142
1610210 1147
1610220 1154
1610230 1158
1610240 1158
1610250 1162
1610260 1166
1610270 1166
1610280 1169
1610290 1172
1610300 1172
1610310 1176
1610320 1180
1610330 1180
1610340 1184
1610350 1189
1610360 1189
1610370 1193
1610380 1197
1610390 1197
1610400 1201
1610410 1206
1610420 1206
1610430 1209
1610440 1210
1610450 1211
1610460 1211
1610470 1211
1610480 1210
1610490 1210
1610500 1209
1610510 1209
1610520 1209
1610530 1209
1610540 1208
1610550 1208
1610560 1207
1610570 1205
1610580 1205
1610590 1204
1610600 1203
1610610 1203
1610620 1201
1610630 1199
1610640 1198
1610650 1198
1610660 1196
1610670 1194
1610680 1194
1610690 1192
1610700 1190
1610710 1190
1610720 1188
1610730 1187
1610740 1187
1610750 1185
1610760 1184
1610770 1184
1610780 1182
1610790 1180
1610800 1180
1610810 1178
1610820 1176
1610830 1174
1610840 1174
1610850 1172
1610860 1171
1610870 1171
1610880 1170
1610890 1168
1610900 1168
1610910 1165
1610920 1162
1610930 1162
1610940 1160
1610950 1157
1610960 1157
1610970 1155
1610980 1153
1610990 1153
1611000 1151
1611010 1148
1611020 1146
1611030 1146
1611040 1143
1611050 1140
1611060 1140
1611070 1137
1611080 1134
1611090 1134
1611100 1132
1611110 1128
1611120 1128
1611130 1125
1611140 1122
1611150 1122
1611160 1118
1611170 1115
1611180 1115
1611190 1111
1611200 1109
1611210 1107
1611220 1107
1611230 1106
1611240 1104
1611250 1104
1611260 1102
1611270 1099
1611280 1099
1611290 1096
1611300 1093
1611310 1093
1611320 1091
1611330 1089
1611340 1089
1611350 1087
1611360 1084
1611370 1084
1611380 1082
1611390 1080
1611400 1078
1611410 1078
1611420 1075
1611430 1073
1611440 1073
1611450 1071
1611460 1068
1611470 1068
1611480 1066
1611490 1063
1611500 1063
1611510 1061
1611520 1058
1611530 1058
1611540 1055
1611550 1054
1611560 1054
1611570 1052
1611580 1051
1611590 1049
1611600 1049
1611610 1048
1611620 1046
1611630 1046
1611640 1044
1611650 1042
1611660 1042
1611670 1040
1611680 1038
1611690 1038
1611700 1037
1611710 1035
1611720 1035
1611730 1033
1611740 1031
1611750 1031
1611760 1029
1611770 1025
1611780 1023
1611790 1023
1611800 1021
1611810 1018
1611820 1018
1611830 1016
1611840 1013
1611850 1013
1611860 1009
1611870 1005
1611880 1002
1611890 1000
1611900 999
1611910 999
1611920 998
1611930 997
1611940 997
1611950 996
1611960 995
1611970 994
1611980 994
1611990 993
1612000 992
1612010 992
1612020 991
1612030 990
1612040 990
1612050 989
1612060 989
1612070 989
1612080 988
1612090 988
1612100 988
1612110 988
1612120 988
1612130 988
1612140 988
1612150 987
1612160 986
1612170 986
1612180 985
1612190 984
1612200 984
1612210 983
1612220 981
1612230 981
1612240 980
1612250 979
1612260 979
1612270 978
1612280 977
1612290 977
1612300 976
1612310 975
1612320 975
1612330 973
1612340 971
1612350 969
1612360 969
1612370 968
1612380 967
1612390 967
1612400 966
1612410 964
1612420 964
1612430 962
1612440 961
1612450 961
1612460 959
1612470 957
1612480 957
1612490 955
1612500 953
1612510 953
1612520 952
1612530 949
1612540 946
1612550 946
1612560 944
1612570 941
1612580 941
1612590 939
1612600 936
1612610 936
1612620 932
1612630 929
1612640 929
1612650 926
1612660 924
1612670 924
1612680 921
1612690 918
1612700 918
1612710 916
1612720 914
1612730 911
1612740 911
1612750 910
1612760 909
1612770 909
1612780 908
1612790 906
1612800 906
1612810 905
1612820 903
1612830 903
1612840 901
1612850 897
1612860 897
1612870 889
1612880 886
1612890 886
1612900 884
1612910 882
1612920 880
1612930 880
1612940 879
1612950 877
1612960 877
1612970 875
1612980 873
1612990 873
1613000 871
1613010 869
1613020 869
1613030 867
1613040 865
1613050 865
1613060 864
1613070 863
1613080 863
1613090 861
1613100 860
1613110 858
1613120 858
1613130 856
1613140 854
1613150 854
1613160 852
1613170 849
1613180 849
1613190 845
1613200 840
1613210 840
1613220 836
1613230 832
1613240 832
1613250 829
1613260 825
1613270 825
1613280 821
1613290 818
1613300 815
1613310 815
1613320 813
1613330 808
1613340 808
1613350 805
1613360 803
1613370 803
1613380 802
1613390 800
1613400 800
1613410 795
1613420 789
1613430 789
1613440 784
1613450 779
1613460 779
1613470 778
1613480 778
1613490 781
1613500 781
1613510 785
1613520 789
1613530 789
1613540 793
1613550 796
1613560 796
1613570 799
1613580 802
1613590 802
1613600 805
1613610 809
1613620 809
1613630 812
1613640 816
1613650 816
1613660 819
1613670 822
1613680 822
1613690 826
1613700 831
1613710 836
1613720 836
1613730 840
1613740 846
1613750 846
1613760 852
1613770 857
1613780 857
1613790 863
1613800 869
1613810 869
1613820 879
1613830 888
1613840 888
1613850 901
1613860 908
1613870 908
1613880 915
1613890 921
1613900 925
1613910 925
1613920 930
1613930 933
1613940 933
1613950 938
1613960 940
1613970 940
1613980 940
1613990 940
1614000 940
1614010 939
1614020 938
1614030 938
1614040 936
1614050 935
1614060 935
1614070 934
1614080 933
1614090 932
1614100 932
1614110 931
1614120 931
1614130 931
1614140 930
1614150 930
1614160 930
1614170 930
1614180 930
1614190 930
1614200 931
1614210 932
1614220 932
1614230 935
1614240 938
1614250 938
1614260 943
1614270 949
1614280 952
1614290 952
1614300 957
1614310 961
1614320 961
1614330 965
1614340 968
1614350 968
1614360 971
1614370 974
1614380 974
1614390 978
1614400 981
1614410 981
1614420 984
1614430 987
1614440 987
1614450 990
1614460 992
1614470 994
1614480 994
1614490 995
1614500 996
1614510 996
1614520 997
1614530 996
1614540 996
1614550 995
1614560 993
1614570 993
1614580 990
1614590 987
1614600 987
1614610 983
1614620 978
1614630 978
1614640 971
1614650 965
1614660 960
1614670 960
1614680 957
1614690 953
1614700 953
1614710 950
1614720 946
1614730 946
1614740 948
1614750 952
1614760 952
1614770 952
1614780 953
1614790 953
1614800 954
1614810 956
1614820 960
1614830 962
1614840 963
1614850 964
1614860 964
1614870 967
1614880 969
1614890 969
1614900 972
1614910 975
1614920 975
1614930 977
1614940 979
1614950 979
1614960 982
1614970 984
1614980 984
1614990 986
1615000 986
1615010 986
1615020 986
1615030 985
1615040 983
1615050 983
1615060 979
1615070 973
1615080 973
1615090 970
1615100 969
1615110 969
1615120 969
1615130 968
1615140 968
1615150 971
1615160 974
1615170 974
1615180 977
1615190 980
1615200 980
1615210 984
1615220 987
1615230 989
1615240 989
1615250 991
1615260 994
1615270 994
1615280 998
1615290 1003
1615300 1003
1615310 1008
1615320 1013
1615330 1013
1615340 1016
1615350 1019
1615360 1019
1615370 1021
1615380 1024
1615390 1024
1615400 1027
1615410 1029
1615420 1030
1615430 1030
1615440 1030
1615450 1030
1615460 1030
1615470 1029
1615480 1029
1615490 1029
1615500 1029
1615510 1028
1615520 1028
1615530 1027
1615540 1026
1615550 1026
1615560 1025
1615570 1024
1615580 1024
1615590 1023
1615600 1023
1615610 1022
1615620 1022
1615630 1024
1615640 1025
1615650 1025
1615660 1025
1615670 1025
1615680 1025
1615690 1024
1615700 1024
1615710 1024
1615720 1023
1615730 1023
1615740 1023
1615750 1021
1615760 1020
1615770 1020
1615780 1018
1615790 1018
1615800 1016
1615810 1016
1615820 1015
1615830 1013
1615840 1013
1615850 1012
1615860 1010
1615870 1010
1615880 1009
1615890 1009
1615900 1009
1615910 1008
1615920 1007
1615930 1007
1615940 1006
1615950 1006
1615960 1006
1615970 1005
1615980 1004
1615990 1003
1616000 1003
1616010 1001
1616020 999
1616030 999
1616040 997
1616050 996
1616060 996
1616070 994
1616080 993
1616090 993
1616100 992
1616110 990
1616120 990
1616130 988
1616140 987
1616150 987
1616160 985
1616170 984
1616180 982
1616190 982
1616200 980
1616210 978
1616220 978
1616230 975
1616240 972
1616250 972
1616260 968
1616270 965
1616280 965
1616290 961
1616300 959
1616310 959
1616320 957
1616330 956
1616340 956
1616350 953
1616360 949
1616370 946
1616380 946
1616390 942
1616400 937
1616410 937
1616420 934
1616430 931
1616440 931
1616450 929
1616460 926
1616470 926
1616480 924
1616490 922
1616500 922
1616510 920
1616520 919
1616530 919
1616540 917
1616550 916
1616560 914
1616570 914
1616580 912
1616590 910
1616600 910
1616610 908
1616620 906
1616630 906
1616640 903
1616650 901
1616660 901
1616670 899
1616680 896
1616690 896
1616700 893
1616710 888
1616720 888
1616730 884
1616740 881
1616750 879
1616760 879
1616770 875
1616780 871
1616790 871
1616800 867
1616810 864
1616820 864
1616830 863
1616840 862
1616850 862
1616860 862
1616870 861
1616880 861
1616890 857
1616900 853
1616910 853
1616920 847
1616930 840
1616940 832
1616950 832
1616960 825
1616970 818
1616980 818
1616990 812
1617000 809
1617010 809
1617020 805
1617030 801
1617040 801
1617050 797
1617060 794
1617070 794
1617080 791
1617090 790
1617100 790
1617110 787
1617120 785
1617130 782
1617140 782
1617150 777
1617160 771
1617170 771
1617180 766
1617190 760
1617200 760
1617210 754
1617220 750
1617230 750
1617240 746
1617250 742
1617260 742
1617270 738
1617280 733
1617290 733
1617300 729
1617310 726
1617320 726
1617330 724
1617340 721
1617350 718
1617360 718
1617370 714
1617380 710
1617390 710
1617400 708
1617410 707
1617420 707
1617430 708
1617440 713
1617450 713
1617460 717
1617470 721
1617480 721
1617490 725
1617500 728
1617510 728
1617520 733
1617530 737
1617540 741
1617550 741
1617560 746
1617570 751
1617580 751
1617590 755
1617600 759
1617610 759
1617620 763
1617630 765
1617640 765
1617650 768
1617660 773
1617670 773
1617680 777
1617690 781
1617700 781
1617710 784
1617720 786
1617730 787
1617740 787
1617750 789
1617760 791
1617770 791
1617780 793
1617790 795
1617800 795
1617810 797
1617820 801
1617830 801
1617840 804
1617850 807
1617860 807
1617870 811
1617880 814
1617890 814
1617900 818
1617910 822
1617920 825
1617930 825
1617940 828
1617950 830
1617960 830
1617970 834
1617980 838
1617990 838
1618000 840
1618010 843
1618020 843
1618030 846
1618040 850
1618050 850
1618060 855
1618070 860
1618080 860
1618090 866
1618100 872
1618110 877
1618120 877
1618130 882
1618140 886
1618150 886
1618160 890
1618170 893
1618180 893
1618190 896
1618200 899
1618210 899
1618220 901
1618230 903
1618240 903
1618250 905
1618260 908
1618270 908
1618280 911
1618290 913
1618300 915
1618310 915
1618320 917
1618330 919
1618340 919
1618350 922
1618360 924
1618370 924
1618380 926
1618390 928
1618400 928
1618410 930
1618420 932
1618430 932
1618440 934
1618450 935
1618460 935
1618470 936
1618480 936
1618490 936
1618500 936
1618510 936
1618520 935
1618530 935
1618540 935
1618550 934
1618560 934
1618570 933
1618580 932
1618590 932
1618600 931
1618610 930
1618620 930
1618630 929
1618640 927
1618650 927
1618660 926
1618670 924
1618680 923
1618690 923
1618700 921
1618710 919
1618720 919
1618730 918
1618740 916
1618750 916
1618760 914
1618770 912
1618780 912
1618790 911
1618800 910
1618810 910
1618820 909
1618830 908
1618840 908
1618850 906
1618860 905
1618870 903
1618880 903
1618890 901
1618900 899
1618910 899
1618920 898
1618930 896
1618940 896
1618950 895
1618960 893
1618970 893
1618980 891
1618990 890
1619000 890
1619010 888
1619020 886
1619030 886
1619040 885
1619050 883
1619060 881
1619070 881
1619080 879
1619090 877
1619100 877
1619110 875
1619120 871
1619130 871
1619140 865
1619150 856
1619160 856
1619170 844
1619180 832
1619190 832
1619200 817
1619210 807
1619220 807
1619230 798
1619240 791
1619250 786
1619260 786
1619270 779
1619280 773
1619290 773
1619300 766
1619310 760
1619320 760
1619330 752
1619340 745
1619350 745
1619360 738
1619370 734
1619380 734
1619390 732
1619400 726
1619410 726
1619420 724
1619430 724
1619440 724
1619450 724
1619460 724
1619470 724
1619480 724
1619490 725
1619500 725
1619510 725
1619520 725
1619530 726
1619540 726
1619550 727
1619560 729
1619570 729
1619580 733
1619590 737
1619600 737
1619610 740
1619620 742
1619630 746
1619640 746
1619650 749
1619660 752
1619670 752
1619680 755
1619690 758
1619700 758
1619710 762
1619720 766
1619730 766
1619740 769
1619750 773
1619760 773
1619770 779
1619780 784
1619790 784
1619800 790
1619810 795
1619820 801
1619830 801
1619840 807
1619850 813
1619860 813
1619870 818
1619880 823
1619890 823
1619900 829
1619910 833
1619920 833
1619930 837
1619940 842
1619950 842
1619960 846
1619970 849
1619980 849
1619990 851
