1600000 947
1600010 950
1600020 954
1600030 954
1600040 958
1600050 961
1600060 961
1600070 965
1600080 968
1600090 968
1600100 971
1600110 975
1600120 977
1600130 977
1600140 980
1600150 983
1600160 983
1600170 985
1600180 983
1600190 983
1600200 980
1600210 977
1600220 977
1600230 974
1600240 971
1600250 971
1600260 967
1600270 963
1600280 963
1600290 960
1600300 956
1600310 952
1600320 952
1600330 947
1600340 942
1600350 942
1600360 937
1600370 933
1600380 933
1600390 928
1600400 925
1600410 925
1600420 919
1600430 914
1600440 914
1600450 910
1600460 906
1600470 906
1600480 900
1600490 896
1600500 894
1600510 894
1600520 894
1600530 894
1600540 894
1600550 891
1600560 895
1600570 895
1600580 902
1600590 905
1600600 905
1600610 910
1600620 916
1600630 916
1600640 920
1600650 923
1600660 923
1600670 928
1600680 933
1600690 938
1600700 938
1600710 943
1600720 949
1600730 949
1600740 954
1600750 959
1600760 959
1600770 963
1600780 967
1600790 967
1600800 970
1600810 973
1600820 973
1600830 976
1600840 979
1600850 979
1600860 982
1600870 984
1600880 984
1600890 985
1600900 988
1600910 991
1600920 991
1600930 994
1600940 998
1600950 998
1600960 1003
1600970 1007
1600980 1007
1600990 1012
1601000 1016
1601010 1016
1601020 1020
1601030 1024
1601040 1024
1601050 1027
1601060 1028
1601070 1028
1601080 1027
1601090 1026
1601100 1025
1601110 1025
1601120 1025
1601130 1026
1601140 1026
1601150 1029
1601160 1034
1601170 1034
1601180 1037
1601190 1042
1601200 1042
1601210 1047
1601220 1052
1601230 1052
1601240 1057
1601250 1061
1601260 1064
1601270 1068
1601280 1072
1601290 1077
1601300 1077
1601310 1081
1601320 1085
1601330 1085
1601340 1089
1601350 1093
1601360 1093
1601370 1097
1601380 1101
1601390 1101
1601400 1106
1601410 1110
1601420 1110
1601430 1113
1601440 1116
1601450 1116
1601460 1118
1601470 1119
1601480 1119
1601490 1119
1601500 1118
1601510 1116
1601520 1116
1601530 1114
1601540 1111
1601550 1111
1601560 1108
1601570 1105
1601580 1105
1601590 1102
1601600 1099
1601610 1099
1601620 1096
1601630 1094
1601640 1094
1601650 1089
1601660 1085
1601670 1081
1601680 1081
1601690 1077
1601700 1074
1601710 1074
1601720 1071
1601730 1069
1601740 1069
1601750 1066
1601760 1063
1601770 1063
1601780 1061
1601790 1059
1601800 1059
1601810 1058
1601820 1057
1601830 1057
1601840 1057
1601850 1058
1601860 1058
1601870 1060
1601880 1063
1601890 1065
1601900 1065
1601910 1067
1601920 1069
1601930 1069
1601940 1070
1601950 1072
1601960 1072
1601970 1075
1601980 1079
1601990 1079
1602000 1083
1602010 1086
1602020 1086
1602030 1090
1602040 1092
1602050 1092
1602060 1092
1602070 1092
1602080 1090
1602090 1090
1602100 1087
1602110 1086
1602120 1086
1602130 1084
1602140 1081
1602150 1081
1602160 1078
1602170 1076
1602180 1076
1602190 1074
1602200 1071
1602210 1071
1602220 1068
1602230 1065
1602240 1065
1602250 1062
1602260 1060
1602270 1056
1602280 1056
1602290 1052
1602300 1048
1602310 1048
1602320 1044
1602330 1039
1602340 1037
1602350 1033
1602360 1030
1602370 1030
1602380 1026
1602390 1021
1602400 1021
1602410 1017
1602420 1014
1602430 1014
1602440 1012
1602450 1009
1602460 1006
1602470 1006
1602480 1002
1602490 998
1602500 998
1602510 995
1602520 991
1602530 991
1602540 986
1602550 982
1602560 982
1602570 978
1602580 972
1602590 972
1602600 967
1602610 963
1602620 963
1602630 957
1602640 949
1602650 941
1602660 941
1602670 933
1602680 925
1602690 925
1602700 918
1602710 912
1602720 912
1602730 907
1602740 904
1602750 904
1602760 901
1602770 899
1602780 899
1602790 897
1602800 895
1602810 895
1602820 895
1602830 896
1602840 896
1602850 898
1602860 902
1602870 909
1602880 909
1602890 914
1602900 919
1602910 919
1602920 924
1602930 927
1602940 927
1602950 928
1602960 929
1602970 929
1602980 929
1602990 929
1603000 929
1603010 928
1603020 928
1603030 928
1603040 927
1603050 926
1603060 925
1603070 925
1603080 923
1603090 922
1603100 922
1603110 920
1603120 919
1603130 919
1603140 917
1603150 915
1603160 915
1603170 914
1603180 912
1603190 912
1603200 911
1603210 909
1603220 909
1603230 907
1603240 905
1603250 903
1603260 903
1603270 900
1603280 899
1603290 899
1603300 897
1603310 895
1603320 895
1603330 893
1603340 891
1603350 891
1603360 890
1603370 889
1603380 889
1603390 886
1603400 883
1603410 878
1603420 876
1603430 872
1603440 870
1603450 870
1603460 869
1603470 867
1603480 867
1603490 864
1603500 860
1603510 860
1603520 857
1603530 855
1603540 855
1603550 852
1603560 850
1603570 850
1603580 847
1603590 842
1603600 842
1603610 837
1603620 832
1603630 829
1603640 829
1603650 825
1603660 821
1603670 821
1603680 817
1603690 814
1603700 814
1603710 811
1603720 809
1603730 809
1603740 807
1603750 804
1603760 804
1603770 800
1603780 796
1603790 796
1603800 793
1603810 790
1603820 790
1603830 787
1603840 785
1603850 783
1603860 783
1603870 779
1603880 775
1603890 775
1603900 772
1603910 769
1603920 769
1603930 767
1603940 765
1603950 765
1603960 764
1603970 763
1603980 763
1603990 761
1604000 756
1604010 756
1604020 753
1604030 751
1604040 749
1604050 749
1604060 746
1604070 743
1604080 743
1604090 739
1604100 735
1604110 735
1604120 732
1604130 729
1604140 729
1604150 726
1604160 724
1604170 724
1604180 722
1604190 719
1604200 719
1604210 717
1604220 713
1604230 708
1604240 708
1604250 703
1604260 700
1604270 700
1604280 698
1604290 696
1604300 696
1604310 695
1604320 694
1604330 694
1604340 693
1604350 692
1604360 692
1604370 690
1604380 690
1604390 690
1604400 687
1604410 684
1604420 681
1604430 681
1604440 677
1604450 674
1604460 674
1604470 664
1604480 663
1604490 663
1604500 661
1604510 661
1604520 661
1604530 662
1604540 662
1604550 662
1604560 658
1604570 655
1604580 655
1604590 656
1604600 656
1604610 658
1604620 658
1604630 660
1604640 660
1604650 660
1604660 660
1604670 658
1604680 658
1604690 654
1604700 649
1604710 649
1604720 644
1604730 640
1604740 640
1604750 638
1604760 639
1604770 639
1604780 639
1604790 640
1604800 639
1604810 639
1604820 638
1604830 638
1604840 638
1604850 638
1604860 638
1604870 638
1604880 638
1604890 638
1604900 638
1604910 637
1604920 636
1604930 636
1604940 634
1604950 630
1604960 630
1604970 628
1604980 627
1604990 627
1605000 627
1605010 626
1605020 625
1605030 625
1605040 625
1605050 625
1605060 625
1605070 625
1605080 626
1605090 626
1605100 627
1605110 627
1605120 627
1605130 626
1605140 625
1605150 625
1605160 625
1605170 625
1605180 625
1605190 625
1605200 625
1605210 625
1605220 625
1605230 625
1605240 625
1605250 625
1605260 625
1605270 625
1605280 625
1605290 625
1605300 625
1605310 625
1605320 625
1605330 625
1605340 625
1605350 625
1605360 625
1605370 625
1605380 625
1605390 624
1605400 624
1605410 624
1605420 625
1605430 624
1605440 624
1605450 624
1605460 624
1605470 624
1605480 624
1605490 624
1605500 624
1605510 624
1605520 624
1605530 624
1605540 624
1605550 624
1605560 624
1605570 624
1605580 624
1605590 625
1605600 625
1605610 625
1605620 626
1605630 626
1605640 625
1605650 624
1605660 624
1605670 623
1605680 623
1605690 623
1605700 623
1605710 623
1605720 623
1605730 624
1605740 623
1605750 623
1605760 623
1605770 624
1605780 623
1605790 623
1605800 623
1605810 623
1605820 623
1605830 624
1605840 624
1605850 624
1605860 624
1605870 624
1605880 624
1605890 624
1605900 624
1605910 624
1605920 625
1605930 625
1605940 625
1605950 626
1605960 625
1605970 625
1605980 625
1605990 625
1606000 625
1606010 625
1606020 626
1606030 626
1606040 626
1606050 626
1606060 626
1606070 626
1606080 626
1606090 626
1606100 626
1606110 627
1606120 627
1606130 627
1606140 627
1606150 627
1606160 627
1606170 627
1606180 627
1606190 627
1606200 627
1606210 627
1606220 627
1606230 627
1606240 627
1606250 628
1606260 628
1606270 628
1606280 628
1606290 628
1606300 628
1606310 629
1606320 629
1606330 629
1606340 629
1606350 629
1606360 629
1606370 629
1606380 629
1606390 629
1606400 629
1606410 629
1606420 629
1606430 629
1606440 630
1606450 630
1606460 630
1606470 631
1606480 631
1606490 631
1606500 631
1606510 631
1606520 631
1606530 631
1606540 631
1606550 631
1606560 631
1606570 632
1606580 632
1606590 632
1606600 632
1606610 632
1606620 632
1606630 632
1606640 632
1606650 632
1606660 633
1606670 633
1606680 633
1606690 633
1606700 633
1606710 634
1606720 634
1606730 634
1606740 634
1606750 634
1606760 635
1606770 635
1606780 635
1606790 635
1606800 635
1606810 635
1606820 635
1606830 635
1606840 636
1606850 636
1606860 636
1606870 636
1606880 636
1606890 636
1606900 636
1606910 637
1606920 637
1606930 638
1606940 638
1606950 638
1606960 639
1606970 639
1606980 638
1606990 638
1607000 639
1607010 640
1607020 640
1607030 641
1607040 644
1607050 644
1607060 647
1607070 647
1607080 647
1607090 645
1607100 645
1607110 645
1607120 647
1607130 647
1607140 647
1607150 647
1607160 647
1607170 646
1607180 646
1607190 645
1607200 645
1607210 645
1607220 645
1607230 646
1607240 646
1607250 646
1607260 646
1607270 646
1607280 647
1607290 647
1607300 647
1607310 648
1607320 648
1607330 648
1607340 649
1607350 649
1607360 650
1607370 650
1607380 651
1607390 652
1607400 652
1607410 653
1607420 655
1607430 655
1607440 656
1607450 656
1607460 656
1607470 656
1607480 657
1607490 657
1607500 658
1607510 658
1607520 658
1607530 659
1607540 660
1607550 661
1607560 661
1607570 661
1607580 661
1607590 661
1607600 661
1607610 662
1607620 662
1607630 662
1607640 663
1607650 663
1607660 664
1607670 664
1607680 664
1607690 665
1607700 666
1607710 666
1607720 668
1607730 670
1607740 670
1607750 670
1607760 671
1607770 672
1607780 672
1607790 673
1607800 674
1607810 674
1607820 674
1607830 674
1607840 674
1607850 675
1607860 676
1607870 676
1607880 678
1607890 680
1607900 680
1607910 681
1607920 682
1607930 682
1607940 684
1607950 686
1607960 688
1607970 688
1607980 690
1607990 692
1608000 692
1608010 695
1608020 697
1608030 697
1608040 699
1608050 700
1608060 700
1608070 701
1608080 702
1608090 702
1608100 704
1608110 707
1608120 707
1608130 709
1608140 711
1608150 713
1608160 713
1608170 716
1608180 719
1608190 719
1608200 720
1608210 721
1608220 721
1608230 723
1608240 725
1608250 725
1608260 726
1608270 727
1608280 727
1608290 728
1608300 729
1608310 729
1608320 730
1608330 731
1608340 733
1608350 733
1608360 735
1608370 737
1608380 737
1608390 739
1608400 742
1608410 742
1608420 747
1608430 752
1608440 752
1608450 755
1608460 757
1608470 757
1608480 759
1608490 761
1608500 761
1608510 761
1608520 762
1608530 762
1608540 762
1608550 766
1608560 771
1608570 771
1608580 775
1608590 779
1608600 779
1608610 781
1608620 781
1608630 781
1608640 782
1608650 784
1608660 784
1608670 787
1608680 791
1608690 791
1608700 794
1608710 796
1608720 799
1608730 799
1608740 801
1608750 803
1608760 803
1608770 805
1608780 806
1608790 806
1608800 807
1608810 809
1608820 809
1608830 812
1608840 814
1608850 814
1608860 816
1608870 821
1608880 821
1608890 827
1608900 831
1608910 831
1608920 836
1608930 840
1608940 844
1608950 844
1608960 846
1608970 850
1608980 850
1608990 853
1609000 857
1609010 857
1609020 862
1609030 867
1609040 867
1609050 870
1609060 868
1609070 868
1609080 866
1609090 869
1609100 869
1609110 872
1609120 874
1609130 876
1609140 876
1609150 879
1609160 884
1609170 884
1609180 889
1609190 893
1609200 893
1609210 898
1609220 901
1609230 901
1609240 904
1609250 907
1609260 907
1609270 909
1609280 912
1609290 912
1609300 914
1609310 915
1609320 917
1609330 917
1609340 918
1609350 918
1609360 918
1609370 919
1609380 919
1609390 919
1609400 918
1609410 918
1609420 918
1609430 918
1609440 919
1609450 919
1609460 918
1609470 917
1609480 917
1609490 916
1609500 915
1609510 915
1609520 915
1609530 914
1609540 914
1609550 914
1609560 915
1609570 915
1609580 915
1609590 913
1609600 912
1609610 912
1609620 914
1609630 916
1609640 916
1609650 918
1609660 921
1609670 921
1609680 924
1609690 927
1609700 931
1609710 931
1609720 936
1609730 939
1609740 939
1609750 939
1609760 939
1609770 939
1609780 940
1609790 942
1609800 942
1609810 944
1609820 945
1609830 945
1609840 946
1609850 945
1609860 945
1609870 946
1609880 947
1609890 946
1609900 946
1609910 948
1609920 949
1609930 949
1609940 948
1609950 949
1609960 949
1609970 951
1609980 951
1609990 951
1610000 951
1610010 953
1610020 953
1610030 956
1610040 957
1610050 957
1610060 959
1610070 961
1610080 961
1610090 960
1610100 958
1610110 959
1610120 959
1610130 966
1610140 972
1610150 972
1610160 977
1610170 981
1610180 981
1610190 985
1610200 990
1610210 990
1610220 997
1610230 1000
1610240 1000
1610250 1003
1610260 1005
1610270 1005
1610280 1007
1610290 1009
1610300 1011
1610310 1011
1610320 1012
1610330 1013
1610340 1013
1610350 1014
1610360 1015
1610370 1015
1610380 1018
1610390 1022
1610400 1022
1610410 1025
1610420 1032
1610430 1032
1610440 1040
1610450 1048
1610460 1048
1610470 1053
1610480 1057
1610490 1059
1610500 1059
1610510 1061
1610520 1062
1610530 1062
1610540 1064
1610550 1069
1610560 1069
1610570 1073
1610580 1078
1610590 1078
1610600 1082
1610610 1087
1610620 1087
1610630 1092
1610640 1103
1610650 1103
1610660 1106
1610670 1110
1610680 1115
1610690 1115
1610700 1120
1610710 1124
1610720 1124
1610730 1128
1610740 1131
1610750 1131
1610760 1134
1610770 1137
1610780 1137
1610790 1139
1610800 1142
1610810 1142
1610820 1146
1610830 1149
1610840 1149
1610850 1153
1610860 1156
1610870 1159
1610880 1159
1610890 1162
1610900 1165
1610910 1165
1610920 1169
1610930 1171
1610940 1171
1610950 1173
1610960 1174
1610970 1174
1610980 1174
1610990 1174
1611000 1174
1611010 1172
1611020 1170
1611030 1170
1611040 1170
1611050 1168
1611060 1168
1611070 1166
1611080 1165
1611090 1163
1611100 1163
1611110 1161
1611120 1160
1611130 1160
1611140 1159
1611150 1157
1611160 1157
1611170 1156
1611180 1155
1611190 1155
1611200 1153
1611210 1152
1611220 1152
1611230 1150
1611240 1149
1611250 1149
1611260 1147
1611270 1145
1611280 1142
1611290 1142
1611300 1140
1611310 1138
1611320 1138
1611330 1135
1611340 1133
1611350 1133
1611360 1131
1611370 1128
1611380 1128
1611390 1126
1611400 1122
1611410 1122
1611420 1120
1611430 1117
1611440 1117
1611450 1115
1611460 1112
1611470 1110
1611480 1110
1611490 1107
1611500 1104
1611510 1104
1611520 1102
1611530 1100
1611540 1100
1611550 1097
1611560 1094
1611570 1094
1611580 1091
1611590 1089
1611600 1089
1611610 1087
1611620 1085
1611630 1085
1611640 1087
1611650 1085
1611660 1083
1611670 1083
1611680 1081
1611690 1078
1611700 1078
1611710 1077
1611720 1075
1611730 1075
1611740 1073
1611750 1072
1611760 1072
1611770 1070
1611780 1067
1611790 1067
1611800 1065
1611810 1062
1611820 1062
1611830 1060
1611840 1057
1611850 1055
1611860 1055
1611870 1053
1611880 1050
1611890 1050
1611900 1048
1611910 1046
1611920 1046
1611930 1045
1611940 1044
1611950 1044
1611960 1042
1611970 1042
1611980 1042
1611990 1042
1612000 1045
1612010 1045
1612020 1049
1612030 1052
1612040 1052
1612050 1055
1612060 1059
1612070 1064
1612080 1064
1612090 1067
1612100 1070
1612110 1070
1612120 1073
1612130 1076
1612140 1076
1612150 1078
1612160 1079
1612170 1079
1612180 1082
1612190 1085
1612200 1085
1612210 1089
1612220 1093
1612230 1093
1612240 1097
1612250 1102
1612260 1107
1612270 1107
1612280 1111
1612290 1115
1612300 1115
1612310 1117
1612320 1117
1612330 1117
1612340 1116
1612350 1114
1612360 1114
1612370 1111
1612380 1108
1612390 1108
1612400 1105
1612410 1101
1612420 1101
1612430 1098
1612440 1095
1612450 1091
1612460 1091
1612470 1087
1612480 1083
1612490 1083
1612500 1080
1612510 1077
1612520 1077
1612530 1074
1612540 1071
1612550 1071
1612560 1068
1612570 1064
1612580 1064
1612590 1060
1612600 1057
1612610 1057
1612620 1053
1612630 1049
1612640 1046
1612650 1046
1612660 1043
1612670 1040
1612680 1040
1612690 1037
1612700 1034
1612710 1034
1612720 1038
1612730 1041
1612740 1041
1612750 1045
1612760 1047
1612770 1047
1612780 1049
1612790 1052
1612800 1052
1612810 1055
1612820 1059
1612830 1063
1612840 1063
1612850 1066
1612860 1070
1612870 1070
1612880 1074
1612890 1077
1612900 1077
1612910 1082
1612920 1087
1612930 1087
1612940 1090
1612950 1092
1612960 1092
1612970 1093
1612980 1095
1612990 1095
1613000 1096
1613010 1097
1613020 1097
1613030 1098
1613040 1099
1613050 1099
1613060 1099
1613070 1098
1613080 1097
1613090 1097
1613100 1096
1613110 1094
1613120 1094
1613130 1092
1613140 1091
1613150 1091
1613160 1090
1613170 1089
1613180 1089
1613190 1088
1613200 1087
1613210 1087
1613220 1086
1613230 1085
1613240 1084
1613250 1084
1613260 1083
1613270 1082
1613280 1082
1613290 1081
1613300 1080
1613310 1080
1613320 1079
1613330 1079
1613340 1079
1613350 1078
1613360 1077
1613370 1077
1613380 1076
1613390 1074
1613400 1074
1613410 1072
1613420 1070
1613430 1067
1613440 1067
1613450 1063
1613460 1060
1613470 1060
1613480 1056
1613490 1052
1613500 1052
1613510 1047
1613520 1041
1613530 1041
1613540 1035
1613550 1030
1613560 1030
1613570 1024
1613580 1019
1613590 1019
1613600 1015
1613610 1011
1613620 1005
1613630 1005
1613640 1001
1613650 998
1613660 998
1613670 995
1613680 991
1613690 991
1613700 987
1613710 983
1613720 983
1613730 979
1613740 976
1613750 976
1613760 972
1613770 968
1613780 968
1613790 964
1613800 960
1613810 956
1613820 956
1613830 952
1613840 948
1613850 948
1613860 943
1613870 940
1613880 940
1613890 936
1613900 934
1613910 934
1613920 930
1613930 926
1613940 926
1613950 922
1613960 917
1613970 917
1613980 913
1613990 909
1614000 909
1614010 908
1614020 911
1614030 913
1614040 913
1614050 915
1614060 918
1614070 918
1614080 922
1614090 926
1614100 926
1614110 930
1614120 935
1614130 935
1614140 939
1614150 945
1614160 945
1614170 950
1614180 954
1614190 954
1614200 958
1614210 961
1614220 965
1614230 965
1614240 968
1614250 972
1614260 972
1614270 975
1614280 976
1614290 976
1614300 977
1614310 977
1614320 977
1614330 975
1614340 974
1614350 974
1614360 972
1614370 971
1614380 971
1614390 970
1614400 969
1614410 968
1614420 968
1614430 968
1614440 968
1614450 968
1614460 969
1614470 969
1614480 969
1614490 968
1614500 967
1614510 967
1614520 965
1614530 963
1614540 963
1614550 961
1614560 958
1614570 958
1614580 954
1614590 948
1614600 939
1614610 939
1614620 935
1614630 932
1614640 932
1614650 928
1614660 925
1614670 925
1614680 921
1614690 917
1614700 917
1614710 911
1614720 906
1614730 906
1614740 901
1614750 897
1614760 897
1614770 893
1614780 890
1614790 886
1614800 886
1614810 883
1614820 879
1614830 879
1614840 876
1614850 872
1614860 872
1614870 869
1614880 867
1614890 867
1614900 866
1614910 864
1614920 864
1614930 862
1614940 860
1614950 860
1614960 858
1614970 855
1614980 855
1614990 850
1615000 846
1615010 843
1615020 843
1615030 842
1615040 842
1615050 842
1615060 842
1615070 846
1615080 846
1615090 852
1615100 858
1615110 858
1615120 865
1615130 871
1615140 871
1615150 877
1615160 883
1615170 883
1615180 889
1615190 895
1615200 902
1615210 902
1615220 907
1615230 911
1615240 911
1615250 916
1615260 920
1615270 920
1615280 925
1615290 931
1615300 931
1615310 936
1615320 940
1615330 940
1615340 944
1615350 948
1615360 948
1615370 954
1615380 957
1615390 960
1615400 960
1615410 964
1615420 968
1615430 968
1615440 972
1615450 976
1615460 976
1615470 980
1615480 984
1615490 984
1615500 987
1615510 990
1615520 990
1615530 993
1615540 995
1615550 995
1615560 1000
1615570 1001
1615580 1002
1615590 1002
1615600 1003
1615610 1005
1615620 1005
1615630 1008
1615640 1012
1615650 1012
1615660 1014
1615670 1016
1615680 1016
1615690 1018
1615700 1019
1615710 1019
1615720 1021
1615730 1023
1615740 1023
1615750 1027
1615760 1030
1615770 1033
1615780 1033
1615790 1036
1615800 1041
1615810 1041
1615820 1044
1615830 1046
1615840 1046
1615850 1048
1615860 1050
1615870 1050
1615880 1052
1615890 1054
1615900 1054
1615910 1055
1615920 1056
1615930 1056
1615940 1057
1615950 1058
1615960 1058
1615970 1059
1615980 1061
1615990 1062
1616000 1062
1616010 1063
1616020 1064
1616030 1064
1616040 1064
1616050 1064
1616060 1064
1616070 1063
1616080 1062
1616090 1062
1616100 1061
1616110 1060
1616120 1060
1616130 1059
1616140 1057
1616150 1057
1616160 1055
1616170 1054
1616180 1053
1616190 1053
1616200 1054
1616210 1055
1616220 1055
1616230 1057
1616240 1058
1616250 1058
1616260 1059
1616270 1059
1616280 1059
1616290 1058
1616300 1057
1616310 1057
1616320 1056
1616330 1053
1616340 1053
1616350 1051
1616360 1049
1616370 1048
1616380 1048
1616390 1046
1616400 1044
1616410 1044
1616420 1046
1616430 1048
1616440 1048
1616450 1050
1616460 1053
1616470 1053
1616480 1054
1616490 1056
1616500 1056
1616510 1058
1616520 1059
1616530 1061
1616540 1062
1616550 1064
1616560 1068
1616570 1068
1616580 1071
1616590 1074
1616600 1074
1616610 1077
1616620 1080
1616630 1080
1616640 1083
1616650 1086
1616660 1086
1616670 1088
1616680 1090
1616690 1090
1616700 1093
1616710 1096
1616720 1096
1616730 1099
1616740 1103
1616750 1106
1616760 1106
1616770 1108
1616780 1110
1616790 1110
1616800 1112
1616810 1116
1616820 1116
1616830 1119
1616840 1123
1616850 1123
1616860 1129
1616870 1133
1616880 1133
1616890 1135
1616900 1138
1616910 1138
1616920 1141
1616930 1144
1616940 1144
1616950 1147
1616960 1151
1616970 1154
1616980 1154
1616990 1157
1617000 1160
1617010 1160
1617020 1162
1617030 1164
1617040 1164
1617050 1167
1617060 1169
1617070 1169
1617080 1172
1617090 1174
1617100 1174
1617110 1176
1617120 1177
1617130 1177
1617140 1179
1617150 1179
1617160 1178
1617170 1178
1617180 1177
1617190 1176
1617200 1176
1617210 1175
1617220 1174
1617230 1174
1617240 1172
1617250 1170
1617260 1170
1617270 1168
1617280 1165
1617290 1165
1617300 1162
1617310 1160
1617320 1160
1617330 1157
1617340 1155
1617350 1153
1617360 1153
1617370 1150
1617380 1147
1617390 1147
1617400 1144
1617410 1140
1617420 1140
1617430 1136
1617440 1132
1617450 1132
1617460 1129
1617470 1126
1617480 1126
1617490 1124
1617500 1121
1617510 1121
1617520 1119
1617530 1116
1617540 1113
1617550 1113
1617560 1110
1617570 1107
1617580 1107
1617590 1104
1617600 1101
1617610 1101
1617620 1099
1617630 1097
1617640 1097
1617650 1094
1617660 1091
1617670 1091
1617680 1088
1617690 1086
1617700 1086
1617710 1084
1617720 1082
1617730 1078
1617740 1078
1617750 1075
1617760 1072
1617770 1072
1617780 1069
1617790 1066
1617800 1066
1617810 1064
1617820 1061
1617830 1061
1617840 1058
1617850 1055
1617860 1055
1617870 1052
1617880 1048
1617890 1048
1617900 1045
1617910 1044
1617920 1044
1617930 1042
1617940 1039
1617950 1037
1617960 1037
1617970 1034
1617980 1032
1617990 1032
1618000 1030
1618010 1027
1618020 1027
1618030 1024
1618040 1021
1618050 1021
1618060 1019
1618070 1017
1618080 1017
1618090 1015
1618100 1013
1618110 1013
1618120 1011
1618130 1009
1618140 1007
1618150 1007
1618160 1003
1618170 1000
1618180 1000
1618190 997
1618200 995
1618210 995
1618220 994
1618230 993
1618240 993
1618250 990
1618260 987
1618270 987
1618280 984
1618290 982
1618300 982
1618310 980
1618320 975
1618330 972
1618340 972
1618350 970
1618360 968
1618370 968
1618380 966
1618390 963
1618400 963
1618410 961
1618420 959
1618430 957
1618440 955
1618450 954
1618460 954
1618470 952
1618480 950
1618490 950
1618500 949
1618510 949
1618520 949
1618530 949
1618540 949
1618550 947
1618560 947
1618570 947
1618580 945
1618590 945
1618600 944
1618610 942
1618620 942
1618630 939
1618640 937
1618650 937
1618660 934
1618670 932
1618680 932
1618690 930
1618700 928
1618710 925
1618720 925
1618730 922
1618740 920
1618750 920
1618760 918
1618770 916
1618780 916
1618790 914
1618800 911
1618810 911
1618820 906
1618830 902
1618840 902
1618850 899
1618860 896
1618870 896
1618880 892
1618890 888
1618900 888
1618910 883
1618920 878
1618930 871
1618940 871
1618950 864
1618960 860
1618970 860
1618980 857
1618990 853
1619000 853
1619010 850
1619020 847
1619030 847
1619040 845
1619050 842
1619060 842
1619070 840
1619080 837
1619090 837
1619100 835
1619110 833
1619120 831
1619130 831
1619140 829
1619150 827
1619160 827
1619170 823
1619180 820
1619190 820
1619200 817
1619210 813
1619220 813
1619230 810
1619240 808
1619250 808
1619260 806
1619270 803
1619280 803
1619290 800
1619300 793
1619310 790
1619320 790
1619330 794
1619340 802
1619350 802
1619360 810
1619370 819
1619380 819
1619390 827
1619400 834
1619410 834
1619420 837
1619430 840
1619440 840
1619450 843
1619460 847
1619470 847
1619480 851
1619490 855
1619500 857
1619510 857
1619520 860
1619530 862
1619540 862
1619550 864
1619560 865
1619570 865
1619580 869
1619590 875
1619600 875
1619610 882
1619620 889
1619630 889
1619640 894
1619650 900
1619660 900
1619670 904
1619680 903
1619690 900
1619700 900
1619710 898
1619720 896
1619730 896
1619740 893
1619750 890
1619760 890
1619770 886
1619780 882
1619790 882
1619800 877
1619810 872
1619820 872
1619830 866
1619840 859
1619850 859
1619860 852
1619870 846
1619880 846
1619890 840
1619900 834
1619910 828
1619920 828
1619930 823
1619940 819
1619950 819
1619960 814
1619970 806
1619980 806
1619990 800
