1600000 995
1600010 998
1600020 998
1600030 1000
1600040 1004
1600050 1004
1600060 1008
1600070 1014
1600080 1014
1600090 1019
1600100 1021
1600110 1024
1600120 1024
1600130 1023
1600140 1021
1600150 1021
1600160 1018
1600170 1014
1600180 1014
1600190 1009
1600200 1005
1600210 1005
1600220 1000
1600230 996
1600240 996
1600250 992
1600260 987
1600270 987
1600280 983
1600290 978
1600300 973
1600310 973
1600320 967
1600330 961
1600340 961
1600350 962
1600360 967
1600370 967
1600380 974
1600390 978
1600400 978
1600410 980
1600420 983
1600430 983
1600440 986
1600450 989
1600460 989
1600470 992
1600480 995
1600490 995
1600500 998
1600510 1001
1600520 1003
1600530 1003
1600540 1005
1600550 1005
1600560 1005
1600570 1004
1600580 1003
1600590 1003
1600600 1001
1600610 998
1600620 998
1600630 995
1600640 992
1600650 992
1600660 989
1600670 986
1600680 992
1600690 989
1600700 986
1600710 983
1600720 983
1600730 979
1600740 975
1600750 975
1600760 970
1600770 963
1600780 963
1600790 957
1600800 961
1600810 961
1600820 963
1600830 963
1600840 963
1600850 966
1600860 968
1600870 968
1600880 969
1600890 969
1600900 968
1600910 968
1600920 973
1600930 978
1600940 978
1600950 982
1600960 986
1600970 986
1600980 991
1600990 997
1601000 997
1601010 1001
1601020 1004
1601030 1004
1601040 1008
1601050 1012
1601060 1012
1601070 1015
1601080 1019
1601090 1023
1601100 1023
1601110 1028
1601120 1032
1601130 1032
1601140 1036
1601150 1040
1601160 1040
1601170 1045
1601180 1049
1601190 1049
1601200 1053
1601210 1058
1601220 1058
1601230 1062
1601240 1067
1601250 1067
1601260 1071
1601270 1075
1601280 1078
1601290 1078
1601300 1082
1601310 1086
1601320 1086
1601330 1089
1601340 1092
1601350 1092
1601360 1097
1601370 1101
1601380 1101
1601390 1104
1601400 1108
1601410 1108
1601420 1113
1601430 1117
1601440 1117
1601450 1121
1601460 1125
1601470 1125
1601480 1128
1601490 1132
1601500 1135
1601510 1135
1601520 1138
1601530 1141
1601540 1141
1601550 1142
1601560 1143
1601570 1143
1601580 1145
1601590 1146
1601600 1146
1601610 1147
1601620 1147
1601630 1147
1601640 1148
1601650 1148
1601660 1148
1601670 1148
1601680 1148
1601690 1148
1601700 1148
1601710 1147
1601720 1147
1601730 1147
1601740 1146
1601750 1145
1601760 1147
1601770 1145
1601780 1144
1601790 1144
1601800 1142
1601810 1140
1601820 1140
1601830 1139
1601840 1137
1601850 1137
1601860 1136
1601870 1134
1601880 1132
1601890 1132
1601900 1131
1601910 1130
1601920 1130
1601930 1128
1601940 1127
1601950 1127
1601960 1125
1601970 1124
1601980 1124
1601990 1121
1602000 1118
1602010 1118
1602020 1115
1602030 1110
1602040 1110
1602050 1105
1602060 1100
1602070 1094
1602080 1094
1602090 1087
1602100 1078
1602110 1078
1602120 1070
1602130 1062
1602140 1062
1602150 1056
1602160 1052
1602170 1052
1602180 1050
1602190 1045
1602200 1045
1602210 1041
1602220 1036
1602230 1036
1602240 1030
1602250 1024
1602260 1018
1602270 1018
1602280 1012
1602290 1007
1602300 1007
1602310 1001
1602320 996
1602330 996
1602340 991
1602350 985
1602360 985
1602370 980
1602380 976
1602390 976
1602400 973
1602410 968
1602420 968
1602430 966
1602440 963
1602450 963
1602460 961
1602470 957
1602480 954
1602490 954
1602500 948
1602510 945
1602520 945
1602530 942
1602540 939
1602550 939
1602560 936
1602570 932
1602580 932
1602590 927
1602600 924
1602610 924
1602620 921
1602630 919
1602640 919
1602650 916
1602660 913
1602670 910
1602680 910
1602690 907
1602700 903
1602710 903
1602720 900
1602730 899
1602740 899
1602750 898
1602760 896
1602770 896
1602780 893
1602790 892
1602800 892
1602810 890
1602820 889
1602830 889
1602840 885
1602850 884
1602860 883
1602870 883
1602880 882
1602890 880
1602900 880
1602910 880
1602920 879
1602930 879
1602940 879
1602950 878
1602960 878
1602970 878
1602980 878
1602990 878
1603000 876
1603010 874
1603020 874
1603030 872
1603040 870
1603050 868
1603060 868
1603070 866
1603080 863
1603090 863
1603100 861
1603110 856
1603120 856
1603130 852
1603140 849
1603150 849
1603160 846
1603170 843
1603180 843
1603190 839
1603200 837
1603210 837
1603220 836
1603230 833
1603240 831
1603250 831
1603260 828
1603270 825
1603280 825
1603290 820
1603300 817
1603310 817
1603320 814
1603330 813
1603340 813
1603350 810
1603360 805
1603370 805
1603380 800
1603390 794
1603400 794
1603410 788
1603420 781
1603430 781
1603440 775
1603450 769
1603460 767
1603470 767
1603480 765
1603490 763
1603500 763
1603510 760
1603520 758
1603530 758
1603540 755
1603550 750
1603560 750
1603570 745
1603580 741
1603590 741
1603600 740
1603610 739
1603620 739
1603630 736
1603640 734
1603650 734
1603660 734
1603670 732
1603680 729
1603690 729
1603700 728
1603710 725
1603720 725
1603730 721
1603740 716
1603750 716
1603760 712
1603770 710
1603780 710
1603790 709
1603800 707
1603810 707
1603820 705
1603830 704
1603840 701
1603850 701
1603860 692
1603870 680
1603880 680
1603890 674
1603900 665
1603910 665
1603920 661
1603930 657
1603940 657
1603950 654
1603960 652
1603970 652
1603980 648
1603990 644
1604000 644
1604010 643
1604020 640
1604030 638
1604040 638
1604050 637
1604060 636
1604070 636
1604080 635
1604090 634
1604100 634
1604110 633
1604120 632
1604130 632
1604140 631
1604150 631
1604160 631
1604170 631
1604180 631
1604190 631
1604200 630
1604210 630
1604220 630
1604230 630
1604240 630
1604250 630
1604260 630
1604270 629
1604280 629
1604290 629
1604300 629
1604310 628
1604320 628
1604330 628
1604340 628
1604350 628
1604360 628
1604370 628
1604380 628
1604390 628
1604400 628
1604410 628
1604420 628
1604430 628
1604440 627
1604450 627
1604460 628
1604470 627
1604480 627
1604490 628
1604500 628
1604510 628
1604520 628
1604530 629
1604540 629
1604550 628
1604560 627
1604570 627
1604580 627
1604590 627
1604600 627
1604610 627
1604620 627
1604630 627
1604640 627
1604650 627
1604660 627
1604670 627
1604680 628
1604690 628
1604700 628
1604710 628
1604720 627
1604730 627
1604740 626
1604750 626
1604760 626
1604770 626
1604780 626
1604790 626
1604800 626
1604810 626
1604820 626
1604830 626
1604840 626
1604850 626
1604860 626
1604870 626
1604880 626
1604890 626
1604900 626
1604910 626
1604920 626
1604930 626
1604940 626
1604950 626
1604960 626
1604970 626
1604980 626
1604990 626
1605000 626
1605010 626
1605020 626
1605030 626
1605040 626
1605050 626
1605060 626
1605070 626
1605080 626
1605090 626
1605100 626
1605110 626
1605120 626
1605130 626
1605140 626
1605150 626
1605160 626
1605170 626
1605180 626
1605190 626
1605200 626
1605210 626
1605220 626
1605230 626
1605240 626
1605250 626
1605260 626
1605270 626
1605280 626
1605290 626
1605300 626
1605310 626
1605320 626
1605330 626
1605340 626
1605350 626
1605360 626
1605370 626
1605380 626
1605390 626
1605400 626
1605410 626
1605420 626
1605430 626
1605440 626
1605450 626
1605460 626
1605470 626
1605480 626
1605490 626
1605500 626
1605510 625
1605520 625
1605530 625
1605540 626
1605550 626
1605560 626
1605570 625
1605580 625
1605590 625
1605600 625
1605610 625
1605620 625
1605630 625
1605640 624
1605650 624
1605660 624
1605670 625
1605680 625
1605690 625
1605700 624
1605710 624
1605720 625
1605730 625
1605740 625
1605750 625
1605760 625
1605770 625
1605780 625
1605790 625
1605800 625
1605810 625
1605820 625
1605830 626
1605840 626
1605850 626
1605860 626
1605870 626
1605880 626
1605890 626
1605900 626
1605910 627
1605920 627
1605930 627
1605940 627
1605950 627
1605960 627
1605970 628
1605980 628
1605990 628
1606000 628
1606010 629
1606020 629
1606030 629
1606040 629
1606050 629
1606060 629
1606070 630
1606080 631
1606090 631
1606100 631
1606110 631
1606120 631
1606130 630
1606140 630
1606150 630
1606160 630
1606170 631
1606180 631
1606190 631
1606200 631
1606210 631
1606220 631
1606230 631
1606240 631
1606250 631
1606260 632
1606270 632
1606280 632
1606290 632
1606300 632
1606310 632
1606320 632
1606330 633
1606340 633
1606350 633
1606360 633
1606370 633
1606380 633
1606390 633
1606400 633
1606410 633
1606420 634
1606430 634
1606440 634
1606450 634
1606460 634
1606470 634
1606480 634
1606490 635
1606500 635
1606510 635
1606520 635
1606530 635
1606540 635
1606550 635
1606560 635
1606570 635
1606580 635
1606590 635
1606600 635
1606610 636
1606620 636
1606630 636
1606640 636
1606650 636
1606660 636
1606670 636
1606680 636
1606690 636
1606700 636
1606710 637
1606720 637
1606730 637
1606740 637
1606750 637
1606760 638
1606770 638
1606780 638
1606790 638
1606800 638
1606810 639
1606820 639
1606830 638
1606840 638
1606850 638
1606860 639
1606870 639
1606880 639
1606890 639
1606900 639
1606910 639
1606920 639
1606930 639
1606940 639
1606950 639
1606960 640
1606970 640
1606980 640
1606990 640
1607000 640
1607010 640
1607020 640
1607030 640
1607040 640
1607050 640
1607060 640
1607070 640
1607080 640
1607090 640
1607100 640
1607110 641
1607120 641
1607130 641
1607140 641
1607150 641
1607160 641
1607170 641
1607180 642
1607190 642
1607200 642
1607210 642
1607220 643
1607230 643
1607240 643
1607250 643
1607260 643
1607270 644
1607280 645
1607290 645
1607300 646
1607310 646
1607320 646
1607330 646
1607340 647
1607350 647
1607360 648
1607370 649
1607380 650
1607390 650
1607400 651
1607410 651
1607420 651
1607430 652
1607440 653
1607450 653
1607460 653
1607470 654
1607480 654
1607490 654
1607500 655
1607510 655
1607520 655
1607530 656
1607540 656
1607550 658
1607560 660
1607570 662
1607580 662
1607590 665
1607600 667
1607610 667
1607620 670
1607630 672
1607640 672
1607650 674
1607660 677
1607670 677
1607680 680
1607690 682
1607700 682
1607710 686
1607720 689
1607730 689
1607740 692
1607750 695
1607760 699
1607770 699
1607780 702
1607790 705
1607800 705
1607810 707
1607820 710
1607830 710
1607840 713
1607850 716
1607860 716
1607870 718
1607880 719
1607890 719
1607900 718
1607910 717
1607920 717
1607930 716
1607940 715
1607950 713
1607960 713
1607970 712
1607980 710
1607990 710
1608000 709
1608010 708
1608020 708
1608030 704
1608040 701
1608050 701
1608060 701
1608070 704
1608080 704
1608090 706
1608100 708
1608110 708
1608120 711
1608130 713
1608140 715
1608150 715
1608160 718
1608170 720
1608180 720
1608190 722
1608200 724
1608210 724
1608220 726
1608230 727
1608240 727
1608250 728
1608260 729
1608270 729
1608280 730
1608290 732
1608300 732
1608310 733
1608320 735
1608330 735
1608340 737
1608350 738
1608360 739
1608370 739
1608380 739
1608390 740
1608400 740
1608410 741
1608420 742
1608430 742
1608440 743
1608450 744
1608460 744
1608470 745
1608480 746
1608490 746
1608500 747
1608510 748
1608520 748
1608530 750
1608540 751
1608550 751
1608560 751
1608570 751
1608580 752
1608590 752
1608600 752
1608610 753
1608620 753
1608630 754
1608640 754
1608650 754
1608660 755
1608670 754
1608680 754
1608690 751
1608700 758
1608710 758
1608720 762
1608730 765
1608740 768
1608750 768
1608760 769
1608770 773
1608780 773
1608790 778
1608800 782
1608810 782
1608820 786
1608830 787
1608840 787
1608850 787
1608860 788
1608870 788
1608880 792
1608890 796
1608900 796
1608910 800
1608920 805
1608930 809
1608940 809
1608950 811
1608960 814
1608970 814
1608980 818
1608990 823
1609000 823
1609010 826
1609020 830
1609030 830
1609040 831
1609050 833
1609060 833
1609070 835
1609080 839
1609090 835
1609100 836
1609110 837
1609120 838
1609130 838
1609140 840
1609150 843
1609160 843
1609170 846
1609180 848
1609190 848
1609200 850
1609210 853
1609220 853
1609230 855
1609240 857
1609250 857
1609260 858
1609270 859
1609280 859
1609290 859
1609300 860
1609310 860
1609320 864
1609330 866
1609340 867
1609350 867
1609360 869
1609370 871
1609380 871
1609390 873
1609400 871
1609410 871
1609420 869
1609430 868
1609440 868
1609450 867
1609460 863
1609470 863
1609480 861
1609490 860
1609500 860
1609510 859
1609520 864
1609530 870
1609540 870
1609550 875
1609560 878
1609570 878
1609580 881
1609590 884
1609600 884
1609610 887
1609620 890
1609630 890
1609640 893
1609650 897
1609660 897
1609670 900
1609680 902
1609690 902
1609700 905
1609710 908
1609720 912
1609730 912
1609740 916
1609750 921
1609760 921
1609770 926
1609780 929
1609790 929
1609800 933
1609810 940
1609820 940
1609830 945
1609840 946
1609850 946
1609860 949
1609870 954
1609880 954
1609890 955
1609900 959
1609910 963
1609920 963
1609930 969
1609940 973
1609950 973
1609960 976
1609970 979
1609980 979
1609990 982
1610000 985
1610010 985
1610020 988
1610030 989
1610040 989
1610050 991
1610060 994
1610070 994
1610080 1000
1610090 1010
1610100 1014
1610110 1014
1610120 1021
1610130 1027
1610140 1027
1610150 1031
1610160 1034
1610170 1034
1610180 1035
1610190 1035
1610200 1035
1610210 1037
1610220 1039
1610230 1039
1610240 1041
1610250 1047
1610260 1047
1610270 1053
1610280 1059
1610290 1059
1610300 1064
1610310 1067
1610320 1072
1610330 1072
1610340 1077
1610350 1083
1610360 1083
1610370 1089
1610380 1095
1610390 1095
1610400 1101
1610410 1108
1610420 1108
1610430 1116
1610440 1124
1610450 1124
1610460 1129
1610470 1133
1610480 1133
1610490 1137
1610500 1143
1610510 1149
1610520 1149
1610530 1154
1610540 1159
1610550 1159
1610560 1165
1610570 1170
1610580 1170
1610590 1175
1610600 1178
1610610 1178
1610620 1181
1610630 1184
1610640 1184
1610650 1188
1610660 1192
1610670 1192
1610680 1195
1610690 1199
1610700 1201
1610710 1201
1610720 1203
1610730 1204
1610740 1204
1610750 1206
1610760 1208
1610770 1208
1610780 1211
1610790 1213
1610800 1213
1610810 1216
1610820 1218
1610830 1218
1610840 1220
1610850 1223
1610860 1223
1610870 1225
1610880 1226
1610890 1225
1610900 1225
1610910 1223
1610920 1221
1610930 1221
1610940 1220
1610950 1218
1610960 1218
1610970 1217
1610980 1215
1610990 1215
1611000 1214
1611010 1212
1611020 1212
1611030 1210
1611040 1209
1611050 1209
1611060 1207
1611070 1205
1611080 1204
1611090 1204
1611100 1202
1611110 1202
1611120 1202
1611130 1200
1611140 1199
1611150 1199
1611160 1197
1611170 1197
1611180 1197
1611190 1196
1611200 1195
1611210 1195
1611220 1194
1611230 1193
1611240 1193
1611250 1192
1611260 1191
1611270 1191
1611280 1190
1611290 1189
1611300 1186
1611310 1186
1611320 1183
1611330 1180
1611340 1180
1611350 1177
1611360 1175
1611370 1175
1611380 1172
1611390 1168
1611400 1168
1611410 1165
1611420 1161
1611430 1161
1611440 1157
1611450 1153
1611460 1153
1611470 1149
1611480 1145
1611490 1141
1611500 1141
1611510 1138
1611520 1134
1611530 1134
1611540 1132
1611550 1130
1611560 1130
1611570 1128
1611580 1127
1611590 1127
1611600 1127
1611610 1126
1611620 1126
1611630 1126
1611640 1124
1611650 1124
1611660 1122
1611670 1120
1611680 1117
1611690 1117
1611700 1114
1611710 1110
1611720 1110
1611730 1108
1611740 1105
1611750 1105
1611760 1102
1611770 1099
1611780 1099
1611790 1097
1611800 1093
1611810 1093
1611820 1087
1611830 1081
1611840 1081
1611850 1074
1611860 1067
1611870 1062
1611880 1062
1611890 1057
1611900 1053
1611910 1053
1611920 1050
1611930 1047
1611940 1047
1611950 1044
1611960 1039
1611970 1039
1611980 1035
1611990 1032
1612000 1032
1612010 1029
1612020 1025
1612030 1025
1612040 1019
1612050 1012
1612060 1012
1612070 1008
1612080 1004
1612090 1001
1612100 999
1612110 1001
1612120 1006
1612130 1006
1612140 1009
1612150 1011
1612160 1011
1612170 1013
1612180 1016
1612190 1016
1612200 1019
1612210 1022
1612220 1022
1612230 1027
1612240 1033
1612250 1033
1612260 1036
1612270 1038
1612280 1038
1612290 1038
1612300 1037
1612310 1036
1612320 1036
1612330 1037
1612340 1038
1612350 1038
1612360 1039
1612370 1040
1612380 1040
1612390 1041
1612400 1042
1612410 1042
1612420 1043
1612430 1045
1612440 1045
1612450 1047
1612460 1049
1612470 1051
1612480 1051
1612490 1053
1612500 1054
1612510 1054
1612520 1054
1612530 1053
1612540 1053
1612550 1052
1612560 1050
1612570 1050
1612580 1047
1612590 1044
1612600 1044
1612610 1040
1612620 1036
1612630 1036
1612640 1030
1612650 1024
1612660 1018
1612670 1018
1612680 1013
1612690 1008
1612700 1008
1612710 1004
1612720 1001
1612730 1001
1612740 998
1612750 994
1612760 994
1612770 988
1612780 983
1612790 983
1612800 987
1612810 992
1612820 992
1612830 994
1612840 996
1612850 999
1612860 999
1612870 1002
1612880 1005
1612890 1005
1612900 1009
1612910 1014
1612920 1014
1612930 1018
1612940 1022
1612950 1022
1612960 1026
1612970 1031
1612980 1031
1612990 1034
1613000 1038
1613010 1038
1613020 1043
1613030 1046
1613040 1046
1613050 1050
1613060 1053
1613070 1054
1613080 1054
1613090 1050
1613100 1050
1613110 1050
1613120 1049
1613130 1049
1613140 1049
1613150 1048
1613160 1047
1613170 1047
1613180 1045
1613190 1043
1613200 1043
1613210 1040
1613220 1037
1613230 1037
1613240 1034
1613250 1031
1613260 1027
1613270 1027
1613280 1024
1613290 1019
1613300 1019
1613310 1013
1613320 1009
1613330 1009
1613340 1005
1613350 1001
1613360 1001
1613370 998
1613380 993
1613390 993
1613400 989
1613410 989
1613420 989
1613430 987
1613440 985
1613450 983
1613460 983
1613470 981
1613480 979
1613490 979
1613500 977
1613510 975
1613520 975
1613530 973
1613540 972
1613550 972
1613560 971
1613570 971
1613580 971
1613590 971
1613600 971
1613610 971
1613620 970
1613630 969
1613640 966
1613650 966
1613660 964
1613670 960
1613680 960
1613690 956
1613700 953
1613710 953
1613720 950
1613730 947
1613740 947
1613750 945
1613760 943
1613770 943
1613780 941
1613790 937
1613800 937
1613810 934
1613820 932
1613830 929
1613840 929
1613850 926
1613860 922
1613870 922
1613880 919
1613890 914
1613900 914
1613910 909
1613920 903
1613930 903
1613940 896
1613950 890
1613960 890
1613970 886
1613980 883
1613990 883
1614000 881
1614010 880
1614020 880
1614030 881
1614040 882
1614050 885
1614060 885
1614070 889
1614080 894
1614090 894
1614100 899
1614110 904
1614120 904
1614130 907
1614140 906
1614150 906
1614160 907
1614170 907
1614180 907
1614190 907
1614200 904
1614210 904
1614220 900
1614230 896
1614240 893
1614250 893
1614260 891
1614270 888
1614280 888
1614290 888
1614300 888
1614310 888
1614320 886
1614330 885
1614340 885
1614350 885
1614360 885
1614370 885
1614380 884
1614390 882
1614400 882
1614410 878
1614420 875
1614430 872
1614440 872
1614450 871
1614460 869
1614470 869
1614480 865
1614490 862
1614500 862
1614510 858
1614520 855
1614530 855
1614540 854
1614550 854
1614560 854
1614570 854
1614580 854
1614590 854
1614600 854
1614610 854
1614620 854
1614630 854
1614640 854
1614650 853
1614660 853
1614670 853
1614680 853
1614690 853
1614700 853
1614710 853
1614720 853
1614730 855
1614740 857
1614750 857
1614760 859
1614770 862
1614780 862
1614790 864
1614800 867
1614810 870
1614820 870
1614830 873
1614840 870
1614850 870
1614860 864
1614870 862
1614880 862
1614890 862
1614900 862
1614910 862
1614920 861
1614930 861
1614940 861
1614950 867
1614960 875
1614970 875
1614980 882
1614990 888
1615000 888
1615010 895
1615020 900
1615030 905
1615040 905
1615050 909
1615060 914
1615070 914
1615080 919
1615090 925
1615100 925
1615110 931
1615120 937
1615130 937
1615140 942
1615150 948
1615160 948
1615170 954
1615180 959
1615190 959
1615200 964
1615210 969
1615220 975
1615230 975
1615240 979
1615250 983
1615260 983
1615270 987
1615280 990
1615290 990
1615300 994
1615310 997
1615320 997
1615330 1000
1615340 1001
1615350 1001
1615360 1001
1615370 1001
1615380 1001
1615390 1001
1615400 1003
1615410 1006
1615420 1006
1615430 1009
1615440 1012
1615450 1012
1615460 1015
1615470 1018
1615480 1018
1615490 1020
1615500 1023
1615510 1023
1615520 1025
1615530 1028
1615540 1028
1615550 1029
1615560 1032
1615570 1032
1615580 1035
1615590 1037
1615600 1039
1615610 1039
1615620 1042
1615630 1045
1615640 1045
1615650 1048
1615660 1051
1615670 1051
1615680 1053
1615690 1055
1615700 1055
1615710 1058
1615720 1061
1615730 1061
1615740 1064
1615750 1067
1615760 1067
1615770 1069
1615780 1072
1615790 1072
1615800 1075
1615810 1077
1615820 1080
1615830 1080
1615840 1082
1615850 1084
1615860 1084
1615870 1086
1615880 1088
1615890 1088
1615900 1090
1615910 1092
1615920 1092
1615930 1094
1615940 1097
1615950 1097
1615960 1100
1615970 1105
1615980 1105
1615990 1108
1616000 1111
1616010 1116
1616020 1116
1616030 1120
1616040 1123
1616050 1123
1616060 1125
1616070 1127
1616080 1127
1616090 1129
1616100 1130
1616110 1130
1616120 1131
1616130 1131
1616140 1131
1616150 1131
1616160 1130
1616170 1130
1616180 1129
1616190 1128
1616200 1127
1616210 1127
1616220 1124
1616230 1123
1616240 1123
1616250 1121
1616260 1120
1616270 1120
1616280 1119
1616290 1118
1616300 1118
1616310 1117
1616320 1117
1616330 1117
1616340 1116
1616350 1116
1616360 1116
1616370 1116
1616380 1116
1616390 1117
1616400 1117
1616410 1117
1616420 1118
1616430 1118
1616440 1120
1616450 1121
1616460 1121
1616470 1122
1616480 1123
1616490 1123
1616500 1125
1616510 1127
1616520 1127
1616530 1129
1616540 1130
1616550 1130
1616560 1133
1616570 1137
1616580 1140
1616590 1140
1616600 1142
1616610 1143
1616620 1143
1616630 1144
1616640 1145
1616650 1145
1616660 1145
1616670 1145
1616680 1145
1616690 1144
1616700 1144
1616710 1144
1616720 1144
1616730 1146
1616740 1146
1616750 1149
1616760 1151
1616770 1151
1616780 1153
1616790 1155
1616800 1158
1616810 1158
1616820 1160
1616830 1162
1616840 1162
1616850 1165
1616860 1167
1616870 1167
1616880 1169
1616890 1171
1616900 1171
1616910 1173
1616920 1176
1616930 1176
1616940 1178
1616950 1181
1616960 1181
1616970 1185
1616980 1187
1616990 1189
1617000 1189
1617010 1191
1617020 1192
1617030 1192
1617040 1193
1617050 1192
1617060 1192
1617070 1191
1617080 1190
1617090 1190
1617100 1188
1617110 1186
1617120 1186
1617130 1184
1617140 1181
1617150 1181
1617160 1178
1617170 1175
1617180 1172
1617190 1172
1617200 1169
1617210 1166
1617220 1166
1617230 1162
1617240 1158
1617250 1158
1617260 1155
1617270 1151
1617280 1151
1617290 1148
1617300 1145
1617310 1145
1617320 1141
1617330 1139
1617340 1139
1617350 1136
1617360 1132
1617370 1128
1617380 1128
1617390 1125
1617400 1121
1617410 1121
1617420 1117
1617430 1112
1617440 1112
1617450 1105
1617460 1094
1617470 1094
1617480 1088
1617490 1083
1617500 1083
1617510 1080
1617520 1078
1617530 1078
1617540 1077
1617550 1076
1617560 1076
1617570 1076
1617580 1075
1617590 1075
1617600 1075
1617610 1074
1617620 1073
1617630 1073
1617640 1072
1617650 1071
1617660 1071
1617670 1070
1617680 1069
1617690 1069
1617700 1067
1617710 1065
1617720 1065
1617730 1063
1617740 1060
1617750 1060
1617760 1057
1617770 1053
1617780 1050
1617790 1050
1617800 1047
1617810 1043
1617820 1043
1617830 1039
1617840 1035
1617850 1035
1617860 1031
1617870 1027
1617880 1027
1617890 1023
1617900 1019
1617910 1019
1617920 1013
1617930 1007
1617940 1007
1617950 1003
1617960 1000
1617970 997
1617980 997
1617990 994
1618000 991
1618010 991
1618020 987
1618030 983
1618040 983
1618050 981
1618060 979
1618070 979
1618080 978
1618090 974
1618100 974
1618110 970
1618120 966
1618130 966
1618140 957
1618150 948
1618160 939
1618170 939
1618180 931
1618190 923
1618200 923
1618210 916
1618220 910
1618230 910
1618240 907
1618250 905
1618260 905
1618270 904
1618280 902
1618290 902
1618300 898
1618310 895
1618320 895
1618330 894
1618340 893
1618350 888
1618360 888
1618370 883
1618380 878
1618390 878
1618400 874
1618410 870
1618420 870
1618430 865
1618440 861
1618450 861
1618460 858
1618470 855
1618480 855
1618490 851
1618500 847
1618510 847
1618520 843
1618530 838
1618540 834
1618550 834
1618560 832
1618570 828
1618580 828
1618590 826
1618600 823
1618610 823
1618620 821
1618630 820
1618640 820
1618650 819
1618660 817
1618670 817
1618680 816
1618690 814
1618700 814
1618710 812
1618720 810
1618730 810
1618740 809
1618750 808
1618760 806
1618770 806
1618780 805
1618790 804
1618800 804
1618810 802
1618820 801
1618830 801
1618840 799
1618850 798
1618860 798
1618870 796
1618880 796
1618890 796
1618900 796
1618910 796
1618920 796
1618930 796
1618940 796
1618950 796
1618960 796
1618970 796
1618980 796
1618990 796
1619000 796
1619010 796
1619020 796
1619030 795
1619040 795
1619050 795
1619060 795
1619070 795
1619080 795
1619090 795
1619100 794
1619110 794
1619120 794
1619130 794
1619140 794
1619150 794
1619160 794
1619170 793
1619180 793
1619190 793
1619200 794
1619210 794
1619220 793
1619230 793
1619240 793
1619250 793
1619260 793
1619270 793
1619280 793
1619290 795
1619300 795
1619310 798
1619320 802
1619330 807
1619340 807
1619350 815
1619360 822
1619370 822
1619380 829
1619390 835
1619400 835
1619410 841
1619420 847
1619430 847
1619440 853
1619450 859
1619460 859
1619470 867
1619480 874
1619490 874
1619500 881
1619510 888
1619520 888
1619530 895
1619540 901
1619550 908
1619560 908
1619570 912
1619580 916
1619590 916
1619600 921
1619610 925
1619620 925
1619630 929
1619640 931
1619650 931
1619660 933
1619670 937
1619680 937
1619690 937
1619700 937
1619710 937
1619720 936
1619730 933
1619740 929
1619750 929
1619760 925
1619770 921
1619780 921
1619790 918
1619800 915
1619810 919
1619820 915
1619830 910
1619840 910
1619850 907
1619860 904
1619870 904
1619880 903
1619890 901
1619900 901
1619910 898
1619920 894
1619930 888
1619940 888
1619950 883
1619960 878
1619970 878
1619980 875
1619990 870
