1600000 660
1600010 660
1600020 660
1600030 660
1600040 660
1600050 660
1600060 660
1600070 660
1600080 660
1600090 660
1600100 660
1600110 660
1600120 660
1600130 660
1600140 660
1600150 660
1600160 660
1600170 660
1600180 660
1600190 660
1600200 660
1600210 659
1600220 659
1600230 659
1600240 659
1600250 659
1600260 659
1600270 659
1600280 659
1600290 659
1600300 659
1600310 659
1600320 659
1600330 659
1600340 659
1600350 658
1600360 658
1600370 658
1600380 658
1600390 658
1600400 658
1600410 658
1600420 658
1600430 658
1600440 658
1600450 658
1600460 658
1600470 658
1600480 658
1600490 658
1600500 658
1600510 658
1600520 658
1600530 658
1600540 658
1600550 658
1600560 658
1600570 657
1600580 657
1600590 657
1600600 657
1600610 657
1600620 657
1600630 657
1600640 657
1600650 657
1600660 657
1600670 657
1600680 657
1600690 657
1600700 657
1600710 657
1600720 657
1600730 656
1600740 656
1600750 656
1600760 656
1600770 656
1600780 656
1600790 656
1600800 656
1600810 656
1600820 656
1600830 656
1600840 656
1600850 656
1600860 656
1600870 656
1600880 656
1600890 656
1600900 656
1600910 655
1600920 655
1600930 655
1600940 655
1600950 655
1600960 655
1600970 655
1600980 655
1600990 655
1601000 655
1601010 655
1601020 655
1601030 655
1601040 655
1601050 654
1601060 654
1601070 654
1601080 654
1601090 654
1601100 654
1601110 654
1601120 654
1601130 654
1601140 654
1601150 654
1601160 654
1601170 654
1601180 654
1601190 654
1601200 653
1601210 653
1601220 653
1601230 653
1601240 653
1601250 653
1601260 653
1601270 652
1601280 652
1601290 652
1601300 652
1601310 652
1601320 653
1601330 653
1601340 653
1601350 652
1601360 653
1601370 653
1601380 652
1601390 652
1601400 652
1601410 652
1601420 652
1601430 652
1601440 652
1601450 652
1601460 653
1601470 653
1601480 652
1601490 652
1601500 652
1601510 652
1601520 652
1601530 652
1601540 652
1601550 652
1601560 652
1601570 652
1601580 652
1601590 652
1601600 652
1601610 652
1601620 652
1601630 652
1601640 652
1601650 652
1601660 652
1601670 652
1601680 652
1601690 652
1601700 652
1601710 652
1601720 652
1601730 652
1601740 652
1601750 652
1601760 651
1601770 651
1601780 651
1601790 651
1601800 651
1601810 651
1601820 651
1601830 651
1601840 651
1601850 651
1601860 651
1601870 651
1601880 651
1601890 651
1601900 651
1601910 651
1601920 650
1601930 650
1601940 650
1601950 650
1601960 650
1601970 650
1601980 650
1601990 650
1602000 650
1602010 650
1602020 650
1602030 650
1602040 650
1602050 650
1602060 649
1602070 649
1602080 649
1602090 649
1602100 649
1602110 649
1602120 648
1602130 648
1602140 648
1602150 648
1602160 648
1602170 649
1602180 649
1602190 649
1602200 649
1602210 648
1602220 648
1602230 648
1602240 648
1602250 648
1602260 648
1602270 648
1602280 648
1602290 648
1602300 648
1602310 647
1602320 647
1602330 647
1602340 647
1602350 647
1602360 647
1602370 647
1602380 647
1602390 647
1602400 647
1602410 647
1602420 647
1602430 647
1602440 646
1602450 646
1602460 646
1602470 646
1602480 646
1602490 646
1602500 646
1602510 646
1602520 646
1602530 646
1602540 646
1602550 646
1602560 646
1602570 646
1602580 645
1602590 645
1602600 645
1602610 645
1602620 645
1602630 645
1602640 645
1602650 645
1602660 645
1602670 645
1602680 645
1602690 645
1602700 645
1602710 645
1602720 645
1602730 645
1602740 644
1602750 644
1602760 644
1602770 644
1602780 644
1602790 644
1602800 644
1602810 644
1602820 644
1602830 644
1602840 644
1602850 644
1602860 644
1602870 643
1602880 643
1602890 643
1602900 643
1602910 644
1602920 644
1602930 644
1602940 644
1602950 644
1602960 645
1602970 646
1602980 646
1602990 646
1603000 643
1603010 643
1603020 642
1603030 642
1603040 642
1603050 642
1603060 642
1603070 642
1603080 642
1603090 642
1603100 642
1603110 642
1603120 642
1603130 642
1603140 642
1603150 642
1603160 642
1603170 642
1603180 642
1603190 642
1603200 642
1603210 641
1603220 641
1603230 641
1603240 641
1603250 641
1603260 641
1603270 641
1603280 641
1603290 641
1603300 641
1603310 641
1603320 641
1603330 641
1603340 641
1603350 641
1603360 641
1603370 641
1603380 641
1603390 641
1603400 641
1603410 641
1603420 640
1603430 640
1603440 640
1603450 641
1603460 641
1603470 641
1603480 641
1603490 641
1603500 641
1603510 641
1603520 641
1603530 641
1603540 641
1603550 641
1603560 642
1603570 643
1603580 643
1603590 643
1603600 644
1603610 644
1603620 644
1603630 645
1603640 645
1603650 645
1603660 646
1603670 646
1603680 646
1603690 644
1603700 644
1603710 644
1603720 644
1603730 644
1603740 644
1603750 644
1603760 644
1603770 644
1603780 645
1603790 645
1603800 645
1603810 646
1603820 647
1603830 647
1603840 647
1603850 648
1603860 649
1603870 649
1603880 650
1603890 651
1603900 651
1603910 653
1603920 654
1603930 654
1603940 655
1603950 657
1603960 657
1603970 658
1603980 660
1603990 660
1604000 661
1604010 664
1604020 666
1604030 666
1604040 667
1604050 669
1604060 671
1604070 673
1604080 676
1604090 676
1604100 677
1604110 679
1604120 679
1604130 681
1604140 683
1604150 683
1604160 686
1604170 692
1604180 692
1604190 697
1604200 699
1604210 705
1604220 705
1604230 711
1604240 714
1604250 714
1604260 717
1604270 721
1604280 721
1604290 723
1604300 729
1604310 729
1604320 733
1604330 736
1604340 736
1604350 739
1604360 743
1604370 743
1604380 745
1604390 748
1604400 748
1604410 753
1604420 757
1604430 760
1604440 760
1604450 763
1604460 767
1604470 767
1604480 772
1604490 776
1604500 776
1604510 780
1604520 784
1604530 784
1604540 788
1604550 789
1604560 789
1604570 790
1604580 792
1604590 792
1604600 798
1604610 802
1604620 805
1604630 805
1604640 810
1604650 815
1604660 815
1604670 821
1604680 826
1604690 826
1604700 830
1604710 833
1604720 833
1604730 835
1604740 839
1604750 839
1604760 843
1604770 845
1604780 845
1604790 846
1604800 848
1604810 850
1604820 850
1604830 852
1604840 854
1604850 854
1604860 857
1604870 860
1604880 860
1604890 863
1604900 865
1604910 865
1604920 868
1604930 871
1604940 871
1604950 874
1604960 876
1604970 876
1604980 879
1604990 883
1605000 883
1605010 887
1605020 891
1605030 894
1605040 894
1605050 897
1605060 899
1605070 899
1605080 899
1605090 899
1605100 899
1605110 899
1605120 899
1605130 899
1605140 899
1605150 898
1605160 898
1605170 898
1605180 898
1605190 898
1605200 899
1605210 899
1605220 900
1605230 900
1605240 900
1605250 901
1605260 901
1605270 902
1605280 903
1605290 903
1605300 904
1605310 905
1605320 905
1605330 906
1605340 906
1605350 906
1605360 906
1605370 907
1605380 907
1605390 906
1605400 906
1605410 905
1605420 905
1605430 905
1605440 904
1605450 904
1605460 904
1605470 905
1605480 905
1605490 905
1605500 904
1605510 904
1605520 904
1605530 903
1605540 903
1605550 903
1605560 902
1605570 902
1605580 901
1605590 900
1605600 900
1605610 900
1605620 899
1605630 898
1605640 898
1605650 898
1605660 897
1605670 897
1605680 897
1605690 897
1605700 897
1605710 896
1605720 895
1605730 895
1605740 894
1605750 892
1605760 892
1605770 890
1605780 890
1605790 890
1605800 891
1605810 891
1605820 892
1605830 892
1605840 893
1605850 893
1605860 893
1605870 892
1605880 889
1605890 889
1605900 886
1605910 883
1605920 883
1605930 881
1605940 879
1605950 879
1605960 878
1605970 877
1605980 877
1605990 876
1606000 876
1606010 877
1606020 877
1606030 877
1606040 878
1606050 878
1606060 878
1606070 877
1606080 877
1606090 875
1606100 875
1606110 875
1606120 873
1606130 869
1606140 869
1606150 867
1606160 863
1606170 863
1606180 862
1606190 861
1606200 860
1606210 860
1606220 859
1606230 858
1606240 858
1606250 857
1606260 855
1606270 855
1606280 853
1606290 852
1606300 852
1606310 852
1606320 851
1606330 851
1606340 850
1606350 849
1606360 849
1606370 847
1606380 846
1606390 846
1606400 845
1606410 844
1606420 843
1606430 843
1606440 843
1606450 842
1606460 842
1606470 841
1606480 840
1606490 840
1606500 839
1606510 838
1606520 838
1606530 836
1606540 834
1606550 834
1606560 833
1606570 831
1606580 831
1606590 829
1606600 827
1606610 826
1606620 826
1606630 824
1606640 823
1606650 823
1606660 822
1606670 820
1606680 820
1606690 819
1606700 817
1606710 817
1606720 815
1606730 814
1606740 814
1606750 812
1606760 811
1606770 811
1606780 809
1606790 807
1606800 806
1606810 806
1606820 804
1606830 802
1606840 802
1606850 801
1606860 800
1606870 800
1606880 798
1606890 796
1606900 796
1606910 794
1606920 793
1606930 793
1606940 791
1606950 789
1606960 789
1606970 787
1606980 786
1606990 786
1607000 784
1607010 783
1607020 781
1607030 781
1607040 779
1607050 778
1607060 778
1607070 777
1607080 773
1607090 773
1607100 770
1607110 768
1607120 768
1607130 766
1607140 765
1607150 765
1607160 764
1607170 763
1607180 763
1607190 761
1607200 760
1607210 759
1607220 759
1607230 757
1607240 755
1607250 755
1607260 754
1607270 753
1607280 753
1607290 751
1607300 751
1607310 751
1607320 750
1607330 752
1607340 752
1607350 752
1607360 752
1607370 752
1607380 752
1607390 752
1607400 752
1607410 752
1607420 752
1607430 752
1607440 752
1607450 752
1607460 753
1607470 753
1607480 754
1607490 754
1607500 754
1607510 755
1607520 755
1607530 755
1607540 755
1607550 755
1607560 755
1607570 756
1607580 755
1607590 755
1607600 755
1607610 754
1607620 753
1607630 753
1607640 753
1607650 753
1607660 753
1607670 756
1607680 758
1607690 758
1607700 760
1607710 761
1607720 761
1607730 763
1607740 765
1607750 765
1607760 767
1607770 769
1607780 769
1607790 769
1607800 770
1607810 770
1607820 770
1607830 771
1607840 772
1607850 772
1607860 773
1607870 773
1607880 773
1607890 775
1607900 776
1607910 776
1607920 777
1607930 779
1607940 779
1607950 780
1607960 782
1607970 782
1607980 784
1607990 785
1608000 787
1608010 787
1608020 789
1608030 790
1608040 790
1608050 793
1608060 795
1608070 795
1608080 798
1608090 801
1608100 801
1608110 804
1608120 806
1608130 806
1608140 810
1608150 812
1608160 812
1608170 814
1608180 816
1608190 816
1608200 818
1608210 820
1608220 822
1608230 820
1608240 822
1608250 824
1608260 824
1608270 827
1608280 830
1608290 830
1608300 833
1608310 836
1608320 836
1608330 839
1608340 843
1608350 843
1608360 845
1608370 848
1608380 848
1608390 850
1608400 854
1608410 857
1608420 857
1608430 860
1608440 863
1608450 863
1608460 865
1608470 868
1608480 868
1608490 870
1608500 873
1608510 873
1608520 875
1608530 877
1608540 877
1608550 879
1608560 879
1608570 879
1608580 879
1608590 881
1608600 885
1608610 885
1608620 888
1608630 890
1608640 890
1608650 893
1608660 895
1608670 895
1608680 898
1608690 900
1608700 900
1608710 902
1608720 903
1608730 903
1608740 904
1608750 905
1608760 905
1608770 906
1608780 907
1608790 907
1608800 909
1608810 914
1608820 919
1608830 919
1608840 924
1608850 928
1608860 928
1608870 931
1608880 934
1608890 934
1608900 938
1608910 941
1608920 941
1608930 942
1608940 945
1608950 945
1608960 946
1608970 950
1608980 950
1608990 954
1609000 956
1609010 958
1609020 958
1609030 960
1609040 962
1609050 962
1609060 964
1609070 968
1609080 968
1609090 972
1609100 977
1609110 977
1609120 982
1609130 986
1609140 986
1609150 989
1609160 992
1609170 992
1609180 995
1609190 997
1609200 1000
1609210 1000
1609220 1002
1609230 1004
1609240 1001
1609250 1003
1609260 1006
1609270 1006
1609280 1008
1609290 1011
1609300 1011
1609310 1015
1609320 1018
1609330 1018
1609340 1021
1609350 1025
1609360 1025
1609370 1029
1609380 1031
1609390 1033
1609400 1033
1609410 1036
1609420 1039
1609430 1039
1609440 1043
1609450 1046
1609460 1046
1609470 1050
1609480 1053
1609490 1053
1609500 1057
1609510 1060
1609520 1060
1609530 1062
1609540 1065
1609550 1065
1609560 1066
1609570 1067
1609580 1067
1609590 1067
1609600 1068
1609610 1069
1609620 1069
1609630 1070
1609640 1072
1609650 1072
1609660 1073
1609670 1075
1609680 1075
1609690 1078
1609700 1081
1609710 1081
1609720 1084
1609730 1087
1609740 1087
1609750 1091
1609760 1096
1609770 1096
1609780 1100
1609790 1105
1609800 1110
1609810 1110
1609820 1115
1609830 1119
1609840 1119
1609850 1122
1609860 1125
1609870 1125
1609880 1129
1609890 1132
1609900 1132
1609910 1135
1609920 1137
1609930 1137
1609940 1140
1609950 1143
1609960 1143
1609970 1146
1609980 1147
1609990 1147
1610000 1147
1610010 1146
1610020 1144
1610030 1144
1610040 1143
1610050 1140
1610060 1140
1610070 1137
1610080 1134
1610090 1134
1610100 1132
1610110 1130
1610120 1130
1610130 1130
1610140 1133
1610150 1133
1610160 1135
1610170 1138
1610180 1138
1610190 1141
1610200 1142
1610210 1143
1610220 1143
1610230 1143
1610240 1141
1610250 1138
1610260 1136
1610270 1139
1610280 1139
1610290 1142
1610300 1145
1610310 1145
1610320 1147
1610330 1148
1610340 1148
1610350 1149
1610360 1151
1610370 1151
1610380 1152
1610390 1155
1610400 1157
1610410 1157
1610420 1160
1610430 1162
1610440 1162
1610450 1165
1610460 1167
1610470 1167
1610480 1169
1610490 1172
1610500 1172
1610510 1175
1610520 1178
1610530 1178
1610540 1180
1610550 1183
1610560 1183
1610570 1185
1610580 1188
1610590 1191
1610600 1191
1610610 1193
1610620 1195
1610630 1195
1610640 1197
1610650 1198
1610660 1198
1610670 1198
1610680 1198
1610690 1198
1610700 1198
1610710 1199
1610720 1199
1610730 1201
1610740 1203
1610750 1203
1610760 1206
1610770 1208
1610780 1208
1610790 1210
1610800 1212
1610810 1215
1610820 1215
1610830 1217
1610840 1220
1610850 1220
1610860 1222
1610870 1223
1610880 1223
1610890 1222
1610900 1222
1610910 1222
1610920 1223
1610930 1225
1610940 1225
1610950 1227
1610960 1229
1610970 1229
1610980 1232
1610990 1235
1611000 1237
1611010 1237
1611020 1239
1611030 1240
1611040 1240
1611050 1241
1611060 1242
1611070 1242
1611080 1241
1611090 1241
1611100 1241
1611110 1240
1611120 1240
1611130 1240
1611140 1239
1611150 1238
1611160 1238
1611170 1236
1611180 1234
1611190 1231
1611200 1231
1611210 1229
1611220 1227
1611230 1227
1611240 1226
1611250 1225
1611260 1225
1611270 1224
1611280 1223
1611290 1223
1611300 1222
1611310 1220
1611320 1220
1611330 1218
1611340 1217
1611350 1217
1611360 1215
1611370 1213
1611380 1213
1611390 1210
1611400 1207
1611410 1204
1611420 1204
1611430 1200
1611440 1197
1611450 1197
1611460 1193
1611470 1189
1611480 1189
1611490 1185
1611500 1181
1611510 1181
1611520 1176
1611530 1173
1611540 1173
1611550 1170
1611560 1168
1611570 1168
1611580 1164
1611590 1162
1611600 1159
1611610 1159
1611620 1154
1611630 1150
1611640 1150
1611650 1148
1611660 1147
1611670 1147
1611680 1146
1611690 1144
1611700 1144
1611710 1142
1611720 1141
1611730 1141
1611740 1140
1611750 1140
1611760 1140
1611770 1141
1611780 1141
1611790 1141
1611800 1141
1611810 1141
1611820 1141
1611830 1141
1611840 1140
1611850 1139
1611860 1139
1611870 1137
1611880 1136
1611890 1136
1611900 1134
1611910 1131
1611920 1131
1611930 1129
1611940 1128
1611950 1128
1611960 1125
1611970 1123
1611980 1123
1611990 1117
1612000 1117
1612010 1117
1612020 1117
1612030 1116
1612040 1117
1612050 1117
1612060 1115
1612070 1113
1612080 1113
1612090 1110
1612100 1108
1612110 1108
1612120 1107
1612130 1106
1612140 1106
1612150 1104
1612160 1103
1612170 1103
1612180 1101
1612190 1100
1612200 1098
1612210 1098
1612220 1096
1612230 1095
1612240 1095
1612250 1098
1612260 1097
1612270 1097
1612280 1096
1612290 1094
1612300 1094
1612310 1092
1612320 1090
1612330 1090
1612340 1086
1612350 1080
1612360 1080
1612370 1073
1612380 1065
1612390 1059
1612400 1059
1612410 1061
1612420 1066
1612430 1066
1612440 1069
1612450 1073
1612460 1073
1612470 1077
1612480 1081
1612490 1081
1612500 1085
1612510 1089
1612520 1089
1612530 1093
1612540 1097
1612550 1097
1612560 1101
1612570 1105
1612580 1105
1612590 1108
1612600 1111
1612610 1114
1612620 1114
1612630 1117
1612640 1120
1612650 1120
1612660 1123
1612670 1126
1612680 1126
1612690 1129
1612700 1131
1612710 1131
1612720 1134
1612730 1137
1612740 1137
1612750 1140
1612760 1143
1612770 1143
1612780 1147
1612790 1150
1612800 1152
1612810 1152
1612820 1155
1612830 1157
1612840 1157
1612850 1160
1612860 1162
1612870 1162
1612880 1165
1612890 1169
1612900 1169
1612910 1172
1612920 1175
1612930 1175
1612940 1178
1612950 1180
1612960 1180
1612970 1182
1612980 1185
1612990 1188
1613000 1188
1613010 1190
1613020 1193
1613030 1193
1613040 1195
1613050 1198
1613060 1198
1613070 1200
1613080 1202
1613090 1202
1613100 1205
1613110 1207
1613120 1207
1613130 1210
1613140 1213
1613150 1213
1613160 1216
1613170 1222
1613180 1227
1613190 1227
1613200 1232
1613210 1236
1613220 1236
1613230 1239
1613240 1244
1613250 1244
1613260 1247
1613270 1249
1613280 1249
1613290 1251
1613300 1254
1613310 1254
1613320 1256
1613330 1257
1613340 1257
1613350 1260
1613360 1262
1613370 1262
1613380 1264
1613390 1266
1613400 1268
1613410 1268
1613420 1270
1613430 1271
1613440 1271
1613450 1272
1613460 1273
1613470 1273
1613480 1275
1613490 1276
1613500 1276
1613510 1277
1613520 1279
1613530 1279
1613540 1280
1613550 1281
1613560 1281
1613570 1283
1613580 1285
1613590 1286
1613600 1286
1613610 1288
1613620 1290
1613630 1290
1613640 1292
1613650 1295
1613660 1295
1613670 1296
1613680 1298
1613690 1298
1613700 1299
1613710 1300
1613720 1300
1613730 1302
1613740 1304
1613750 1304
1613760 1305
1613770 1307
1613780 1308
1613790 1308
1613800 1309
1613810 1311
1613820 1311
1613830 1312
1613840 1313
1613850 1313
1613860 1315
1613870 1316
1613880 1316
1613890 1317
1613900 1318
1613910 1318
1613920 1319
1613930 1320
1613940 1320
1613950 1321
1613960 1323
1613970 1323
1613980 1324
1613990 1325
1614000 1327
1614010 1327
1614020 1329
1614030 1331
1614040 1331
1614050 1332
1614060 1334
1614070 1334
1614080 1337
1614090 1339
1614100 1339
1614110 1340
1614120 1341
1614130 1341
1614140 1342
1614150 1343
1614160 1343
1614170 1344
1614180 1346
1614190 1347
1614200 1347
1614210 1348
1614220 1349
1614230 1349
1614240 1350
1614250 1351
1614260 1351
1614270 1352
1614280 1353
1614290 1353
1614300 1354
1614310 1355
1614320 1355
1614330 1356
1614340 1357
1614350 1357
1614360 1357
1614370 1358
1614380 1359
1614390 1359
1614400 1360
1614410 1361
1614420 1361
1614430 1362
1614440 1364
1614450 1364
1614460 1365
1614470 1366
1614480 1366
1614490 1367
1614500 1369
1614510 1369
1614520 1371
1614530 1372
1614540 1372
1614550 1374
1614560 1375
1614570 1375
1614580 1376
1614590 1376
1614600 1377
1614610 1377
1614620 1378
1614630 1379
1614640 1379
1614650 1380
1614660 1381
1614670 1381
1614680 1382
1614690 1383
1614700 1383
1614710 1384
1614720 1385
1614730 1385
1614740 1385
1614750 1386
1614760 1386
1614770 1387
1614780 1388
1614790 1389
1614800 1389
1614810 1390
1614820 1391
1614830 1391
1614840 1392
1614850 1393
1614860 1393
1614870 1394
1614880 1396
1614890 1396
1614900 1397
1614910 1398
1614920 1398
1614930 1399
1614940 1400
1614950 1400
1614960 1401
1614970 1401
1614980 1402
1614990 1402
1615000 1403
1615010 1404
1615020 1404
1615030 1404
1615040 1405
1615050 1405
1615060 1407
1615070 1409
1615080 1409
1615090 1411
1615100 1412
1615110 1412
1615120 1411
1615130 1409
1615140 1409
1615150 1407
1615160 1405
1615170 1405
1615180 1404
1615190 1403
1615200 1404
1615210 1404
1615220 1403
1615230 1403
1615240 1403
1615250 1402
1615260 1402
1615270 1402
1615280 1402
1615290 1401
1615300 1401
1615310 1401
1615320 1401
1615330 1401
1615340 1400
1615350 1400
1615360 1400
1615370 1400
1615380 1400
1615390 1401
1615400 1401
1615410 1400
1615420 1400
1615430 1400
1615440 1400
1615450 1399
1615460 1399
1615470 1399
1615480 1400
1615490 1400
1615500 1400
1615510 1400
1615520 1400
1615530 1400
1615540 1401
1615550 1401
1615560 1401
1615570 1402
1615580 1401
1615590 1401
1615600 1402
1615610 1402
1615620 1402
1615630 1402
1615640 1402
1615650 1402
1615660 1401
1615670 1400
1615680 1400
1615690 1400
1615700 1400
1615710 1400
1615720 1400
1615730 1399
1615740 1399
1615750 1399
1615760 1399
1615770 1399
1615780 1399
1615790 1400
1615800 1400
1615810 1400
1615820 1399
1615830 1398
1615840 1398
1615850 1396
1615860 1394
1615870 1394
1615880 1392
1615890 1389
1615900 1389
1615910 1388
1615920 1386
1615930 1386
1615940 1384
1615950 1381
1615960 1381
1615970 1377
1615980 1373
1615990 1369
1616000 1369
1616010 1367
1616020 1365
1616030 1365
1616040 1362
1616050 1359
1616060 1359
1616070 1356
1616080 1355
1616090 1355
1616100 1353
1616110 1351
1616120 1351
1616130 1350
1616140 1348
1616150 1348
1616160 1348
1616170 1347
1616180 1346
1616190 1346
1616200 1345
1616210 1342
1616220 1342
1616230 1340
1616240 1338
1616250 1338
1616260 1336
1616270 1334
1616280 1334
1616290 1331
1616300 1328
1616310 1328
1616320 1325
1616330 1322
1616340 1322
1616350 1319
1616360 1317
1616370 1317
1616380 1313
1616390 1309
1616400 1305
1616410 1305
1616420 1302
1616430 1298
1616440 1298
1616450 1294
1616460 1290
1616470 1290
1616480 1285
1616490 1281
1616500 1281
1616510 1276
1616520 1272
1616530 1272
1616540 1267
1616550 1260
1616560 1260
1616570 1254
1616580 1249
1616590 1245
1616600 1245
1616610 1240
1616620 1234
1616630 1234
1616640 1228
1616650 1223
1616660 1223
1616670 1218
1616680 1212
1616690 1212
1616700 1206
1616710 1198
1616720 1198
1616730 1189
1616740 1184
1616750 1184
1616760 1178
1616770 1173
1616780 1166
1616790 1166
1616800 1160
1616810 1156
1616820 1156
1616830 1155
1616840 1155
1616850 1155
1616860 1157
1616870 1159
1616880 1159
1616890 1159
1616900 1158
1616910 1158
1616920 1154
1616930 1151
1616940 1151
1616950 1148
1616960 1143
1616970 1143
1616980 1138
1616990 1132
1617000 1126
1617010 1126
1617020 1122
1617030 1118
1617040 1118
1617050 1112
1617060 1108
1617070 1108
1617080 1102
1617090 1097
1617100 1097
1617110 1093
1617120 1091
1617130 1091
1617140 1084
1617150 1078
1617160 1078
1617170 1073
1617180 1067
1617190 1060
1617200 1060
1617210 1054
1617220 1047
1617230 1047
1617240 1040
1617250 1032
1617260 1032
1617270 1024
1617280 1019
1617290 1019
1617300 1014
1617310 1008
1617320 1008
1617330 1001
1617340 995
1617350 995
1617360 990
1617370 983
1617380 975
1617390 975
1617400 968
1617410 961
1617420 961
1617430 953
1617440 944
1617450 944
1617460 936
1617470 929
1617480 929
1617490 922
1617500 915
1617510 915
1617520 909
1617530 903
1617540 903
1617550 896
1617560 890
1617570 884
1617580 884
1617590 880
1617600 877
1617610 877
1617620 877
1617630 877
1617640 877
1617650 877
1617660 877
1617670 877
1617680 878
1617690 880
1617700 880
1617710 880
1617720 884
1617730 884
1617740 888
1617750 891
1617760 891
1617770 894
1617780 895
1617790 898
1617800 898
1617810 900
1617820 903
1617830 903
1617840 907
1617850 911
1617860 911
1617870 916
1617880 920
1617890 920
1617900 925
1617910 929
1617920 929
1617930 932
1617940 934
1617950 934
1617960 937
1617970 939
1617980 941
1617990 941
1618000 945
1618010 949
1618020 949
1618030 952
1618040 955
1618050 955
1618060 959
1618070 965
1618080 965
1618090 971
1618100 978
1618110 978
1618120 985
1618130 992
1618140 992
1618150 999
1618160 1006
1618170 1013
1618180 1013
1618190 1020
1618200 1026
1618210 1026
1618220 1031
1618230 1034
1618240 1034
1618250 1039
1618260 1044
1618270 1044
1618280 1049
1618290 1054
1618300 1054
1618310 1059
1618320 1066
1618330 1066
1618340 1071
1618350 1073
1618360 1073
1618370 1076
1618380 1080
1618390 1084
1618400 1084
1618410 1088
1618420 1092
1618430 1092
1618440 1095
1618450 1097
1618460 1097
1618470 1100
1618480 1103
1618490 1103
1618500 1106
1618510 1109
1618520 1109
1618530 1111
1618540 1112
1618550 1112
1618560 1113
1618570 1114
1618580 1117
1618590 1117
1618600 1119
1618610 1122
1618620 1122
1618630 1125
1618640 1129
1618650 1129
1618660 1133
1618670 1136
1618680 1136
1618690 1140
1618700 1143
1618710 1143
1618720 1144
1618730 1148
1618740 1148
1618750 1153
1618760 1160
1618770 1167
1618780 1167
1618790 1174
1618800 1180
1618810 1180
1618820 1187
1618830 1193
1618840 1193
1618850 1198
1618860 1203
1618870 1203
1618880 1207
1618890 1211
1618900 1211
1618910 1215
1618920 1220
1618930 1220
1618940 1227
1618950 1233
1618960 1233
1618970 1239
1618980 1244
1618990 1250
1619000 1250
1619010 1255
1619020 1259
1619030 1259
1619040 1261
1619050 1263
1619060 1263
1619070 1268
1619080 1272
1619090 1272
1619100 1276
1619110 1279
1619120 1279
1619130 1282
1619140 1285
1619150 1285
1619160 1289
1619170 1291
1619180 1295
1619190 1295
1619200 1301
1619210 1307
1619220 1307
1619230 1312
1619240 1317
1619250 1317
1619260 1322
1619270 1326
1619280 1326
1619290 1332
1619300 1339
1619310 1339
1619320 1343
1619330 1346
1619340 1346
1619350 1350
1619360 1352
1619370 1353
1619380 1353
1619390 1356
1619400 1359
1619410 1359
1619420 1361
1619430 1363
1619440 1363
1619450 1364
1619460 1366
1619470 1366
1619480 1371
1619490 1375
1619500 1375
1619510 1378
1619520 1379
1619530 1379
1619540 1382
1619550 1383
1619560 1383
1619570 1385
1619580 1384
1619590 1383
1619600 1383
1619610 1381
1619620 1380
1619630 1380
1619640 1378
1619650 1376
1619660 1376
1619670 1374
1619680 1371
1619690 1371
1619700 1369
1619710 1367
1619720 1367
1619730 1365
1619740 1364
1619750 1364
1619760 1362
1619770 1361
1619780 1359
1619790 1359
1619800 1358
1619810 1357
1619820 1357
1619830 1356
1619840 1354
1619850 1354
1619860 1351
1619870 1349
1619880 1349
1619890 1347
1619900 1344
1619910 1344
1619920 1341
1619930 1337
1619940 1337
1619950 1334
1619960 1331
1619970 1328
1619980 1328
1619990 1326
