1600000 852
1600010 852
1600020 851
1600030 848
1600040 848
1600050 846
1600060 842
1600070 842
1600080 838
1600090 833
1600100 833
1600110 829
1600120 824
1600130 824
1600140 822
1600150 821
1600160 821
1600170 819
1600180 818
1600190 816
1600200 816
1600210 814
1600220 812
1600230 814
1600240 812
1600250 809
1600260 809
1600270 807
1600280 805
1600290 805
1600300 803
1600310 802
1600320 802
1600330 801
1600340 800
1600350 800
1600360 799
1600370 799
1600380 798
1600390 798
1600400 798
1600410 796
1600420 796
1600430 796
1600440 797
1600450 797
1600460 799
1600470 799
1600480 799
1600490 800
1600500 802
1600510 802
1600520 804
1600530 806
1600540 806
1600550 808
1600560 811
1600570 811
1600580 816
1600590 822
1600600 825
1600610 825
1600620 825
1600630 823
1600640 823
1600650 819
1600660 815
1600670 815
1600680 810
1600690 806
1600700 806
1600710 802
1600720 798
1600730 798
1600740 796
1600750 795
1600760 795
1600770 794
1600780 792
1600790 790
1600800 790
1600810 786
1600820 782
1600830 782
1600840 776
1600850 772
1600860 772
1600870 770
1600880 765
1600890 765
1600900 760
1600910 756
1600920 756
1600930 750
1600940 746
1600950 746
1600960 742
1600970 738
1600980 733
1600990 733
1601000 728
1601010 722
1601020 722
1601030 719
1601040 715
1601050 715
1601060 711
1601070 709
1601080 709
1601090 707
1601100 705
1601110 705
1601120 701
1601130 698
1601140 698
1601150 695
1601160 693
1601170 693
1601180 690
1601190 685
1601200 680
1601210 680
1601220 674
1601230 671
1601240 671
1601250 670
1601260 665
1601270 665
1601280 660
1601290 658
1601300 658
1601310 658
1601320 657
1601330 657
1601340 656
1601350 656
1601360 656
1601370 655
1601380 655
1601390 655
1601400 655
1601410 655
1601420 655
1601430 655
1601440 654
1601450 654
1601460 654
1601470 654
1601480 654
1601490 654
1601500 654
1601510 654
1601520 654
1601530 654
1601540 654
1601550 654
1601560 654
1601570 655
1601580 653
1601590 653
1601600 654
1601610 654
1601620 654
1601630 654
1601640 654
1601650 654
1601660 654
1601670 654
1601680 654
1601690 654
1601700 654
1601710 654
1601720 654
1601730 654
1601740 654
1601750 654
1601760 654
1601770 654
1601780 655
1601790 656
1601800 656
1601810 656
1601820 655
1601830 656
1601840 656
1601850 656
1601860 656
1601870 656
1601880 656
1601890 656
1601900 656
1601910 656
1601920 656
1601930 656
1601940 656
1601950 657
1601960 657
1601970 657
1601980 657
1601990 658
1602000 658
1602010 658
1602020 659
1602030 659
1602040 660
1602050 660
1602060 660
1602070 660
1602080 660
1602090 660
1602100 661
1602110 661
1602120 661
1602130 661
1602140 661
1602150 661
1602160 661
1602170 661
1602180 661
1602190 662
1602200 662
1602210 662
1602220 662
1602230 663
1602240 663
1602250 663
1602260 663
1602270 664
1602280 664
1602290 664
1602300 664
1602310 664
1602320 665
1602330 665
1602340 665
1602350 665
1602360 666
1602370 666
1602380 666
1602390 666
1602400 667
1602410 667
1602420 667
1602430 667
1602440 667
1602450 668
1602460 669
1602470 669
1602480 676
1602490 680
1602500 680
1602510 684
1602520 688
1602530 688
1602540 694
1602550 697
1602560 697
1602570 694
1602580 690
1602590 687
1602600 687
1602610 687
1602620 687
1602630 687
1602640 688
1602650 688
1602660 688
1602670 689
1602680 689
1602690 689
1602700 690
1602710 691
1602720 691
1602730 692
1602740 693
1602750 693
1602760 694
1602770 695
1602780 695
1602790 696
1602800 697
1602810 698
1602820 698
1602830 699
1602840 701
1602850 701
1602860 702
1602870 705
1602880 705
1602890 706
1602900 708
1602910 708
1602920 710
1602930 712
1602940 712
1602950 713
1602960 714
1602970 714
1602980 715
1602990 717
1603000 719
1603010 719
1603020 721
1603030 722
1603040 722
1603050 724
1603060 725
1603070 725
1603080 727
1603090 729
1603100 729
1603110 730
1603120 732
1603130 732
1603140 734
1603150 736
1603160 736
1603170 738
1603180 739
1603190 739
1603200 739
1603210 739
1603220 740
1603230 740
1603240 742
1603250 745
1603260 745
1603270 748
1603280 749
1603290 749
1603300 751
1603310 756
1603320 756
1603330 762
1603340 769
1603350 769
1603360 776
1603370 782
1603380 782
1603390 786
1603400 791
1603410 795
1603420 795
1603430 799
1603440 803
1603450 803
1603460 812
1603470 816
1603480 816
1603490 818
1603500 820
1603510 820
1603520 819
1603530 819
1603540 819
1603550 819
1603560 817
1603570 817
1603580 822
1603590 825
1603600 826
1603610 826
1603620 830
1603630 836
1603640 836
1603650 841
1603660 844
1603670 844
1603680 845
1603690 844
1603700 844
1603710 844
1603720 845
1603730 845
1603740 846
1603750 847
1603760 847
1603770 847
1603780 847
1603790 847
1603800 847
1603810 848
1603820 851
1603830 851
1603840 855
1603850 858
1603860 858
1603870 861
1603880 865
1603890 865
1603900 868
1603910 872
1603920 872
1603930 877
1603940 880
1603950 880
1603960 882
1603970 886
1603980 886
1603990 888
1604000 890
1604010 892
1604020 892
1604030 893
1604040 891
1604050 891
1604060 890
1604070 891
1604080 891
1604090 893
1604100 898
1604110 898
1604120 902
1604130 904
1604140 904
1604150 908
1604160 911
1604170 911
1604180 915
1604190 917
1604200 920
1604210 920
1604220 924
1604230 928
1604240 928
1604250 932
1604260 935
1604270 935
1604280 938
1604290 943
1604300 943
1604310 948
1604320 953
1604330 953
1604340 957
1604350 962
1604360 962
1604370 967
1604380 972
1604390 972
1604400 977
1604410 981
1604420 985
1604430 985
1604440 990
1604450 994
1604460 994
1604470 998
1604480 1001
1604490 1001
1604500 1005
1604510 1007
1604520 1013
1604530 1016
1604540 1021
1604550 1021
1604560 1024
1604570 1028
1604580 1028
1604590 1032
1604600 1035
1604610 1039
1604620 1039
1604630 1043
1604640 1047
1604650 1047
1604660 1052
1604670 1056
1604680 1056
1604690 1060
1604700 1065
1604710 1065
1604720 1069
1604730 1074
1604740 1074
1604750 1078
1604760 1083
1604770 1083
1604780 1087
1604790 1091
1604800 1091
1604810 1095
1604820 1099
1604830 1103
1604840 1103
1604850 1104
1604860 1106
1604870 1106
1604880 1106
1604890 1107
1604900 1107
1604910 1109
1604920 1110
1604930 1110
1604940 1111
1604950 1112
1604960 1112
1604970 1112
1604980 1112
1604990 1112
1605000 1113
1605010 1113
1605020 1111
1605030 1111
1605040 1109
1605050 1107
1605060 1107
1605070 1104
1605080 1101
1605090 1101
1605100 1098
1605110 1094
1605120 1094
1605130 1091
1605140 1087
1605150 1087
1605160 1083
1605170 1080
1605180 1080
1605190 1076
1605200 1074
1605210 1073
1605220 1073
1605230 1073
1605240 1073
1605250 1073
1605260 1073
1605270 1072
1605280 1072
1605290 1071
1605300 1071
1605310 1071
1605320 1071
1605330 1072
1605340 1072
1605350 1073
1605360 1074
1605370 1074
1605380 1073
1605390 1072
1605400 1072
1605410 1071
1605420 1069
1605430 1068
1605440 1068
1605450 1066
1605460 1066
1605470 1066
1605480 1065
1605490 1064
1605500 1064
1605510 1062
1605520 1060
1605530 1060
1605540 1057
1605550 1053
1605560 1053
1605570 1051
1605580 1047
1605590 1047
1605600 1045
1605610 1043
1605620 1042
1605630 1042
1605640 1041
1605650 1041
1605660 1041
1605670 1042
1605680 1042
1605690 1042
1605700 1042
1605710 1042
1605720 1042
1605730 1041
1605740 1041
1605750 1041
1605760 1042
1605770 1042
1605780 1042
1605790 1042
1605800 1043
1605810 1043
1605820 1045
1605830 1046
1605840 1046
1605850 1046
1605860 1046
1605870 1046
1605880 1046
1605890 1045
1605900 1044
1605910 1044
1605920 1043
1605930 1042
1605940 1042
1605950 1041
1605960 1040
1605970 1040
1605980 1039
1605990 1039
1606000 1039
1606010 1039
1606020 1039
1606030 1039
1606040 1039
1606050 1038
1606060 1036
1606070 1036
1606080 1036
1606090 1035
1606100 1035
1606110 1035
1606120 1035
1606130 1035
1606140 1035
1606150 1034
1606160 1034
1606170 1034
1606180 1034
1606190 1034
1606200 1034
1606210 1034
1606220 1035
1606230 1035
1606240 1035
1606250 1035
1606260 1035
1606270 1035
1606280 1034
1606290 1034
1606300 1034
1606310 1034
1606320 1034
1606330 1034
1606340 1034
1606350 1034
1606360 1034
1606370 1033
1606380 1033
1606390 1032
1606400 1031
1606410 1031
1606420 1031
1606430 1029
1606440 1027
1606450 1027
1606460 1023
1606470 1021
1606480 1021
1606490 1019
1606500 1018
1606510 1018
1606520 1020
1606530 1024
1606540 1024
1606550 1030
1606560 1034
1606570 1034
1606580 1037
1606590 1037
1606600 1037
1606610 1042
1606620 1042
1606630 1042
1606640 1042
1606650 1041
1606660 1041
1606670 1041
1606680 1037
1606690 1034
1606700 1034
1606710 1030
1606720 1028
1606730 1028
1606740 1025
1606750 1023
1606760 1023
1606770 1021
1606780 1019
1606790 1019
1606800 1015
1606810 1013
1606820 1011
1606830 1011
1606840 1008
1606850 1005
1606860 1005
1606870 1002
1606880 998
1606890 998
1606900 995
1606910 992
1606920 992
1606930 989
1606940 986
1606950 986
1606960 984
1606970 982
1606980 982
1606990 980
1607000 979
1607010 979
1607020 979
1607030 978
1607040 976
1607050 976
1607060 975
1607070 975
1607080 975
1607090 974
1607100 974
1607110 974
1607120 974
1607130 973
1607140 973
1607150 973
1607160 971
1607170 971
1607180 970
1607190 970
1607200 970
1607210 969
1607220 969
1607230 968
1607240 968
1607250 968
1607260 967
1607270 967
1607280 967
1607290 966
1607300 966
1607310 966
1607320 965
1607330 965
1607340 965
1607350 964
1607360 964
1607370 964
1607380 964
1607390 964
1607400 963
1607410 963
1607420 963
1607430 963
1607440 963
1607450 963
1607460 963
1607470 963
1607480 962
1607490 962
1607500 962
1607510 961
1607520 961
1607530 960
1607540 959
1607550 959
1607560 961
1607570 962
1607580 962
1607590 963
1607600 964
1607610 964
1607620 965
1607630 967
1607640 969
1607650 971
1607660 975
1607670 979
1607680 979
1607690 984
1607700 988
1607710 988
1607720 993
1607730 997
1607740 997
1607750 1002
1607760 1006
1607770 1006
1607780 1011
1607790 1016
1607800 1016
1607810 1022
1607820 1027
1607830 1033
1607840 1033
1607850 1038
1607860 1042
1607870 1042
1607880 1047
1607890 1052
1607900 1052
1607910 1056
1607920 1060
1607930 1060
1607940 1065
1607950 1070
1607960 1070
1607970 1075
1607980 1080
1607990 1080
1608000 1085
1608010 1089
1608020 1089
1608030 1091
1608040 1089
1608050 1086
1608060 1086
1608070 1083
1608080 1081
1608090 1081
1608100 1078
1608110 1075
1608120 1075
1608130 1072
1608140 1071
1608150 1071
1608160 1069
1608170 1067
1608180 1067
1608190 1064
1608200 1061
1608210 1061
1608220 1058
1608230 1055
1608240 1051
1608250 1051
1608260 1047
1608270 1044
1608280 1044
1608290 1042
1608300 1041
1608310 1041
1608320 1039
1608330 1038
1608340 1038
1608350 1037
1608360 1038
1608370 1038
1608380 1037
1608390 1037
1608400 1037
1608410 1039
1608420 1042
1608430 1042
1608440 1044
1608450 1047
1608460 1050
1608470 1050
1608480 1053
1608490 1056
1608500 1056
1608510 1058
1608520 1058
1608530 1058
1608540 1053
1608550 1050
1608560 1050
1608570 1048
1608580 1047
1608590 1047
1608600 1044
1608610 1039
1608620 1039
1608630 1033
1608640 1029
1608650 1023
1608660 1023
1608670 1022
1608680 1021
1608690 1021
1608700 1018
1608710 1016
1608720 1016
1608730 1016
1608740 1015
1608750 1015
1608760 1015
1608770 1014
1608780 1014
1608790 1011
1608800 1009
1608810 1009
1608820 1011
1608830 1013
1608840 1013
1608850 1013
1608860 1008
1608870 1002
1608880 1002
1608890 998
1608900 995
1608910 995
1608920 991
1608930 985
1608940 985
1608950 979
1608960 979
1608970 979
1608980 984
1608990 985
1609000 985
1609010 985
1609020 987
1609030 987
1609040 993
1609050 998
1609060 1000
1609070 1000
1609080 1003
1609090 1006
1609100 1006
1609110 1010
1609120 1016
1609130 1016
1609140 1024
1609150 1031
1609160 1031
1609170 1039
1609180 1047
1609190 1047
1609200 1053
1609210 1057
1609220 1057
1609230 1060
1609240 1062
1609250 1064
1609260 1064
1609270 1066
1609280 1067
1609290 1067
1609300 1067
1609310 1071
1609320 1071
1609330 1074
1609340 1078
1609350 1078
1609360 1083
1609370 1090
1609380 1090
1609390 1094
1609400 1098
1609410 1098
1609420 1102
1609430 1106
1609440 1106
1609450 1109
1609460 1112
1609470 1113
1609480 1113
1609490 1116
1609500 1119
1609510 1119
1609520 1122
1609530 1126
1609540 1126
1609550 1129
1609560 1132
1609570 1132
1609580 1136
1609590 1139
1609600 1139
1609610 1143
1609620 1147
1609630 1147
1609640 1151
1609650 1156
1609660 1161
1609670 1161
1609680 1163
1609690 1166
1609700 1166
1609710 1168
1609720 1171
1609730 1171
1609740 1173
1609750 1175
1609760 1175
1609770 1178
1609780 1180
1609790 1180
1609800 1181
1609810 1183
1609820 1183
1609830 1184
1609840 1186
1609850 1187
1609860 1187
1609870 1188
1609880 1189
1609890 1189
1609900 1190
1609910 1191
1609920 1191
1609930 1194
1609940 1198
1609950 1198
1609960 1204
1609970 1208
1609980 1208
1609990 1213
1610000 1221
1610010 1221
1610020 1228
1610030 1232
1610040 1232
1610050 1236
1610060 1241
1610070 1243
1610080 1243
1610090 1245
1610100 1247
1610110 1247
1610120 1249
1610130 1250
1610140 1250
1610150 1252
1610160 1254
1610170 1254
1610180 1256
1610190 1258
1610200 1258
1610210 1260
1610220 1262
1610230 1262
1610240 1264
1610250 1266
1610260 1267
1610270 1267
1610280 1268
1610290 1269
1610300 1269
1610310 1272
1610320 1274
1610330 1274
1610340 1276
1610350 1278
1610360 1278
1610370 1279
1610380 1281
1610390 1281
1610400 1282
1610410 1283
1610420 1283
1610430 1285
1610440 1286
1610450 1286
1610460 1288
1610470 1289
1610480 1292
1610490 1292
1610500 1294
1610510 1296
1610520 1296
1610530 1297
1610540 1299
1610550 1299
1610560 1300
1610570 1301
1610580 1301
1610590 1303
1610600 1305
1610610 1305
1610620 1307
1610630 1309
1610640 1309
1610650 1312
1610660 1315
1610670 1317
1610680 1317
1610690 1319
1610700 1321
1610710 1321
1610720 1323
1610730 1325
1610740 1325
1610750 1327
1610760 1329
1610770 1329
1610780 1332
1610790 1334
1610800 1334
1610810 1336
1610820 1339
1610830 1339
1610840 1341
1610850 1343
1610860 1344
1610870 1344
1610880 1346
1610890 1347
1610900 1347
1610910 1349
1610920 1351
1610930 1351
1610940 1353
1610950 1355
1610960 1355
1610970 1357
1610980 1359
1610990 1359
1611000 1361
1611010 1363
1611020 1363
1611030 1365
1611040 1367
1611050 1367
1611060 1369
1611070 1371
1611080 1374
1611090 1374
1611100 1378
1611110 1380
1611120 1380
1611130 1384
1611140 1388
1611150 1388
1611160 1391
1611170 1394
1611180 1394
1611190 1397
1611200 1400
1611210 1400
1611220 1402
1611230 1404
1611240 1404
1611250 1406
1611260 1407
1611270 1408
1611280 1408
1611290 1407
1611300 1406
1611310 1406
1611320 1404
1611330 1403
1611340 1403
1611350 1402
1611360 1401
1611370 1401
1611380 1399
1611390 1398
1611400 1398
1611410 1396
1611420 1394
1611430 1394
1611440 1391
1611450 1389
1611460 1389
1611470 1388
1611480 1387
1611490 1386
1611500 1386
1611510 1385
1611520 1384
1611530 1384
1611540 1383
1611550 1382
1611560 1382
1611570 1381
1611580 1380
1611590 1380
1611600 1379
1611610 1377
1611620 1377
1611630 1374
1611640 1371
1611650 1371
1611660 1369
1611670 1367
1611680 1365
1611690 1366
1611700 1364
1611710 1363
1611720 1363
1611730 1361
1611740 1359
1611750 1359
1611760 1357
1611770 1354
1611780 1354
1611790 1351
1611800 1348
1611810 1348
1611820 1344
1611830 1341
1611840 1341
1611850 1337
1611860 1333
1611870 1330
1611880 1330
1611890 1327
1611900 1325
1611910 1325
1611920 1323
1611930 1321
1611940 1321
1611950 1318
1611960 1316
1611970 1316
1611980 1313
1611990 1311
1612000 1311
1612010 1308
1612020 1306
1612030 1306
1612040 1304
1612050 1302
1612060 1302
1612070 1301
1612080 1299
1612090 1298
1612100 1298
1612110 1297
1612120 1295
1612130 1295
1612140 1293
1612150 1291
1612160 1291
1612170 1289
1612180 1287
1612190 1287
1612200 1286
1612210 1284
1612220 1284
1612230 1281
1612240 1278
1612250 1278
1612260 1276
1612270 1274
1612280 1271
1612290 1271
1612300 1268
1612310 1265
1612320 1265
1612330 1262
1612340 1260
1612350 1260
1612360 1256
1612370 1252
1612380 1252
1612390 1248
1612400 1244
1612410 1244
1612420 1240
1612430 1237
1612440 1237
1612450 1233
1612460 1229
1612470 1226
1612480 1226
1612490 1222
1612500 1219
1612510 1219
1612520 1216
1612530 1213
1612540 1213
1612550 1209
1612560 1205
1612570 1205
1612580 1204
1612590 1206
1612600 1206
1612610 1209
1612620 1210
1612630 1210
1612640 1211
1612650 1212
1612660 1212
1612670 1213
1612680 1214
1612690 1219
1612700 1219
1612710 1219
1612720 1220
1612730 1220
1612740 1220
1612750 1221
1612760 1221
1612770 1223
1612780 1224
1612790 1224
1612800 1226
1612810 1226
1612820 1226
1612830 1227
1612840 1228
1612850 1228
1612860 1230
1612870 1231
1612880 1232
1612890 1232
1612900 1232
1612910 1233
1612920 1233
1612930 1233
1612940 1232
1612950 1232
1612960 1230
1612970 1227
1612980 1227
1612990 1224
1613000 1222
1613010 1222
1613020 1219
1613030 1217
1613040 1217
1613050 1216
1613060 1216
1613070 1216
1613080 1215
1613090 1214
1613100 1214
1613110 1214
1613120 1214
1613130 1214
1613140 1214
1613150 1215
1613160 1216
1613170 1216
1613180 1216
1613190 1216
1613200 1216
1613210 1216
1613220 1215
1613230 1215
1613240 1215
1613250 1214
1613260 1214
1613270 1212
1613280 1211
1613290 1209
1613300 1209
1613310 1208
1613320 1206
1613330 1206
1613340 1204
1613350 1201
1613360 1201
1613370 1196
1613380 1192
1613390 1192
1613400 1190
1613410 1187
1613420 1187
1613430 1185
1613440 1185
1613450 1185
1613460 1187
1613470 1191
1613480 1195
1613490 1195
1613500 1200
1613510 1205
1613520 1205
1613530 1210
1613540 1215
1613550 1215
1613560 1221
1613570 1223
1613580 1223
1613590 1225
1613600 1232
1613610 1232
1613620 1242
1613630 1250
1613640 1250
1613650 1254
1613660 1258
1613670 1260
1613680 1263
1613690 1266
1613700 1269
1613710 1269
1613720 1272
1613730 1275
1613740 1275
1613750 1278
1613760 1282
1613770 1282
1613780 1286
1613790 1289
1613800 1289
1613810 1293
1613820 1297
1613830 1297
1613840 1301
1613850 1303
1613860 1303
1613870 1306
1613880 1309
1613890 1310
1613900 1310
1613910 1312
1613920 1315
1613930 1315
1613940 1316
1613950 1316
1613960 1316
1613970 1316
1613980 1317
1613990 1317
1614000 1318
1614010 1321
1614020 1321
1614030 1322
1614040 1325
1614050 1325
1614060 1328
1614070 1332
1614080 1332
1614090 1336
1614100 1339
1614110 1343
1614120 1343
1614130 1346
1614140 1350
1614150 1350
1614160 1353
1614170 1357
1614180 1357
1614190 1361
1614200 1363
1614210 1363
1614220 1365
1614230 1367
1614240 1367
1614250 1370
1614260 1371
1614270 1371
1614280 1373
1614290 1378
1614300 1382
1614310 1382
1614320 1387
1614330 1392
1614340 1392
1614350 1396
1614360 1400
1614370 1400
1614380 1403
1614390 1406
1614400 1406
1614410 1409
1614420 1411
1614430 1411
1614440 1413
1614450 1416
1614460 1416
1614470 1418
1614480 1421
1614490 1423
1614500 1423
1614510 1425
1614520 1427
1614530 1427
1614540 1428
1614550 1429
1614560 1429
1614570 1430
1614580 1431
1614590 1431
1614600 1432
1614610 1433
1614620 1433
1614630 1434
1614640 1436
1614650 1434
1614660 1436
1614670 1438
1614680 1438
1614690 1440
1614700 1442
1614710 1444
1614720 1444
1614730 1446
1614740 1448
1614750 1448
1614760 1450
1614770 1452
1614780 1452
1614790 1454
1614800 1456
1614810 1456
1614820 1459
1614830 1461
1614840 1461
1614850 1463
1614860 1466
1614870 1466
1614880 1468
1614890 1470
1614900 1471
1614910 1471
1614920 1473
1614930 1474
1614940 1474
1614950 1477
1614960 1480
1614970 1480
1614980 1481
1614990 1483
1615000 1483
1615010 1485
1615020 1487
1615030 1487
1615040 1488
1615050 1491
1615060 1491
1615070 1494
1615080 1497
1615090 1497
1615100 1499
1615110 1502
1615120 1504
1615130 1504
1615140 1506
1615150 1508
1615160 1508
1615170 1510
1615180 1512
1615190 1512
1615200 1514
1615210 1516
1615220 1516
1615230 1518
1615240 1520
1615250 1520
1615260 1521
1615270 1524
1615280 1524
1615290 1526
1615300 1527
1615310 1528
1615320 1528
1615330 1529
1615340 1530
1615350 1530
1615360 1531
1615370 1531
1615380 1531
1615390 1531
1615400 1530
1615410 1530
1615420 1529
1615430 1528
1615440 1528
1615450 1525
1615460 1522
1615470 1522
1615480 1521
1615490 1518
1615500 1517
1615510 1517
1615520 1514
1615530 1512
1615540 1512
1615550 1510
1615560 1507
1615570 1507
1615580 1505
1615590 1502
1615600 1502
1615610 1499
1615620 1495
1615630 1495
1615640 1491
1615650 1488
1615660 1488
1615670 1485
1615680 1482
1615690 1482
1615700 1479
1615710 1476
1615720 1473
1615730 1473
1615740 1469
1615750 1465
1615760 1465
1615770 1462
1615780 1458
1615790 1458
1615800 1454
1615810 1450
1615820 1450
1615830 1447
1615840 1444
1615850 1444
1615860 1440
1615870 1437
1615880 1437
1615890 1434
1615900 1430
1615910 1426
1615920 1426
1615930 1422
1615940 1418
1615950 1418
1615960 1415
1615970 1411
1615980 1411
1615990 1407
1616000 1402
1616010 1402
1616020 1398
1616030 1394
1616040 1394
1616050 1390
1616060 1387
1616070 1387
1616080 1383
1616090 1378
1616100 1378
1616110 1373
1616120 1369
1616130 1364
1616140 1364
1616150 1360
1616160 1356
1616170 1356
1616180 1352
1616190 1348
1616200 1348
1616210 1345
1616220 1341
1616230 1341
1616240 1338
1616250 1335
1616260 1335
1616270 1332
1616280 1329
1616290 1329
1616300 1326
1616310 1324
1616320 1321
1616330 1321
1616340 1319
1616350 1317
1616360 1317
1616370 1315
1616380 1312
1616390 1312
1616400 1310
1616410 1307
1616420 1307
1616430 1304
1616440 1301
1616450 1301
1616460 1299
1616470 1297
1616480 1297
1616490 1294
1616500 1292
1616510 1289
1616520 1289
1616530 1287
1616540 1284
1616550 1284
1616560 1282
1616570 1280
1616580 1278
1616590 1276
1616600 1273
1616610 1273
1616620 1271
1616630 1269
1616640 1269
1616650 1267
1616660 1266
1616670 1266
1616680 1264
1616690 1265
1616700 1265
1616710 1266
1616720 1267
1616730 1268
1616740 1268
1616750 1269
1616760 1271
1616770 1271
1616780 1273
1616790 1275
1616800 1275
1616810 1277
1616820 1279
1616830 1279
1616840 1281
1616850 1282
1616860 1282
1616870 1282
1616880 1282
1616890 1282
1616900 1279
1616910 1274
1616920 1270
1616930 1270
1616940 1266
1616950 1262
1616960 1262
1616970 1259
1616980 1256
1616990 1256
1617000 1254
1617010 1249
1617020 1249
1617030 1242
1617040 1237
1617050 1237
1617060 1232
1617070 1226
1617080 1226
1617090 1220
1617100 1216
1617110 1216
1617120 1213
1617130 1207
1617140 1202
1617150 1202
1617160 1197
1617170 1192
1617180 1192
1617190 1186
1617200 1181
1617210 1181
1617220 1175
1617230 1170
1617240 1170
1617250 1165
1617260 1161
1617270 1161
1617280 1157
1617290 1154
1617300 1154
1617310 1152
1617320 1151
1617330 1149
1617340 1149
1617350 1146
1617360 1141
1617370 1141
1617380 1135
1617390 1129
1617400 1129
1617410 1122
1617420 1116
1617430 1116
1617440 1112
1617450 1109
1617460 1109
1617470 1106
1617480 1102
1617490 1102
1617500 1097
1617510 1092
1617520 1088
1617530 1088
1617540 1091
1617550 1092
1617560 1092
1617570 1092
1617580 1089
1617590 1089
1617600 1088
1617610 1084
1617620 1084
1617630 1080
1617640 1076
1617650 1076
1617660 1071
1617670 1067
1617680 1067
1617690 1063
1617700 1059
1617710 1059
1617720 1056
1617730 1051
1617740 1045
1617750 1045
1617760 1039
1617770 1035
1617780 1035
1617790 1030
1617800 1026
1617810 1026
1617820 1022
1617830 1020
1617840 1020
1617850 1018
1617860 1014
1617870 1014
1617880 1010
1617890 1006
1617900 1006
1617910 1002
1617920 998
1617930 995
1617940 995
1617950 992
1617960 988
1617970 988
1617980 984
1617990 979
1618000 979
1618010 973
1618020 965
1618030 965
1618040 959
1618050 952
1618060 952
1618070 945
1618080 937
1618090 937
1618100 932
1618110 926
1618120 926
1618130 920
1618140 913
1618150 910
1618160 910
1618170 908
1618180 908
1618190 908
1618200 908
1618210 908
1618220 908
1618230 908
1618240 908
1618250 908
1618260 908
1618270 908
1618280 908
1618290 908
1618300 908
1618310 908
1618320 908
1618330 908
1618340 908
1618350 908
1618360 908
1618370 908
1618380 908
1618390 909
1618400 908
1618410 908
1618420 909
1618430 909
1618440 909
1618450 909
1618460 911
1618470 911
1618480 911
1618490 911
1618500 911
1618510 911
1618520 913
1618530 917
1618540 917
1618550 923
1618560 928
1618570 928
1618580 934
1618590 939
1618600 939
1618610 943
1618620 948
1618630 948
1618640 953
1618650 960
1618660 960
1618670 967
1618680 973
1618690 973
1618700 979
1618710 984
1618720 984
1618730 990
1618740 997
1618750 1002
1618760 1002
1618770 1008
1618780 1013
1618790 1013
1618800 1016
1618810 1019
1618820 1019
1618830 1021
1618840 1023
1618850 1023
1618860 1026
1618870 1029
1618880 1029
1618890 1033
1618900 1035
1618910 1035
1618920 1037
1618930 1039
1618940 1041
1618950 1041
1618960 1046
1618970 1048
1618980 1048
1618990 1051
1619000 1055
1619010 1055
1619020 1058
1619030 1062
1619040 1062
1619050 1065
1619060 1069
1619070 1069
1619080 1073
1619090 1077
1619100 1077
1619110 1082
1619120 1086
1619130 1086
1619140 1090
1619150 1096
1619160 1101
1619170 1101
1619180 1105
1619190 1109
1619200 1109
1619210 1114
1619220 1118
1619230 1118
1619240 1122
1619250 1126
1619260 1126
1619270 1127
1619280 1126
1619290 1126
1619300 1130
1619310 1136
1619320 1136
1619330 1141
1619340 1144
1619350 1147
1619360 1147
1619370 1149
1619380 1152
1619390 1152
1619400 1153
1619410 1155
1619420 1155
1619430 1155
1619440 1156
1619450 1156
1619460 1158
1619470 1162
1619480 1162
1619490 1165
1619500 1168
1619510 1168
1619520 1172
1619530 1176
1619540 1180
1619550 1180
1619560 1185
1619570 1190
1619580 1190
1619590 1194
1619600 1198
1619610 1198
1619620 1201
1619630 1204
1619640 1204
1619650 1207
1619660 1213
1619670 1213
1619680 1216
1619690 1218
1619700 1218
1619710 1220
1619720 1225
1619730 1225
1619740 1230
1619750 1235
1619760 1241
1619770 1241
1619780 1244
1619790 1246
1619800 1246
1619810 1248
1619820 1250
1619830 1250
1619840 1251
1619850 1253
1619860 1253
1619870 1256
1619880 1258
1619890 1258
1619900 1261
1619910 1263
1619920 1263
1619930 1266
1619940 1268
1619950 1271
1619960 1271
1619970 1274
1619980 1277
1619990 1277
