1600000 914
1600010 918
1600020 918
1600030 920
1600040 922
1600050 922
1600060 925
1600070 929
1600080 929
1600090 932
1600100 934
1600110 934
1600120 935
1600130 936
1600140 936
1600150 936
1600160 936
1600170 936
1600180 936
1600190 936
1600200 937
1600210 937
1600220 937
1600230 938
1600240 938
1600250 939
1600260 940
1600270 940
1600280 942
1600290 944
1600300 944
1600310 946
1600320 949
1600330 950
1600340 950
1600350 954
1600360 960
1600370 960
1600380 966
1600390 972
1600400 972
1600410 976
1600420 980
1600430 980
1600440 984
1600450 985
1600460 985
1600470 984
1600480 981
1600490 981
1600500 973
1600510 966
1600520 966
1600530 958
1600540 953
1600550 947
1600560 947
1600570 940
1600580 934
1600590 934
1600600 927
1600610 922
1600620 922
1600630 917
1600640 914
1600650 914
1600660 908
1600670 903
1600680 903
1600690 900
1600700 896
1600710 896
1600720 892
1600730 890
1600740 887
1600750 887
1600760 884
1600770 880
1600780 880
1600790 877
1600800 875
1600810 875
1600820 873
1600830 871
1600840 871
1600850 868
1600860 866
1600870 866
1600880 864
1600890 861
1600900 861
1600910 858
1600920 855
1600930 855
1600940 852
1600950 848
1600960 843
1600970 843
1600980 839
1600990 834
1601000 834
1601010 830
1601020 826
1601030 826
1601040 822
1601050 816
1601060 816
1601070 812
1601080 808
1601090 808
1601100 805
1601110 802
1601120 803
1601130 800
1601140 797
1601150 794
1601160 794
1601170 790
1601180 787
1601190 787
1601200 785
1601210 784
1601220 784
1601230 782
1601240 780
1601250 780
1601260 778
1601270 775
1601280 775
1601290 770
1601300 765
1601310 765
1601320 757
1601330 751
1601340 751
1601350 746
1601360 739
1601370 729
1601380 729
1601390 717
1601400 701
1601410 701
1601420 693
1601430 690
1601440 690
1601450 689
1601460 685
1601470 685
1601480 678
1601490 671
1601500 671
1601510 669
1601520 667
1601530 667
1601540 666
1601550 665
1601560 664
1601570 664
1601580 662
1601590 661
1601600 661
1601610 661
1601620 662
1601630 662
1601640 662
1601650 663
1601660 663
1601670 663
1601680 663
1601690 663
1601700 663
1601710 663
1601720 663
1601730 663
1601740 663
1601750 663
1601760 663
1601770 664
1601780 663
1601790 663
1601800 663
1601810 664
1601820 664
1601830 664
1601840 664
1601850 664
1601860 664
1601870 664
1601880 664
1601890 665
1601900 666
1601910 666
1601920 668
1601930 669
1601940 669
1601950 671
1601960 676
1601970 688
1601980 688
1601990 707
1602000 709
1602010 709
1602020 710
1602030 712
1602040 712
1602050 714
1602060 715
1602070 715
1602080 716
1602090 718
1602100 718
1602110 720
1602120 722
1602130 722
1602140 725
1602150 729
1602160 734
1602170 734
1602180 740
1602190 744
1602200 744
1602210 753
1602220 755
1602230 755
1602240 754
1602250 753
1602260 753
1602270 751
1602280 753
1602290 753
1602300 755
1602310 758
1602320 758
1602330 761
1602340 764
1602350 764
1602360 767
1602370 773
1602380 778
1602390 778
1602400 785
1602410 791
1602420 791
1602430 798
1602440 805
1602450 805
1602460 809
1602470 810
1602480 810
1602490 811
1602500 814
1602510 814
1602520 819
1602530 822
1602540 822
1602550 824
1602560 827
1602570 831
1602580 831
1602590 835
1602600 839
1602610 839
1602620 844
1602630 849
1602640 849
1602650 852
1602660 858
1602670 858
1602680 864
1602690 870
1602700 870
1602710 875
1602720 881
1602730 881
1602740 887
1602750 894
1602760 894
1602770 899
1602780 903
1602790 906
1602800 906
1602810 910
1602820 917
1602830 917
1602840 923
1602850 931
1602860 931
1602870 938
1602880 944
1602890 944
1602900 948
1602910 944
1602920 944
1602930 940
1602940 933
1602950 933
1602960 928
1602970 925
1602980 922
1602990 922
1603000 920
1603010 918
1603020 918
1603030 915
1603040 915
1603050 915
1603060 916
1603070 918
1603080 918
1603090 920
1603100 924
1603110 924
1603120 929
1603130 932
1603140 932
1603150 933
1603160 934
1603170 934
1603180 935
1603190 937
1603200 941
1603210 941
1603220 945
1603230 948
1603240 948
1603250 951
1603260 952
1603270 952
1603280 949
1603290 947
1603300 947
1603310 946
1603320 944
1603330 944
1603340 942
1603350 941
1603360 941
1603370 939
1603380 936
1603390 935
1603400 935
1603410 935
1603420 933
1603430 933
1603440 926
1603450 915
1603460 915
1603470 908
1603480 903
1603490 903
1603500 902
1603510 902
1603520 902
1603530 904
1603540 905
1603550 905
1603560 904
1603570 902
1603580 900
1603590 900
1603600 898
1603610 895
1603620 895
1603630 892
1603640 890
1603650 890
1603660 888
1603670 885
1603680 885
1603690 883
1603700 882
1603710 882
1603720 880
1603730 878
1603740 878
1603750 878
1603760 880
1603770 880
1603780 882
1603790 883
1603800 885
1603810 885
1603820 887
1603830 889
1603840 889
1603850 890
1603860 891
1603870 891
1603880 892
1603890 894
1603900 894
1603910 898
1603920 901
1603930 901
1603940 904
1603950 909
1603960 909
1603970 913
1603980 915
1603990 916
1604000 916
1604010 916
1604020 915
1604030 915
1604040 915
1604050 915
1604060 915
1604070 917
1604080 921
1604090 921
1604100 925
1604110 927
1604120 927
1604130 929
1604140 931
1604150 931
1604160 933
1604170 937
1604180 937
1604190 940
1604200 943
1604210 946
1604220 946
1604230 949
1604240 953
1604250 953
1604260 958
1604270 962
1604280 962
1604290 965
1604300 968
1604310 968
1604320 971
1604330 974
1604340 975
1604350 978
1604360 981
1604370 981
1604380 984
1604390 988
1604400 990
1604410 990
1604420 991
1604430 992
1604440 992
1604450 993
1604460 994
1604470 994
1604480 995
1604490 996
1604500 996
1604510 997
1604520 998
1604530 998
1604540 1000
1604550 1003
1604560 1003
1604570 1006
1604580 1007
1604590 1007
1604600 1010
1604610 1013
1604620 1015
1604630 1015
1604640 1015
1604650 1018
1604660 1018
1604670 1018
1604680 1018
1604690 1018
1604700 1019
1604710 1021
1604720 1021
1604730 1025
1604740 1031
1604750 1031
1604760 1036
1604770 1041
1604780 1041
1604790 1046
1604800 1052
1604810 1056
1604820 1056
1604830 1060
1604840 1065
1604850 1065
1604860 1070
1604870 1075
1604880 1075
1604890 1079
1604900 1083
1604910 1083
1604920 1086
1604930 1091
1604940 1091
1604950 1095
1604960 1100
1604970 1100
1604980 1106
1604990 1113
1605000 1113
1605010 1119
1605020 1124
1605030 1128
1605040 1128
1605050 1133
1605060 1138
1605070 1138
1605080 1142
1605090 1147
1605100 1147
1605110 1154
1605120 1158
1605130 1158
1605140 1163
1605150 1167
1605160 1167
1605170 1168
1605180 1169
1605190 1169
1605200 1171
1605210 1175
1605220 1179
1605230 1179
1605240 1183
1605250 1186
1605260 1186
1605270 1189
1605280 1191
1605290 1191
1605300 1191
1605310 1192
1605320 1192
1605330 1193
1605340 1195
1605350 1195
1605360 1197
1605370 1198
1605380 1198
1605390 1201
1605400 1204
1605410 1208
1605420 1208
1605430 1211
1605440 1214
1605450 1214
1605460 1218
1605470 1223
1605480 1223
1605490 1227
1605500 1232
1605510 1232
1605520 1237
1605530 1240
1605540 1240
1605550 1244
1605560 1248
1605570 1248
1605580 1252
1605590 1257
1605600 1257
1605610 1262
1605620 1266
1605630 1268
1605640 1268
1605650 1271
1605660 1274
1605670 1274
1605680 1279
1605690 1282
1605700 1282
1605710 1287
1605720 1293
1605730 1293
1605740 1299
1605750 1302
1605760 1302
1605770 1306
1605780 1310
1605790 1310
1605800 1314
1605810 1317
1605820 1320
1605830 1320
1605840 1323
1605850 1326
1605860 1326
1605870 1328
1605880 1331
1605890 1331
1605900 1334
1605910 1338
1605920 1338
1605930 1342
1605940 1344
1605950 1344
1605960 1346
1605970 1348
1605980 1348
1605990 1349
1606000 1350
1606010 1350
1606020 1350
1606030 1349
1606040 1348
1606050 1348
1606060 1347
1606070 1346
1606080 1346
1606090 1346
1606100 1345
1606110 1345
1606120 1344
1606130 1344
1606140 1344
1606150 1343
1606160 1343
1606170 1343
1606180 1342
1606190 1342
1606200 1342
1606210 1341
1606220 1341
1606230 1341
1606240 1341
1606250 1341
1606260 1341
1606270 1341
1606280 1342
1606290 1342
1606300 1342
1606310 1343
1606320 1344
1606330 1344
1606340 1344
1606350 1344
1606360 1344
1606370 1344
1606380 1343
1606390 1343
1606400 1342
1606410 1342
1606420 1342
1606430 1345
1606440 1345
1606450 1345
1606460 1345
1606470 1345
1606480 1346
1606490 1346
1606500 1346
1606510 1347
1606520 1347
1606530 1347
1606540 1348
1606550 1348
1606560 1350
1606570 1351
1606580 1351
1606590 1352
1606600 1354
1606610 1354
1606620 1358
1606630 1360
1606640 1359
1606650 1359
1606660 1358
1606670 1356
1606680 1356
1606690 1354
1606700 1350
1606710 1350
1606720 1347
1606730 1344
1606740 1344
1606750 1340
1606760 1336
1606770 1336
1606780 1333
1606790 1329
1606800 1329
1606810 1325
1606820 1323
1606830 1323
1606840 1321
1606850 1320
1606860 1320
1606870 1320
1606880 1321
1606890 1321
1606900 1321
1606910 1321
1606920 1320
1606930 1320
1606940 1318
1606950 1318
1606960 1318
1606970 1319
1606980 1319
1606990 1319
1607000 1318
1607010 1318
1607020 1318
1607030 1319
1607040 1320
1607050 1321
1607060 1321
1607070 1322
1607080 1323
1607090 1323
1607100 1324
1607110 1324
1607120 1324
1607130 1324
1607140 1324
1607150 1324
1607160 1324
1607170 1324
1607180 1324
1607190 1324
1607200 1325
1607210 1325
1607220 1327
1607230 1329
1607240 1332
1607250 1332
1607260 1332
1607270 1330
1607280 1330
1607290 1329
1607300 1327
1607310 1327
1607320 1326
1607330 1324
1607340 1324
1607350 1324
1607360 1324
1607370 1324
1607380 1325
1607390 1326
1607400 1326
1607410 1328
1607420 1329
1607430 1329
1607440 1329
1607450 1328
1607460 1326
1607470 1330
1607480 1327
1607490 1324
1607500 1324
1607510 1322
1607520 1321
1607530 1321
1607540 1320
1607550 1319
1607560 1319
1607570 1319
1607580 1318
1607590 1318
1607600 1317
1607610 1317
1607620 1317
1607630 1317
1607640 1318
1607650 1318
1607660 1318
1607670 1318
1607680 1319
1607690 1319
1607700 1320
1607710 1321
1607720 1321
1607730 1323
1607740 1324
1607750 1324
1607760 1326
1607770 1328
1607780 1328
1607790 1330
1607800 1332
1607810 1332
1607820 1334
1607830 1337
1607840 1337
1607850 1338
1607860 1340
1607870 1343
1607880 1343
1607890 1345
1607900 1348
1607910 1348
1607920 1351
1607930 1355
1607940 1355
1607950 1357
1607960 1359
1607970 1359
1607980 1361
1607990 1364
1608000 1364
1608010 1366
1608020 1367
1608030 1367
1608040 1367
1608050 1368
1608060 1368
1608070 1368
1608080 1368
1608090 1368
1608100 1368
1608110 1367
1608120 1367
1608130 1367
1608140 1367
1608150 1367
1608160 1367
1608170 1368
1608180 1368
1608190 1368
1608200 1369
1608210 1370
1608220 1370
1608230 1371
1608240 1371
1608250 1371
1608260 1372
1608270 1373
1608280 1374
1608290 1374
1608300 1375
1608310 1376
1608320 1376
1608330 1377
1608340 1378
1608350 1378
1608360 1379
1608370 1379
1608380 1379
1608390 1380
1608400 1381
1608410 1381
1608420 1382
1608430 1384
1608440 1384
1608450 1385
1608460 1388
1608470 1390
1608480 1390
1608490 1393
1608500 1402
1608510 1402
1608520 1403
1608530 1405
1608540 1405
1608550 1406
1608560 1406
1608570 1406
1608580 1408
1608590 1407
1608600 1407
1608610 1405
1608620 1402
1608630 1402
1608640 1399
1608650 1397
1608660 1397
1608670 1394
1608680 1389
1608690 1387
1608700 1387
1608710 1386
1608720 1387
1608730 1387
1608740 1388
1608750 1388
1608760 1388
1608770 1389
1608780 1389
1608790 1389
1608800 1389
1608810 1389
1608820 1389
1608830 1388
1608840 1387
1608850 1387
1608860 1386
1608870 1385
1608880 1383
1608890 1383
1608900 1382
1608910 1380
1608920 1380
1608930 1378
1608940 1376
1608950 1376
1608960 1374
1608970 1372
1608980 1372
1608990 1370
1609000 1367
1609010 1367
1609020 1364
1609030 1361
1609040 1361
1609050 1360
1609060 1361
1609070 1361
1609080 1361
1609090 1361
1609100 1360
1609110 1360
1609120 1359
1609130 1359
1609140 1359
1609150 1360
1609160 1361
1609170 1361
1609180 1361
1609190 1362
1609200 1362
1609210 1360
1609220 1359
1609230 1359
1609240 1357
1609250 1354
1609260 1354
1609270 1353
1609280 1352
1609290 1351
1609300 1351
1609310 1350
1609320 1350
1609330 1350
1609340 1351
1609350 1351
1609360 1351
1609370 1351
1609380 1350
1609390 1350
1609400 1349
1609410 1351
1609420 1351
1609430 1353
1609440 1353
1609450 1353
1609460 1352
1609470 1354
1609480 1358
1609490 1358
1609500 1358
1609510 1360
1609520 1360
1609530 1361
1609540 1362
1609550 1362
1609560 1364
1609570 1364
1609580 1364
1609590 1365
1609600 1365
1609610 1365
1609620 1366
1609630 1367
1609640 1367
1609650 1367
1609660 1367
1609670 1367
1609680 1366
1609690 1366
1609700 1367
1609710 1367
1609720 1367
1609730 1367
1609740 1367
1609750 1366
1609760 1364
1609770 1364
1609780 1363
1609790 1363
1609800 1363
1609810 1364
1609820 1365
1609830 1365
1609840 1363
1609850 1362
1609860 1362
1609870 1362
1609880 1361
1609890 1359
1609900 1359
1609910 1357
1609920 1358
1609930 1358
1609940 1358
1609950 1359
1609960 1359
1609970 1359
1609980 1361
1609990 1361
1610000 1362
1610010 1361
1610020 1361
1610030 1359
1610040 1357
1610050 1357
1610060 1354
1610070 1352
1610080 1352
1610090 1353
1610100 1356
1610110 1357
1610120 1357
1610130 1359
1610140 1362
1610150 1362
1610160 1365
1610170 1369
1610180 1369
1610190 1371
1610200 1374
1610210 1374
1610220 1378
1610230 1384
1610240 1384
1610250 1390
1610260 1395
1610270 1395
1610280 1400
1610290 1404
1610300 1410
1610310 1410
1610320 1411
1610330 1412
1610340 1412
1610350 1411
1610360 1405
1610370 1405
1610380 1401
1610390 1400
1610400 1400
1610410 1397
1610420 1392
1610430 1392
1610440 1388
1610450 1386
1610460 1386
1610470 1384
1610480 1383
1610490 1383
1610500 1381
1610510 1381
1610520 1379
1610530 1379
1610540 1376
1610550 1372
1610560 1372
1610570 1368
1610580 1366
1610590 1366
1610600 1366
1610610 1366
1610620 1366
1610630 1367
1610640 1367
1610650 1367
1610660 1367
1610670 1368
1610680 1368
1610690 1370
1610700 1371
1610710 1370
1610720 1370
1610730 1370
1610740 1369
1610750 1369
1610760 1370
1610770 1370
1610780 1370
1610790 1370
1610800 1370
1610810 1370
1610820 1371
1610830 1372
1610840 1372
1610850 1373
1610860 1374
1610870 1374
1610880 1376
1610890 1377
1610900 1379
1610910 1379
1610920 1380
1610930 1382
1610940 1382
1610950 1385
1610960 1386
1610970 1386
1610980 1386
1610990 1387
1611000 1387
1611010 1389
1611020 1390
1611030 1390
1611040 1392
1611050 1394
1611060 1394
1611070 1395
1611080 1397
1611090 1397
1611100 1399
1611110 1401
1611120 1402
1611130 1402
1611140 1404
1611150 1406
1611160 1406
1611170 1407
1611180 1409
1611190 1409
1611200 1411
1611210 1413
1611220 1413
1611230 1415
1611240 1417
1611250 1417
1611260 1418
1611270 1417
1611280 1417
1611290 1414
1611300 1413
1611310 1412
1611320 1412
1611330 1412
1611340 1412
1611350 1412
1611360 1412
1611370 1412
1611380 1412
1611390 1413
1611400 1413
1611410 1413
1611420 1413
1611430 1413
1611440 1413
1611450 1414
1611460 1415
1611470 1415
1611480 1415
1611490 1416
1611500 1416
1611510 1416
1611520 1414
1611530 1414
1611540 1414
1611550 1413
1611560 1412
1611570 1412
1611580 1411
1611590 1409
1611600 1409
1611610 1407
1611620 1405
1611630 1405
1611640 1404
1611650 1402
1611660 1402
1611670 1401
1611680 1399
1611690 1399
1611700 1398
1611710 1396
1611720 1395
1611730 1395
1611740 1394
1611750 1394
1611760 1394
1611770 1394
1611780 1394
1611790 1394
1611800 1394
1611810 1394
1611820 1394
1611830 1393
1611840 1393
1611850 1393
1611860 1394
1611870 1394
1611880 1394
1611890 1395
1611900 1397
1611910 1397
1611920 1399
1611930 1399
1611940 1400
1611950 1400
1611960 1401
1611970 1403
1611980 1403
1611990 1405
1612000 1407
1612010 1407
1612020 1408
1612030 1410
1612040 1410
1612050 1411
1612060 1413
1612070 1413
1612080 1415
1612090 1416
1612100 1416
1612110 1418
1612120 1421
1612130 1424
1612140 1424
1612150 1426
1612160 1428
1612170 1428
1612180 1430
1612190 1432
1612200 1432
1612210 1434
1612220 1436
1612230 1436
1612240 1437
1612250 1438
1612260 1438
1612270 1438
1612280 1439
1612290 1439
1612300 1439
1612310 1438
1612320 1438
1612330 1437
1612340 1437
1612350 1436
1612360 1436
1612370 1436
1612380 1435
1612390 1435
1612400 1433
1612410 1433
1612420 1433
1612430 1432
1612440 1432
1612450 1432
1612460 1432
1612470 1433
1612480 1433
1612490 1433
1612500 1433
1612510 1431
1612520 1432
1612530 1433
1612540 1432
1612550 1432
1612560 1432
1612570 1432
1612580 1432
1612590 1431
1612600 1430
1612610 1430
1612620 1430
1612630 1430
1612640 1430
1612650 1430
1612660 1430
1612670 1430
1612680 1430
1612690 1430
1612700 1430
1612710 1429
1612720 1429
1612730 1429
1612740 1429
1612750 1429
1612760 1429
1612770 1429
1612780 1430
1612790 1430
1612800 1430
1612810 1431
1612820 1432
1612830 1432
1612840 1432
1612850 1432
1612860 1432
1612870 1432
1612880 1432
1612890 1432
1612900 1431
1612910 1430
1612920 1430
1612930 1429
1612940 1427
1612950 1426
1612960 1426
1612970 1424
1612980 1421
1612990 1421
1613000 1419
1613010 1418
1613020 1418
1613030 1417
1613040 1416
1613050 1416
1613060 1415
1613070 1414
1613080 1414
1613090 1413
1613100 1413
1613110 1413
1613120 1412
1613130 1411
1613140 1410
1613150 1410
1613160 1409
1613170 1408
1613180 1408
1613190 1408
1613200 1407
1613210 1407
1613220 1407
1613230 1408
1613240 1408
1613250 1408
1613260 1408
1613270 1408
1613280 1407
1613290 1407
1613300 1407
1613310 1407
1613320 1408
1613330 1408
1613340 1408
1613350 1409
1613360 1410
1613370 1410
1613380 1411
1613390 1412
1613400 1412
1613410 1414
1613420 1414
1613430 1414
1613440 1415
1613450 1417
1613460 1417
1613470 1418
1613480 1419
1613490 1419
1613500 1418
1613510 1418
1613520 1418
1613530 1419
1613540 1419
1613550 1419
1613560 1419
1613570 1419
1613580 1419
1613590 1419
1613600 1419
1613610 1419
1613620 1419
1613630 1418
1613640 1417
1613650 1417
1613660 1416
1613670 1415
1613680 1415
1613690 1413
1613700 1411
1613710 1411
1613720 1409
1613730 1406
1613740 1406
1613750 1404
1613760 1401
1613770 1398
1613780 1398
1613790 1395
1613800 1392
1613810 1392
1613820 1390
1613830 1389
1613840 1389
1613850 1387
1613860 1386
1613870 1386
1613880 1385
1613890 1384
1613900 1384
1613910 1382
1613920 1380
1613930 1380
1613940 1378
1613950 1377
1613960 1377
1613970 1377
1613980 1377
1613990 1376
1614000 1376
1614010 1376
1614020 1376
1614030 1376
1614040 1376
1614050 1376
1614060 1376
1614070 1376
1614080 1376
1614090 1376
1614100 1376
1614110 1376
1614120 1376
1614130 1376
1614140 1376
1614150 1376
1614160 1376
1614170 1377
1614180 1378
1614190 1378
1614200 1379
1614210 1380
1614220 1380
1614230 1383
1614240 1384
1614250 1384
1614260 1385
1614270 1386
1614280 1386
1614290 1387
1614300 1388
1614310 1388
1614320 1389
1614330 1389
1614340 1389
1614350 1389
1614360 1389
1614370 1388
1614380 1388
1614390 1387
1614400 1386
1614410 1386
1614420 1385
1614430 1384
1614440 1384
1614450 1382
1614460 1382
1614470 1382
1614480 1378
1614490 1378
1614500 1378
1614510 1376
1614520 1376
1614530 1376
1614540 1376
1614550 1376
1614560 1376
1614570 1375
1614580 1375
1614590 1375
1614600 1375
1614610 1375
1614620 1375
1614630 1375
1614640 1375
1614650 1375
1614660 1375
1614670 1374
1614680 1372
1614690 1372
1614700 1369
1614710 1365
1614720 1365
1614730 1361
1614740 1357
1614750 1357
1614760 1354
1614770 1351
1614780 1347
1614790 1347
1614800 1344
1614810 1340
1614820 1340
1614830 1337
1614840 1335
1614850 1335
1614860 1333
1614870 1330
1614880 1330
1614890 1328
1614900 1327
1614910 1327
1614920 1325
1614930 1325
1614940 1325
1614950 1324
1614960 1323
1614970 1323
1614980 1323
1614990 1323
1615000 1324
1615010 1324
1615020 1324
1615030 1323
1615040 1323
1615050 1323
1615060 1323
1615070 1323
1615080 1324
1615090 1325
1615100 1325
1615110 1325
1615120 1325
1615130 1325
1615140 1325
1615150 1325
1615160 1325
1615170 1326
1615180 1325
1615190 1324
1615200 1324
1615210 1323
1615220 1323
1615230 1323
1615240 1322
1615250 1321
1615260 1321
1615270 1319
1615280 1318
1615290 1318
1615300 1318
1615310 1317
1615320 1317
1615330 1315
1615340 1312
1615350 1312
1615360 1308
1615370 1306
1615380 1306
1615390 1306
1615400 1306
1615410 1307
1615420 1307
1615430 1307
1615440 1308
1615450 1304
1615460 1305
1615470 1304
1615480 1304
1615490 1304
1615500 1304
1615510 1304
1615520 1304
1615530 1304
1615540 1304
1615550 1303
1615560 1304
1615570 1304
1615580 1304
1615590 1303
1615600 1303
1615610 1303
1615620 1305
1615630 1307
1615640 1307
1615650 1307
1615660 1304
1615670 1304
1615680 1302
1615690 1301
1615700 1301
1615710 1300
1615720 1298
1615730 1298
1615740 1295
1615750 1293
1615760 1293
1615770 1292
1615780 1290
1615790 1288
1615800 1288
1615810 1285
1615820 1282
1615830 1282
1615840 1280
1615850 1278
1615860 1278
1615870 1275
1615880 1272
1615890 1272
1615900 1270
1615910 1269
1615920 1269
1615930 1267
1615940 1264
1615950 1264
1615960 1265
1615970 1265
1615980 1265
1615990 1265
1616000 1264
1616010 1262
1616020 1262
1616030 1259
1616040 1257
1616050 1257
1616060 1254
1616070 1251
1616080 1251
1616090 1250
1616100 1248
1616110 1248
1616120 1245
1616130 1243
1616140 1243
1616150 1240
1616160 1236
1616170 1236
1616180 1234
1616190 1232
1616200 1231
1616210 1231
1616220 1229
1616230 1228
1616240 1228
1616250 1230
1616260 1233
1616270 1233
1616280 1233
1616290 1232
1616300 1232
1616310 1228
1616320 1224
1616330 1224
1616340 1219
1616350 1215
1616360 1215
1616370 1211
1616380 1207
1616390 1207
1616400 1205
1616410 1203
1616420 1196
1616430 1196
1616440 1195
1616450 1195
1616460 1195
1616470 1196
1616480 1196
1616490 1196
1616500 1197
1616510 1196
1616520 1196
1616530 1194
1616540 1190
1616550 1190
1616560 1188
1616570 1185
1616580 1185
1616590 1179
1616600 1175
1616610 1171
1616620 1171
1616630 1168
1616640 1164
1616650 1164
1616660 1160
1616670 1155
1616680 1155
1616690 1151
1616700 1149
1616710 1149
1616720 1148
1616730 1146
1616740 1146
1616750 1142
1616760 1137
1616770 1137
1616780 1134
1616790 1131
1616800 1131
1616810 1130
1616820 1128
1616830 1126
1616840 1126
1616850 1122
1616860 1118
1616870 1118
1616880 1113
1616890 1110
1616900 1110
1616910 1110
1616920 1107
1616930 1107
1616940 1104
1616950 1102
1616960 1102
1616970 1101
1616980 1100
1616990 1100
1617000 1098
1617010 1098
1617020 1096
1617030 1096
1617040 1094
1617050 1091
1617060 1091
1617070 1088
1617080 1086
1617090 1086
1617100 1083
1617110 1079
1617120 1079
1617130 1075
1617140 1072
1617150 1072
1617160 1068
1617170 1065
1617180 1065
1617190 1061
1617200 1055
1617210 1050
1617220 1050
1617230 1046
1617240 1043
1617250 1043
1617260 1039
1617270 1035
1617280 1035
1617290 1034
1617300 1030
1617310 1030
1617320 1026
1617330 1021
1617340 1021
1617350 1016
1617360 1011
1617370 1009
1617380 1005
1617390 1000
1617400 1000
1617410 997
1617420 994
1617430 990
1617440 990
1617450 989
1617460 989
1617470 989
1617480 989
1617490 989
1617500 989
1617510 988
1617520 987
1617530 987
1617540 987
1617550 987
1617560 987
1617570 985
1617580 983
1617590 983
1617600 981
1617610 979
1617620 977
1617630 977
1617640 974
1617650 972
1617660 972
1617670 971
1617680 969
1617690 969
1617700 967
1617710 965
1617720 965
1617730 962
1617740 958
1617750 958
1617760 954
1617770 949
1617780 949
1617790 945
1617800 941
1617810 941
1617820 938
1617830 935
1617840 932
1617850 932
1617860 929
1617870 926
1617880 926
1617890 925
1617900 925
1617910 925
1617920 921
1617930 916
1617940 916
1617950 915
1617960 916
1617970 916
1617980 917
1617990 917
1618000 917
1618010 919
1618020 923
1618030 927
1618040 927
1618050 929
1618060 932
1618070 932
1618080 937
1618090 943
1618100 943
1618110 948
1618120 952
1618130 952
1618140 954
1618150 957
1618160 957
1618170 961
1618180 964
1618190 964
1618200 968
1618210 971
1618220 971
1618230 976
1618240 981
1618250 985
1618260 985
1618270 988
1618280 990
1618290 990
1618300 993
1618310 994
1618320 996
1618330 999
1618340 1001
1618350 1001
1618360 1004
1618370 1008
1618380 1008
1618390 1012
1618400 1016
1618410 1016
1618420 1018
1618430 1021
1618440 1025
1618450 1025
1618460 1028
1618470 1030
1618480 1030
1618490 1032
1618500 1035
1618510 1035
1618520 1039
1618530 1043
1618540 1043
1618550 1045
1618560 1048
1618570 1048
1618580 1051
1618590 1054
1618600 1054
1618610 1057
1618620 1062
1618630 1062
1618640 1065
1618650 1069
1618660 1073
1618670 1073
1618680 1077
1618690 1081
1618700 1081
1618710 1085
1618720 1088
1618730 1088
1618740 1091
1618750 1095
1618760 1095
1618770 1099
1618780 1104
1618790 1104
1618800 1109
1618810 1114
1618820 1114
1618830 1120
1618840 1125
1618850 1126
1618860 1126
1618870 1127
1618880 1129
1618890 1129
1618900 1133
1618910 1136
1618920 1136
1618930 1136
1618940 1138
1618950 1138
1618960 1144
1618970 1152
1618980 1152
1618990 1155
1619000 1156
1619010 1156
1619020 1157
1619030 1157
1619040 1157
1619050 1156
1619060 1154
1619070 1153
1619080 1153
1619090 1154
1619100 1157
1619110 1157
1619120 1159
1619130 1161
1619140 1161
1619150 1162
1619160 1163
1619170 1163
1619180 1165
1619190 1169
1619200 1169
1619210 1175
1619220 1180
1619230 1180
1619240 1186
1619250 1192
1619260 1194
1619270 1198
1619280 1193
1619290 1189
1619300 1189
1619310 1186
1619320 1183
1619330 1183
1619340 1181
1619350 1180
1619360 1180
1619370 1179
1619380 1179
1619390 1179
1619400 1177
1619410 1174
1619420 1174
1619430 1170
1619440 1166
1619450 1166
1619460 1163
1619470 1161
1619480 1157
1619490 1157
1619500 1155
1619510 1153
1619520 1153
1619530 1153
1619540 1153
1619550 1153
1619560 1154
1619570 1156
1619580 1156
1619590 1159
1619600 1161
1619610 1161
1619620 1161
1619630 1162
1619640 1162
1619650 1163
1619660 1165
1619670 1164
1619680 1164
1619690 1163
1619700 1162
1619710 1162
1619720 1161
1619730 1161
1619740 1161
1619750 1162
1619760 1161
1619770 1161
1619780 1161
1619790 1162
1619800 1162
1619810 1162
1619820 1163
1619830 1163
1619840 1164
1619850 1164
1619860 1164
1619870 1164
1619880 1165
1619890 1165
1619900 1165
1619910 1165
1619920 1165
1619930 1165
1619940 1164
1619950 1163
1619960 1163
1619970 1162
1619980 1163
1619990 1163
