1600000 923
1600010 926
1600020 926
1600030 928
1600040 929
1600050 929
1600060 931
1600070 933
1600080 935
1600090 935
1600100 936
1600110 938
1600120 938
1600130 940
1600140 941
1600150 941
1600160 943
1600170 945
1600180 945
1600190 946
1600200 947
1600210 947
1600220 947
1600230 946
1600240 946
1600250 946
1600260 945
1600270 945
1600280 945
1600290 945
1600300 944
1600310 944
1600320 944
1600330 946
1600340 946
1600350 948
1600360 952
1600370 952
1600380 957
1600390 962
1600400 962
1600410 967
1600420 972
1600430 972
1600440 976
1600450 978
1600460 978
1600470 979
1600480 979
1600490 978
1600500 978
1600510 972
1600520 968
1600530 968
1600540 962
1600550 956
1600560 956
1600570 952
1600580 951
1600590 951
1600600 950
1600610 947
1600620 947
1600630 944
1600640 940
1600650 940
1600660 937
1600670 932
1600680 928
1600690 928
1600700 921
1600710 914
1600720 914
1600730 908
1600740 902
1600750 902
1600760 897
1600770 892
1600780 892
1600790 885
1600800 879
1600810 879
1600820 872
1600830 869
1600840 869
1600850 866
1600860 862
1600870 862
1600880 858
1600890 854
1600900 849
1600910 849
1600920 844
1600930 841
1600940 841
1600950 838
1600960 834
1600970 834
1600980 832
1600990 829
1601000 829
1601010 826
1601020 824
1601030 824
1601040 821
1601050 820
1601060 820
1601070 819
1601080 817
1601090 812
1601100 812
1601110 808
1601120 806
1601130 806
1601140 805
1601150 804
1601160 804
1601170 804
1601180 804
1601190 804
1601200 803
1601210 800
1601220 800
1601230 798
1601240 796
1601250 796
1601260 792
1601270 789
1601280 789
1601290 783
1601300 774
1601310 766
1601320 766
1601330 760
1601340 754
1601350 754
1601360 744
1601370 733
1601380 733
1601390 724
1601400 715
1601410 715
1601420 706
1601430 698
1601440 698
1601450 689
1601460 687
1601470 687
1601480 679
1601490 672
1601500 668
1601510 668
1601520 665
1601530 663
1601540 663
1601550 663
1601560 662
1601570 662
1601580 662
1601590 662
1601600 662
1601610 662
1601620 662
1601630 662
1601640 661
1601650 661
1601660 661
1601670 661
1601680 662
1601690 662
1601700 662
1601710 662
1601720 662
1601730 662
1601740 662
1601750 662
1601760 662
1601770 662
1601780 663
1601790 663
1601800 663
1601810 663
1601820 663
1601830 663
1601840 663
1601850 663
1601860 664
1601870 664
1601880 664
1601890 665
1601900 670
1601910 679
1601920 679
1601930 691
1601940 698
1601950 698
1601960 700
1601970 701
1601980 701
1601990 702
1602000 711
1602010 711
1602020 717
1602030 722
1602040 722
1602050 722
1602060 723
1602070 723
1602080 724
1602090 725
1602100 726
1602110 726
1602120 727
1602130 729
1602140 729
1602150 730
1602160 730
1602170 730
1602180 731
1602190 734
1602200 734
1602210 738
1602220 742
1602230 742
1602240 742
1602250 741
1602260 741
1602270 743
1602280 746
1602290 746
1602300 750
1602310 755
1602320 759
1602330 759
1602340 763
1602350 768
1602360 768
1602370 773
1602380 778
1602390 778
1602400 783
1602410 786
1602420 786
1602430 789
1602440 793
1602450 793
1602460 797
1602470 802
1602480 802
1602490 805
1602500 808
1602510 811
1602520 811
1602530 813
1602540 815
1602550 815
1602560 816
1602570 818
1602580 818
1602590 820
1602600 826
1602610 826
1602620 831
1602630 836
1602640 836
1602650 841
1602660 845
1602670 845
1602680 848
1602690 851
1602700 851
1602710 855
1602720 860
1602730 864
1602740 864
1602750 868
1602760 875
1602770 875
1602780 880
1602790 888
1602800 888
1602810 894
1602820 900
1602830 900
1602840 904
1602850 908
1602860 908
1602870 908
1602880 905
1602890 905
1602900 902
1602910 900
1602920 899
1602930 899
1602940 898
1602950 899
1602960 899
1602970 900
1602980 902
1602990 902
1603000 905
1603010 908
1603020 908
1603030 909
1603040 912
1603050 912
1603060 914
1603070 916
1603080 916
1603090 918
1603100 921
1603110 921
1603120 924
1603130 927
1603140 930
1603150 930
1603160 932
1603170 932
1603180 932
1603190 930
1603200 929
1603210 929
1603220 929
1603230 930
1603240 930
1603250 929
1603260 928
1603270 928
1603280 928
1603290 927
1603300 927
1603310 925
1603320 925
1603330 925
1603340 925
1603350 923
1603360 921
1603370 921
1603380 920
1603390 917
1603400 917
1603410 909
1603420 901
1603430 901
1603440 895
1603450 888
1603460 888
1603470 885
1603480 881
1603490 881
1603500 880
1603510 879
1603520 879
1603530 880
1603540 880
1603550 880
1603560 880
1603570 880
1603580 880
1603590 880
1603600 880
1603610 878
1603620 878
1603630 874
1603640 872
1603650 872
1603660 871
1603670 870
1603680 870
1603690 869
1603700 868
1603710 868
1603720 867
1603730 865
1603740 864
1603750 864
1603760 864
1603770 864
1603780 864
1603790 865
1603800 867
1603810 867
1603820 869
1603830 871
1603840 871
1603850 874
1603860 876
1603870 876
1603880 879
1603890 880
1603900 880
1603910 882
1603920 884
1603930 886
1603940 886
1603950 889
1603960 891
1603970 891
1603980 892
1603990 893
1604000 893
1604010 893
1604020 893
1604030 893
1604040 893
1604050 895
1604060 895
1604070 898
1604080 900
1604090 900
1604100 906
1604110 911
1604120 911
1604130 914
1604140 921
1604150 925
1604160 925
1604170 929
1604180 933
1604190 933
1604200 935
1604210 938
1604220 938
1604230 942
1604240 945
1604250 945
1604260 949
1604270 953
1604280 953
1604290 956
1604300 960
1604310 960
1604320 963
1604330 968
1604340 971
1604350 971
1604360 973
1604370 972
1604380 972
1604390 971
1604400 972
1604410 972
1604420 972
1604430 972
1604440 972
1604450 972
1604460 974
1604470 974
1604480 974
1604490 974
1604500 974
1604510 975
1604520 977
1604530 977
1604540 981
1604550 986
1604560 987
1604570 987
1604580 988
1604590 988
1604600 988
1604610 988
1604620 994
1604630 994
1604640 998
1604650 1003
1604660 1003
1604670 1008
1604680 1013
1604690 1013
1604700 1019
1604710 1027
1604720 1027
1604730 1036
1604740 1043
1604750 1049
1604760 1049
1604770 1057
1604780 1064
1604790 1064
1604800 1071
1604810 1078
1604820 1078
1604830 1083
1604840 1087
1604850 1087
1604860 1090
1604870 1095
1604880 1095
1604890 1099
1604900 1103
1604910 1103
1604920 1107
1604930 1111
1604940 1111
1604950 1115
1604960 1119
1604970 1122
1604980 1122
1604990 1126
1605000 1129
1605010 1129
1605020 1133
1605030 1136
1605040 1136
1605050 1140
1605060 1143
1605070 1143
1605080 1146
1605090 1150
1605100 1150
1605110 1154
1605120 1159
1605130 1159
1605140 1163
1605150 1166
1605160 1168
1605170 1168
1605180 1169
1605190 1172
1605200 1172
1605210 1173
1605220 1175
1605230 1175
1605240 1177
1605250 1179
1605260 1179
1605270 1181
1605280 1183
1605290 1183
1605300 1185
1605310 1186
1605320 1186
1605330 1187
1605340 1188
1605350 1189
1605360 1189
1605370 1190
1605380 1192
1605390 1192
1605400 1194
1605410 1197
1605420 1197
1605430 1199
1605440 1201
1605450 1201
1605460 1204
1605470 1206
1605480 1206
1605490 1209
1605500 1212
1605510 1212
1605520 1215
1605530 1218
1605540 1218
1605550 1221
1605560 1224
1605570 1227
1605580 1227
1605590 1231
1605600 1235
1605610 1235
1605620 1239
1605630 1244
1605640 1244
1605650 1249
1605660 1254
1605670 1254
1605680 1258
1605690 1262
1605700 1262
1605710 1265
1605720 1270
1605730 1270
1605740 1274
1605750 1278
1605760 1283
1605770 1283
1605780 1287
1605790 1291
1605800 1291
1605810 1295
1605820 1300
1605830 1300
1605840 1304
1605850 1308
1605860 1308
1605870 1312
1605880 1316
1605890 1316
1605900 1320
1605910 1323
1605920 1323
1605930 1325
1605940 1327
1605950 1327
1605960 1328
1605970 1329
1605980 1330
1605990 1330
1606000 1331
1606010 1332
1606020 1332
1606030 1332
1606040 1333
1606050 1333
1606060 1333
1606070 1332
1606080 1332
1606090 1330
1606100 1328
1606110 1328
1606120 1327
1606130 1326
1606140 1326
1606150 1325
1606160 1324
1606170 1323
1606180 1323
1606190 1322
1606200 1321
1606210 1321
1606220 1321
1606230 1321
1606240 1324
1606250 1324
1606260 1324
1606270 1324
1606280 1324
1606290 1325
1606300 1325
1606310 1324
1606320 1324
1606330 1324
1606340 1323
1606350 1322
1606360 1322
1606370 1321
1606380 1321
1606390 1322
1606400 1322
1606410 1323
1606420 1323
1606430 1323
1606440 1324
1606450 1325
1606460 1325
1606470 1326
1606480 1327
1606490 1327
1606500 1328
1606510 1329
1606520 1329
1606530 1329
1606540 1330
1606550 1330
1606560 1330
1606570 1331
1606580 1332
1606590 1332
1606600 1333
1606610 1336
1606620 1336
1606630 1338
1606640 1338
1606650 1338
1606660 1337
1606670 1336
1606680 1336
1606690 1333
1606700 1331
1606710 1331
1606720 1328
1606730 1325
1606740 1325
1606750 1323
1606760 1320
1606770 1320
1606780 1317
1606790 1313
1606800 1310
1606810 1310
1606820 1308
1606830 1309
1606840 1309
1606850 1310
1606860 1308
1606870 1308
1606880 1302
1606890 1297
1606900 1297
1606910 1293
1606920 1290
1606930 1290
1606940 1289
1606950 1288
1606960 1288
1606970 1287
1606980 1287
1606990 1289
1607000 1289
1607010 1292
1607020 1293
1607030 1293
1607040 1293
1607050 1294
1607060 1294
1607070 1295
1607080 1296
1607090 1296
1607100 1296
1607110 1296
1607120 1296
1607130 1295
1607140 1294
1607150 1294
1607160 1294
1607170 1293
1607180 1292
1607190 1292
1607200 1291
1607210 1290
1607220 1290
1607230 1289
1607240 1288
1607250 1288
1607260 1287
1607270 1293
1607280 1293
1607290 1293
1607300 1294
1607310 1294
1607320 1295
1607330 1295
1607340 1295
1607350 1294
1607360 1295
1607370 1295
1607380 1297
1607390 1298
1607400 1299
1607410 1299
1607420 1300
1607430 1300
1607440 1300
1607450 1301
1607460 1302
1607470 1302
1607480 1302
1607490 1301
1607500 1301
1607510 1301
1607520 1300
1607530 1300
1607540 1301
1607550 1301
1607560 1301
1607570 1298
1607580 1297
1607590 1299
1607600 1299
1607610 1299
1607620 1299
1607630 1299
1607640 1300
1607650 1300
1607660 1300
1607670 1301
1607680 1302
1607690 1302
1607700 1303
1607710 1304
1607720 1304
1607730 1305
1607740 1306
1607750 1306
1607760 1307
1607770 1308
1607780 1308
1607790 1309
1607800 1310
1607810 1311
1607820 1311
1607830 1313
1607840 1315
1607850 1315
1607860 1316
1607870 1318
1607880 1318
1607890 1320
1607900 1322
1607910 1322
1607920 1324
1607930 1326
1607940 1326
1607950 1328
1607960 1330
1607970 1330
1607980 1332
1607990 1332
1608000 1332
1608010 1332
1608020 1331
1608030 1330
1608040 1330
1608050 1329
1608060 1328
1608070 1328
1608080 1328
1608090 1327
1608100 1327
1608110 1326
1608120 1325
1608130 1325
1608140 1324
1608150 1323
1608160 1323
1608170 1322
1608180 1320
1608190 1320
1608200 1320
1608210 1322
1608220 1326
1608230 1326
1608240 1329
1608250 1331
1608260 1331
1608270 1333
1608280 1334
1608290 1334
1608300 1342
1608310 1344
1608320 1344
1608330 1346
1608340 1348
1608350 1348
1608360 1349
1608370 1349
1608380 1349
1608390 1349
1608400 1351
1608410 1353
1608420 1353
1608430 1355
1608440 1356
1608450 1356
1608460 1358
1608470 1359
1608480 1359
1608490 1359
1608500 1360
1608510 1360
1608520 1360
1608530 1361
1608540 1361
1608550 1361
1608560 1360
1608570 1360
1608580 1359
1608590 1360
1608600 1360
1608610 1361
1608620 1362
1608630 1362
1608640 1362
1608650 1363
1608660 1363
1608670 1363
1608680 1362
1608690 1361
1608700 1361
1608710 1362
1608720 1367
1608730 1367
1608740 1369
1608750 1370
1608760 1370
1608770 1371
1608780 1371
1608790 1371
1608800 1371
1608810 1371
1608820 1370
1608830 1370
1608840 1370
1608850 1370
1608860 1370
1608870 1371
1608880 1370
1608890 1370
1608900 1366
1608910 1363
1608920 1363
1608930 1360
1608940 1357
1608950 1357
1608960 1352
1608970 1348
1608980 1348
1608990 1345
1609000 1343
1609010 1340
1609020 1340
1609030 1338
1609040 1338
1609050 1338
1609060 1337
1609070 1337
1609080 1337
1609090 1336
1609100 1335
1609110 1335
1609120 1335
1609130 1335
1609140 1335
1609150 1335
1609160 1336
1609170 1336
1609180 1339
1609190 1341
1609200 1341
1609210 1343
1609220 1342
1609230 1340
1609240 1340
1609250 1339
1609260 1338
1609270 1338
1609280 1338
1609290 1336
1609300 1336
1609310 1334
1609320 1333
1609330 1333
1609340 1329
1609350 1329
1609360 1329
1609370 1330
1609380 1332
1609390 1332
1609400 1334
1609410 1336
1609420 1338
1609430 1338
1609440 1339
1609450 1340
1609460 1340
1609470 1340
1609480 1341
1609490 1341
1609500 1341
1609510 1342
1609520 1342
1609530 1343
1609540 1345
1609550 1345
1609560 1346
1609570 1348
1609580 1348
1609590 1348
1609600 1348
1609610 1348
1609620 1348
1609630 1348
1609640 1347
1609650 1347
1609660 1346
1609670 1345
1609680 1345
1609690 1343
1609700 1342
1609710 1342
1609720 1342
1609730 1342
1609740 1342
1609750 1342
1609760 1342
1609770 1342
1609780 1342
1609790 1342
1609800 1342
1609810 1342
1609820 1341
1609830 1342
1609840 1342
1609850 1343
1609860 1344
1609870 1344
1609880 1344
1609890 1343
1609900 1343
1609910 1343
1609920 1344
1609930 1344
1609940 1346
1609950 1345
1609960 1345
1609970 1343
1609980 1344
1609990 1344
1610000 1344
1610010 1345
1610020 1345
1610030 1347
1610040 1351
1610050 1355
1610060 1355
1610070 1359
1610080 1363
1610090 1363
1610100 1365
1610110 1368
1610120 1368
1610130 1371
1610140 1373
1610150 1373
1610160 1375
1610170 1377
1610180 1377
1610190 1379
1610200 1381
1610210 1381
1610220 1383
1610230 1385
1610240 1387
1610250 1387
1610260 1390
1610270 1393
1610280 1393
1610290 1394
1610300 1395
1610310 1395
1610320 1396
1610330 1398
1610340 1398
1610350 1402
1610360 1406
1610370 1406
1610380 1408
1610390 1406
1610400 1406
1610410 1402
1610420 1399
1610430 1399
1610440 1397
1610450 1396
1610460 1397
1610470 1397
1610480 1395
1610490 1392
1610500 1392
1610510 1390
1610520 1388
1610530 1388
1610540 1386
1610550 1384
1610560 1384
1610570 1383
1610580 1383
1610590 1383
1610600 1383
1610610 1381
1610620 1381
1610630 1382
1610640 1384
1610650 1385
1610660 1385
1610670 1386
1610680 1385
1610690 1385
1610700 1386
1610710 1388
1610720 1388
1610730 1388
1610740 1388
1610750 1388
1610760 1388
1610770 1388
1610780 1388
1610790 1388
1610800 1389
1610810 1389
1610820 1390
1610830 1391
1610840 1392
1610850 1392
1610860 1393
1610870 1394
1610880 1394
1610890 1394
1610900 1395
1610910 1395
1610920 1397
1610930 1398
1610940 1398
1610950 1399
1610960 1400
1610970 1400
1610980 1401
1610990 1402
1611000 1402
1611010 1404
1611020 1405
1611030 1405
1611040 1406
1611050 1408
1611060 1410
1611070 1410
1611080 1412
1611090 1413
1611100 1413
1611110 1415
1611120 1416
1611130 1416
1611140 1417
1611150 1418
1611160 1418
1611170 1419
1611180 1420
1611190 1420
1611200 1420
1611210 1421
1611220 1421
1611230 1422
1611240 1422
1611250 1422
1611260 1422
1611270 1422
1611280 1423
1611290 1423
1611300 1423
1611310 1424
1611320 1424
1611330 1424
1611340 1424
1611350 1424
1611360 1424
1611370 1424
1611380 1424
1611390 1423
1611400 1422
1611410 1422
1611420 1421
1611430 1421
1611440 1421
1611450 1421
1611460 1422
1611470 1422
1611480 1422
1611490 1423
1611500 1424
1611510 1424
1611520 1424
1611530 1425
1611540 1425
1611550 1425
1611560 1425
1611570 1425
1611580 1424
1611590 1424
1611600 1424
1611610 1422
1611620 1421
1611630 1421
1611640 1419
1611650 1416
1611660 1414
1611670 1414
1611680 1413
1611690 1412
1611700 1412
1611710 1411
1611720 1411
1611730 1411
1611740 1410
1611750 1410
1611760 1410
1611770 1410
1611780 1409
1611790 1409
1611800 1409
1611810 1409
1611820 1409
1611830 1409
1611840 1408
1611850 1408
1611860 1408
1611870 1408
1611880 1409
1611890 1409
1611900 1410
1611910 1411
1611920 1411
1611930 1412
1611940 1414
1611950 1414
1611960 1416
1611970 1418
1611980 1418
1611990 1420
1612000 1421
1612010 1421
1612020 1422
1612030 1424
1612040 1424
1612050 1426
1612060 1429
1612070 1430
1612080 1430
1612090 1431
1612100 1433
1612110 1433
1612120 1435
1612130 1437
1612140 1437
1612150 1438
1612160 1439
1612170 1439
1612180 1441
1612190 1442
1612200 1442
1612210 1444
1612220 1445
1612230 1445
1612240 1446
1612250 1447
1612260 1447
1612270 1447
1612280 1447
1612290 1446
1612300 1446
1612310 1446
1612320 1446
1612330 1445
1612340 1445
1612350 1445
1612360 1445
1612370 1445
1612380 1445
1612390 1445
1612400 1445
1612410 1445
1612420 1445
1612430 1445
1612440 1444
1612450 1444
1612460 1444
1612470 1444
1612480 1444
1612490 1444
1612500 1444
1612510 1444
1612520 1444
1612530 1445
1612540 1445
1612550 1445
1612560 1446
1612570 1446
1612580 1446
1612590 1446
1612600 1447
1612610 1447
1612620 1448
1612630 1449
1612640 1449
1612650 1449
1612660 1449
1612670 1450
1612680 1450
1612690 1450
1612700 1450
1612710 1450
1612720 1450
1612730 1451
1612740 1451
1612750 1450
1612760 1450
1612770 1450
1612780 1450
1612790 1450
1612800 1450
1612810 1450
1612820 1450
1612830 1450
1612840 1451
1612850 1452
1612860 1452
1612870 1451
1612880 1451
1612890 1450
1612900 1450
1612910 1449
1612920 1447
1612930 1447
1612940 1446
1612950 1444
1612960 1444
1612970 1442
1612980 1440
1612990 1440
1613000 1438
1613010 1436
1613020 1436
1613030 1434
1613040 1432
1613050 1432
1613060 1431
1613070 1430
1613080 1429
1613090 1429
1613100 1428
1613110 1426
1613120 1426
1613130 1426
1613140 1426
1613150 1426
1613160 1426
1613170 1426
1613180 1426
1613190 1426
1613200 1427
1613210 1427
1613220 1427
1613230 1427
1613240 1427
1613250 1426
1613260 1426
1613270 1426
1613280 1426
1613290 1425
1613300 1425
1613310 1423
1613320 1423
1613330 1423
1613340 1423
1613350 1424
1613360 1424
1613370 1424
1613380 1425
1613390 1426
1613400 1426
1613410 1427
1613420 1428
1613430 1428
1613440 1429
1613450 1430
1613460 1430
1613470 1431
1613480 1431
1613490 1431
1613500 1431
1613510 1432
1613520 1432
1613530 1432
1613540 1433
1613550 1433
1613560 1433
1613570 1433
1613580 1433
1613590 1433
1613600 1433
1613610 1431
1613620 1431
1613630 1430
1613640 1429
1613650 1429
1613660 1427
1613670 1426
1613680 1426
1613690 1424
1613700 1422
1613710 1420
1613720 1420
1613730 1418
1613740 1415
1613750 1415
1613760 1413
1613770 1410
1613780 1410
1613790 1408
1613800 1405
1613810 1405
1613820 1403
1613830 1401
1613840 1401
1613850 1399
1613860 1397
1613870 1397
1613880 1395
1613890 1394
1613900 1393
1613910 1393
1613920 1392
1613930 1391
1613940 1391
1613950 1391
1613960 1390
1613970 1390
1613980 1390
1613990 1390
1614000 1390
1614010 1390
1614020 1390
1614030 1390
1614040 1391
1614050 1392
1614060 1392
1614070 1392
1614080 1393
1614090 1393
1614100 1394
1614110 1395
1614120 1396
1614130 1396
1614140 1398
1614150 1401
1614160 1401
1614170 1403
1614180 1404
1614190 1404
1614200 1405
1614210 1407
1614220 1407
1614230 1408
1614240 1407
1614250 1407
1614260 1408
1614270 1409
1614280 1409
1614290 1406
1614300 1406
1614310 1407
1614320 1407
1614330 1406
1614340 1405
1614350 1405
1614360 1404
1614370 1403
1614380 1403
1614390 1403
1614400 1402
1614410 1402
1614420 1402
1614430 1401
1614440 1401
1614450 1401
1614460 1400
1614470 1400
1614480 1399
1614490 1397
1614500 1397
1614510 1395
1614520 1393
1614530 1395
1614540 1395
1614550 1396
1614560 1396
1614570 1396
1614580 1396
1614590 1396
1614600 1396
1614610 1395
1614620 1395
1614630 1395
1614640 1394
1614650 1393
1614660 1393
1614670 1391
1614680 1390
1614690 1390
1614700 1389
1614710 1387
1614720 1385
1614730 1385
1614740 1383
1614750 1381
1614760 1381
1614770 1378
1614780 1376
1614790 1376
1614800 1373
1614810 1369
1614820 1369
1614830 1366
1614840 1363
1614850 1363
1614860 1360
1614870 1357
1614880 1357
1614890 1355
1614900 1354
1614910 1353
1614920 1353
1614930 1352
1614940 1352
1614950 1352
1614960 1351
1614970 1351
1614980 1351
1614990 1351
1615000 1351
1615010 1351
1615020 1351
1615030 1352
1615040 1352
1615050 1353
1615060 1356
1615070 1356
1615080 1359
1615090 1360
1615100 1360
1615110 1360
1615120 1360
1615130 1360
1615140 1360
1615150 1359
1615160 1358
1615170 1358
1615180 1356
1615190 1354
1615200 1354
1615210 1351
1615220 1349
1615230 1349
1615240 1346
1615250 1344
1615260 1344
1615270 1338
1615280 1337
1615290 1337
1615300 1336
1615310 1334
1615320 1332
1615330 1332
1615340 1329
1615350 1328
1615360 1328
1615370 1328
1615380 1329
1615390 1329
1615400 1330
1615410 1331
1615420 1331
1615430 1333
1615440 1334
1615450 1334
1615460 1334
1615470 1334
1615480 1334
1615490 1333
1615500 1331
1615510 1331
1615520 1330
1615530 1329
1615540 1327
1615550 1327
1615560 1326
1615570 1328
1615580 1328
1615590 1332
1615600 1334
1615610 1334
1615620 1333
1615630 1332
1615640 1332
1615650 1332
1615660 1330
1615670 1330
1615680 1329
1615690 1328
1615700 1328
1615710 1326
1615720 1324
1615730 1323
1615740 1323
1615750 1322
1615760 1320
1615770 1320
1615780 1317
1615790 1312
1615800 1312
1615810 1307
1615820 1301
1615830 1301
1615840 1296
1615850 1293
1615860 1293
1615870 1287
1615880 1282
1615890 1282
1615900 1281
1615910 1280
1615920 1280
1615930 1278
1615940 1276
1615950 1272
1615960 1272
1615970 1270
1615980 1266
1615990 1266
1616000 1264
1616010 1260
1616020 1260
1616030 1257
1616040 1255
1616050 1255
1616060 1253
1616070 1252
1616080 1252
1616090 1248
1616100 1244
1616110 1244
1616120 1241
1616130 1241
1616140 1242
1616150 1242
1616160 1242
1616170 1243
1616180 1243
1616190 1246
1616200 1248
1616210 1248
1616220 1249
1616230 1248
1616240 1248
1616250 1248
1616260 1249
1616270 1249
1616280 1250
1616290 1249
1616300 1249
1616310 1247
1616320 1244
1616330 1244
1616340 1241
1616350 1236
1616360 1234
1616370 1234
1616380 1232
1616390 1231
1616400 1231
1616410 1230
1616420 1228
1616430 1228
1616440 1226
1616450 1225
1616460 1225
1616470 1222
1616480 1220
1616490 1220
1616500 1219
1616510 1218
1616520 1218
1616530 1218
1616540 1217
1616550 1215
1616560 1215
1616570 1213
1616580 1211
1616590 1211
1616600 1209
1616610 1205
1616620 1205
1616630 1201
1616640 1199
1616650 1199
1616660 1197
1616670 1193
1616680 1193
1616690 1189
1616700 1185
1616710 1185
1616720 1180
1616730 1176
1616740 1172
1616750 1172
1616760 1168
1616770 1163
1616780 1163
1616790 1158
1616800 1153
1616810 1153
1616820 1148
1616830 1143
1616840 1143
1616850 1139
1616860 1136
1616870 1136
1616880 1132
1616890 1129
1616900 1129
1616910 1126
1616920 1123
1616930 1123
1616940 1121
1616950 1119
1616960 1118
1616970 1118
1616980 1118
1616990 1116
1617000 1116
1617010 1114
1617020 1112
1617030 1112
1617040 1111
1617050 1109
1617060 1109
1617070 1106
1617080 1105
1617090 1105
1617100 1102
1617110 1098
1617120 1098
1617130 1093
1617140 1087
1617150 1083
1617160 1083
1617170 1079
1617180 1075
1617190 1072
1617200 1068
1617210 1064
1617220 1064
1617230 1061
1617240 1058
1617250 1058
1617260 1054
1617270 1050
1617280 1050
1617290 1046
1617300 1042
1617310 1042
1617320 1038
1617330 1031
1617340 1031
1617350 1025
1617360 1021
1617370 1017
1617380 1017
1617390 1013
1617400 1009
1617410 1009
1617420 1007
1617430 1004
1617440 1004
1617450 1002
1617460 1000
1617470 1000
1617480 998
1617490 997
1617500 997
1617510 994
1617520 992
1617530 992
1617540 991
1617550 988
1617560 987
1617570 987
1617580 985
1617590 983
1617600 983
1617610 982
1617620 981
1617630 981
1617640 979
1617650 977
1617660 977
1617670 974
1617680 971
1617690 971
1617700 969
1617710 967
1617720 967
1617730 964
1617740 961
1617750 961
1617760 958
1617770 954
1617780 951
1617790 951
1617800 948
1617810 944
1617820 944
1617830 942
1617840 940
1617850 940
1617860 939
1617870 937
1617880 937
1617890 935
1617900 931
1617910 931
1617920 929
1617930 925
1617940 925
1617950 921
1617960 918
1617970 915
1617980 915
1617990 914
1618000 914
1618010 914
1618020 914
1618030 916
1618040 916
1618050 916
1618060 917
1618070 917
1618080 920
1618090 925
1618100 925
1618110 928
1618120 930
1618130 930
1618140 939
1618150 944
1618160 944
1618170 948
1618180 950
1618190 953
1618200 953
1618210 955
1618220 959
1618230 959
1618240 962
1618250 966
1618260 966
1618270 970
1618280 974
1618290 974
1618300 976
1618310 977
1618320 977
1618330 979
1618340 981
1618350 981
1618360 983
1618370 986
1618380 989
1618390 989
1618400 992
1618410 994
1618420 994
1618430 998
1618440 1004
1618450 1004
1618460 1010
1618470 1013
1618480 1013
1618490 1016
1618500 1019
1618510 1019
1618520 1021
1618530 1024
1618540 1024
1618550 1027
1618560 1030
1618570 1030
1618580 1033
1618590 1038
1618600 1041
1618610 1041
1618620 1044
1618630 1047
1618640 1047
1618650 1050
1618660 1053
1618670 1053
1618680 1055
1618690 1056
1618700 1056
1618710 1058
1618720 1061
1618730 1061
1618740 1064
1618750 1068
1618760 1068
1618770 1074
1618780 1079
1618790 1081
1618800 1081
1618810 1083
1618820 1085
1618830 1085
1618840 1086
1618850 1087
1618860 1087
1618870 1088
1618880 1090
1618890 1090
1618900 1094
1618910 1096
1618920 1096
1618930 1100
1618940 1104
1618950 1104
1618960 1107
1618970 1109
1618980 1113
1618990 1113
1619000 1117
1619010 1120
1619020 1120
1619030 1122
1619040 1124
1619050 1124
1619060 1125
1619070 1128
1619080 1128
1619090 1134
1619100 1135
1619110 1135
1619120 1135
1619130 1134
1619140 1134
1619150 1131
1619160 1132
1619170 1132
1619180 1133
1619190 1135
1619200 1136
1619210 1136
1619220 1139
1619230 1142
1619240 1142
1619250 1148
1619260 1154
1619270 1154
1619280 1163
1619290 1167
1619300 1167
1619310 1166
1619320 1162
1619330 1162
1619340 1157
1619350 1155
1619360 1155
1619370 1153
1619380 1147
1619390 1141
1619400 1141
1619410 1138
1619420 1136
1619430 1136
1619440 1134
1619450 1133
1619460 1133
1619470 1132
1619480 1130
1619490 1130
1619500 1129
1619510 1129
1619520 1129
1619530 1128
1619540 1128
1619550 1128
1619560 1125
1619570 1125
1619580 1125
1619590 1126
1619600 1130
1619610 1130
1619620 1130
1619630 1130
1619640 1131
1619650 1131
1619660 1133
1619670 1134
1619680 1134
1619690 1134
1619700 1136
1619710 1136
1619720 1141
1619730 1142
1619740 1142
1619750 1142
1619760 1142
1619770 1142
1619780 1142
1619790 1144
1619800 1146
1619810 1146
1619820 1146
1619830 1145
1619840 1145
1619850 1145
1619860 1145
1619870 1145
1619880 1144
1619890 1144
1619900 1144
1619910 1144
1619920 1144
1619930 1144
1619940 1145
1619950 1145
1619960 1145
1619970 1145
1619980 1146
1619990 1146
