1600000 1157
1600010 1161
1600020 1165
1600030 1165
1600040 1169
1600050 1173
1600060 1177
1600070 1177
1600080 1181
1600090 1182
1600100 1182
1600110 1186
1600120 1190
1600130 1190
1600140 1194
1600150 1198
1600160 1198
1600170 1203
1600180 1206
1600190 1206
1600200 1211
1600210 1215
1600220 1215
1600230 1219
1600240 1224
1600250 1228
1600260 1228
1600270 1234
1600280 1239
1600290 1239
1600300 1244
1600310 1249
1600320 1249
1600330 1254
1600340 1259
1600350 1259
1600360 1264
1600370 1269
1600380 1269
1600390 1274
1600400 1280
1600410 1280
1600420 1285
1600430 1290
1600440 1290
1600450 1296
1600460 1302
1600470 1307
1600480 1307
1600490 1314
1600500 1319
1600510 1319
1600520 1325
1600530 1330
1600540 1330
1600550 1335
1600560 1339
1600570 1339
1600580 1345
1600590 1351
1600600 1351
1600610 1356
1600620 1360
1600630 1360
1600640 1365
1600650 1371
1600660 1371
1600670 1377
1600680 1383
1600690 1388
1600700 1388
1600710 1392
1600720 1396
1600730 1396
1600740 1397
1600750 1397
1600760 1397
1600770 1394
1600780 1390
1600790 1390
1600800 1385
1600810 1381
1600820 1381
1600830 1377
1600840 1373
1600850 1373
1600860 1368
1600870 1364
1600880 1359
1600890 1359
1600900 1354
1600910 1350
1600920 1350
1600930 1344
1600940 1339
1600950 1339
1600960 1334
1600970 1329
1600980 1329
1600990 1323
1601000 1317
1601010 1317
1601020 1312
1601030 1306
1601040 1306
1601050 1301
1601060 1296
1601070 1296
1601080 1290
1601090 1285
1601100 1279
1601110 1279
1601120 1274
1601130 1268
1601140 1268
1601150 1262
1601160 1256
1601170 1256
1601180 1256
1601190 1252
1601200 1252
1601210 1249
1601220 1246
1601230 1246
1601240 1243
1601250 1239
1601260 1239
1601270 1236
1601280 1232
1601290 1230
1601300 1230
1601310 1228
1601320 1226
1601330 1226
1601340 1223
1601350 1219
1601360 1219
1601370 1215
1601380 1211
1601390 1211
1601400 1207
1601410 1203
1601420 1203
1601430 1201
1601440 1198
1601450 1198
1601460 1195
1601470 1193
1601480 1193
1601490 1190
1601500 1188
1601510 1186
1601520 1186
1601530 1183
1601540 1181
1601550 1181
1601560 1178
1601570 1175
1601580 1175
1601590 1172
1601600 1168
1601610 1168
1601620 1165
1601630 1162
1601640 1162
1601650 1158
1601660 1156
1601670 1156
1601680 1153
1601690 1150
1601700 1149
1601710 1149
1601720 1148
1601730 1147
1601740 1147
1601750 1146
1601760 1145
1601770 1145
1601780 1144
1601790 1145
1601800 1145
1601810 1144
1601820 1144
1601830 1144
1601840 1143
1601850 1143
1601860 1143
1601870 1141
1601880 1134
1601890 1134
1601900 1125
1601910 1116
1601920 1108
1601930 1108
1601940 1101
1601950 1096
1601960 1096
1601970 1091
1601980 1086
1601990 1086
1602000 1080
1602010 1073
1602020 1073
1602030 1067
1602040 1062
1602050 1062
1602060 1056
1602070 1051
1602080 1051
1602090 1045
1602100 1041
1602110 1034
1602120 1034
1602130 1028
1602140 1025
1602150 1025
1602160 1023
1602170 1020
1602180 1020
1602190 1015
1602200 1013
1602210 1013
1602220 1010
1602230 1006
1602240 1006
1602250 1002
1602260 1004
1602270 1004
1602280 999
1602290 993
1602300 993
1602310 990
1602320 986
1602330 985
1602340 985
1602350 982
1602360 974
1602370 974
1602380 971
1602390 973
1602400 973
1602410 978
1602420 980
1602430 980
1602440 977
1602450 971
1602460 971
1602470 960
1602480 955
1602490 955
1602500 956
1602510 961
1602520 958
1602530 958
1602540 946
1602550 936
1602560 936
1602570 927
1602580 919
1602590 919
1602600 911
1602610 902
1602620 902
1602630 892
1602640 883
1602650 883
1602660 873
1602670 866
1602680 866
1602690 871
1602700 870
1602710 870
1602720 871
1602730 870
1602740 869
1602750 869
1602760 865
1602770 860
1602780 860
1602790 855
1602800 850
1602810 850
1602820 842
1602830 833
1602840 833
1602850 828
1602860 821
1602870 821
1602880 812
1602890 805
1602900 805
1602910 798
1602920 789
1602930 782
1602940 782
1602950 774
1602960 769
1602970 769
1602980 765
1602990 763
1603000 763
1603010 761
1603020 756
1603030 756
1603040 752
1603050 747
1603060 747
1603070 741
1603080 735
1603090 735
1603100 728
1603110 723
1603120 723
1603130 722
1603140 720
1603150 717
1603160 717
1603170 715
1603180 715
1603190 715
1603200 714
1603210 714
1603220 714
1603230 714
1603240 714
1603250 714
1603260 714
1603270 714
1603280 714
1603290 715
1603300 715
1603310 715
1603320 715
1603330 717
1603340 718
1603350 718
1603360 719
1603370 720
1603380 720
1603390 721
1603400 721
1603410 721
1603420 723
1603430 724
1603440 724
1603450 724
1603460 723
1603470 723
1603480 723
1603490 722
1603500 722
1603510 722
1603520 722
1603530 722
1603540 723
1603550 723
1603560 723
1603570 723
1603580 725
1603590 724
1603600 724
1603610 724
1603620 723
1603630 723
1603640 722
1603650 721
1603660 721
1603670 724
1603680 725
1603690 725
1603700 727
1603710 728
1603720 728
1603730 730
1603740 733
1603750 733
1603760 736
1603770 738
1603780 740
1603790 740
1603800 742
1603810 743
1603820 743
1603830 748
1603840 755
1603850 755
1603860 762
1603870 768
1603880 768
1603890 773
1603900 778
1603910 778
1603920 782
1603930 786
1603940 786
1603950 789
1603960 792
1603970 797
1603980 797
1603990 802
1604000 807
1604010 807
1604020 812
1604030 817
1604040 817
1604050 822
1604060 826
1604070 826
1604080 829
1604090 833
1604100 833
1604110 835
1604120 839
1604130 839
1604140 846
1604150 853
1604160 853
1604170 861
1604180 865
1604190 869
1604200 869
1604210 872
1604220 874
1604230 874
1604240 878
1604250 882
1604260 882
1604270 886
1604280 890
1604290 890
1604300 893
1604310 895
1604320 895
1604330 898
1604340 901
1604350 901
1604360 908
1604370 917
1604380 925
1604390 923
1604400 930
1604410 933
1604420 933
1604430 933
1604440 935
1604450 935
1604460 937
1604470 940
1604480 940
1604490 941
1604500 943
1604510 943
1604520 944
1604530 946
1604540 946
1604550 949
1604560 952
1604570 952
1604580 956
1604590 960
1604600 960
1604610 960
1604620 957
1604630 956
1604640 956
1604650 958
1604660 961
1604670 961
1604680 965
1604690 970
1604700 970
1604710 973
1604720 976
1604730 976
1604740 977
1604750 977
1604760 977
1604770 978
1604780 982
1604790 985
1604800 985
1604810 987
1604820 990
1604830 990
1604840 995
1604850 999
1604860 999
1604870 1002
1604880 1006
1604890 1006
1604900 1012
1604910 1015
1604920 1015
1604930 1018
1604940 1023
1604950 1023
1604960 1025
1604970 1028
1604980 1028
1604990 1030
1605000 1031
1605010 1031
1605020 1031
1605030 1031
1605040 1033
1605050 1033
1605060 1035
1605070 1036
1605080 1036
1605090 1038
1605100 1040
1605110 1040
1605120 1041
1605130 1041
1605140 1041
1605150 1042
1605160 1043
1605170 1043
1605180 1047
1605190 1052
1605200 1055
1605210 1055
1605220 1058
1605230 1061
1605240 1061
1605250 1064
1605260 1068
1605270 1068
1605280 1075
1605290 1080
1605300 1080
1605310 1085
1605320 1091
1605330 1091
1605340 1098
1605350 1104
1605360 1104
1605370 1110
1605380 1116
1605390 1116
1605400 1123
1605410 1129
1605420 1130
1605430 1130
1605440 1133
1605450 1133
1605460 1133
1605470 1134
1605480 1136
1605490 1136
1605500 1138
1605510 1141
1605520 1141
1605530 1142
1605540 1145
1605550 1145
1605560 1149
1605570 1150
1605580 1150
1605590 1154
1605600 1159
1605610 1161
1605620 1161
1605630 1164
1605640 1166
1605650 1166
1605660 1170
1605670 1174
1605680 1174
1605690 1176
1605700 1177
1605710 1177
1605720 1182
1605730 1186
1605740 1186
1605750 1189
1605760 1191
1605770 1191
1605780 1192
1605790 1194
1605800 1194
1605810 1197
1605820 1202
1605830 1208
1605840 1208
1605850 1215
1605860 1219
1605870 1219
1605880 1221
1605890 1224
1605900 1224
1605910 1227
1605920 1229
1605930 1229
1605940 1233
1605950 1236
1605960 1236
1605970 1238
1605980 1239
1605990 1239
1606000 1240
1606010 1241
1606020 1244
1606030 1244
1606040 1248
1606050 1252
1606060 1252
1606070 1256
1606080 1263
1606090 1263
1606100 1266
1606110 1267
1606120 1267
1606130 1268
1606140 1271
1606150 1271
1606160 1272
1606170 1272
1606180 1272
1606190 1273
1606200 1273
1606210 1273
1606220 1272
1606230 1272
1606240 1271
1606250 1271
1606260 1270
1606270 1269
1606280 1269
1606290 1269
1606300 1267
1606310 1267
1606320 1266
1606330 1265
1606340 1265
1606350 1263
1606360 1260
1606370 1260
1606380 1258
1606390 1256
1606400 1256
1606410 1254
1606420 1253
1606430 1253
1606440 1253
1606450 1252
1606460 1251
1606470 1251
1606480 1250
1606490 1246
1606500 1246
1606510 1246
1606520 1246
1606530 1246
1606540 1247
1606550 1246
1606560 1246
1606570 1243
1606580 1240
1606590 1240
1606600 1237
1606610 1234
1606620 1234
1606630 1231
1606640 1227
1606650 1223
1606660 1223
1606670 1219
1606680 1215
1606690 1215
1606700 1211
1606710 1208
1606720 1208
1606730 1205
1606740 1202
1606750 1202
1606760 1199
1606770 1197
1606780 1197
1606790 1195
1606800 1193
1606810 1193
1606820 1191
1606830 1190
1606840 1190
1606850 1188
1606860 1186
1606870 1183
1606880 1183
1606890 1180
1606900 1177
1606910 1177
1606920 1174
1606930 1171
1606940 1171
1606950 1168
1606960 1164
1606970 1164
1606980 1160
1606990 1151
1607000 1151
1607010 1143
1607020 1136
1607030 1136
1607040 1131
1607050 1126
1607060 1122
1607070 1122
1607080 1123
1607090 1125
1607100 1125
1607110 1127
1607120 1129
1607130 1129
1607140 1131
1607150 1132
1607160 1132
1607170 1133
1607180 1137
1607190 1137
1607200 1139
1607210 1141
1607220 1141
1607230 1143
1607240 1145
1607250 1145
1607260 1147
1607270 1147
1607280 1147
1607290 1147
1607300 1148
1607310 1150
1607320 1150
1607330 1151
1607340 1151
1607350 1151
1607360 1151
1607370 1151
1607380 1151
1607390 1151
1607400 1151
1607410 1151
1607420 1151
1607430 1150
1607440 1150
1607450 1149
1607460 1148
1607470 1148
1607480 1148
1607490 1147
1607500 1147
1607510 1147
1607520 1145
1607530 1145
1607540 1145
1607550 1145
1607560 1144
1607570 1144
1607580 1144
1607590 1143
1607600 1143
1607610 1143
1607620 1143
1607630 1143
1607640 1144
1607650 1144
1607660 1144
1607670 1145
1607680 1145
1607690 1145
1607700 1145
1607710 1145
1607720 1145
1607730 1145
1607740 1145
1607750 1145
1607760 1145
1607770 1144
1607780 1143
1607790 1143
1607800 1142
1607810 1141
1607820 1141
1607830 1139
1607840 1138
1607850 1138
1607860 1138
1607870 1137
1607880 1136
1607890 1136
1607900 1135
1607910 1134
1607920 1134
1607930 1133
1607940 1131
1607950 1131
1607960 1130
1607970 1129
1607980 1129
1607990 1127
1608000 1125
1608010 1125
1608020 1124
1608030 1122
1608040 1122
1608050 1120
1608060 1116
1608070 1116
1608080 1113
1608090 1112
1608100 1110
1608110 1110
1608120 1108
1608130 1104
1608140 1104
1608150 1099
1608160 1101
1608170 1101
1608180 1104
1608190 1105
1608200 1105
1608210 1106
1608220 1108
1608230 1108
1608240 1108
1608250 1103
1608260 1103
1608270 1101
1608280 1100
1608290 1100
1608300 1100
1608310 1099
1608320 1098
1608330 1098
1608340 1095
1608350 1091
1608360 1091
1608370 1084
1608380 1086
1608390 1086
1608400 1091
1608410 1096
1608420 1096
1608430 1100
1608440 1102
1608450 1102
1608460 1105
1608470 1110
1608480 1110
1608490 1118
1608500 1120
1608510 1122
1608520 1122
1608530 1123
1608540 1125
1608550 1123
1608560 1125
1608570 1127
1608580 1127
1608590 1128
1608600 1130
1608610 1130
1608620 1131
1608630 1132
1608640 1132
1608650 1134
1608660 1136
1608670 1136
1608680 1138
1608690 1140
1608700 1142
1608710 1142
1608720 1144
1608730 1145
1608740 1145
1608750 1146
1608760 1149
1608770 1149
1608780 1152
1608790 1155
1608800 1155
1608810 1159
1608820 1164
1608830 1164
1608840 1166
1608850 1169
1608860 1169
1608870 1172
1608880 1175
1608890 1175
1608900 1178
1608910 1180
1608920 1183
1608930 1183
1608940 1187
1608950 1192
1608960 1192
1608970 1195
1608980 1198
1608990 1198
1609000 1203
1609010 1207
1609020 1207
1609030 1210
1609040 1213
1609050 1213
1609060 1216
1609070 1219
1609080 1219
1609090 1220
1609100 1222
1609110 1222
1609120 1222
1609130 1222
1609140 1220
1609150 1220
1609160 1218
1609170 1216
1609180 1216
1609190 1214
1609200 1212
1609210 1212
1609220 1210
1609230 1209
1609240 1209
1609250 1208
1609260 1206
1609270 1206
1609280 1204
1609290 1202
1609300 1202
1609310 1200
1609320 1199
1609330 1199
1609340 1199
1609350 1198
1609360 1198
1609370 1198
1609380 1197
1609390 1197
1609400 1197
1609410 1196
1609420 1196
1609430 1196
1609440 1196
1609450 1195
1609460 1195
1609470 1195
1609480 1196
1609490 1196
1609500 1196
1609510 1196
1609520 1196
1609530 1195
1609540 1197
1609550 1199
1609560 1199
1609570 1199
1609580 1202
1609590 1202
1609600 1205
1609610 1209
1609620 1209
1609630 1212
1609640 1215
1609650 1215
1609660 1217
1609670 1220
1609680 1220
1609690 1222
1609700 1224
1609710 1224
1609720 1226
1609730 1227
1609740 1228
1609750 1228
1609760 1230
1609770 1233
1609780 1233
1609790 1235
1609800 1236
1609810 1236
1609820 1237
1609830 1237
1609840 1237
1609850 1237
1609860 1236
1609870 1236
1609880 1235
1609890 1234
1609900 1234
1609910 1232
1609920 1231
1609930 1231
1609940 1230
1609950 1228
1609960 1226
1609970 1226
1609980 1224
1609990 1223
1610000 1223
1610010 1222
1610020 1223
1610030 1223
1610040 1225
1610050 1226
1610060 1226
1610070 1227
1610080 1228
1610090 1228
1610100 1230
1610110 1233
1610120 1233
1610130 1235
1610140 1236
1610150 1236
1610160 1236
1610170 1236
1610180 1236
1610190 1236
1610200 1236
1610210 1235
1610220 1235
1610230 1235
1610240 1235
1610250 1235
1610260 1234
1610270 1234
1610280 1234
1610290 1233
1610300 1233
1610310 1233
1610320 1233
1610330 1233
1610340 1233
1610350 1233
1610360 1234
1610370 1234
1610380 1234
1610390 1234
1610400 1232
1610410 1232
1610420 1231
1610430 1229
1610440 1229
1610450 1227
1610460 1224
1610470 1224
1610480 1223
1610490 1225
1610500 1225
1610510 1225
1610520 1222
1610530 1222
1610540 1219
1610550 1217
1610560 1215
1610570 1218
1610580 1215
1610590 1214
1610600 1214
1610610 1215
1610620 1214
1610630 1214
1610640 1213
1610650 1212
1610660 1212
1610670 1211
1610680 1211
1610690 1211
1610700 1210
1610710 1210
1610720 1210
1610730 1210
1610740 1210
1610750 1210
1610760 1212
1610770 1213
1610780 1213
1610790 1213
1610800 1212
1610810 1213
1610820 1213
1610830 1213
1610840 1213
1610850 1213
1610860 1210
1610870 1208
1610880 1208
1610890 1206
1610900 1205
1610910 1205
1610920 1204
1610930 1202
1610940 1202
1610950 1199
1610960 1195
1610970 1191
1610980 1191
1610990 1186
1611000 1180
1611010 1180
1611020 1175
1611030 1171
1611040 1171
1611050 1166
1611060 1163
1611070 1163
1611080 1160
1611090 1157
1611100 1157
1611110 1154
1611120 1151
1611130 1151
1611140 1148
1611150 1144
1611160 1144
1611170 1138
1611180 1133
1611190 1128
1611200 1128
1611210 1127
1611220 1123
1611230 1123
1611240 1119
1611250 1116
1611260 1116
1611270 1113
1611280 1110
1611290 1110
1611300 1108
1611310 1105
1611320 1105
1611330 1103
1611340 1101
1611350 1101
1611360 1099
1611370 1097
1611380 1096
1611390 1096
1611400 1095
1611410 1094
1611420 1094
1611430 1093
1611440 1092
1611450 1092
1611460 1091
1611470 1090
1611480 1090
1611490 1089
1611500 1087
1611510 1087
1611520 1085
1611530 1082
1611540 1082
1611550 1080
1611560 1078
1611570 1078
1611580 1077
1611590 1074
1611600 1072
1611610 1072
1611620 1068
1611630 1065
1611640 1065
1611650 1063
1611660 1061
1611670 1061
1611680 1060
1611690 1058
1611700 1058
1611710 1056
1611720 1053
1611730 1053
1611740 1051
1611750 1048
1611760 1048
1611770 1046
1611780 1044
1611790 1044
1611800 1041
1611810 1039
1611820 1036
1611830 1036
1611840 1034
1611850 1032
1611860 1032
1611870 1030
1611880 1028
1611890 1028
1611900 1025
1611910 1023
1611920 1023
1611930 1020
1611940 1018
1611950 1018
1611960 1016
1611970 1015
1611980 1015
1611990 1013
1612000 1012
1612010 1010
1612020 1010
1612030 1008
1612040 1008
1612050 1008
1612060 1009
1612070 1011
1612080 1011
1612090 1014
1612100 1015
1612110 1015
1612120 1017
1612130 1019
1612140 1019
1612150 1019
1612160 1019
1612170 1019
1612180 1019
1612190 1021
1612200 1021
1612210 1022
1612220 1022
1612230 1021
1612240 1021
1612250 1022
1612260 1024
1612270 1024
1612280 1024
1612290 1024
1612300 1024
1612310 1024
1612320 1024
1612330 1024
1612340 1024
1612350 1026
1612360 1026
1612370 1027
1612380 1028
1612390 1028
1612400 1029
1612410 1030
1612420 1031
1612430 1031
1612440 1031
1612450 1032
1612460 1032
1612470 1031
1612480 1031
1612490 1031
1612500 1030
1612510 1030
1612520 1030
1612530 1029
1612540 1029
1612550 1029
1612560 1030
1612570 1029
1612580 1029
1612590 1028
1612600 1028
1612610 1028
1612620 1027
1612630 1026
1612640 1026
1612650 1026
1612660 1026
1612670 1026
1612680 1026
1612690 1025
1612700 1024
1612710 1024
1612720 1023
1612730 1023
1612740 1023
1612750 1022
1612760 1021
1612770 1021
1612780 1019
1612790 1017
1612800 1017
1612810 1015
1612820 1014
1612830 1013
1612840 1013
1612850 1012
1612860 1012
1612870 1012
1612880 1011
1612890 1011
1612900 1011
1612910 1011
1612920 1011
1612930 1011
1612940 1011
1612950 1010
1612960 1010
1612970 1007
1612980 1005
1612990 1005
1613000 1004
1613010 1004
1613020 1004
1613030 1004
1613040 1002
1613050 999
1613060 999
1613070 997
1613080 998
1613090 998
1613100 1000
1613110 1001
1613120 1001
1613130 998
1613140 995
1613150 995
1613160 991
1613170 990
1613180 990
1613190 988
1613200 986
1613210 986
1613220 985
1613230 984
1613240 984
1613250 984
1613260 984
1613270 984
1613280 984
1613290 983
1613300 984
1613310 984
1613320 983
1613330 983
1613340 983
1613350 983
1613360 982
1613370 982
1613380 981
1613390 980
1613400 980
1613410 979
1613420 978
1613430 978
1613440 978
1613450 978
1613460 978
1613470 978
1613480 978
1613490 978
1613500 978
1613510 979
1613520 979
1613530 979
1613540 979
1613550 979
1613560 979
1613570 979
1613580 979
1613590 979
1613600 979
1613610 979
1613620 979
1613630 979
1613640 979
1613650 979
1613660 979
1613670 979
1613680 979
1613690 979
1613700 980
1613710 980
1613720 980
1613730 980
1613740 980
1613750 980
1613760 980
1613770 980
1613780 980
1613790 980
1613800 980
1613810 980
1613820 980
1613830 980
1613840 980
1613850 980
1613860 980
1613870 980
1613880 980
1613890 980
1613900 980
1613910 980
1613920 980
1613930 980
1613940 980
1613950 980
1613960 980
1613970 980
1613980 980
1613990 980
1614000 980
1614010 980
1614020 980
1614030 980
1614040 980
1614050 980
1614060 980
1614070 980
1614080 980
1614090 980
1614100 980
1614110 979
1614120 979
1614130 979
1614140 979
1614150 980
1614160 980
1614170 980
1614180 980
1614190 980
1614200 980
1614210 981
1614220 981
1614230 981
1614240 981
1614250 981
1614260 981
1614270 981
1614280 982
1614290 982
1614300 982
1614310 982
1614320 982
1614330 983
1614340 984
1614350 984
1614360 984
1614370 985
1614380 985
1614390 986
1614400 986
1614410 986
1614420 986
1614430 985
1614440 985
1614450 985
1614460 984
1614470 984
1614480 984
1614490 985
1614500 985
1614510 985
1614520 986
1614530 986
1614540 986
1614550 986
1614560 986
1614570 986
1614580 985
1614590 986
1614600 986
1614610 986
1614620 987
1614630 987
1614640 987
1614650 988
1614660 988
1614670 988
1614680 989
1614690 989
1614700 989
1614710 990
1614720 990
1614730 990
1614740 991
1614750 991
1614760 991
1614770 991
1614780 991
1614790 991
1614800 990
1614810 990
1614820 990
1614830 988
1614840 987
1614850 987
1614860 985
1614870 984
1614880 984
1614890 983
1614900 982
1614910 980
1614920 980
1614930 979
1614940 977
1614950 977
1614960 975
1614970 971
1614980 971
1614990 968
1615000 965
1615010 965
1615020 964
1615030 962
1615040 962
1615050 960
1615060 958
1615070 958
1615080 956
1615090 955
1615100 952
1615110 952
1615120 950
1615130 948
1615140 948
1615150 946
1615160 944
1615170 944
1615180 942
1615190 939
1615200 939
1615210 937
1615220 934
1615230 934
1615240 932
1615250 931
1615260 931
1615270 931
1615280 930
1615290 930
1615300 930
1615310 930
1615320 930
1615330 930
1615340 930
1615350 930
1615360 930
1615370 930
1615380 930
1615390 930
1615400 929
1615410 929
1615420 929
1615430 929
1615440 929
1615450 929
1615460 929
1615470 929
1615480 929
1615490 929
1615500 928
1615510 928
1615520 928
1615530 928
1615540 927
1615550 927
1615560 927
1615570 927
1615580 927
1615590 927
1615600 927
1615610 927
1615620 926
1615630 926
1615640 926
1615650 926
1615660 925
1615670 925
1615680 925
1615690 925
1615700 925
1615710 925
1615720 925
1615730 925
1615740 925
1615750 925
1615760 925
1615770 925
1615780 925
1615790 925
1615800 925
1615810 925
1615820 925
1615830 925
1615840 925
1615850 925
1615860 925
1615870 925
1615880 925
1615890 925
1615900 925
1615910 926
1615920 926
1615930 926
1615940 926
1615950 926
1615960 926
1615970 926
1615980 926
1615990 926
1616000 926
1616010 926
1616020 926
1616030 926
1616040 926
1616050 926
1616060 926
1616070 926
1616080 926
1616090 926
1616100 926
1616110 926
1616120 926
1616130 927
1616140 927
1616150 927
1616160 927
1616170 927
1616180 927
1616190 927
1616200 927
1616210 927
1616220 927
1616230 928
1616240 928
1616250 928
1616260 928
1616270 928
1616280 929
1616290 929
1616300 929
1616310 929
1616320 929
1616330 930
1616340 930
1616350 930
1616360 930
1616370 930
1616380 930
1616390 930
1616400 930
1616410 932
1616420 931
1616430 931
1616440 931
1616450 931
1616460 931
1616470 932
1616480 932
1616490 932
1616500 933
1616510 933
1616520 933
1616530 933
1616540 934
1616550 934
1616560 934
1616570 935
1616580 935
1616590 935
1616600 936
1616610 936
1616620 936
1616630 936
1616640 937
1616650 937
1616660 937
1616670 937
1616680 937
1616690 938
1616700 938
1616710 938
1616720 939
1616730 939
1616740 939
1616750 940
1616760 940
1616770 941
1616780 941
1616790 941
1616800 942
1616810 942
1616820 942
1616830 943
1616840 943
1616850 944
1616860 946
1616870 946
1616880 949
1616890 952
1616900 952
1616910 952
1616920 952
1616930 952
1616940 953
1616950 956
1616960 959
1616970 959
1616980 961
1616990 962
1617000 962
1617010 958
1617020 955
1617030 955
1617040 956
1617050 957
1617060 957
1617070 960
1617080 962
1617090 962
1617100 963
1617110 963
1617120 963
1617130 962
1617140 963
1617150 963
1617160 965
1617170 966
1617180 967
1617190 967
1617200 971
1617210 976
1617220 976
1617230 982
1617240 987
1617250 987
1617260 991
1617270 992
1617280 992
1617290 995
1617300 1000
1617310 1000
1617320 1006
1617330 1010
1617340 1010
1617350 1014
1617360 1019
1617370 1025
1617380 1025
1617390 1029
1617400 1033
1617410 1033
1617420 1033
1617430 1037
1617440 1037
1617450 1039
1617460 1040
1617470 1040
1617480 1044
1617490 1049
1617500 1049
1617510 1054
1617520 1059
1617530 1059
1617540 1065
1617550 1068
1617560 1068
1617570 1070
1617580 1074
1617590 1077
1617600 1077
1617610 1080
1617620 1082
1617630 1082
1617640 1084
1617650 1084
1617660 1084
1617670 1085
1617680 1087
1617690 1087
1617700 1088
1617710 1089
1617720 1089
1617730 1091
1617740 1093
1617750 1093
1617760 1097
1617770 1100
1617780 1103
1617790 1103
1617800 1104
1617810 1105
1617820 1105
1617830 1105
1617840 1105
1617850 1105
1617860 1106
1617870 1107
1617880 1107
1617890 1108
1617900 1110
1617910 1110
1617920 1111
1617930 1112
1617940 1112
1617950 1114
1617960 1116
1617970 1116
1617980 1117
1617990 1120
1618000 1122
1618010 1122
1618020 1125
1618030 1127
1618040 1127
1618050 1131
1618060 1134
1618070 1134
1618080 1136
1618090 1137
1618100 1137
1618110 1137
1618120 1138
1618130 1138
1618140 1138
1618150 1139
1618160 1139
1618170 1141
1618180 1142
1618190 1145
1618200 1145
1618210 1147
1618220 1148
1618230 1148
1618240 1151
1618250 1151
1618260 1151
1618270 1151
1618280 1152
1618290 1152
1618300 1153
1618310 1154
1618320 1154
1618330 1155
1618340 1155
1618350 1155
1618360 1157
1618370 1158
1618380 1158
1618390 1160
1618400 1162
1618410 1163
1618420 1163
1618430 1166
1618440 1168
1618450 1168
1618460 1169
1618470 1170
1618480 1170
1618490 1171
1618500 1172
1618510 1172
1618520 1175
1618530 1177
1618540 1177
1618550 1179
1618560 1181
1618570 1181
1618580 1183
1618590 1186
1618600 1186
1618610 1189
1618620 1191
1618630 1193
1618640 1193
1618650 1195
1618660 1197
1618670 1197
1618680 1199
1618690 1202
1618700 1202
1618710 1206
1618720 1208
1618730 1208
1618740 1210
1618750 1210
1618760 1210
1618770 1210
1618780 1210
1618790 1210
1618800 1210
1618810 1210
1618820 1211
1618830 1211
1618840 1213
1618850 1215
1618860 1215
1618870 1218
1618880 1221
1618890 1221
1618900 1223
1618910 1226
1618920 1226
1618930 1228
1618940 1231
1618950 1231
1618960 1233
1618970 1233
1618980 1233
1618990 1234
1619000 1235
1619010 1235
1619020 1238
1619030 1241
1619040 1243
1619050 1243
1619060 1246
1619070 1248
1619080 1248
1619090 1249
1619100 1251
1619110 1251
1619120 1251
1619130 1253
1619140 1253
1619150 1256
1619160 1257
1619170 1257
1619180 1258
1619190 1260
1619200 1260
1619210 1261
1619220 1263
1619230 1267
1619240 1267
1619250 1271
1619260 1275
1619270 1275
1619280 1278
1619290 1280
1619300 1280
1619310 1281
1619320 1280
1619330 1280
1619340 1283
1619350 1285
1619360 1285
1619370 1287
1619380 1288
1619390 1288
1619400 1290
1619410 1293
1619420 1293
1619430 1295
1619440 1296
1619450 1296
1619460 1296
1619470 1297
1619480 1299
1619490 1299
1619500 1300
1619510 1301
1619520 1301
1619530 1302
1619540 1303
1619550 1303
1619560 1304
1619570 1303
1619580 1303
1619590 1301
1619600 1300
1619610 1300
1619620 1300
1619630 1300
1619640 1302
1619650 1302
1619660 1304
1619670 1304
1619680 1304
1619690 1304
1619700 1304
1619710 1304
1619720 1303
1619730 1304
1619740 1304
1619750 1305
1619760 1305
1619770 1305
1619780 1306
1619790 1306
1619800 1306
1619810 1305
1619820 1305
1619830 1305
1619840 1305
1619850 1304
1619860 1303
1619870 1303
1619880 1302
1619890 1299
1619900 1299
1619910 1296
1619920 1292
1619930 1292
1619940 1293
1619950 1297
1619960 1297
1619970 1300
1619980 1302
1619990 1302
