1600000 1153
1600010 1156
1600020 1156
1600030 1158
1600040 1162
1600050 1162
1600060 1164
1600070 1168
1600080 1168
1600090 1171
1600100 1174
1600110 1174
1600120 1178
1600130 1181
1600140 1181
1600150 1184
1600160 1188
1600170 1196
1600180 1196
1600190 1200
1600200 1204
1600210 1204
1600220 1208
1600230 1212
1600240 1212
1600250 1216
1600260 1219
1600270 1219
1600280 1223
1600290 1226
1600300 1226
1600310 1229
1600320 1233
1600330 1233
1600340 1236
1600350 1240
1600360 1240
1600370 1243
1600380 1245
1600390 1248
1600400 1248
1600410 1251
1600420 1254
1600430 1254
1600440 1256
1600450 1258
1600460 1258
1600470 1259
1600480 1261
1600490 1261
1600500 1264
1600510 1267
1600520 1267
1600530 1270
1600540 1272
1600550 1272
1600560 1275
1600570 1276
1600580 1278
1600590 1278
1600600 1280
1600610 1282
1600620 1282
1600630 1283
1600640 1285
1600650 1285
1600660 1286
1600670 1287
1600680 1287
1600690 1289
1600700 1290
1600710 1290
1600720 1292
1600730 1293
1600740 1293
1600750 1293
1600760 1293
1600770 1293
1600780 1290
1600790 1286
1600800 1281
1600810 1281
1600820 1275
1600830 1270
1600840 1270
1600850 1266
1600860 1261
1600870 1261
1600880 1257
1600890 1253
1600900 1253
1600910 1248
1600920 1244
1600930 1244
1600940 1240
1600950 1236
1600960 1236
1600970 1231
1600980 1227
1600990 1222
1601000 1222
1601010 1217
1601020 1214
1601030 1214
1601040 1209
1601050 1205
1601060 1205
1601070 1200
1601080 1196
1601090 1196
1601100 1192
1601110 1187
1601120 1187
1601130 1181
1601140 1177
1601150 1177
1601160 1174
1601170 1170
1601180 1170
1601190 1166
1601200 1162
1601210 1157
1601220 1157
1601230 1151
1601240 1146
1601250 1146
1601260 1149
1601270 1149
1601280 1149
1601290 1149
1601300 1146
1601310 1146
1601320 1143
1601330 1141
1601340 1141
1601350 1137
1601360 1134
1601370 1134
1601380 1131
1601390 1130
1601400 1129
1601410 1129
1601420 1127
1601430 1125
1601440 1125
1601450 1119
1601460 1113
1601470 1113
1601480 1108
1601490 1101
1601500 1101
1601510 1095
1601520 1090
1601530 1090
1601540 1084
1601550 1077
1601560 1077
1601570 1072
1601580 1065
1601590 1065
1601600 1059
1601610 1052
1601620 1045
1601630 1045
1601640 1038
1601650 1032
1601660 1032
1601670 1026
1601680 1020
1601690 1020
1601700 1013
1601710 1005
1601720 1005
1601730 998
1601740 991
1601750 991
1601760 986
1601770 980
1601780 980
1601790 974
1601800 967
1601810 965
1601820 965
1601830 959
1601840 954
1601850 954
1601860 948
1601870 942
1601880 942
1601890 936
1601900 930
1601910 930
1601920 923
1601930 916
1601940 916
1601950 913
1601960 910
1601970 910
1601980 909
1601990 908
1602000 908
1602010 906
1602020 905
1602030 904
1602040 904
1602050 904
1602060 903
1602070 903
1602080 903
1602090 901
1602100 901
1602110 898
1602120 894
1602130 894
1602140 889
1602150 883
1602160 883
1602170 875
1602180 871
1602190 871
1602200 870
1602210 869
1602220 868
1602230 868
1602240 867
1602250 865
1602260 865
1602270 862
1602280 860
1602290 860
1602300 857
1602310 855
1602320 855
1602330 852
1602340 851
1602350 851
1602360 849
1602370 844
1602380 844
1602390 839
1602400 832
1602410 832
1602420 825
1602430 817
1602440 811
1602450 811
1602460 808
1602470 805
1602480 805
1602490 802
1602500 799
1602510 799
1602520 795
1602530 791
1602540 791
1602550 786
1602560 780
1602570 780
1602580 776
1602590 773
1602600 773
1602610 769
1602620 764
1602630 759
1602640 759
1602650 755
1602660 751
1602670 751
1602680 746
1602690 741
1602700 741
1602710 736
1602720 731
1602730 731
1602740 727
1602750 722
1602760 722
1602770 719
1602780 716
1602790 716
1602800 714
1602810 712
1602820 712
1602830 712
1602840 715
1602850 715
1602860 715
1602870 712
1602880 710
1602890 710
1602900 710
1602910 710
1602920 710
1602930 710
1602940 707
1602950 707
1602960 706
1602970 706
1602980 706
1602990 706
1603000 706
1603010 706
1603020 706
1603030 702
1603040 698
1603050 698
1603060 700
1603070 707
1603080 707
1603090 713
1603100 712
1603110 712
1603120 712
1603130 713
1603140 713
1603150 714
1603160 718
1603170 718
1603180 724
1603190 729
1603200 729
1603210 732
1603220 733
1603230 733
1603240 734
1603250 734
1603260 734
1603270 734
1603280 734
1603290 734
1603300 734
1603310 734
1603320 733
1603330 733
1603340 731
1603350 731
1603360 731
1603370 731
1603380 732
1603390 732
1603400 733
1603410 731
1603420 731
1603430 732
1603440 734
1603450 740
1603460 740
1603470 746
1603480 752
1603490 752
1603500 759
1603510 765
1603520 765
1603530 771
1603540 777
1603550 777
1603560 783
1603570 787
1603580 787
1603590 792
1603600 795
1603610 795
1603620 799
1603630 803
1603640 803
1603650 806
1603660 809
1603670 812
1603680 812
1603690 817
1603700 822
1603710 822
1603720 827
1603730 832
1603740 832
1603750 837
1603760 842
1603770 842
1603780 847
1603790 851
1603800 851
1603810 857
1603820 864
1603830 864
1603840 870
1603850 876
1603860 881
1603870 881
1603880 886
1603890 891
1603900 891
1603910 892
1603920 894
1603930 894
1603940 898
1603950 903
1603960 903
1603970 907
1603980 910
1603990 910
1604000 913
1604010 915
1604020 915
1604030 918
1604040 920
1604050 920
1604060 921
1604070 922
1604080 925
1604090 925
1604100 929
1604110 932
1604120 932
1604130 935
1604140 937
1604150 937
1604160 940
1604170 943
1604180 943
1604190 948
1604200 952
1604210 952
1604220 954
1604230 958
1604240 958
1604250 961
1604260 963
1604270 965
1604280 965
1604290 966
1604300 969
1604310 969
1604320 970
1604330 972
1604340 972
1604350 973
1604360 974
1604370 974
1604380 976
1604390 979
1604400 979
1604410 984
1604420 990
1604430 990
1604440 996
1604450 1001
1604460 1001
1604470 1005
1604480 1007
1604490 1010
1604500 1010
1604510 1014
1604520 1019
1604530 1019
1604540 1022
1604550 1025
1604560 1025
1604570 1027
1604580 1030
1604590 1030
1604600 1031
1604610 1033
1604620 1033
1604630 1034
1604640 1035
1604650 1035
1604660 1036
1604670 1037
1604680 1039
1604690 1039
1604700 1041
1604710 1045
1604720 1045
1604730 1049
1604740 1054
1604750 1054
1604760 1059
1604770 1063
1604780 1063
1604790 1068
1604800 1073
1604810 1073
1604820 1077
1604830 1079
1604840 1079
1604850 1082
1604860 1086
1604870 1086
1604880 1089
1604890 1092
1604900 1096
1604910 1096
1604920 1102
1604930 1106
1604940 1106
1604950 1108
1604960 1109
1604970 1109
1604980 1111
1604990 1113
1605000 1113
1605010 1115
1605020 1115
1605030 1115
1605040 1116
1605050 1118
1605060 1118
1605070 1120
1605080 1126
1605090 1132
1605100 1132
1605110 1139
1605120 1146
1605130 1146
1605140 1152
1605150 1159
1605160 1159
1605170 1164
1605180 1168
1605190 1168
1605200 1172
1605210 1175
1605220 1175
1605230 1177
1605240 1178
1605250 1178
1605260 1179
1605270 1181
1605280 1181
1605290 1185
1605300 1191
1605310 1194
1605320 1194
1605330 1199
1605340 1204
1605350 1204
1605360 1207
1605370 1211
1605380 1211
1605390 1215
1605400 1217
1605410 1217
1605420 1218
1605430 1220
1605440 1220
1605450 1222
1605460 1225
1605470 1225
1605480 1227
1605490 1231
1605500 1234
1605510 1234
1605520 1238
1605530 1242
1605540 1242
1605550 1247
1605560 1250
1605570 1250
1605580 1252
1605590 1254
1605600 1254
1605610 1256
1605620 1257
1605630 1257
1605640 1260
1605650 1262
1605660 1262
1605670 1264
1605680 1266
1605690 1266
1605700 1270
1605710 1276
1605720 1280
1605730 1280
1605740 1284
1605750 1285
1605760 1285
1605770 1286
1605780 1289
1605790 1289
1605800 1291
1605810 1293
1605820 1293
1605830 1295
1605840 1296
1605850 1296
1605860 1297
1605870 1297
1605880 1297
1605890 1299
1605900 1301
1605910 1301
1605920 1302
1605930 1303
1605940 1306
1605950 1306
1605960 1310
1605970 1314
1605980 1314
1605990 1321
1606000 1329
1606010 1329
1606020 1333
1606030 1335
1606040 1335
1606050 1337
1606060 1341
1606070 1341
1606080 1343
1606090 1347
1606100 1347
1606110 1350
1606120 1352
1606130 1353
1606140 1353
1606150 1352
1606160 1351
1606170 1351
1606180 1350
1606190 1348
1606200 1348
1606210 1347
1606220 1345
1606230 1345
1606240 1345
1606250 1343
1606260 1343
1606270 1341
1606280 1338
1606290 1338
1606300 1335
1606310 1331
1606320 1331
1606330 1327
1606340 1324
1606350 1321
1606360 1321
1606370 1316
1606380 1311
1606390 1311
1606400 1310
1606410 1309
1606420 1309
1606430 1308
1606440 1307
1606450 1307
1606460 1305
1606470 1303
1606480 1303
1606490 1300
1606500 1297
1606510 1297
1606520 1294
1606530 1291
1606540 1289
1606550 1289
1606560 1285
1606570 1280
1606580 1280
1606590 1275
1606600 1270
1606610 1270
1606620 1265
1606630 1260
1606640 1260
1606650 1255
1606660 1249
1606670 1249
1606680 1246
1606690 1241
1606700 1241
1606710 1237
1606720 1234
1606730 1234
1606740 1231
1606750 1228
1606760 1225
1606770 1225
1606780 1223
1606790 1222
1606800 1222
1606810 1220
1606820 1219
1606830 1219
1606840 1217
1606850 1215
1606860 1215
1606870 1213
1606880 1211
1606890 1211
1606900 1208
1606910 1205
1606920 1205
1606930 1201
1606940 1197
1606950 1193
1606960 1193
1606970 1190
1606980 1188
1606990 1188
1607000 1189
1607010 1191
1607020 1191
1607030 1192
1607040 1194
1607050 1194
1607060 1196
1607070 1198
1607080 1198
1607090 1199
1607100 1198
1607110 1198
1607120 1194
1607130 1190
1607140 1190
1607150 1189
1607160 1193
1607170 1197
1607180 1197
1607190 1201
1607200 1204
1607210 1204
1607220 1208
1607230 1211
1607240 1211
1607250 1213
1607260 1215
1607270 1215
1607280 1216
1607290 1218
1607300 1218
1607310 1220
1607320 1221
1607330 1221
1607340 1223
1607350 1224
1607360 1224
1607370 1224
1607380 1225
1607390 1226
1607400 1226
1607410 1227
1607420 1228
1607430 1228
1607440 1228
1607450 1229
1607460 1229
1607470 1229
1607480 1230
1607490 1230
1607500 1230
1607510 1229
1607520 1229
1607530 1228
1607540 1227
1607550 1227
1607560 1226
1607570 1224
1607580 1222
1607590 1222
1607600 1220
1607610 1217
1607620 1217
1607630 1216
1607640 1214
1607650 1214
1607660 1211
1607670 1210
1607680 1210
1607690 1209
1607700 1208
1607710 1208
1607720 1206
1607730 1205
1607740 1205
1607750 1203
1607760 1201
1607770 1200
1607780 1200
1607790 1198
1607800 1195
1607810 1195
1607820 1193
1607830 1190
1607840 1190
1607850 1188
1607860 1186
1607870 1186
1607880 1184
1607890 1181
1607900 1181
1607910 1178
1607920 1176
1607930 1176
1607940 1173
1607950 1169
1607960 1169
1607970 1165
1607980 1165
1607990 1164
1608000 1164
1608010 1162
1608020 1161
1608030 1161
1608040 1161
1608050 1161
1608060 1161
1608070 1160
1608080 1160
1608090 1160
1608100 1163
1608110 1166
1608120 1166
1608130 1168
1608140 1169
1608150 1169
1608160 1170
1608170 1172
1608180 1174
1608190 1174
1608200 1175
1608210 1177
1608220 1177
1608230 1181
1608240 1185
1608250 1185
1608260 1189
1608270 1192
1608280 1192
1608290 1194
1608300 1196
1608310 1196
1608320 1198
1608330 1199
1608340 1199
1608350 1199
1608360 1199
1608370 1199
1608380 1198
1608390 1198
1608400 1197
1608410 1197
1608420 1195
1608430 1193
1608440 1193
1608450 1190
1608460 1188
1608470 1188
1608480 1186
1608490 1183
1608500 1183
1608510 1183
1608520 1181
1608530 1181
1608540 1179
1608550 1177
1608560 1177
1608570 1176
1608580 1174
1608590 1173
1608600 1173
1608610 1172
1608620 1171
1608630 1169
1608640 1168
1608650 1167
1608660 1167
1608670 1166
1608680 1164
1608690 1164
1608700 1162
1608710 1160
1608720 1160
1608730 1157
1608740 1154
1608750 1154
1608760 1151
1608770 1154
1608780 1154
1608790 1158
1608800 1163
1608810 1166
1608820 1166
1608830 1170
1608840 1174
1608850 1174
1608860 1178
1608870 1183
1608880 1183
1608890 1188
1608900 1191
1608910 1191
1608920 1193
1608930 1195
1608940 1195
1608950 1197
1608960 1198
1608970 1198
1608980 1199
1608990 1201
1609000 1204
1609010 1204
1609020 1209
1609030 1213
1609040 1213
1609050 1218
1609060 1223
1609070 1223
1609080 1228
1609090 1232
1609100 1232
1609110 1236
1609120 1243
1609130 1243
1609140 1248
1609150 1254
1609160 1254
1609170 1259
1609180 1263
1609190 1263
1609200 1268
1609210 1272
1609220 1276
1609230 1276
1609240 1281
1609250 1284
1609260 1284
1609270 1289
1609280 1293
1609290 1293
1609300 1296
1609310 1300
1609320 1300
1609330 1303
1609340 1307
1609350 1307
1609360 1310
1609370 1312
1609380 1312
1609390 1315
1609400 1317
1609410 1319
1609420 1319
1609430 1321
1609440 1323
1609450 1323
1609460 1324
1609470 1324
1609480 1324
1609490 1324
1609500 1323
1609510 1323
1609520 1323
1609530 1324
1609540 1324
1609550 1325
1609560 1326
1609570 1326
1609580 1328
1609590 1331
1609600 1331
1609610 1333
1609620 1334
1609630 1334
1609640 1334
1609650 1331
1609660 1330
1609670 1330
1609680 1329
1609690 1327
1609700 1327
1609710 1326
1609720 1327
1609730 1327
1609740 1327
1609750 1326
1609760 1326
1609770 1325
1609780 1324
1609790 1324
1609800 1322
1609810 1320
1609820 1318
1609830 1318
1609840 1315
1609850 1313
1609860 1313
1609870 1310
1609880 1308
1609890 1308
1609900 1305
1609910 1303
1609920 1303
1609930 1300
1609940 1297
1609950 1297
1609960 1294
1609970 1292
1609980 1292
1609990 1289
1610000 1287
1610010 1287
1610020 1285
1610030 1283
1610040 1281
1610050 1281
1610060 1278
1610070 1276
1610080 1276
1610090 1273
1610100 1270
1610110 1270
1610120 1267
1610130 1264
1610140 1264
1610150 1262
1610160 1258
1610170 1258
1610180 1256
1610190 1253
1610200 1253
1610210 1250
1610220 1247
1610230 1243
1610240 1243
1610250 1240
1610260 1237
1610270 1237
1610280 1233
1610290 1230
1610300 1230
1610310 1226
1610320 1223
1610330 1223
1610340 1221
1610350 1219
1610360 1219
1610370 1217
1610380 1216
1610390 1216
1610400 1214
1610410 1212
1610420 1212
1610430 1210
1610440 1208
1610450 1206
1610460 1206
1610470 1204
1610480 1202
1610490 1202
1610500 1201
1610510 1200
1610520 1200
1610530 1199
1610540 1198
1610550 1198
1610560 1197
1610570 1196
1610580 1196
1610590 1194
1610600 1193
1610610 1193
1610620 1191
1610630 1189
1610640 1189
1610650 1188
1610660 1187
1610670 1186
1610680 1186
1610690 1185
1610700 1184
1610710 1184
1610720 1183
1610730 1182
1610740 1182
1610750 1181
1610760 1180
1610770 1180
1610780 1180
1610790 1179
1610800 1179
1610810 1178
1610820 1177
1610830 1177
1610840 1176
1610850 1176
1610860 1175
1610870 1175
1610880 1175
1610890 1174
1610900 1174
1610910 1173
1610920 1171
1610930 1171
1610940 1171
1610950 1170
1610960 1170
1610970 1168
1610980 1165
1610990 1165
1611000 1160
1611010 1156
1611020 1156
1611030 1152
1611040 1149
1611050 1149
1611060 1146
1611070 1142
1611080 1140
1611090 1140
1611100 1137
1611110 1134
1611120 1134
1611130 1132
1611140 1130
1611150 1130
1611160 1127
1611170 1124
1611180 1124
1611190 1122
1611200 1120
1611210 1120
1611220 1119
1611230 1117
1611240 1117
1611250 1113
1611260 1109
1611270 1106
1611280 1106
1611290 1103
1611300 1100
1611310 1100
1611320 1096
1611330 1093
1611340 1093
1611350 1094
1611360 1096
1611370 1096
1611380 1098
1611390 1101
1611400 1101
1611410 1102
1611420 1103
1611430 1103
1611440 1104
1611450 1104
1611460 1104
1611470 1104
1611480 1103
1611490 1100
1611500 1100
1611510 1097
1611520 1095
1611530 1095
1611540 1092
1611550 1090
1611560 1090
1611570 1089
1611580 1087
1611590 1087
1611600 1086
1611610 1085
1611620 1085
1611630 1084
1611640 1084
1611650 1082
1611660 1081
1611670 1080
1611680 1079
1611690 1079
1611700 1078
1611710 1078
1611720 1078
1611730 1077
1611740 1077
1611750 1077
1611760 1076
1611770 1074
1611780 1074
1611790 1073
1611800 1071
1611810 1071
1611820 1069
1611830 1067
1611840 1067
1611850 1064
1611860 1063
1611870 1063
1611880 1062
1611890 1060
1611900 1058
1611910 1058
1611920 1056
1611930 1055
1611940 1055
1611950 1052
1611960 1050
1611970 1050
1611980 1047
1611990 1043
1612000 1043
1612010 1044
1612020 1050
1612030 1050
1612040 1055
1612050 1059
1612060 1059
1612070 1062
1612080 1065
1612090 1068
1612100 1068
1612110 1070
1612120 1072
1612130 1072
1612140 1072
1612150 1073
1612160 1073
1612170 1074
1612180 1074
1612190 1074
1612200 1075
1612210 1077
1612220 1077
1612230 1079
1612240 1081
1612250 1081
1612260 1083
1612270 1084
1612280 1084
1612290 1085
1612300 1087
1612310 1091
1612320 1091
1612330 1093
1612340 1093
1612350 1093
1612360 1094
1612370 1095
1612380 1095
1612390 1096
1612400 1096
1612410 1096
1612420 1095
1612430 1095
1612440 1095
1612450 1096
1612460 1096
1612470 1096
1612480 1097
1612490 1098
1612500 1098
1612510 1098
1612520 1098
1612530 1097
1612540 1097
1612550 1097
1612560 1096
1612570 1096
1612580 1095
1612590 1095
1612600 1095
1612610 1096
1612620 1096
1612630 1096
1612640 1096
1612650 1093
1612660 1093
1612670 1095
1612680 1095
1612690 1095
1612700 1094
1612710 1091
1612720 1088
1612730 1088
1612740 1085
1612750 1080
1612760 1080
1612770 1076
1612780 1074
1612790 1074
1612800 1071
1612810 1069
1612820 1069
1612830 1068
1612840 1066
1612850 1066
1612860 1063
1612870 1062
1612880 1062
1612890 1063
1612900 1062
1612910 1061
1612920 1061
1612930 1059
1612940 1058
1612950 1058
1612960 1057
1612970 1057
1612980 1057
1612990 1056
1613000 1056
1613010 1056
1613020 1055
1613030 1055
1613040 1055
1613050 1055
1613060 1055
1613070 1055
1613080 1055
1613090 1054
1613100 1054
1613110 1054
1613120 1054
1613130 1054
1613140 1054
1613150 1054
1613160 1053
1613170 1053
1613180 1051
1613190 1048
1613200 1048
1613210 1043
1613220 1042
1613230 1042
1613240 1039
1613250 1039
1613260 1039
1613270 1045
1613280 1047
1613290 1047
1613300 1047
1613310 1045
1613320 1044
1613330 1044
1613340 1044
1613350 1044
1613360 1044
1613370 1044
1613380 1043
1613390 1043
1613400 1042
1613410 1041
1613420 1041
1613430 1039
1613440 1038
1613450 1038
1613460 1032
1613470 1026
1613480 1026
1613490 1025
1613500 1028
1613510 1028
1613520 1032
1613530 1033
1613540 1033
1613550 1033
1613560 1033
1613570 1033
1613580 1033
1613590 1032
1613600 1032
1613610 1032
1613620 1030
1613630 1026
1613640 1026
1613650 1025
1613660 1023
1613670 1023
1613680 1021
1613690 1018
1613700 1018
1613710 1016
1613720 1016
1613730 1015
1613740 1015
1613750 1015
1613760 1013
1613770 1013
1613780 1012
1613790 1011
1613800 1011
1613810 1010
1613820 1010
1613830 1010
1613840 1011
1613850 1011
1613860 1011
1613870 1010
1613880 1009
1613890 1009
1613900 1007
1613910 1006
1613920 1006
1613930 1012
1613940 1014
1613950 1015
1613960 1015
1613970 1017
1613980 1020
1613990 1020
1614000 1022
1614010 1023
1614020 1023
1614030 1019
1614040 1016
1614050 1016
1614060 1017
1614070 1023
1614080 1023
1614090 1024
1614100 1023
1614110 1023
1614120 1021
1614130 1019
1614140 1018
1614150 1018
1614160 1018
1614170 1017
1614180 1017
1614190 1018
1614200 1018
1614210 1018
1614220 1018
1614230 1017
1614240 1017
1614250 1017
1614260 1015
1614270 1015
1614280 1014
1614290 1012
1614300 1012
1614310 1011
1614320 1011
1614330 1011
1614340 1011
1614350 1014
1614360 1017
1614370 1017
1614380 1019
1614390 1020
1614400 1020
1614410 1019
1614420 1015
1614430 1015
1614440 1012
1614450 1010
1614460 1010
1614470 1009
1614480 1005
1614490 1005
1614500 1000
1614510 999
1614520 999
1614530 1000
1614540 1001
1614550 1002
1614560 1002
1614570 1003
1614580 1001
1614590 1001
1614600 997
1614610 991
1614620 991
1614630 990
1614640 989
1614650 989
1614660 989
1614670 989
1614680 989
1614690 989
1614700 989
1614710 989
1614720 989
1614730 990
1614740 990
1614750 990
1614760 990
1614770 991
1614780 991
1614790 991
1614800 992
1614810 992
1614820 992
1614830 993
1614840 993
1614850 993
1614860 993
1614870 993
1614880 993
1614890 993
1614900 993
1614910 993
1614920 993
1614930 993
1614940 994
1614950 994
1614960 994
1614970 994
1614980 994
1614990 994
1615000 994
1615010 994
1615020 994
1615030 994
1615040 994
1615050 993
1615060 993
1615070 993
1615080 992
1615090 992
1615100 991
1615110 990
1615120 990
1615130 985
1615140 981
1615150 981
1615160 978
1615170 974
1615180 969
1615190 969
1615200 968
1615210 970
1615220 970
1615230 973
1615240 977
1615250 977
1615260 978
1615270 976
1615280 976
1615290 972
1615300 972
1615310 972
1615320 976
1615330 984
1615340 984
1615350 990
1615360 994
1615370 994
1615380 997
1615390 999
1615400 1001
1615410 1001
1615420 1000
1615430 997
1615440 997
1615450 995
1615460 994
1615470 994
1615480 994
1615490 994
1615500 994
1615510 994
1615520 993
1615530 993
1615540 992
1615550 992
1615560 992
1615570 991
1615580 986
1615590 984
1615600 984
1615610 982
1615620 978
1615630 978
1615640 973
1615650 970
1615660 970
1615670 969
1615680 970
1615690 970
1615700 969
1615710 966
1615720 966
1615730 963
1615740 957
1615750 957
1615760 952
1615770 949
1615780 949
1615790 945
1615800 943
1615810 940
1615820 940
1615830 939
1615840 936
1615850 936
1615860 931
1615870 927
1615880 927
1615890 925
1615900 925
1615910 925
1615920 925
1615930 925
1615940 925
1615950 925
1615960 925
1615970 925
1615980 925
1615990 924
1616000 925
1616010 925
1616020 925
1616030 925
1616040 925
1616050 925
1616060 925
1616070 925
1616080 925
1616090 925
1616100 925
1616110 925
1616120 925
1616130 925
1616140 925
1616150 925
1616160 925
1616170 925
1616180 925
1616190 925
1616200 925
1616210 925
1616220 925
1616230 925
1616240 925
1616250 925
1616260 925
1616270 925
1616280 925
1616290 925
1616300 925
1616310 925
1616320 925
1616330 925
1616340 925
1616350 925
1616360 925
1616370 925
1616380 925
1616390 925
1616400 925
1616410 926
1616420 926
1616430 926
1616440 926
1616450 926
1616460 926
1616470 926
1616480 926
1616490 926
1616500 926
1616510 926
1616520 926
1616530 926
1616540 926
1616550 927
1616560 927
1616570 927
1616580 927
1616590 927
1616600 927
1616610 928
1616620 928
1616630 927
1616640 927
1616650 927
1616660 927
1616670 927
1616680 927
1616690 928
1616700 928
1616710 928
1616720 928
1616730 928
1616740 928
1616750 928
1616760 928
1616770 929
1616780 929
1616790 929
1616800 930
1616810 931
1616820 932
1616830 932
1616840 933
1616850 935
1616860 935
1616870 937
1616880 939
1616890 939
1616900 941
1616910 943
1616920 943
1616930 945
1616940 948
1616950 948
1616960 950
1616970 952
1616980 952
1616990 954
1617000 957
1617010 957
1617020 961
1617030 966
1617040 973
1617050 973
1617060 979
1617070 986
1617080 986
1617090 992
1617100 998
1617110 998
1617120 1001
1617130 1006
1617140 1006
1617150 1010
1617160 1012
1617170 1012
1617180 1013
1617190 1016
1617200 1016
1617210 1019
1617220 1024
1617230 1027
1617240 1027
1617250 1030
1617260 1034
1617270 1034
1617280 1038
1617290 1042
1617300 1042
1617310 1044
1617320 1044
1617330 1044
1617340 1042
1617350 1045
1617360 1045
1617370 1053
1617380 1058
1617390 1058
1617400 1063
1617410 1067
1617420 1067
1617430 1070
1617440 1073
1617450 1081
1617460 1081
1617470 1088
1617480 1096
1617490 1096
1617500 1104
1617510 1108
1617520 1108
1617530 1111
1617540 1116
1617550 1116
1617560 1120
1617570 1123
1617580 1123
1617590 1124
1617600 1120
1617610 1120
1617620 1119
1617630 1124
1617640 1125
1617650 1125
1617660 1127
1617670 1129
1617680 1129
1617690 1130
1617700 1131
1617710 1131
1617720 1133
1617730 1135
1617740 1135
1617750 1137
1617760 1141
1617770 1141
1617780 1145
1617790 1149
1617800 1149
1617810 1152
1617820 1155
1617830 1155
1617840 1159
1617850 1163
1617860 1167
1617870 1167
1617880 1169
1617890 1173
1617900 1173
1617910 1175
1617920 1177
1617930 1177
1617940 1178
1617950 1181
1617960 1181
1617970 1184
1617980 1186
1617990 1186
1618000 1188
1618010 1189
1618020 1189
1618030 1192
1618040 1197
1618050 1200
1618060 1200
1618070 1201
1618080 1202
1618090 1202
1618100 1205
1618110 1210
1618120 1210
1618130 1213
1618140 1213
1618150 1213
1618160 1213
1618170 1213
1618180 1213
1618190 1213
1618200 1214
1618210 1214
1618220 1214
1618230 1214
1618240 1214
1618250 1214
1618260 1215
1618270 1217
1618280 1217
1618290 1218
1618300 1220
1618310 1220
1618320 1223
1618330 1224
1618340 1224
1618350 1227
1618360 1229
1618370 1229
1618380 1230
1618390 1232
1618400 1232
1618410 1235
1618420 1237
1618430 1237
1618440 1239
1618450 1240
1618460 1240
1618470 1240
1618480 1241
1618490 1243
1618500 1243
1618510 1244
1618520 1245
1618530 1245
1618540 1245
1618550 1248
1618560 1248
1618570 1250
1618580 1251
1618590 1251
1618600 1252
1618610 1253
1618620 1253
1618630 1255
1618640 1258
1618650 1258
1618660 1261
1618670 1264
1618680 1268
1618690 1268
1618700 1270
1618710 1273
1618720 1273
1618730 1278
1618740 1282
1618750 1282
1618760 1286
1618770 1288
1618780 1288
1618790 1288
1618800 1288
1618810 1288
1618820 1289
1618830 1291
1618840 1291
1618850 1293
1618860 1295
1618870 1295
1618880 1297
1618890 1299
1618900 1301
1618910 1301
1618920 1303
1618930 1305
1618940 1305
1618950 1306
1618960 1307
1618970 1307
1618980 1307
1618990 1307
1619000 1307
1619010 1307
1619020 1308
1619030 1308
1619040 1309
1619050 1309
1619060 1309
1619070 1310
1619080 1311
1619090 1311
1619100 1311
1619110 1311
1619120 1311
1619130 1311
1619140 1312
1619150 1313
1619160 1313
1619170 1315
1619180 1317
1619190 1317
1619200 1320
1619210 1322
1619220 1322
1619230 1324
1619240 1326
1619250 1326
1619260 1328
1619270 1329
1619280 1329
1619290 1330
1619300 1332
1619310 1333
1619320 1333
1619330 1334
1619340 1336
1619350 1336
1619360 1338
1619370 1341
1619380 1341
1619390 1342
1619400 1345
1619410 1345
1619420 1350
1619430 1355
1619440 1355
1619450 1357
1619460 1359
1619470 1359
1619480 1362
1619490 1366
1619500 1369
1619510 1369
1619520 1371
1619530 1373
1619540 1373
1619550 1376
1619560 1377
1619570 1377
1619580 1379
1619590 1381
1619600 1381
1619610 1383
1619620 1384
1619630 1384
1619640 1386
1619650 1387
1619660 1387
1619670 1388
1619680 1389
1619690 1389
1619700 1390
1619710 1390
1619720 1391
1619730 1391
1619740 1391
1619750 1392
1619760 1392
1619770 1392
1619780 1392
1619790 1392
1619800 1392
1619810 1392
1619820 1392
1619830 1391
1619840 1391
1619850 1391
1619860 1392
1619870 1393
1619880 1393
1619890 1393
1619900 1393
1619910 1392
1619920 1392
1619930 1391
1619940 1392
1619950 1392
1619960 1393
1619970 1393
1619980 1393
1619990 1393
