1600000 1303
1600010 1299
1600020 1299
1600030 1300
1600040 1287
1600050 1287
1600060 1280
1600070 1278
1600080 1278
1600090 1272
1600100 1269
1600110 1269
1600120 1272
1600130 1273
1600140 1273
1600150 1275
1600160 1275
1600170 1275
1600180 1275
1600190 1275
1600200 1275
1600210 1283
1600220 1281
1600230 1276
1600240 1276
1600250 1273
1600260 1269
1600270 1269
1600280 1264
1600290 1261
1600300 1261
1600310 1260
1600320 1258
1600330 1258
1600340 1257
1600350 1255
1600360 1255
1600370 1253
1600380 1252
1600390 1252
1600400 1253
1600410 1255
1600420 1261
1600430 1261
1600440 1268
1600450 1275
1600460 1275
1600470 1282
1600480 1290
1600490 1290
1600500 1298
1600510 1304
1600520 1304
1600530 1311
1600540 1317
1600550 1317
1600560 1323
1600570 1328
1600580 1328
1600590 1334
1600600 1339
1600610 1344
1600620 1344
1600630 1350
1600640 1355
1600650 1355
1600660 1359
1600670 1363
1600680 1363
1600690 1368
1600700 1371
1600710 1371
1600720 1375
1600730 1379
1600740 1379
1600750 1382
1600760 1385
1600770 1385
1600780 1389
1600790 1392
1600800 1392
1600810 1396
1600820 1399
1600830 1403
1600840 1403
1600850 1406
1600860 1409
1600870 1409
1600880 1412
1600890 1415
1600900 1415
1600910 1418
1600920 1421
1600930 1421
1600940 1425
1600950 1429
1600960 1429
1600970 1433
1600980 1436
1600990 1436
1601000 1439
1601010 1442
1601020 1445
1601030 1445
1601040 1447
1601050 1447
1601060 1447
1601070 1445
1601080 1443
1601090 1443
1601100 1441
1601110 1440
1601120 1440
1601130 1437
1601140 1436
1601150 1436
1601160 1433
1601170 1431
1601180 1431
1601190 1429
1601200 1426
1601210 1426
1601220 1423
1601230 1420
1601240 1418
1601250 1418
1601260 1415
1601270 1413
1601280 1413
1601290 1411
1601300 1406
1601310 1406
1601320 1403
1601330 1400
1601340 1400
1601350 1398
1601360 1395
1601370 1395
1601380 1391
1601390 1386
1601400 1386
1601410 1381
1601420 1376
1601430 1376
1601440 1373
1601450 1370
1601460 1366
1601470 1366
1601480 1362
1601490 1358
1601500 1358
1601510 1356
1601520 1355
1601530 1355
1601540 1354
1601550 1353
1601560 1353
1601570 1349
1601580 1345
1601590 1345
1601600 1342
1601610 1341
1601620 1341
1601630 1342
1601640 1345
1601650 1347
1601660 1347
1601670 1349
1601680 1352
1601690 1352
1601700 1354
1601710 1355
1601720 1355
1601730 1356
1601740 1351
1601750 1351
1601760 1344
1601770 1333
1601780 1333
1601790 1321
1601800 1311
1601810 1311
1601820 1303
1601830 1294
1601840 1294
1601850 1286
1601860 1279
1601870 1272
1601880 1272
1601890 1266
1601900 1262
1601910 1262
1601920 1257
1601930 1250
1601940 1250
1601950 1241
1601960 1232
1601970 1232
1601980 1221
1601990 1212
1602000 1212
1602010 1204
1602020 1196
1602030 1196
1602040 1189
1602050 1182
1602060 1177
1602070 1177
1602080 1171
1602090 1165
1602100 1165
1602110 1159
1602120 1153
1602130 1153
1602140 1147
1602150 1143
1602160 1143
1602170 1140
1602180 1139
1602190 1139
1602200 1136
1602210 1133
1602220 1133
1602230 1131
1602240 1129
1602250 1129
1602260 1127
1602270 1125
1602280 1125
1602290 1125
1602300 1128
1602310 1132
1602320 1132
1602330 1136
1602340 1140
1602350 1140
1602360 1145
1602370 1149
1602380 1154
1602390 1157
1602400 1161
1602410 1161
1602420 1163
1602430 1163
1602440 1163
1602450 1159
1602460 1153
1602470 1149
1602480 1149
1602490 1146
1602500 1143
1602510 1143
1602520 1141
1602530 1139
1602540 1139
1602550 1136
1602560 1133
1602570 1133
1602580 1130
1602590 1127
1602600 1127
1602610 1122
1602620 1118
1602630 1118
1602640 1112
1602650 1107
1602660 1107
1602670 1100
1602680 1092
1602690 1084
1602700 1084
1602710 1076
1602720 1065
1602730 1065
1602740 1056
1602750 1049
1602760 1049
1602770 1044
1602780 1040
1602790 1040
1602800 1036
1602810 1031
1602820 1031
1602830 1025
1602840 1017
1602850 1017
1602860 1008
1602870 1001
1602880 995
1602890 995
1602900 987
1602910 981
1602920 981
1602930 973
1602940 965
1602950 965
1602960 958
1602970 951
1602980 951
1602990 944
1603000 938
1603010 938
1603020 933
1603030 928
1603040 928
1603050 923
1603060 919
1603070 919
1603080 915
1603090 908
1603100 903
1603110 903
1603120 898
1603130 893
1603140 893
1603150 889
1603160 884
1603170 884
1603180 879
1603190 873
1603200 873
1603210 866
1603220 859
1603230 859
1603240 853
1603250 845
1603260 845
1603270 839
1603280 834
1603290 834
1603300 829
1603310 822
1603320 816
1603330 816
1603340 811
1603350 803
1603360 803
1603370 795
1603380 790
1603390 790
1603400 787
1603410 783
1603420 783
1603430 779
1603440 776
1603450 777
1603460 773
1603470 771
1603480 771
1603490 769
1603500 769
1603510 768
1603520 768
1603530 765
1603540 758
1603550 758
1603560 755
1603570 755
1603580 755
1603590 755
1603600 754
1603610 754
1603620 754
1603630 753
1603640 753
1603650 752
1603660 751
1603670 751
1603680 747
1603690 740
1603700 740
1603710 734
1603720 732
1603730 732
1603740 732
1603750 732
1603760 730
1603770 730
1603780 731
1603790 732
1603800 732
1603810 732
1603820 732
1603830 732
1603840 732
1603850 733
1603860 733
1603870 732
1603880 732
1603890 732
1603900 731
1603910 732
1603920 735
1603930 735
1603940 739
1603950 743
1603960 743
1603970 746
1603980 750
1603990 750
1604000 753
1604010 756
1604020 756
1604030 759
1604040 762
1604050 762
1604060 764
1604070 766
1604080 766
1604090 768
1604100 772
1604110 772
1604120 776
1604130 782
1604140 790
1604150 790
1604160 795
1604170 796
1604180 796
1604190 798
1604200 800
1604210 800
1604220 803
1604230 806
1604240 806
1604250 811
1604260 814
1604270 814
1604280 815
1604290 815
1604300 815
1604310 815
1604320 817
1604330 819
1604340 819
1604350 821
1604360 822
1604370 822
1604380 824
1604390 824
1604400 824
1604410 826
1604420 830
1604430 830
1604440 836
1604450 841
1604460 841
1604470 845
1604480 848
1604490 848
1604500 850
1604510 852
1604520 851
1604530 855
1604540 859
1604550 860
1604560 860
1604570 862
1604580 864
1604590 864
1604600 865
1604610 867
1604620 867
1604630 869
1604640 872
1604650 872
1604660 874
1604670 877
1604680 877
1604690 881
1604700 884
1604710 884
1604720 887
1604730 889
1604740 892
1604750 892
1604760 895
1604770 898
1604780 898
1604790 902
1604800 906
1604810 906
1604820 909
1604830 913
1604840 913
1604850 918
1604860 922
1604870 922
1604880 928
1604890 936
1604900 936
1604910 940
1604920 943
1604930 943
1604940 947
1604950 950
1604960 952
1604970 952
1604980 954
1604990 957
1605000 957
1605010 959
1605020 963
1605030 963
1605040 967
1605050 971
1605060 971
1605070 973
1605080 975
1605090 975
1605100 977
1605110 978
1605120 978
1605130 979
1605140 983
1605150 983
1605160 987
1605170 989
1605180 992
1605190 992
1605200 994
1605210 996
1605220 996
1605230 997
1605240 998
1605250 998
1605260 999
1605270 1000
1605280 1000
1605290 1002
1605300 1004
1605310 1004
1605320 1007
1605330 1010
1605340 1010
1605350 1014
1605360 1018
1605370 1021
1605380 1021
1605390 1024
1605400 1027
1605410 1027
1605420 1029
1605430 1034
1605440 1034
1605450 1039
1605460 1042
1605470 1042
1605480 1046
1605490 1048
1605500 1048
1605510 1051
1605520 1054
1605530 1054
1605540 1058
1605550 1062
1605560 1062
1605570 1063
1605580 1069
1605590 1075
1605600 1075
1605610 1080
1605620 1084
1605630 1084
1605640 1090
1605650 1096
1605660 1096
1605670 1097
1605680 1099
1605690 1099
1605700 1102
1605710 1106
1605720 1106
1605730 1108
1605740 1110
1605750 1110
1605760 1111
1605770 1113
1605780 1115
1605790 1115
1605800 1117
1605810 1119
1605820 1119
1605830 1122
1605840 1125
1605850 1125
1605860 1129
1605870 1132
1605880 1132
1605890 1135
1605900 1137
1605910 1137
1605920 1139
1605930 1142
1605940 1142
1605950 1144
1605960 1146
1605970 1146
1605980 1149
1605990 1153
1606000 1158
1606010 1158
1606020 1161
1606030 1162
1606040 1162
1606050 1164
1606060 1166
1606070 1166
1606080 1168
1606090 1170
1606100 1170
1606110 1174
1606120 1177
1606130 1177
1606140 1182
1606150 1187
1606160 1187
1606170 1192
1606180 1198
1606190 1203
1606200 1203
1606210 1207
1606220 1211
1606230 1211
1606240 1215
1606250 1220
1606260 1220
1606270 1225
1606280 1230
1606290 1230
1606300 1235
1606310 1241
1606320 1241
1606330 1246
1606340 1249
1606350 1249
1606360 1252
1606370 1252
1606380 1252
1606390 1252
1606400 1252
1606410 1250
1606420 1250
1606430 1248
1606440 1245
1606450 1245
1606460 1243
1606470 1240
1606480 1240
1606490 1237
1606500 1233
1606510 1233
1606520 1228
1606530 1224
1606540 1224
1606550 1219
1606560 1214
1606570 1214
1606580 1210
1606590 1205
1606600 1201
1606610 1201
1606620 1198
1606630 1194
1606640 1194
1606650 1190
1606660 1187
1606670 1187
1606680 1184
1606690 1181
1606700 1181
1606710 1178
1606720 1174
1606730 1174
1606740 1172
1606750 1170
1606760 1170
1606770 1167
1606780 1164
1606790 1164
1606800 1162
1606810 1161
1606820 1158
1606830 1158
1606840 1156
1606850 1154
1606860 1154
1606870 1152
1606880 1149
1606890 1149
1606900 1146
1606910 1144
1606920 1144
1606930 1141
1606940 1138
1606950 1138
1606960 1136
1606970 1135
1606980 1135
1606990 1133
1607000 1130
1607010 1130
1607020 1127
1607030 1126
1607040 1124
1607050 1124
1607060 1121
1607070 1119
1607080 1119
1607090 1116
1607100 1112
1607110 1112
1607120 1109
1607130 1105
1607140 1105
1607150 1102
1607160 1099
1607170 1099
1607180 1096
1607190 1093
1607200 1093
1607210 1090
1607220 1087
1607230 1085
1607240 1085
1607250 1083
1607260 1081
1607270 1081
1607280 1080
1607290 1078
1607300 1078
1607310 1076
1607320 1074
1607330 1074
1607340 1072
1607350 1070
1607360 1070
1607370 1068
1607380 1066
1607390 1066
1607400 1064
1607410 1062
1607420 1062
1607430 1060
1607440 1058
1607450 1056
1607460 1056
1607470 1054
1607480 1053
1607490 1053
1607500 1050
1607510 1047
1607520 1047
1607530 1041
1607540 1037
1607550 1037
1607560 1037
1607570 1040
1607580 1040
1607590 1041
1607600 1041
1607610 1041
1607620 1042
1607630 1044
1607640 1044
1607650 1044
1607660 1046
1607670 1049
1607680 1049
1607690 1051
1607700 1052
1607710 1052
1607720 1053
1607730 1055
1607740 1055
1607750 1057
1607760 1058
1607770 1058
1607780 1060
1607790 1061
1607800 1061
1607810 1062
1607820 1062
1607830 1062
1607840 1063
1607850 1064
1607860 1065
1607870 1065
1607880 1066
1607890 1066
1607900 1066
1607910 1066
1607920 1066
1607930 1066
1607940 1065
1607950 1065
1607960 1065
1607970 1064
1607980 1062
1607990 1062
1608000 1058
1608010 1055
1608020 1055
1608030 1051
1608040 1048
1608050 1045
1608060 1045
1608070 1042
1608080 1039
1608090 1039
1608100 1037
1608110 1036
1608120 1036
1608130 1037
1608140 1038
1608150 1038
1608160 1036
1608170 1034
1608180 1034
1608190 1035
1608200 1034
1608210 1034
1608220 1031
1608230 1030
1608240 1030
1608250 1028
1608260 1031
1608270 1035
1608280 1035
1608290 1039
1608300 1043
1608310 1043
1608320 1044
1608330 1047
1608340 1047
1608350 1049
1608360 1052
1608370 1052
1608380 1054
1608390 1057
1608400 1057
1608410 1059
1608420 1061
1608430 1061
1608440 1063
1608450 1065
1608460 1067
1608470 1067
1608480 1070
1608490 1072
1608500 1072
1608510 1074
1608520 1077
1608530 1077
1608540 1079
1608550 1081
1608560 1081
1608570 1082
1608580 1084
1608590 1084
1608600 1086
1608610 1089
1608620 1089
1608630 1090
1608640 1092
1608650 1092
1608660 1093
1608670 1093
1608680 1095
1608690 1095
1608700 1096
1608710 1098
1608720 1098
1608730 1099
1608740 1100
1608750 1100
1608760 1100
1608770 1101
1608780 1101
1608790 1102
1608800 1102
1608810 1102
1608820 1102
1608830 1103
1608840 1103
1608850 1103
1608860 1103
1608870 1103
1608880 1102
1608890 1102
1608900 1102
1608910 1102
1608920 1102
1608930 1102
1608940 1102
1608950 1101
1608960 1100
1608970 1100
1608980 1099
1608990 1099
1609000 1099
1609010 1099
1609020 1098
1609030 1098
1609040 1097
1609050 1097
1609060 1097
1609070 1097
1609080 1097
1609090 1097
1609100 1097
1609110 1097
1609120 1097
1609130 1097
1609140 1098
1609150 1099
1609160 1099
1609170 1100
1609180 1100
1609190 1100
1609200 1099
1609210 1099
1609220 1099
1609230 1098
1609240 1098
1609250 1098
1609260 1097
1609270 1097
1609280 1097
1609290 1097
1609300 1097
1609310 1096
1609320 1096
1609330 1096
1609340 1095
1609350 1095
1609360 1097
1609370 1101
1609380 1101
1609390 1104
1609400 1107
1609410 1107
1609420 1110
1609430 1111
1609440 1111
1609450 1113
1609460 1116
1609470 1116
1609480 1119
1609490 1122
1609500 1124
1609510 1124
1609520 1127
1609530 1129
1609540 1129
1609550 1132
1609560 1135
1609570 1135
1609580 1137
1609590 1138
1609600 1138
1609610 1138
1609620 1136
1609630 1136
1609640 1135
1609650 1133
1609660 1133
1609670 1130
1609680 1125
1609690 1125
1609700 1122
1609710 1119
1609720 1118
1609730 1118
1609740 1117
1609750 1116
1609760 1116
1609770 1116
1609780 1116
1609790 1116
1609800 1116
1609810 1116
1609820 1116
1609830 1115
1609840 1115
1609850 1115
1609860 1114
1609870 1114
1609880 1114
1609890 1113
1609900 1112
1609910 1111
1609920 1111
1609930 1111
1609940 1111
1609950 1111
1609960 1112
1609970 1113
1609980 1113
1609990 1114
1610000 1114
1610010 1114
1610020 1113
1610030 1112
1610040 1112
1610050 1113
1610060 1113
1610070 1113
1610080 1113
1610090 1112
1610100 1112
1610110 1112
1610120 1110
1610130 1106
1610140 1106
1610150 1105
1610160 1104
1610170 1104
1610180 1104
1610190 1103
1610200 1103
1610210 1102
1610220 1102
1610230 1102
1610240 1102
1610250 1101
1610260 1101
1610270 1100
1610280 1100
1610290 1100
1610300 1101
1610310 1102
1610320 1102
1610330 1103
1610340 1104
1610350 1106
1610360 1106
1610370 1107
1610380 1107
1610390 1107
1610400 1109
1610410 1111
1610420 1111
1610430 1114
1610440 1115
1610450 1115
1610460 1117
1610470 1118
1610480 1118
1610490 1120
1610500 1122
1610510 1122
1610520 1123
1610530 1124
1610540 1125
1610550 1125
1610560 1126
1610570 1127
1610580 1127
1610590 1129
1610600 1130
1610610 1130
1610620 1131
1610630 1132
1610640 1132
1610650 1132
1610660 1132
1610670 1132
1610680 1132
1610690 1126
1610700 1126
1610710 1125
1610720 1124
1610730 1124
1610740 1123
1610750 1122
1610760 1121
1610770 1121
1610780 1122
1610790 1123
1610800 1123
1610810 1123
1610820 1123
1610830 1123
1610840 1124
1610850 1124
1610860 1124
1610870 1126
1610880 1129
1610890 1129
1610900 1134
1610910 1139
1610920 1139
1610930 1144
1610940 1149
1610950 1153
1610960 1153
1610970 1156
1610980 1160
1610990 1160
1611000 1160
1611010 1156
1611020 1156
1611030 1151
1611040 1146
1611050 1146
1611060 1141
1611070 1137
1611080 1137
1611090 1134
1611100 1131
1611110 1131
1611120 1129
1611130 1130
1611140 1130
1611150 1132
1611160 1131
1611170 1128
1611180 1128
1611190 1125
1611200 1122
1611210 1122
1611220 1117
1611230 1113
1611240 1113
1611250 1110
1611260 1109
1611270 1109
1611280 1107
1611290 1105
1611300 1105
1611310 1104
1611320 1103
1611330 1103
1611340 1102
1611350 1101
1611360 1100
1611370 1100
1611380 1100
1611390 1100
1611400 1100
1611410 1101
1611420 1101
1611430 1101
1611440 1102
1611450 1103
1611460 1103
1611470 1104
1611480 1104
1611490 1104
1611500 1104
1611510 1103
1611520 1103
1611530 1101
1611540 1098
1611550 1098
1611560 1096
1611570 1093
1611580 1091
1611590 1091
1611600 1089
1611610 1087
1611620 1087
1611630 1085
1611640 1082
1611650 1082
1611660 1080
1611670 1078
1611680 1078
1611690 1074
1611700 1071
1611710 1071
1611720 1069
1611730 1067
1611740 1067
1611750 1065
1611760 1062
1611770 1059
1611780 1059
1611790 1057
1611800 1054
1611810 1054
1611820 1052
1611830 1050
1611840 1050
1611850 1049
1611860 1048
1611870 1048
1611880 1047
1611890 1045
1611900 1045
1611910 1042
1611920 1039
1611930 1039
1611940 1035
1611950 1031
1611960 1031
1611970 1026
1611980 1022
1611990 1018
1612000 1018
1612010 1016
1612020 1014
1612030 1014
1612040 1011
1612050 1009
1612060 1009
1612070 1006
1612080 1004
1612090 1004
1612100 1002
1612110 1000
1612120 1000
1612130 997
1612140 996
1612150 996
1612160 994
1612170 993
1612180 993
1612190 991
1612200 989
1612210 985
1612220 985
1612230 983
1612240 980
1612250 980
1612260 978
1612270 978
1612280 978
1612290 977
1612300 977
1612310 977
1612320 977
1612330 977
1612340 977
1612350 977
1612360 977
1612370 977
1612380 977
1612390 976
1612400 976
1612410 976
1612420 976
1612430 976
1612440 976
1612450 976
1612460 976
1612470 976
1612480 976
1612490 976
1612500 976
1612510 975
1612520 975
1612530 975
1612540 975
1612550 975
1612560 975
1612570 975
1612580 974
1612590 974
1612600 974
1612610 973
1612620 973
1612630 973
1612640 973
1612650 972
1612660 972
1612670 972
1612680 972
1612690 971
1612700 971
1612710 971
1612720 971
1612730 971
1612740 970
1612750 970
1612760 969
1612770 969
1612780 969
1612790 969
1612800 968
1612810 968
1612820 968
1612830 967
1612840 967
1612850 967
1612860 967
1612870 966
1612880 966
1612890 966
1612900 966
1612910 966
1612920 966
1612930 966
1612940 966
1612950 966
1612960 965
1612970 965
1612980 965
1612990 964
1613000 964
1613010 964
1613020 965
1613030 965
1613040 965
1613050 965
1613060 965
1613070 965
1613080 965
1613090 965
1613100 965
1613110 966
1613120 966
1613130 966
1613140 966
1613150 966
1613160 966
1613170 967
1613180 968
1613190 968
1613200 968
1613210 968
1613220 969
1613230 969
1613240 970
1613250 971
1613260 971
1613270 972
1613280 976
1613290 976
1613300 982
1613310 988
1613320 988
1613330 994
1613340 1006
1613350 1006
1613360 1016
1613370 1020
1613380 1020
1613390 1023
1613400 1025
1613410 1025
1613420 1028
1613430 1031
1613440 1034
1613450 1034
1613460 1037
1613470 1040
1613480 1040
1613490 1043
1613500 1046
1613510 1046
1613520 1048
1613530 1049
1613540 1049
1613550 1051
1613560 1052
1613570 1052
1613580 1052
1613590 1051
1613600 1051
1613610 1051
1613620 1050
1613630 1050
1613640 1051
1613650 1051
1613660 1052
1613670 1058
1613680 1057
1613690 1057
1613700 1057
1613710 1056
1613720 1053
1613730 1053
1613740 1049
1613750 1043
1613760 1043
1613770 1039
1613780 1036
1613790 1036
1613800 1035
1613810 1033
1613820 1033
1613830 1032
1613840 1033
1613850 1035
1613860 1035
1613870 1036
1613880 1037
1613890 1037
1613900 1039
1613910 1040
1613920 1040
1613930 1042
1613940 1044
1613950 1044
1613960 1046
1613970 1048
1613980 1048
1613990 1049
1614000 1049
1614010 1049
1614020 1049
1614030 1050
1614040 1050
1614050 1049
1614060 1049
1614070 1049
1614080 1049
1614090 1051
1614100 1053
1614110 1053
1614120 1055
1614130 1056
1614140 1056
1614150 1058
1614160 1058
1614170 1058
1614180 1058
1614190 1058
1614200 1058
1614210 1056
1614220 1053
1614230 1053
1614240 1050
1614250 1048
1614260 1048
1614270 1048
1614280 1047
1614290 1045
1614300 1045
1614310 1043
1614320 1041
1614330 1041
1614340 1039
1614350 1038
1614360 1038
1614370 1036
1614380 1034
1614390 1034
1614400 1032
1614410 1031
1614420 1031
1614430 1029
1614440 1026
1614450 1026
1614460 1024
1614470 1020
1614480 1018
1614490 1018
1614500 1015
1614510 1013
1614520 1013
1614530 1009
1614540 1005
1614550 1005
1614560 1000
1614570 995
1614580 995
1614590 990
1614600 986
1614610 986
1614620 983
1614630 982
1614640 982
1614650 980
1614660 979
1614670 978
1614680 978
1614690 975
1614700 971
1614710 971
1614720 966
1614730 961
1614740 961
1614750 957
1614760 954
1614770 954
1614780 952
1614790 950
1614800 950
1614810 948
1614820 946
1614830 946
1614840 944
1614850 942
1614860 942
1614870 940
1614880 940
1614890 938
1614900 938
1614910 937
1614920 935
1614930 935
1614940 934
1614950 932
1614960 932
1614970 931
1614980 931
1614990 931
1615000 930
1615010 930
1615020 930
1615030 930
1615040 929
1615050 929
1615060 929
1615070 929
1615080 929
1615090 929
1615100 930
1615110 933
1615120 933
1615130 935
1615140 937
1615150 937
1615160 937
1615170 934
1615180 934
1615190 931
1615200 930
1615210 930
1615220 931
1615230 934
1615240 934
1615250 938
1615260 943
1615270 943
1615280 944
1615290 943
1615300 940
1615310 940
1615320 935
1615330 931
1615340 931
1615350 928
1615360 927
1615370 927
1615380 927
1615390 927
1615400 927
1615410 927
1615420 927
1615430 927
1615440 927
1615450 927
1615460 927
1615470 927
1615480 927
1615490 927
1615500 926
1615510 926
1615520 926
1615530 926
1615540 926
1615550 926
1615560 926
1615570 926
1615580 926
1615590 926
1615600 926
1615610 926
1615620 926
1615630 926
1615640 926
1615650 926
1615660 926
1615670 926
1615680 926
1615690 926
1615700 926
1615710 926
1615720 926
1615730 926
1615740 926
1615750 926
1615760 926
1615770 926
1615780 926
1615790 926
1615800 926
1615810 926
1615820 926
1615830 926
1615840 926
1615850 926
1615860 926
1615870 926
1615880 926
1615890 926
1615900 926
1615910 926
1615920 926
1615930 926
1615940 926
1615950 926
1615960 926
1615970 926
1615980 926
1615990 926
1616000 926
1616010 926
1616020 927
1616030 927
1616040 930
1616050 933
1616060 933
1616070 934
1616080 937
1616090 937
1616100 938
1616110 940
1616120 942
1616130 942
1616140 945
1616150 949
1616160 949
1616170 954
1616180 957
1616190 957
1616200 962
1616210 969
1616220 969
1616230 974
1616240 977
1616250 977
1616260 980
1616270 983
1616280 983
1616290 987
1616300 991
1616310 991
1616320 995
1616330 998
1616340 1002
1616350 1002
1616360 1006
1616370 1011
1616380 1011
1616390 1017
1616400 1020
1616410 1020
1616420 1022
1616430 1024
1616440 1024
1616450 1026
1616460 1030
1616470 1030
1616480 1032
1616490 1033
1616500 1033
1616510 1034
1616520 1034
1616530 1035
1616540 1035
1616550 1036
1616560 1036
1616570 1036
1616580 1037
1616590 1037
1616600 1037
1616610 1037
1616620 1037
1616630 1037
1616640 1035
1616650 1034
1616660 1034
1616670 1033
1616680 1034
1616690 1034
1616700 1037
1616710 1039
1616720 1039
1616730 1041
1616740 1042
1616750 1042
1616760 1042
1616770 1043
1616780 1045
1616790 1045
1616800 1045
1616810 1045
1616820 1045
1616830 1046
1616840 1047
1616850 1047
1616860 1048
1616870 1048
1616880 1048
1616890 1045
1616900 1043
1616910 1043
1616920 1042
1616930 1040
1616940 1040
1616950 1040
1616960 1039
1616970 1039
1616980 1039
1616990 1039
1617000 1039
1617010 1039
1617020 1039
1617030 1040
1617040 1040
1617050 1040
1617060 1040
1617070 1040
1617080 1040
1617090 1041
1617100 1041
1617110 1042
1617120 1043
1617130 1043
1617140 1045
1617150 1046
1617160 1047
1617170 1047
1617180 1049
1617190 1053
1617200 1053
1617210 1054
1617220 1057
1617230 1057
1617240 1062
1617250 1062
1617260 1062
1617270 1063
1617280 1063
1617290 1063
1617300 1064
1617310 1065
1617320 1065
1617330 1067
1617340 1068
1617350 1068
1617360 1070
1617370 1071
1617380 1072
1617390 1072
1617400 1072
1617410 1072
1617420 1072
1617430 1073
1617440 1074
1617450 1074
1617460 1075
1617470 1076
1617480 1076
1617490 1077
1617500 1078
1617510 1078
1617520 1079
1617530 1079
1617540 1084
1617550 1084
1617560 1083
1617570 1082
1617580 1082
1617590 1081
1617600 1080
1617610 1080
1617620 1079
1617630 1079
1617640 1079
1617650 1079
1617660 1079
1617670 1079
1617680 1077
1617690 1074
1617700 1074
1617710 1071
1617720 1067
1617730 1067
1617740 1062
1617750 1067
1617760 1067
1617770 1073
1617780 1074
1617790 1074
1617800 1074
1617810 1073
1617820 1067
1617830 1067
1617840 1060
1617850 1058
1617860 1058
1617870 1063
1617880 1068
1617890 1068
1617900 1073
1617910 1077
1617920 1077
1617930 1080
1617940 1083
1617950 1083
1617960 1085
1617970 1087
1617980 1088
1617990 1088
1618000 1089
1618010 1090
1618020 1090
1618030 1091
1618040 1092
1618050 1092
1618060 1093
1618070 1094
1618080 1094
1618090 1096
1618100 1097
1618110 1097
1618120 1098
1618130 1098
1618140 1098
1618150 1097
1618160 1101
1618170 1101
1618180 1108
1618190 1111
1618200 1114
1618210 1114
1618220 1115
1618230 1117
1618240 1117
1618250 1119
1618260 1121
1618270 1121
1618280 1122
1618290 1125
1618300 1125
1618310 1127
1618320 1130
1618330 1130
1618340 1132
1618350 1134
1618360 1134
1618370 1136
1618380 1137
1618390 1137
1618400 1138
1618410 1138
1618420 1138
1618430 1138
1618440 1138
1618450 1139
1618460 1139
1618470 1141
1618480 1142
1618490 1145
1618500 1147
1618510 1150
1618520 1150
1618530 1152
1618540 1155
1618550 1155
1618560 1157
1618570 1160
1618580 1160
1618590 1162
1618600 1163
1618610 1165
1618620 1165
1618630 1165
1618640 1166
1618650 1166
1618660 1165
1618670 1163
1618680 1163
1618690 1161
1618700 1161
1618710 1161
1618720 1161
1618730 1159
1618740 1159
1618750 1157
1618760 1158
1618770 1158
1618780 1161
1618790 1160
1618800 1160
1618810 1156
1618820 1158
1618830 1161
1618840 1161
1618850 1160
1618860 1157
1618870 1157
1618880 1161
1618890 1166
1618900 1166
1618910 1170
1618920 1170
1618930 1170
1618940 1167
1618950 1167
1618960 1167
1618970 1166
1618980 1166
1618990 1166
1619000 1168
1619010 1168
1619020 1168
1619030 1168
1619040 1170
1619050 1173
1619060 1173
1619070 1178
1619080 1181
1619090 1181
1619100 1180
1619110 1180
1619120 1180
1619130 1178
1619140 1174
1619150 1174
1619160 1168
1619170 1161
1619180 1161
1619190 1164
1619200 1170
1619210 1170
1619220 1172
1619230 1172
1619240 1173
1619250 1173
1619260 1177
1619270 1181
1619280 1181
1619290 1180
1619300 1181
1619310 1181
1619320 1182
1619330 1182
1619340 1182
1619350 1180
1619360 1179
1619370 1179
1619380 1180
1619390 1181
1619400 1181
1619410 1182
1619420 1184
1619430 1188
1619440 1188
1619450 1193
1619460 1196
1619470 1196
1619480 1199
1619490 1203
1619500 1203
1619510 1205
1619520 1205
1619530 1205
1619540 1205
1619550 1206
1619560 1206
1619570 1209
1619580 1211
1619590 1211
1619600 1213
1619610 1216
1619620 1216
1619630 1219
1619640 1223
1619650 1227
1619660 1227
1619670 1231
1619680 1235
1619690 1235
1619700 1238
1619710 1240
1619720 1240
1619730 1244
1619740 1248
1619750 1248
1619760 1252
1619770 1257
1619780 1257
1619790 1261
1619800 1265
1619810 1265
1619820 1269
1619830 1273
1619840 1273
1619850 1275
1619860 1277
1619870 1281
1619880 1281
1619890 1283
1619900 1284
1619910 1284
1619920 1287
1619930 1290
1619940 1290
1619950 1293
1619960 1295
1619970 1295
1619980 1297
1619990 1298
