1600000 1443
1600010 1443
1600020 1439
1600030 1435
1600040 1435
1600050 1431
1600060 1426
1600070 1426
1600080 1421
1600090 1420
1600100 1420
1600110 1419
1600120 1416
1600130 1416
1600140 1413
1600150 1408
1600160 1404
1600170 1404
1600180 1401
1600190 1397
1600200 1397
1600210 1394
1600220 1391
1600230 1391
1600240 1388
1600250 1385
1600260 1385
1600270 1381
1600280 1377
1600290 1377
1600300 1373
1600310 1370
1600320 1370
1600330 1366
1600340 1361
1600350 1361
1600360 1356
1600370 1351
1600380 1347
1600390 1347
1600400 1342
1600410 1337
1600420 1337
1600430 1332
1600440 1327
1600450 1327
1600460 1323
1600470 1318
1600480 1318
1600490 1313
1600500 1309
1600510 1309
1600520 1305
1600530 1301
1600540 1301
1600550 1298
1600560 1295
1600570 1292
1600580 1292
1600590 1290
1600600 1287
1600610 1287
1600620 1284
1600630 1281
1600640 1281
1600650 1276
1600660 1272
1600670 1272
1600680 1269
1600690 1268
1600700 1268
1600710 1265
1600720 1260
1600730 1260
1600740 1256
1600750 1250
1600760 1250
1600770 1246
1600780 1245
1600790 1243
1600800 1243
1600810 1243
1600820 1241
1600830 1241
1600840 1239
1600850 1238
1600860 1238
1600870 1239
1600880 1238
1600890 1238
1600900 1240
1600910 1240
1600920 1240
1600930 1240
1600940 1240
1600950 1240
1600960 1241
1600970 1241
1600980 1241
1600990 1242
1601000 1243
1601010 1244
1601020 1244
1601030 1245
1601040 1245
1601050 1245
1601060 1246
1601070 1247
1601080 1247
1601090 1247
1601100 1248
1601110 1248
1601120 1249
1601130 1250
1601140 1250
1601150 1250
1601160 1250
1601170 1250
1601180 1250
1601190 1250
1601200 1250
1601210 1250
1601220 1250
1601230 1249
1601240 1249
1601250 1248
1601260 1247
1601270 1247
1601280 1247
1601290 1247
1601300 1247
1601310 1247
1601320 1247
1601330 1247
1601340 1247
1601350 1247
1601360 1247
1601370 1247
1601380 1246
1601390 1246
1601400 1247
1601410 1247
1601420 1247
1601430 1247
1601440 1248
1601450 1250
1601460 1250
1601470 1251
1601480 1252
1601490 1252
1601500 1253
1601510 1253
1601520 1253
1601530 1252
1601540 1251
1601550 1251
1601560 1250
1601570 1249
1601580 1249
1601590 1250
1601600 1250
1601610 1248
1601620 1248
1601630 1244
1601640 1240
1601650 1240
1601660 1235
1601670 1229
1601680 1229
1601690 1226
1601700 1224
1601710 1224
1601720 1222
1601730 1220
1601740 1220
1601750 1219
1601760 1217
1601770 1217
1601780 1215
1601790 1213
1601800 1213
1601810 1211
1601820 1209
1601830 1206
1601840 1206
1601850 1203
1601860 1200
1601870 1200
1601880 1199
1601890 1197
1601900 1197
1601910 1198
1601920 1199
1601930 1199
1601940 1200
1601950 1201
1601960 1201
1601970 1202
1601980 1203
1601990 1203
1602000 1205
1602010 1207
1602020 1207
1602030 1209
1602040 1212
1602050 1213
1602060 1213
1602070 1216
1602080 1217
1602090 1217
1602100 1219
1602110 1220
1602120 1220
1602130 1222
1602140 1223
1602150 1223
1602160 1225
1602170 1226
1602180 1226
1602190 1227
1602200 1229
1602210 1229
1602220 1230
1602230 1230
1602240 1232
1602250 1232
1602260 1233
1602270 1235
1602280 1235
1602290 1237
1602300 1240
1602310 1240
1602320 1243
1602330 1247
1602340 1247
1602350 1249
1602360 1251
1602370 1251
1602380 1253
1602390 1257
1602400 1257
1602410 1262
1602420 1265
1602430 1265
1602440 1268
1602450 1271
1602460 1273
1602470 1273
1602480 1274
1602490 1275
1602500 1275
1602510 1276
1602520 1277
1602530 1277
1602540 1278
1602550 1280
1602560 1280
1602570 1282
1602580 1285
1602590 1285
1602600 1287
1602610 1289
1602620 1289
1602630 1291
1602640 1295
1602650 1299
1602660 1299
1602670 1300
1602680 1299
1602690 1299
1602700 1299
1602710 1297
1602720 1297
1602730 1296
1602740 1296
1602750 1296
1602760 1296
1602770 1297
1602780 1297
1602790 1298
1602800 1299
1602810 1299
1602820 1300
1602830 1301
1602840 1301
1602850 1303
1602860 1306
1602870 1308
1602880 1308
1602890 1308
1602900 1307
1602910 1307
1602920 1307
1602930 1306
1602940 1306
1602950 1306
1602960 1307
1602970 1307
1602980 1306
1602990 1303
1603000 1303
1603010 1300
1603020 1297
1603030 1297
1603040 1295
1603050 1293
1603060 1293
1603070 1292
1603080 1290
1603090 1288
1603100 1288
1603110 1285
1603120 1282
1603130 1282
1603140 1274
1603150 1268
1603160 1268
1603170 1265
1603180 1266
1603190 1266
1603200 1262
1603210 1253
1603220 1253
1603230 1239
1603240 1233
1603250 1233
1603260 1227
1603270 1221
1603280 1215
1603290 1215
1603300 1207
1603310 1202
1603320 1202
1603330 1194
1603340 1185
1603350 1185
1603360 1178
1603370 1171
1603380 1171
1603390 1164
1603400 1155
1603410 1155
1603420 1148
1603430 1139
1603440 1139
1603450 1130
1603460 1121
1603470 1121
1603480 1116
1603490 1112
1603500 1108
1603510 1108
1603520 1103
1603530 1097
1603540 1097
1603550 1091
1603560 1086
1603570 1086
1603580 1079
1603590 1074
1603600 1074
1603610 1069
1603620 1062
1603630 1062
1603640 1054
1603650 1046
1603660 1046
1603670 1038
1603680 1031
1603690 1023
1603700 1023
1603710 1015
1603720 1007
1603730 1007
1603740 999
1603750 994
1603760 994
1603770 990
1603780 985
1603790 985
1603800 979
1603810 974
1603820 974
1603830 968
1603840 964
1603850 964
1603860 961
1603870 958
1603880 959
1603890 956
1603900 954
1603910 952
1603920 952
1603930 950
1603940 946
1603950 946
1603960 941
1603970 938
1603980 938
1603990 936
1604000 935
1604010 935
1604020 931
1604030 922
1604040 922
1604050 916
1604060 911
1604070 911
1604080 906
1604090 900
1604100 900
1604110 895
1604120 888
1604130 882
1604140 882
1604150 875
1604160 868
1604170 868
1604180 862
1604190 857
1604200 857
1604210 849
1604220 843
1604230 843
1604240 837
1604250 831
1604260 831
1604270 824
1604280 816
1604290 816
1604300 807
1604310 799
1604320 790
1604330 790
1604340 783
1604350 777
1604360 777
1604370 770
1604380 761
1604390 761
1604400 754
1604410 747
1604420 747
1604430 741
1604440 740
1604450 740
1604460 739
1604470 739
1604480 739
1604490 738
1604500 738
1604510 738
1604520 738
1604530 738
1604540 738
1604550 738
1604560 738
1604570 738
1604580 738
1604590 738
1604600 738
1604610 738
1604620 738
1604630 738
1604640 738
1604650 738
1604660 737
1604670 737
1604680 738
1604690 738
1604700 738
1604710 739
1604720 740
1604730 743
1604740 743
1604750 744
1604760 749
1604770 749
1604780 754
1604790 759
1604800 759
1604810 763
1604820 767
1604830 767
1604840 771
1604850 774
1604860 774
1604870 777
1604880 779
1604890 779
1604900 783
1604910 788
1604920 788
1604930 792
1604940 798
1604950 805
1604960 805
1604970 813
1604980 821
1604990 821
1605000 826
1605010 832
1605020 832
1605030 838
1605040 843
1605050 843
1605060 848
1605070 854
1605080 854
1605090 861
1605100 868
1605110 868
1605120 872
1605130 875
1605140 875
1605150 878
1605160 881
1605170 884
1605180 884
1605190 888
1605200 892
1605210 892
1605220 895
1605230 898
1605240 898
1605250 900
1605260 903
1605270 903
1605280 903
1605290 904
1605300 904
1605310 905
1605320 906
1605330 906
1605340 906
1605350 905
1605360 905
1605370 905
1605380 906
1605390 908
1605400 908
1605410 913
1605420 918
1605430 918
1605440 920
1605450 923
1605460 923
1605470 925
1605480 927
1605490 927
1605500 929
1605510 934
1605520 934
1605530 940
1605540 947
1605550 947
1605560 950
1605570 952
1605580 952
1605590 952
1605600 953
1605610 954
1605620 954
1605630 955
1605640 958
1605650 958
1605660 962
1605670 964
1605680 964
1605690 964
1605700 967
1605710 967
1605720 971
1605730 976
1605740 976
1605750 982
1605760 984
1605770 983
1605780 983
1605790 985
1605800 990
1605810 990
1605820 993
1605830 996
1605840 996
1605850 998
1605860 1001
1605870 1001
1605880 1002
1605890 1004
1605900 1004
1605910 1006
1605920 1007
1605930 1007
1605940 1009
1605950 1010
1605960 1010
1605970 1013
1605980 1015
1605990 1018
1606000 1018
1606010 1020
1606020 1022
1606030 1022
1606040 1024
1606050 1026
1606060 1026
1606070 1028
1606080 1031
1606090 1031
1606100 1034
1606110 1038
1606120 1038
1606130 1040
1606140 1044
1606150 1044
1606160 1049
1606170 1055
1606180 1055
1606190 1060
1606200 1063
1606210 1066
1606220 1066
1606230 1071
1606240 1076
1606250 1076
1606260 1082
1606270 1087
1606280 1087
1606290 1092
1606300 1099
1606310 1099
1606320 1105
1606330 1108
1606340 1108
1606350 1110
1606360 1113
1606370 1113
1606380 1117
1606390 1119
1606400 1123
1606410 1123
1606420 1129
1606430 1132
1606440 1132
1606450 1133
1606460 1133
1606470 1133
1606480 1131
1606490 1128
1606500 1128
1606510 1126
1606520 1125
1606530 1125
1606540 1125
1606550 1124
1606560 1124
1606570 1124
1606580 1123
1606590 1123
1606600 1123
1606610 1123
1606620 1122
1606630 1122
1606640 1123
1606650 1123
1606660 1123
1606670 1123
1606680 1123
1606690 1123
1606700 1123
1606710 1122
1606720 1122
1606730 1121
1606740 1118
1606750 1118
1606760 1115
1606770 1111
1606780 1111
1606790 1108
1606800 1104
1606810 1102
1606820 1102
1606830 1100
1606840 1099
1606850 1099
1606860 1098
1606870 1097
1606880 1097
1606890 1095
1606900 1094
1606910 1094
1606920 1092
1606930 1090
1606940 1090
1606950 1088
1606960 1086
1606970 1086
1606980 1085
1606990 1083
1607000 1083
1607010 1081
1607020 1080
1607030 1078
1607040 1078
1607050 1076
1607060 1074
1607070 1074
1607080 1073
1607090 1071
1607100 1071
1607110 1069
1607120 1068
1607130 1068
1607140 1066
1607150 1064
1607160 1064
1607170 1063
1607180 1061
1607190 1061
1607200 1059
1607210 1058
1607220 1058
1607230 1056
1607240 1054
1607250 1053
1607260 1053
1607270 1052
1607280 1051
1607290 1051
1607300 1050
1607310 1048
1607320 1048
1607330 1044
1607340 1041
1607350 1041
1607360 1039
1607370 1036
1607380 1036
1607390 1033
1607400 1031
1607410 1031
1607420 1029
1607430 1027
1607440 1026
1607450 1026
1607460 1024
1607470 1022
1607480 1022
1607490 1021
1607500 1020
1607510 1020
1607520 1019
1607530 1018
1607540 1018
1607550 1018
1607560 1017
1607570 1017
1607580 1015
1607590 1013
1607600 1013
1607610 1011
1607620 1009
1607630 1009
1607640 1006
1607650 1003
1607660 1001
1607670 1001
1607680 999
1607690 998
1607700 998
1607710 996
1607720 994
1607730 994
1607740 991
1607750 989
1607760 989
1607770 986
1607780 984
1607790 984
1607800 982
1607810 980
1607820 980
1607830 978
1607840 976
1607850 973
1607860 973
1607870 970
1607880 968
1607890 968
1607900 967
1607910 965
1607920 965
1607930 962
1607940 960
1607950 960
1607960 959
1607970 958
1607980 958
1607990 957
1608000 956
1608010 956
1608020 955
1608030 954
1608040 954
1608050 953
1608060 952
1608070 952
1608080 952
1608090 951
1608100 950
1608110 950
1608120 949
1608130 946
1608140 946
1608150 943
1608160 939
1608170 939
1608180 936
1608190 933
1608200 933
1608210 932
1608220 930
1608230 930
1608240 931
1608250 935
1608260 935
1608270 941
1608280 945
1608290 950
1608300 950
1608310 954
1608320 956
1608330 956
1608340 958
1608350 960
1608360 960
1608370 961
1608380 961
1608390 961
1608400 962
1608410 962
1608420 962
1608430 963
1608440 964
1608450 964
1608460 965
1608470 966
1608480 968
1608490 968
1608500 970
1608510 974
1608520 974
1608530 978
1608540 981
1608550 981
1608560 985
1608570 988
1608580 988
1608590 991
1608600 994
1608610 994
1608620 996
1608630 999
1608640 999
1608650 1001
1608660 1003
1608670 1003
1608680 1004
1608690 1004
1608700 1005
1608710 1005
1608720 1006
1608730 1007
1608740 1007
1608750 1009
1608760 1011
1608770 1011
1608780 1013
1608790 1014
1608800 1014
1608810 1016
1608820 1016
1608830 1016
1608840 1015
1608850 1015
1608860 1015
1608870 1015
1608880 1017
1608890 1020
1608900 1020
1608910 1021
1608920 1022
1608930 1022
1608940 1021
1608950 1018
1608960 1018
1608970 1015
1608980 1012
1608990 1012
1609000 1009
1609010 1007
1609020 1007
1609030 1006
1609040 1004
1609050 1004
1609060 1002
1609070 1000
1609080 1000
1609090 999
1609100 998
1609110 997
1609120 997
1609130 997
1609140 996
1609150 996
1609160 996
1609170 996
1609180 996
1609190 996
1609200 995
1609210 995
1609220 994
1609230 992
1609240 992
1609250 991
1609260 989
1609270 989
1609280 988
1609290 986
1609300 986
1609310 985
1609320 983
1609330 983
1609340 983
1609350 982
1609360 982
1609370 982
1609380 981
1609390 981
1609400 981
1609410 981
1609420 980
1609430 980
1609440 979
1609450 979
1609460 979
1609470 979
1609480 979
1609490 979
1609500 978
1609510 978
1609520 978
1609530 978
1609540 977
1609550 977
1609560 977
1609570 977
1609580 977
1609590 977
1609600 976
1609610 975
1609620 975
1609630 975
1609640 975
1609650 975
1609660 974
1609670 973
1609680 973
1609690 972
1609700 971
1609710 971
1609720 971
1609730 970
1609740 970
1609750 970
1609760 969
1609770 968
1609780 968
1609790 967
1609800 967
1609810 967
1609820 966
1609830 965
1609840 965
1609850 964
1609860 963
1609870 963
1609880 962
1609890 961
1609900 961
1609910 960
1609920 959
1609930 959
1609940 958
1609950 958
1609960 957
1609970 957
1609980 957
1609990 958
1610000 958
1610010 958
1610020 957
1610030 957
1610040 958
1610050 959
1610060 959
1610070 960
1610080 961
1610090 959
1610100 960
1610110 960
1610120 960
1610130 961
1610140 961
1610150 961
1610160 961
1610170 961
1610180 961
1610190 961
1610200 961
1610210 961
1610220 961
1610230 962
1610240 962
1610250 962
1610260 962
1610270 962
1610280 962
1610290 962
1610300 962
1610310 962
1610320 962
1610330 962
1610340 962
1610350 962
1610360 961
1610370 961
1610380 961
1610390 961
1610400 960
1610410 960
1610420 959
1610430 958
1610440 958
1610450 958
1610460 957
1610470 957
1610480 957
1610490 957
1610500 957
1610510 956
1610520 956
1610530 956
1610540 956
1610550 955
1610560 955
1610570 955
1610580 955
1610590 954
1610600 954
1610610 954
1610620 953
1610630 953
1610640 953
1610650 953
1610660 953
1610670 953
1610680 953
1610690 953
1610700 952
1610710 952
1610720 952
1610730 952
1610740 952
1610750 952
1610760 951
1610770 951
1610780 950
1610790 950
1610800 950
1610810 951
1610820 951
1610830 951
1610840 951
1610850 951
1610860 950
1610870 950
1610880 950
1610890 950
1610900 950
1610910 950
1610920 950
1610930 950
1610940 950
1610950 949
1610960 949
1610970 949
1610980 948
1610990 947
1611000 946
1611010 946
1611020 947
1611030 947
1611040 947
1611050 947
1611060 947
1611070 947
1611080 947
1611090 946
1611100 946
1611110 946
1611120 945
1611130 945
1611140 945
1611150 945
1611160 945
1611170 945
1611180 944
1611190 944
1611200 944
1611210 944
1611220 943
1611230 943
1611240 943
1611250 943
1611260 943
1611270 942
1611280 942
1611290 942
1611300 942
1611310 942
1611320 942
1611330 942
1611340 942
1611350 942
1611360 942
1611370 942
1611380 942
1611390 942
1611400 942
1611410 942
1611420 942
1611430 942
1611440 942
1611450 942
1611460 942
1611470 941
1611480 941
1611490 941
1611500 941
1611510 941
1611520 942
1611530 942
1611540 942
1611550 942
1611560 942
1611570 942
1611580 943
1611590 943
1611600 943
1611610 943
1611620 943
1611630 944
1611640 944
1611650 944
1611660 944
1611670 944
1611680 944
1611690 943
1611700 943
1611710 944
1611720 945
1611730 945
1611740 945
1611750 945
1611760 945
1611770 945
1611780 945
1611790 945
1611800 945
1611810 945
1611820 946
1611830 946
1611840 946
1611850 946
1611860 946
1611870 946
1611880 946
1611890 946
1611900 946
1611910 946
1611920 946
1611930 946
1611940 946
1611950 946
1611960 946
1611970 947
1611980 947
1611990 948
1612000 949
1612010 949
1612020 951
1612030 952
1612040 953
1612050 953
1612060 954
1612070 956
1612080 956
1612090 960
1612100 962
1612110 962
1612120 964
1612130 965
1612140 965
1612150 965
1612160 966
1612170 966
1612180 967
1612190 968
1612200 968
1612210 969
1612220 970
1612230 972
1612240 972
1612250 974
1612260 976
1612270 976
1612280 977
1612290 978
1612300 978
1612310 979
1612320 980
1612330 980
1612340 981
1612350 982
1612360 982
1612370 983
1612380 984
1612390 984
1612400 984
1612410 984
1612420 984
1612430 984
1612440 984
1612450 985
1612460 985
1612470 985
1612480 986
1612490 986
1612500 987
1612510 987
1612520 987
1612530 988
1612540 989
1612550 989
1612560 989
1612570 990
1612580 990
1612590 991
1612600 991
1612610 991
1612620 992
1612630 993
1612640 994
1612650 994
1612660 995
1612670 996
1612680 996
1612690 996
1612700 997
1612710 997
1612720 998
1612730 998
1612740 998
1612750 999
1612760 999
1612770 999
1612780 1000
1612790 1000
1612800 1000
1612810 1000
1612820 1001
1612830 1001
1612840 1001
1612850 1001
1612860 1002
1612870 1002
1612880 1002
1612890 1003
1612900 1003
1612910 1003
1612920 1003
1612930 1003
1612940 1003
1612950 1004
1612960 1004
1612970 1004
1612980 1003
1612990 1003
1613000 1003
1613010 1003
1613020 1003
1613030 1003
1613040 1003
1613050 1003
1613060 1003
1613070 1002
1613080 1000
1613090 1000
1613100 1000
1613110 999
1613120 999
1613130 999
1613140 1000
1613150 1000
1613160 1000
1613170 1000
1613180 1000
1613190 1000
1613200 999
1613210 999
1613220 999
1613230 999
1613240 999
1613250 999
1613260 999
1613270 999
1613280 999
1613290 998
1613300 997
1613310 997
1613320 996
1613330 997
1613340 997
1613350 997
1613360 997
1613370 997
1613380 997
1613390 996
1613400 996
1613410 995
1613420 995
1613430 995
1613440 993
1613450 994
1613460 994
1613470 993
1613480 993
1613490 993
1613500 993
1613510 993
1613520 993
1613530 993
1613540 993
1613550 993
1613560 993
1613570 993
1613580 994
1613590 994
1613600 995
1613610 995
1613620 995
1613630 995
1613640 995
1613650 995
1613660 996
1613670 996
1613680 996
1613690 996
1613700 996
1613710 997
1613720 997
1613730 997
1613740 998
1613750 998
1613760 998
1613770 998
1613780 998
1613790 998
1613800 998
1613810 998
1613820 999
1613830 999
1613840 999
1613850 999
1613860 999
1613870 999
1613880 999
1613890 1000
1613900 1001
1613910 1001
1613920 1002
1613930 1003
1613940 1003
1613950 1003
1613960 1003
1613970 1003
1613980 1002
1613990 1000
1614000 1000
1614010 1000
1614020 1000
1614030 1000
1614040 1000
1614050 1000
1614060 998
1614070 997
1614080 996
1614090 996
1614100 995
1614110 994
1614120 992
1614130 992
1614140 991
1614150 990
1614160 990
1614170 989
1614180 989
1614190 989
1614200 988
1614210 988
1614220 988
1614230 988
1614240 988
1614250 988
1614260 988
1614270 989
1614280 989
1614290 989
1614300 989
1614310 991
1614320 991
1614330 992
1614340 993
1614350 993
1614360 993
1614370 991
1614380 991
1614390 988
1614400 984
1614410 984
1614420 979
1614430 973
1614440 973
1614450 966
1614460 958
1614470 958
1614480 951
1614490 944
1614500 944
1614510 937
1614520 934
1614530 933
1614540 933
1614550 933
1614560 933
1614570 933
1614580 932
1614590 932
1614600 932
1614610 932
1614620 933
1614630 933
1614640 933
1614650 933
1614660 933
1614670 933
1614680 933
1614690 933
1614700 933
1614710 933
1614720 933
1614730 932
1614740 932
1614750 932
1614760 932
1614770 932
1614780 932
1614790 932
1614800 932
1614810 932
1614820 932
1614830 932
1614840 932
1614850 932
1614860 932
1614870 932
1614880 932
1614890 933
1614900 933
1614910 933
1614920 933
1614930 933
1614940 933
1614950 933
1614960 933
1614970 932
1614980 932
1614990 932
1615000 932
1615010 932
1615020 932
1615030 932
1615040 932
1615050 932
1615060 932
1615070 932
1615080 932
1615090 932
1615100 932
1615110 932
1615120 932
1615130 932
1615140 932
1615150 932
1615160 932
1615170 932
1615180 932
1615190 932
1615200 932
1615210 932
1615220 932
1615230 932
1615240 932
1615250 932
1615260 932
1615270 932
1615280 933
1615290 933
1615300 933
1615310 934
1615320 934
1615330 935
1615340 935
1615350 935
1615360 935
1615370 935
1615380 936
1615390 936
1615400 938
1615410 940
1615420 940
1615430 942
1615440 945
1615450 945
1615460 948
1615470 950
1615480 950
1615490 950
1615500 952
1615510 952
1615520 956
1615530 961
1615540 961
1615550 968
1615560 972
1615570 973
1615580 973
1615590 975
1615600 979
1615610 979
1615620 984
1615630 989
1615640 989
1615650 993
1615660 997
1615670 997
1615680 1000
1615690 1005
1615700 1005
1615710 1009
1615720 1013
1615730 1013
1615740 1018
1615750 1022
1615760 1022
1615770 1027
1615780 1032
1615790 1037
1615800 1037
1615810 1042
1615820 1047
1615830 1047
1615840 1051
1615850 1054
1615860 1054
1615870 1057
1615880 1059
1615890 1059
1615900 1062
1615910 1064
1615920 1064
1615930 1068
1615940 1072
1615950 1072
1615960 1076
1615970 1081
1615980 1083
1615990 1083
1616000 1085
1616010 1084
1616020 1084
1616030 1083
1616040 1082
1616050 1082
1616060 1082
1616070 1083
1616080 1083
1616090 1084
1616100 1086
1616110 1086
1616120 1088
1616130 1089
1616140 1089
1616150 1091
1616160 1093
1616170 1093
1616180 1095
1616190 1096
1616200 1097
1616210 1097
1616220 1099
1616230 1100
1616240 1100
1616250 1102
1616260 1103
1616270 1103
1616280 1105
1616290 1107
1616300 1107
1616310 1108
1616320 1110
1616330 1110
1616340 1111
1616350 1112
1616360 1112
1616370 1114
1616380 1117
1616390 1117
1616400 1120
1616410 1122
1616420 1125
1616430 1125
1616440 1128
1616450 1132
1616460 1132
1616470 1137
1616480 1143
1616490 1143
1616500 1148
1616510 1153
1616520 1153
1616530 1157
1616540 1160
1616550 1160
1616560 1163
1616570 1167
1616580 1167
1616590 1171
1616600 1174
1616610 1177
1616620 1177
1616630 1179
1616640 1177
1616650 1177
1616660 1174
1616670 1172
1616680 1172
1616690 1172
1616700 1176
1616710 1176
1616720 1183
1616730 1189
1616740 1189
1616750 1194
1616760 1200
1616770 1200
1616780 1206
1616790 1212
1616800 1212
1616810 1217
1616820 1221
1616830 1223
1616840 1223
1616850 1226
1616860 1231
1616870 1231
1616880 1237
1616890 1240
1616900 1240
1616910 1242
1616920 1243
1616930 1243
1616940 1244
1616950 1247
1616960 1248
1616970 1252
1616980 1256
1616990 1256
1617000 1260
1617010 1262
1617020 1267
1617030 1267
1617040 1271
1617050 1274
1617060 1274
1617070 1276
1617080 1277
1617090 1277
1617100 1280
1617110 1283
1617120 1283
1617130 1287
1617140 1292
1617150 1292
1617160 1297
1617170 1301
1617180 1301
1617190 1303
1617200 1307
1617210 1307
1617220 1311
1617230 1315
1617240 1320
1617250 1320
1617260 1325
1617270 1329
1617280 1329
1617290 1331
1617300 1333
1617310 1333
1617320 1337
1617330 1339
1617340 1339
1617350 1340
1617360 1341
1617370 1341
1617380 1340
1617390 1338
1617400 1338
1617410 1336
1617420 1333
1617430 1333
1617440 1330
1617450 1326
1617460 1322
1617470 1322
1617480 1319
1617490 1317
1617500 1317
1617510 1316
1617520 1314
1617530 1314
1617540 1314
1617550 1314
1617560 1314
1617570 1314
1617580 1315
1617590 1315
1617600 1317
1617610 1318
1617620 1318
1617630 1319
1617640 1321
1617650 1322
1617660 1322
1617670 1320
1617680 1317
1617690 1317
1617700 1316
1617710 1314
1617720 1314
1617730 1313
1617740 1311
1617750 1311
1617760 1309
1617770 1307
1617780 1307
1617790 1305
1617800 1302
1617810 1302
1617820 1299
1617830 1296
1617840 1296
1617850 1293
1617860 1289
1617870 1285
1617880 1285
1617890 1281
1617900 1277
1617910 1277
1617920 1276
1617930 1271
1617940 1271
1617950 1267
1617960 1263
1617970 1263
1617980 1256
1617990 1251
1618000 1251
1618010 1246
1618020 1241
1618030 1241
1618040 1237
1618050 1234
1618060 1234
1618070 1234
1618080 1235
1618090 1238
1618100 1238
1618110 1243
1618120 1250
1618130 1250
1618140 1256
1618150 1263
1618160 1263
1618170 1268
1618180 1274
1618190 1274
1618200 1280
1618210 1285
1618220 1285
1618230 1288
1618240 1292
1618250 1292
1618260 1295
1618270 1299
1618280 1302
1618290 1302
1618300 1304
1618310 1306
1618320 1306
1618330 1308
1618340 1309
1618350 1309
1618360 1310
1618370 1311
1618380 1311
1618390 1312
1618400 1314
1618410 1314
1618420 1315
1618430 1316
1618440 1316
1618450 1317
1618460 1318
1618470 1318
1618480 1319
1618490 1320
1618500 1321
1618510 1321
1618520 1322
1618530 1323
1618540 1323
1618550 1324
1618560 1325
1618570 1325
1618580 1326
1618590 1327
1618600 1327
1618610 1327
1618620 1326
1618630 1326
1618640 1328
1618650 1331
1618660 1331
1618670 1334
1618680 1337
1618690 1339
1618700 1339
1618710 1342
1618720 1345
1618730 1345
1618740 1348
1618750 1352
1618760 1352
1618770 1356
1618780 1360
1618790 1360
1618800 1364
1618810 1368
1618820 1368
1618830 1371
1618840 1375
1618850 1375
1618860 1378
1618870 1378
1618880 1378
1618890 1378
1618900 1379
1618910 1379
1618920 1379
1618930 1376
1618940 1371
1618950 1371
1618960 1366
1618970 1362
1618980 1362
1618990 1359
1619000 1357
1619010 1357
1619020 1355
1619030 1353
1619040 1353
1619050 1350
1619060 1345
1619070 1345
1619080 1341
1619090 1338
1619100 1338
1619110 1335
1619120 1331
1619130 1328
1619140 1328
1619150 1325
1619160 1323
1619170 1323
1619180 1322
1619190 1321
1619200 1321
1619210 1318
1619220 1316
1619230 1316
1619240 1316
1619250 1315
1619260 1315
1619270 1315
1619280 1314
1619290 1314
1619300 1312
1619310 1311
1619320 1309
1619330 1309
1619340 1309
1619350 1308
1619360 1308
1619370 1308
1619380 1307
1619390 1307
1619400 1306
1619410 1304
1619420 1304
1619430 1303
1619440 1301
1619450 1301
1619460 1300
1619470 1299
1619480 1299
1619490 1298
1619500 1297
1619510 1297
1619520 1297
1619530 1296
1619540 1295
1619550 1295
1619560 1293
1619570 1291
1619580 1291
1619590 1288
1619600 1285
1619610 1285
1619620 1281
1619630 1278
1619640 1278
1619650 1275
1619660 1273
1619670 1273
1619680 1272
1619690 1272
1619700 1272
1619710 1272
1619720 1274
1619730 1277
1619740 1277
1619750 1281
1619760 1284
1619770 1284
1619780 1285
1619790 1287
1619800 1282
1619810 1283
1619820 1285
1619830 1285
1619840 1287
1619850 1289
1619860 1289
1619870 1291
1619880 1292
1619890 1292
1619900 1293
1619910 1294
1619920 1294
1619930 1294
1619940 1294
1619950 1295
1619960 1295
1619970 1296
1619980 1299
1619990 1299
