1600000 1025
1600010 1025
1600020 1025
1600030 1024
1600040 1024
1600050 1024
1600060 1024
1600070 1024
1600080 1025
1600090 1027
1600100 1027
1600110 1029
1600120 1030
1600130 1030
1600140 1031
1600150 1032
1600160 1033
1600170 1033
1600180 1034
1600190 1035
1600200 1035
1600210 1036
1600220 1037
1600230 1037
1600240 1038
1600250 1039
1600260 1039
1600270 1039
1600280 1039
1600290 1039
1600300 1039
1600310 1040
1600320 1040
1600330 1040
1600340 1040
1600350 1040
1600360 1040
1600370 1040
1600380 1041
1600390 1041
1600400 1041
1600410 1041
1600420 1041
1600430 1042
1600440 1042
1600450 1042
1600460 1042
1600470 1042
1600480 1042
1600490 1042
1600500 1042
1600510 1042
1600520 1041
1600530 1041
1600540 1041
1600550 1040
1600560 1039
1600570 1038
1600580 1038
1600590 1037
1600600 1036
1600610 1036
1600620 1034
1600630 1031
1600640 1031
1600650 1027
1600660 1024
1600670 1024
1600680 1022
1600690 1021
1600700 1021
1600710 1019
1600720 1018
1600730 1018
1600740 1016
1600750 1016
1600760 1016
1600770 1018
1600780 1019
1600790 1020
1600800 1020
1600810 1022
1600820 1023
1600830 1023
1600840 1025
1600850 1026
1600860 1026
1600870 1027
1600880 1028
1600890 1028
1600900 1029
1600910 1030
1600920 1030
1600930 1030
1600940 1031
1600950 1031
1600960 1033
1600970 1034
1600980 1034
1600990 1034
1601000 1035
1601010 1035
1601020 1035
1601030 1036
1601040 1037
1601050 1036
1601060 1037
1601070 1038
1601080 1038
1601090 1039
1601100 1040
1601110 1040
1601120 1041
1601130 1042
1601140 1042
1601150 1044
1601160 1046
1601170 1046
1601180 1047
1601190 1049
1601200 1049
1601210 1051
1601220 1053
1601230 1055
1601240 1055
1601250 1057
1601260 1058
1601270 1058
1601280 1060
1601290 1062
1601300 1062
1601310 1064
1601320 1066
1601330 1066
1601340 1068
1601350 1070
1601360 1070
1601370 1072
1601380 1074
1601390 1074
1601400 1077
1601410 1079
1601420 1079
1601430 1081
1601440 1083
1601450 1085
1601460 1085
1601470 1088
1601480 1092
1601490 1092
1601500 1095
1601510 1096
1601520 1096
1601530 1097
1601540 1097
1601550 1097
1601560 1099
1601570 1100
1601580 1100
1601590 1101
1601600 1101
1601610 1101
1601620 1102
1601630 1102
1601640 1103
1601650 1103
1601660 1104
1601670 1106
1601680 1106
1601690 1109
1601700 1111
1601710 1111
1601720 1112
1601730 1113
1601740 1113
1601750 1112
1601760 1110
1601770 1110
1601780 1108
1601790 1106
1601800 1106
1601810 1104
1601820 1102
1601830 1102
1601840 1100
1601850 1099
1601860 1098
1601870 1098
1601880 1097
1601890 1097
1601900 1097
1601910 1097
1601920 1098
1601930 1098
1601940 1099
1601950 1100
1601960 1100
1601970 1101
1601980 1102
1601990 1102
1602000 1100
1602010 1097
1602020 1097
1602030 1094
1602040 1091
1602050 1091
1602060 1088
1602070 1085
1602080 1082
1602090 1082
1602100 1080
1602110 1077
1602120 1077
1602130 1075
1602140 1072
1602150 1072
1602160 1069
1602170 1067
1602180 1067
1602190 1065
1602200 1062
1602210 1062
1602220 1059
1602230 1055
1602240 1055
1602250 1052
1602260 1049
1602270 1049
1602280 1045
1602290 1042
1602300 1040
1602310 1040
1602320 1037
1602330 1034
1602340 1034
1602350 1032
1602360 1031
1602370 1031
1602380 1031
1602390 1030
1602400 1030
1602410 1027
1602420 1024
1602430 1024
1602440 1021
1602450 1018
1602460 1018
1602470 1017
1602480 1018
1602490 1018
1602500 1018
1602510 1016
1602520 1015
1602530 1015
1602540 1016
1602550 1018
1602560 1018
1602570 1019
1602580 1019
1602590 1019
1602600 1018
1602610 1016
1602620 1016
1602630 1012
1602640 1010
1602650 1010
1602660 1010
1602670 1011
1602680 1011
1602690 1009
1602700 1007
1602710 1007
1602720 1004
1602730 1002
1602740 1000
1602750 1000
1602760 999
1602770 998
1602780 998
1602790 994
1602800 993
1602810 993
1602820 994
1602830 997
1602840 997
1602850 1002
1602860 1004
1602870 1004
1602880 1001
1602890 997
1602900 997
1602910 992
1602920 987
1602930 984
1602940 984
1602950 982
1602960 980
1602970 980
1602980 977
1602990 974
1603000 974
1603010 969
1603020 963
1603030 963
1603040 961
1603050 962
1603060 962
1603070 963
1603080 963
1603090 963
1603100 961
1603110 959
1603120 959
1603130 959
1603140 957
1603150 955
1603160 955
1603170 954
1603180 953
1603190 953
1603200 950
1603210 950
1603220 950
1603230 950
1603240 950
1603250 950
1603260 949
1603270 949
1603280 949
1603290 948
1603300 948
1603310 948
1603320 947
1603330 947
1603340 947
1603350 946
1603360 946
1603370 946
1603380 946
1603390 946
1603400 945
1603410 945
1603420 944
1603430 944
1603440 944
1603450 943
1603460 943
1603470 943
1603480 941
1603490 939
1603500 939
1603510 935
1603520 933
1603530 933
1603540 930
1603550 925
1603560 925
1603570 920
1603580 914
1603590 907
1603600 907
1603610 903
1603620 902
1603630 902
1603640 900
1603650 900
1603660 900
1603670 900
1603680 904
1603690 904
1603700 908
1603710 910
1603720 910
1603730 907
1603740 900
1603750 900
1603760 893
1603770 888
1603780 888
1603790 887
1603800 889
1603810 896
1603820 896
1603830 903
1603840 912
1603850 912
1603860 920
1603870 927
1603880 927
1603890 928
1603900 927
1603910 927
1603920 927
1603930 927
1603940 927
1603950 926
1603960 925
1603970 925
1603980 924
1603990 924
1604000 924
1604010 921
1604020 918
1604030 914
1604040 914
1604050 910
1604060 910
1604070 910
1604080 909
1604090 909
1604100 909
1604110 909
1604120 908
1604130 908
1604140 906
1604150 906
1604160 906
1604170 907
1604180 907
1604190 907
1604200 906
1604210 905
1604220 905
1604230 904
1604240 903
1604250 903
1604260 903
1604270 902
1604280 901
1604290 901
1604300 900
1604310 899
1604320 899
1604330 898
1604340 898
1604350 898
1604360 898
1604370 897
1604380 897
1604390 896
1604400 896
1604410 896
1604420 894
1604430 891
1604440 889
1604450 889
1604460 887
1604470 884
1604480 884
1604490 883
1604500 883
1604510 883
1604520 882
1604530 882
1604540 882
1604550 881
1604560 881
1604570 881
1604580 880
1604590 879
1604600 879
1604610 880
1604620 880
1604630 880
1604640 881
1604650 881
1604660 882
1604670 882
1604680 882
1604690 881
1604700 881
1604710 880
1604720 876
1604730 876
1604740 874
1604750 873
1604760 873
1604770 870
1604780 865
1604790 865
1604800 866
1604810 863
1604820 863
1604830 861
1604840 858
1604850 858
1604860 859
1604870 857
1604880 854
1604890 854
1604900 852
1604910 850
1604920 850
1604930 847
1604940 844
1604950 844
1604960 843
1604970 843
1604980 843
1604990 841
1605000 841
1605010 841
1605020 843
1605030 852
1605040 852
1605050 856
1605060 854
1605070 854
1605080 852
1605090 851
1605100 852
1605110 852
1605120 850
1605130 848
1605140 848
1605150 845
1605160 840
1605170 840
1605180 837
1605190 834
1605200 834
1605210 833
1605220 833
1605230 833
1605240 833
1605250 832
1605260 832
1605270 832
1605280 831
1605290 831
1605300 831
1605310 831
1605320 831
1605330 831
1605340 832
1605350 833
1605360 833
1605370 833
1605380 833
1605390 833
1605400 833
1605410 833
1605420 833
1605430 833
1605440 833
1605450 833
1605460 833
1605470 833
1605480 833
1605490 833
1605500 833
1605510 833
1605520 833
1605530 832
1605540 832
1605550 832
1605560 832
1605570 831
1605580 831
1605590 831
1605600 831
1605610 831
1605620 831
1605630 831
1605640 831
1605650 831
1605660 831
1605670 831
1605680 830
1605690 830
1605700 830
1605710 830
1605720 830
1605730 829
1605740 829
1605750 829
1605760 829
1605770 829
1605780 829
1605790 828
1605800 828
1605810 828
1605820 828
1605830 828
1605840 827
1605850 827
1605860 827
1605870 827
1605880 826
1605890 826
1605900 826
1605910 825
1605920 825
1605930 825
1605940 824
1605950 824
1605960 824
1605970 824
1605980 824
1605990 824
1606000 824
1606010 824
1606020 824
1606030 824
1606040 824
1606050 824
1606060 824
1606070 824
1606080 824
1606090 824
1606100 824
1606110 824
1606120 823
1606130 823
1606140 823
1606150 822
1606160 822
1606170 821
1606180 821
1606190 821
1606200 820
1606210 820
1606220 820
1606230 819
1606240 819
1606250 818
1606260 818
1606270 818
1606280 818
1606290 818
1606300 818
1606310 818
1606320 817
1606330 817
1606340 816
1606350 817
1606360 817
1606370 817
1606380 816
1606390 816
1606400 816
1606410 816
1606420 817
1606430 817
1606440 817
1606450 817
1606460 817
1606470 817
1606480 817
1606490 817
1606500 817
1606510 818
1606520 818
1606530 818
1606540 819
1606550 819
1606560 819
1606570 820
1606580 820
1606590 821
1606600 827
1606610 829
1606620 829
1606630 829
1606640 830
1606650 830
1606660 831
1606670 831
1606680 831
1606690 832
1606700 835
1606710 835
1606720 836
1606730 838
1606740 838
1606750 840
1606760 842
1606770 842
1606780 843
1606790 845
1606800 845
1606810 847
1606820 850
1606830 852
1606840 852
1606850 853
1606860 855
1606870 855
1606880 857
1606890 860
1606900 860
1606910 863
1606920 865
1606930 865
1606940 867
1606950 870
1606960 870
1606970 873
1606980 876
1606990 876
1607000 879
1607010 882
1607020 884
1607030 884
1607040 887
1607050 889
1607060 889
1607070 890
1607080 891
1607090 891
1607100 892
1607110 892
1607120 892
1607130 893
1607140 893
1607150 893
1607160 894
1607170 894
1607180 894
1607190 895
1607200 896
1607210 896
1607220 897
1607230 898
1607240 899
1607250 899
1607260 900
1607270 902
1607280 902
1607290 903
1607300 904
1607310 904
1607320 905
1607330 906
1607340 906
1607350 906
1607360 907
1607370 907
1607380 907
1607390 908
1607400 907
1607410 908
1607420 908
1607430 908
1607440 908
1607450 908
1607460 908
1607470 908
1607480 908
1607490 908
1607500 908
1607510 908
1607520 908
1607530 908
1607540 907
1607550 907
1607560 907
1607570 907
1607580 907
1607590 907
1607600 906
1607610 906
1607620 906
1607630 906
1607640 904
1607650 904
1607660 904
1607670 904
1607680 903
1607690 903
1607700 903
1607710 902
1607720 902
1607730 901
1607740 900
1607750 900
1607760 900
1607770 899
1607780 899
1607790 898
1607800 897
1607810 897
1607820 895
1607830 892
1607840 892
1607850 889
1607860 886
1607870 886
1607880 888
1607890 895
1607900 904
1607910 904
1607920 909
1607930 912
1607940 912
1607950 915
1607960 918
1607970 918
1607980 921
1607990 924
1608000 924
1608010 926
1608020 929
1608030 929
1608040 931
1608050 933
1608060 933
1608070 935
1608080 937
1608090 937
1608100 939
1608110 942
1608120 942
1608130 942
1608140 944
1608150 945
1608160 945
1608170 947
1608180 949
1608190 949
1608200 950
1608210 951
1608220 951
1608230 954
1608240 955
1608250 955
1608260 956
1608270 957
1608280 957
1608290 958
1608300 959
1608310 960
1608320 960
1608330 961
1608340 961
1608350 961
1608360 962
1608370 962
1608380 962
1608390 963
1608400 964
1608410 964
1608420 965
1608430 965
1608440 965
1608450 965
1608460 966
1608470 966
1608480 967
1608490 967
1608500 967
1608510 967
1608520 968
1608530 968
1608540 968
1608550 968
1608560 969
1608570 969
1608580 969
1608590 970
1608600 970
1608610 971
1608620 973
1608630 973
1608640 973
1608650 974
1608660 974
1608670 975
1608680 977
1608690 977
1608700 978
1608710 979
1608720 979
1608730 980
1608740 982
1608750 983
1608760 983
1608770 984
1608780 987
1608790 987
1608800 989
1608810 991
1608820 991
1608830 993
1608840 995
1608850 995
1608860 997
1608870 1000
1608880 1000
1608890 1003
1608900 1006
1608910 1006
1608920 1008
1608930 1011
1608940 1011
1608950 1013
1608960 1015
1608970 1017
1608980 1017
1608990 1019
1609000 1020
1609010 1020
1609020 1021
1609030 1022
1609040 1022
1609050 1023
1609060 1024
1609070 1024
1609080 1025
1609090 1026
1609100 1026
1609110 1027
1609120 1027
1609130 1027
1609140 1026
1609150 1025
1609160 1025
1609170 1021
1609180 1018
1609190 1017
1609200 1017
1609210 1017
1609220 1016
1609230 1016
1609240 1016
1609250 1016
1609260 1016
1609270 1016
1609280 1016
1609290 1016
1609300 1015
1609310 1015
1609320 1015
1609330 1015
1609340 1014
1609350 1014
1609360 1014
1609370 1015
1609380 1015
1609390 1015
1609400 1016
1609410 1016
1609420 1016
1609430 1016
1609440 1016
1609450 1018
1609460 1015
1609470 1012
1609480 1012
1609490 1008
1609500 1004
1609510 1004
1609520 1002
1609530 1000
1609540 1000
1609550 999
1609560 999
1609570 999
1609580 996
1609590 994
1609600 994
1609610 994
1609620 994
1609630 995
1609640 995
1609650 995
1609660 995
1609670 995
1609680 994
1609690 993
1609700 993
1609710 993
1609720 993
1609730 993
1609740 993
1609750 993
1609760 993
1609770 994
1609780 997
1609790 997
1609800 999
1609810 1001
1609820 1002
1609830 1002
1609840 1002
1609850 1002
1609860 1002
1609870 1003
1609880 1004
1609890 1004
1609900 1005
1609910 1007
1609920 1007
1609930 1009
1609940 1010
1609950 1010
1609960 1013
1609970 1015
1609980 1015
1609990 1018
1610000 1020
1610010 1020
1610020 1022
1610030 1023
1610040 1024
1610050 1024
1610060 1025
1610070 1026
1610080 1026
1610090 1029
1610100 1030
1610110 1030
1610120 1028
1610130 1027
1610140 1027
1610150 1026
1610160 1025
1610170 1025
1610180 1023
1610190 1022
1610200 1022
1610210 1020
1610220 1019
1610230 1019
1610240 1017
1610250 1016
1610260 1014
1610270 1014
1610280 1013
1610290 1012
1610300 1012
1610310 1011
1610320 1010
1610330 1010
1610340 1008
1610350 1006
1610360 1006
1610370 1004
1610380 1003
1610390 1003
1610400 1001
1610410 1002
1610420 1002
1610430 1007
1610440 1012
1610450 1012
1610460 1013
1610470 1018
1610480 1022
1610490 1022
1610500 1027
1610510 1031
1610520 1031
1610530 1034
1610540 1037
1610550 1037
1610560 1039
1610570 1039
1610580 1039
1610590 1039
1610600 1040
1610610 1040
1610620 1042
1610630 1045
1610640 1045
1610650 1047
1610660 1048
1610670 1048
1610680 1049
1610690 1052
1610700 1054
1610710 1054
1610720 1055
1610730 1055
1610740 1055
1610750 1056
1610760 1058
1610770 1058
1610780 1060
1610790 1063
1610800 1063
1610810 1067
1610820 1071
1610830 1071
1610840 1074
1610850 1078
1610860 1078
1610870 1081
1610880 1084
1610890 1084
1610900 1088
1610910 1091
1610920 1094
1610930 1094
1610940 1096
1610950 1098
1610960 1098
1610970 1101
1610980 1103
1610990 1103
1611000 1105
1611010 1106
1611020 1106
1611030 1108
1611040 1110
1611050 1110
1611060 1111
1611070 1112
1611080 1112
1611090 1114
1611100 1118
1611110 1122
1611120 1122
1611130 1127
1611140 1132
1611150 1132
1611160 1136
1611170 1140
1611180 1140
1611190 1143
1611200 1145
1611210 1145
1611220 1146
1611230 1146
1611240 1146
1611250 1145
1611260 1145
1611270 1145
1611280 1145
1611290 1146
1611300 1146
1611310 1146
1611320 1147
1611330 1148
1611340 1148
1611350 1149
1611360 1151
1611370 1151
1611380 1152
1611390 1156
1611400 1156
1611410 1160
1611420 1163
1611430 1163
1611440 1167
1611450 1169
1611460 1171
1611470 1172
1611480 1173
1611490 1173
1611500 1173
1611510 1175
1611520 1175
1611530 1176
1611540 1177
1611550 1179
1611560 1179
1611570 1180
1611580 1182
1611590 1182
1611600 1184
1611610 1187
1611620 1187
1611630 1190
1611640 1192
1611650 1192
1611660 1194
1611670 1196
1611680 1196
1611690 1198
1611700 1201
1611710 1201
1611720 1204
1611730 1207
1611740 1207
1611750 1210
1611760 1213
1611770 1215
1611780 1215
1611790 1218
1611800 1220
1611810 1220
1611820 1221
1611830 1222
1611840 1222
1611850 1223
1611860 1223
1611870 1223
1611880 1223
1611890 1224
1611900 1224
1611910 1225
1611920 1226
1611930 1226
1611940 1227
1611950 1228
1611960 1228
1611970 1229
1611980 1231
1611990 1233
1612000 1233
1612010 1234
1612020 1235
1612030 1235
1612040 1236
1612050 1236
1612060 1236
1612070 1236
1612080 1237
1612090 1237
1612100 1237
1612110 1237
1612120 1237
1612130 1237
1612140 1235
1612150 1235
1612160 1234
1612170 1233
1612180 1233
1612190 1232
1612200 1231
1612210 1230
1612220 1230
1612230 1228
1612240 1227
1612250 1227
1612260 1225
1612270 1222
1612280 1222
1612290 1220
1612300 1219
1612310 1219
1612320 1217
1612330 1216
1612340 1216
1612350 1214
1612360 1212
1612370 1212
1612380 1210
1612390 1208
1612400 1207
1612410 1207
1612420 1206
1612430 1204
1612440 1204
1612450 1202
1612460 1196
1612470 1196
1612480 1193
1612490 1189
1612500 1189
1612510 1185
1612520 1182
1612530 1182
1612540 1179
1612550 1176
1612560 1176
1612570 1173
1612580 1171
1612590 1171
1612600 1168
1612610 1167
1612620 1165
1612630 1165
1612640 1163
1612650 1162
1612660 1162
1612670 1159
1612680 1157
1612690 1157
1612700 1154
1612710 1153
1612720 1153
1612730 1152
1612740 1151
1612750 1151
1612760 1150
1612770 1148
1612780 1148
1612790 1145
1612800 1143
1612810 1143
1612820 1142
1612830 1141
1612840 1139
1612850 1139
1612860 1137
1612870 1137
1612880 1137
1612890 1136
1612900 1134
1612910 1134
1612920 1132
1612930 1130
1612940 1130
1612950 1128
1612960 1126
1612970 1126
1612980 1125
1612990 1123
1613000 1123
1613010 1121
1613020 1120
1613030 1120
1613040 1118
1613050 1117
1613060 1116
1613070 1116
1613080 1115
1613090 1115
1613100 1115
1613110 1113
1613120 1110
1613130 1110
1613140 1107
1613150 1103
1613160 1103
1613170 1098
1613180 1091
1613190 1091
1613200 1084
1613210 1080
1613220 1080
1613230 1080
1613240 1081
1613250 1081
1613260 1081
1613270 1082
1613280 1084
1613290 1084
1613300 1086
1613310 1088
1613320 1088
1613330 1090
1613340 1091
1613350 1091
1613360 1093
1613370 1095
1613380 1095
1613390 1098
1613400 1101
1613410 1101
1613420 1103
1613430 1105
1613440 1105
1613450 1108
1613460 1110
1613470 1110
1613480 1111
1613490 1114
1613500 1120
1613510 1120
1613520 1125
1613530 1129
1613540 1129
1613550 1131
1613560 1133
1613570 1133
1613580 1134
1613590 1136
1613600 1136
1613610 1137
1613620 1138
1613630 1138
1613640 1139
1613650 1140
1613660 1140
1613670 1141
1613680 1142
1613690 1142
1613700 1143
1613710 1144
1613720 1145
1613730 1145
1613740 1146
1613750 1147
1613760 1147
1613770 1148
1613780 1150
1613790 1150
1613800 1153
1613810 1155
1613820 1155
1613830 1156
1613840 1157
1613850 1157
1613860 1158
1613870 1158
1613880 1158
1613890 1159
1613900 1160
1613910 1161
1613920 1161
1613930 1162
1613940 1164
1613950 1164
1613960 1165
1613970 1167
1613980 1167
1613990 1168
1614000 1170
1614010 1170
1614020 1171
1614030 1171
1614040 1171
1614050 1172
1614060 1173
1614070 1173
1614080 1173
1614090 1174
1614100 1174
1614110 1175
1614120 1177
1614130 1178
1614140 1178
1614150 1180
1614160 1181
1614170 1181
1614180 1182
1614190 1184
1614200 1184
1614210 1185
1614220 1187
1614230 1187
1614240 1188
1614250 1189
1614260 1189
1614270 1190
1614280 1191
1614290 1191
1614300 1191
1614310 1193
1614320 1193
1614330 1195
1614340 1197
1614350 1197
1614360 1197
1614370 1197
1614380 1198
1614390 1198
1614400 1199
1614410 1200
1614420 1200
1614430 1201
1614440 1202
1614450 1202
1614460 1203
1614470 1204
1614480 1204
1614490 1205
1614500 1205
1614510 1205
1614520 1206
1614530 1207
1614540 1207
1614550 1208
1614560 1209
1614570 1211
1614580 1211
1614590 1212
1614600 1214
1614610 1214
1614620 1216
1614630 1218
1614640 1218
1614650 1220
1614660 1221
1614670 1221
1614680 1222
1614690 1224
1614700 1224
1614710 1225
1614720 1228
1614730 1228
1614740 1232
1614750 1235
1614760 1235
1614770 1237
1614780 1239
1614790 1242
1614800 1242
1614810 1247
1614820 1249
1614830 1249
1614840 1251
1614850 1254
1614860 1254
1614870 1258
1614880 1261
1614890 1261
1614900 1265
1614910 1267
1614920 1267
1614930 1269
1614940 1270
1614950 1270
1614960 1272
1614970 1274
1614980 1274
1614990 1277
1615000 1282
1615010 1287
1615020 1287
1615030 1292
1615040 1295
1615050 1295
1615060 1297
1615070 1299
1615080 1299
1615090 1302
1615100 1304
1615110 1304
1615120 1307
1615130 1312
1615140 1312
1615150 1316
1615160 1321
1615170 1321
1615180 1325
1615190 1327
1615200 1329
1615210 1329
1615220 1332
1615230 1334
1615240 1334
1615250 1335
1615260 1338
1615270 1338
1615280 1342
1615290 1344
1615300 1344
1615310 1346
1615320 1348
1615330 1348
1615340 1349
1615350 1351
1615360 1351
1615370 1351
1615380 1352
1615390 1352
1615400 1356
1615410 1358
1615420 1359
1615430 1359
1615440 1361
1615450 1362
1615460 1362
1615470 1362
1615480 1362
1615490 1362
1615500 1363
1615510 1363
1615520 1363
1615530 1364
1615540 1365
1615550 1365
1615560 1367
1615570 1368
1615580 1368
1615590 1369
1615600 1370
1615610 1370
1615620 1371
1615630 1373
1615640 1374
1615650 1374
1615660 1375
1615670 1377
1615680 1377
1615690 1378
1615700 1380
1615710 1380
1615720 1382
1615730 1383
1615740 1383
1615750 1385
1615760 1387
1615770 1387
1615780 1388
1615790 1388
1615800 1388
1615810 1388
1615820 1389
1615830 1389
1615840 1389
1615850 1389
1615860 1390
1615870 1390
1615880 1390
1615890 1390
1615900 1390
1615910 1390
1615920 1390
1615930 1390
1615940 1390
1615950 1390
1615960 1390
1615970 1390
1615980 1390
1615990 1390
1616000 1389
1616010 1389
1616020 1389
1616030 1389
1616040 1389
1616050 1389
1616060 1390
1616070 1390
1616080 1390
1616090 1390
1616100 1391
1616110 1390
1616120 1390
1616130 1390
1616140 1389
1616150 1389
1616160 1387
1616170 1385
1616180 1385
1616190 1382
1616200 1378
1616210 1378
1616220 1374
1616230 1370
1616240 1370
1616250 1367
1616260 1365
1616270 1365
1616280 1363
1616290 1360
1616300 1357
1616310 1357
1616320 1358
1616330 1363
1616340 1363
1616350 1367
1616360 1373
1616370 1373
1616380 1372
1616390 1369
1616400 1369
1616410 1368
1616420 1368
1616430 1368
1616440 1366
1616450 1364
1616460 1364
1616470 1363
1616480 1362
1616490 1361
1616500 1361
1616510 1361
1616520 1362
1616530 1362
1616540 1365
1616550 1368
1616560 1368
1616570 1370
1616580 1372
1616590 1372
1616600 1375
1616610 1379
1616620 1379
1616630 1384
1616640 1388
1616650 1388
1616660 1391
1616670 1394
1616680 1394
1616690 1398
1616700 1401
1616710 1404
1616720 1404
1616730 1407
1616740 1411
1616750 1411
1616760 1415
1616770 1419
1616780 1419
1616790 1423
1616800 1427
1616810 1427
1616820 1431
1616830 1433
1616840 1433
1616850 1435
1616860 1437
1616870 1437
1616880 1440
1616890 1444
1616900 1444
1616910 1447
1616920 1450
1616930 1452
1616940 1452
1616950 1455
1616960 1458
1616970 1458
1616980 1461
1616990 1465
1617000 1465
1617010 1467
1617020 1470
1617030 1470
1617040 1472
1617050 1476
1617060 1476
1617070 1482
1617080 1486
1617090 1486
1617100 1488
1617110 1490
1617120 1490
1617130 1492
1617140 1495
1617150 1497
1617160 1497
1617170 1499
1617180 1502
1617190 1502
1617200 1505
1617210 1507
1617220 1507
1617230 1509
1617240 1510
1617250 1510
1617260 1512
1617270 1514
1617280 1514
1617290 1517
1617300 1519
1617310 1519
1617320 1517
1617330 1520
1617340 1520
1617350 1524
1617360 1529
1617370 1532
1617380 1532
1617390 1534
1617400 1535
1617410 1535
1617420 1537
1617430 1539
1617440 1539
1617450 1541
1617460 1543
1617470 1543
1617480 1544
1617490 1546
1617500 1546
1617510 1548
1617520 1551
1617530 1551
1617540 1555
1617550 1558
1617560 1558
1617570 1560
1617580 1562
1617590 1565
1617600 1565
1617610 1568
1617620 1571
1617630 1571
1617640 1573
1617650 1573
1617660 1573
1617670 1573
1617680 1572
1617690 1572
1617700 1571
1617710 1570
1617720 1570
1617730 1569
1617740 1568
1617750 1568
1617760 1568
1617770 1569
1617780 1569
1617790 1568
1617800 1570
1617810 1572
1617820 1572
1617830 1572
1617840 1573
1617850 1573
1617860 1573
1617870 1572
1617880 1572
1617890 1571
1617900 1571
1617910 1571
1617920 1569
1617930 1566
1617940 1566
1617950 1564
1617960 1563
1617970 1563
1617980 1561
1617990 1561
1618000 1567
1618010 1567
1618020 1573
1618030 1576
1618040 1576
1618050 1576
1618060 1579
1618070 1579
1618080 1583
1618090 1589
1618100 1589
1618110 1594
1618120 1599
1618130 1599
1618140 1602
1618150 1604
1618160 1604
1618170 1607
1618180 1610
1618190 1610
1618200 1613
1618210 1615
1618220 1617
1618230 1617
1618240 1620
1618250 1624
1618260 1624
1618270 1629
1618280 1635
1618290 1635
1618300 1643
1618310 1647
1618320 1647
1618330 1651
1618340 1654
1618350 1654
1618360 1656
1618370 1660
1618380 1660
1618390 1663
1618400 1666
1618410 1666
1618420 1670
1618430 1673
1618440 1677
1618450 1677
1618460 1680
1618470 1681
1618480 1681
1618490 1681
1618500 1683
1618510 1683
1618520 1687
1618530 1694
1618540 1694
1618550 1700
1618560 1705
1618570 1705
1618580 1710
1618590 1715
1618600 1715
1618610 1719
1618620 1723
1618630 1723
1618640 1727
1618650 1730
1618660 1732
1618670 1732
1618680 1736
1618690 1740
1618700 1740
1618710 1744
1618720 1746
1618730 1746
1618740 1749
1618750 1753
1618760 1753
1618770 1755
1618780 1759
1618790 1759
1618800 1762
1618810 1765
1618820 1765
1618830 1767
1618840 1770
1618850 1770
1618860 1773
1618870 1776
1618880 1780
1618890 1780
1618900 1784
1618910 1787
1618920 1787
1618930 1791
1618940 1795
1618950 1795
1618960 1799
1618970 1804
1618980 1804
1618990 1807
1619000 1810
1619010 1810
1619020 1814
1619030 1818
1619040 1818
1619050 1823
1619060 1829
1619070 1829
1619080 1832
1619090 1835
1619100 1840
1619110 1840
1619120 1845
1619130 1849
1619140 1849
1619150 1854
1619160 1858
1619170 1858
1619180 1861
1619190 1866
1619200 1866
1619210 1870
1619220 1875
1619230 1875
1619240 1880
1619250 1885
1619260 1885
1619270 1889
1619280 1894
1619290 1898
1619300 1898
1619310 1901
1619320 1904
1619330 1904
1619340 1907
1619350 1911
1619360 1911
1619370 1913
1619380 1916
1619390 1916
1619400 1917
1619410 1919
1619420 1919
1619430 1921
1619440 1923
1619450 1923
1619460 1924
1619470 1925
1619480 1925
1619490 1928
1619500 1931
1619510 1934
1619520 1934
1619530 1937
1619540 1940
1619550 1940
1619560 1943
1619570 1946
1619580 1946
1619590 1949
1619600 1952
1619610 1952
1619620 1955
1619630 1957
1619640 1957
1619650 1959
1619660 1961
1619670 1961
1619680 1962
1619690 1963
1619700 1963
1619710 1965
1619720 1967
1619730 1969
1619740 1969
1619750 1971
1619760 1973
1619770 1973
1619780 1975
1619790 1978
1619800 1978
1619810 1980
1619820 1983
1619830 1983
1619840 1985
1619850 1988
1619860 1988
1619870 1991
1619880 1993
1619890 1993
1619900 1996
1619910 1998
1619920 1998
1619930 2000
1619940 2002
1619950 2004
1619960 2004
1619970 2006
1619980 2008
1619990 2008
