1600000 1024
1600010 1024
1600020 1024
1600030 1024
1600040 1023
1600050 1023
1600060 1023
1600070 1023
1600080 1023
1600090 1022
1600100 1022
1600110 1022
1600120 1021
1600130 1020
1600140 1020
1600150 1020
1600160 1020
1600170 1020
1600180 1019
1600190 1019
1600200 1019
1600210 1019
1600220 1018
1600230 1018
1600240 1018
1600250 1018
1600260 1018
1600270 1018
1600280 1018
1600290 1018
1600300 1018
1600310 1017
1600320 1017
1600330 1017
1600340 1017
1600350 1017
1600360 1017
1600370 1018
1600380 1018
1600390 1018
1600400 1018
1600410 1018
1600420 1018
1600430 1018
1600440 1018
1600450 1018
1600460 1017
1600470 1018
1600480 1019
1600490 1019
1600500 1019
1600510 1019
1600520 1019
1600530 1019
1600540 1018
1600550 1018
1600560 1018
1600570 1018
1600580 1018
1600590 1018
1600600 1018
1600610 1018
1600620 1017
1600630 1017
1600640 1017
1600650 1017
1600660 1017
1600670 1017
1600680 1016
1600690 1015
1600700 1014
1600710 1014
1600720 1012
1600730 1011
1600740 1011
1600750 1011
1600760 1012
1600770 1012
1600780 1010
1600790 1005
1600800 1005
1600810 1001
1600820 997
1600830 997
1600840 995
1600850 993
1600860 993
1600870 992
1600880 992
1600890 992
1600900 991
1600910 991
1600920 992
1600930 992
1600940 992
1600950 992
1600960 992
1600970 993
1600980 994
1600990 994
1601000 994
1601010 995
1601020 995
1601030 996
1601040 997
1601050 997
1601060 998
1601070 1000
1601080 1000
1601090 1000
1601100 1001
1601110 1001
1601120 1001
1601130 1000
1601140 1000
1601150 1000
1601160 1001
1601170 1001
1601180 1001
1601190 1001
1601200 1001
1601210 1001
1601220 1001
1601230 1001
1601240 1001
1601250 1002
1601260 1002
1601270 1002
1601280 1001
1601290 1001
1601300 1001
1601310 1000
1601320 999
1601330 999
1601340 999
1601350 999
1601360 998
1601370 998
1601380 998
1601390 998
1601400 998
1601410 998
1601420 999
1601430 999
1601440 1000
1601450 1001
1601460 1001
1601470 1001
1601480 1002
1601490 1002
1601500 1003
1601510 1004
1601520 1004
1601530 1005
1601540 1005
1601550 1005
1601560 1004
1601570 1003
1601580 1002
1601590 1002
1601600 1000
1601610 999
1601620 999
1601630 998
1601640 996
1601650 996
1601660 995
1601670 994
1601680 994
1601690 992
1601700 991
1601710 991
1601720 989
1601730 986
1601740 986
1601750 984
1601760 983
1601770 981
1601780 981
1601790 977
1601800 977
1601810 977
1601820 978
1601830 977
1601840 977
1601850 976
1601860 973
1601870 973
1601880 971
1601890 970
1601900 970
1601910 971
1601920 971
1601930 971
1601940 968
1601950 966
1601960 966
1601970 966
1601980 965
1601990 965
1602000 965
1602010 965
1602020 965
1602030 965
1602040 964
1602050 964
1602060 964
1602070 964
1602080 964
1602090 964
1602100 963
1602110 963
1602120 963
1602130 963
1602140 963
1602150 963
1602160 963
1602170 963
1602180 963
1602190 963
1602200 963
1602210 963
1602220 963
1602230 963
1602240 963
1602250 963
1602260 963
1602270 963
1602280 963
1602290 963
1602300 963
1602310 963
1602320 963
1602330 963
1602340 963
1602350 963
1602360 963
1602370 963
1602380 963
1602390 963
1602400 963
1602410 964
1602420 964
1602430 966
1602440 966
1602450 969
1602460 973
1602470 973
1602480 976
1602490 977
1602500 977
1602510 978
1602520 980
1602530 980
1602540 982
1602550 982
1602560 982
1602570 981
1602580 981
1602590 981
1602600 980
1602610 980
1602620 980
1602630 981
1602640 981
1602650 981
1602660 981
1602670 982
1602680 982
1602690 982
1602700 985
1602710 989
1602720 989
1602730 996
1602740 999
1602750 999
1602760 1001
1602770 1002
1602780 1002
1602790 1001
1602800 1001
1602810 1001
1602820 1002
1602830 1004
1602840 1004
1602850 1006
1602860 1008
1602870 1009
1602880 1009
1602890 1011
1602900 1012
1602910 1012
1602920 1013
1602930 1013
1602940 1013
1602950 1014
1602960 1013
1602970 1013
1602980 1011
1602990 1010
1603000 1010
1603010 1011
1603020 1014
1603030 1014
1603040 1017
1603050 1018
1603060 1018
1603070 1019
1603080 1021
1603090 1023
1603100 1023
1603110 1025
1603120 1026
1603130 1026
1603140 1027
1603150 1028
1603160 1028
1603170 1028
1603180 1029
1603190 1029
1603200 1028
1603210 1027
1603220 1027
1603230 1027
1603240 1026
1603250 1026
1603260 1025
1603270 1024
1603280 1024
1603290 1027
1603300 1027
1603310 1027
1603320 1027
1603330 1027
1603340 1026
1603350 1026
1603360 1024
1603370 1023
1603380 1023
1603390 1022
1603400 1021
1603410 1021
1603420 1019
1603430 1018
1603440 1018
1603450 1017
1603460 1016
1603470 1016
1603480 1015
1603490 1014
1603500 1013
1603510 1013
1603520 1012
1603530 1011
1603540 1011
1603550 1009
1603560 1007
1603570 1007
1603580 1005
1603590 1004
1603600 1004
1603610 1001
1603620 998
1603630 998
1603640 994
1603650 989
1603660 989
1603670 984
1603680 981
1603690 981
1603700 979
1603710 977
1603720 975
1603730 975
1603740 974
1603750 973
1603760 973
1603770 972
1603780 972
1603790 972
1603800 971
1603810 971
1603820 971
1603830 971
1603840 971
1603850 971
1603860 970
1603870 970
1603880 970
1603890 969
1603900 969
1603910 969
1603920 969
1603930 968
1603940 968
1603950 968
1603960 968
1603970 970
1603980 970
1603990 968
1604000 965
1604010 965
1604020 962
1604030 961
1604040 961
1604050 959
1604060 959
1604070 959
1604080 959
1604090 959
1604100 959
1604110 959
1604120 958
1604130 958
1604140 959
1604150 959
1604160 960
1604170 960
1604180 961
1604190 964
1604200 964
1604210 966
1604220 967
1604230 967
1604240 968
1604250 969
1604260 969
1604270 970
1604280 970
1604290 970
1604300 970
1604310 970
1604320 970
1604330 971
1604340 971
1604350 971
1604360 970
1604370 970
1604380 969
1604390 969
1604400 969
1604410 968
1604420 968
1604430 968
1604440 967
1604450 967
1604460 966
1604470 965
1604480 965
1604490 964
1604500 964
1604510 964
1604520 963
1604530 962
1604540 962
1604550 961
1604560 960
1604570 960
1604580 959
1604590 957
1604600 956
1604610 956
1604620 954
1604630 952
1604640 952
1604650 950
1604660 948
1604670 948
1604680 946
1604690 944
1604700 944
1604710 943
1604720 942
1604730 942
1604740 938
1604750 934
1604760 934
1604770 932
1604780 929
1604790 929
1604800 926
1604810 923
1604820 922
1604830 922
1604840 919
1604850 917
1604860 917
1604870 914
1604880 912
1604890 912
1604900 910
1604910 907
1604920 907
1604930 904
1604940 902
1604950 902
1604960 898
1604970 895
1604980 895
1604990 892
1605000 889
1605010 889
1605020 888
1605030 885
1605040 883
1605050 883
1605060 881
1605070 878
1605080 878
1605090 875
1605100 872
1605110 872
1605120 868
1605130 865
1605140 865
1605150 862
1605160 860
1605170 860
1605180 858
1605190 856
1605200 856
1605210 854
1605220 852
1605230 850
1605240 850
1605250 848
1605260 846
1605270 846
1605280 846
1605290 843
1605300 843
1605310 843
1605320 842
1605330 842
1605340 840
1605350 837
1605360 837
1605370 835
1605380 833
1605390 833
1605400 831
1605410 831
1605420 831
1605430 830
1605440 829
1605450 829
1605460 829
1605470 829
1605480 828
1605490 828
1605500 828
1605510 827
1605520 827
1605530 827
1605540 827
1605550 827
1605560 827
1605570 828
1605580 828
1605590 829
1605600 830
1605610 830
1605620 831
1605630 832
1605640 832
1605650 834
1605660 836
1605670 839
1605680 839
1605690 842
1605700 845
1605710 845
1605720 849
1605730 852
1605740 852
1605750 855
1605760 857
1605770 857
1605780 860
1605790 862
1605800 862
1605810 865
1605820 867
1605830 867
1605840 868
1605850 870
1605860 870
1605870 870
1605880 871
1605890 870
1605900 870
1605910 870
1605920 870
1605930 870
1605940 868
1605950 868
1605960 868
1605970 869
1605980 871
1605990 871
1606000 867
1606010 860
1606020 860
1606030 852
1606040 846
1606050 846
1606060 841
1606070 837
1606080 837
1606090 832
1606100 829
1606110 828
1606120 828
1606130 828
1606140 827
1606150 827
1606160 826
1606170 826
1606180 826
1606190 826
1606200 826
1606210 826
1606220 826
1606230 826
1606240 826
1606250 826
1606260 825
1606270 825
1606280 825
1606290 825
1606300 825
1606310 825
1606320 824
1606330 824
1606340 824
1606350 825
1606360 825
1606370 825
1606380 826
1606390 825
1606400 825
1606410 824
1606420 824
1606430 824
1606440 824
1606450 824
1606460 824
1606470 824
1606480 824
1606490 824
1606500 824
1606510 825
1606520 825
1606530 826
1606540 826
1606550 826
1606560 826
1606570 826
1606580 828
1606590 828
1606600 829
1606610 830
1606620 830
1606630 831
1606640 832
1606650 832
1606660 833
1606670 834
1606680 834
1606690 835
1606700 837
1606710 837
1606720 837
1606730 838
1606740 839
1606750 839
1606760 840
1606770 840
1606780 840
1606790 841
1606800 842
1606810 842
1606820 843
1606830 844
1606840 844
1606850 844
1606860 845
1606870 845
1606880 845
1606890 845
1606900 845
1606910 844
1606920 845
1606930 845
1606940 845
1606950 845
1606960 846
1606970 846
1606980 847
1606990 849
1607000 849
1607010 855
1607020 860
1607030 860
1607040 867
1607050 870
1607060 870
1607070 873
1607080 877
1607090 877
1607100 881
1607110 883
1607120 883
1607130 885
1607140 886
1607150 886
1607160 887
1607170 888
1607180 889
1607190 889
1607200 890
1607210 891
1607220 891
1607230 893
1607240 895
1607250 895
1607260 897
1607270 898
1607280 898
1607290 899
1607300 901
1607310 901
1607320 902
1607330 903
1607340 903
1607350 904
1607360 905
1607370 905
1607380 906
1607390 907
1607400 908
1607410 908
1607420 909
1607430 909
1607440 909
1607450 911
1607460 913
1607470 913
1607480 914
1607490 915
1607500 915
1607510 916
1607520 917
1607530 917
1607540 917
1607550 918
1607560 918
1607570 918
1607580 919
1607590 919
1607600 919
1607610 920
1607620 921
1607630 921
1607640 922
1607650 923
1607660 923
1607670 924
1607680 925
1607690 925
1607700 926
1607710 928
1607720 928
1607730 929
1607740 930
1607750 930
1607760 931
1607770 932
1607780 932
1607790 933
1607800 934
1607810 934
1607820 934
1607830 935
1607840 937
1607850 937
1607860 937
1607870 938
1607880 938
1607890 937
1607900 936
1607910 936
1607920 935
1607930 934
1607940 934
1607950 928
1607960 923
1607970 923
1607980 920
1607990 918
1608000 918
1608010 918
1608020 916
1608030 916
1608040 913
1608050 916
1608060 920
1608070 920
1608080 924
1608090 929
1608100 929
1608110 932
1608120 936
1608130 936
1608140 938
1608150 941
1608160 941
1608170 942
1608180 943
1608190 943
1608200 943
1608210 945
1608220 945
1608230 949
1608240 952
1608250 952
1608260 955
1608270 957
1608280 959
1608290 959
1608300 960
1608310 961
1608320 961
1608330 962
1608340 962
1608350 962
1608360 963
1608370 964
1608380 964
1608390 965
1608400 966
1608410 966
1608420 968
1608430 969
1608440 969
1608450 970
1608460 972
1608470 973
1608480 973
1608490 975
1608500 976
1608510 976
1608520 977
1608530 979
1608540 979
1608550 980
1608560 982
1608570 982
1608580 983
1608590 985
1608600 985
1608610 987
1608620 989
1608630 989
1608640 990
1608650 992
1608660 992
1608670 994
1608680 996
1608690 998
1608700 998
1608710 1000
1608720 1002
1608730 1002
1608740 1003
1608750 1005
1608760 1005
1608770 1007
1608780 1009
1608790 1009
1608800 1011
1608810 1013
1608820 1013
1608830 1016
1608840 1018
1608850 1018
1608860 1020
1608870 1022
1608880 1022
1608890 1025
1608900 1027
1608910 1029
1608920 1029
1608930 1031
1608940 1033
1608950 1033
1608960 1035
1608970 1037
1608980 1037
1608990 1039
1609000 1042
1609010 1042
1609020 1045
1609030 1047
1609040 1047
1609050 1048
1609060 1050
1609070 1050
1609080 1053
1609090 1055
1609100 1055
1609110 1056
1609120 1057
1609130 1059
1609140 1059
1609150 1061
1609160 1063
1609170 1063
1609180 1065
1609190 1067
1609200 1067
1609210 1069
1609220 1070
1609230 1070
1609240 1072
1609250 1073
1609260 1073
1609270 1075
1609280 1077
1609290 1077
1609300 1078
1609310 1080
1609320 1080
1609330 1081
1609340 1082
1609350 1084
1609360 1084
1609370 1085
1609380 1087
1609390 1087
1609400 1088
1609410 1090
1609420 1090
1609430 1091
1609440 1092
1609450 1092
1609460 1094
1609470 1096
1609480 1096
1609490 1098
1609500 1099
1609510 1099
1609520 1101
1609530 1104
1609540 1104
1609550 1107
1609560 1109
1609570 1111
1609580 1111
1609590 1113
1609600 1114
1609610 1114
1609620 1115
1609630 1115
1609640 1115
1609650 1115
1609660 1114
1609670 1114
1609680 1113
1609690 1112
1609700 1112
1609710 1111
1609720 1109
1609730 1109
1609740 1106
1609750 1101
1609760 1101
1609770 1096
1609780 1091
1609790 1087
1609800 1087
1609810 1083
1609820 1079
1609830 1079
1609840 1075
1609850 1073
1609860 1073
1609870 1070
1609880 1069
1609890 1069
1609900 1068
1609910 1067
1609920 1067
1609930 1067
1609940 1067
1609950 1067
1609960 1066
1609970 1063
1609980 1063
1609990 1061
1610000 1060
1610010 1060
1610020 1060
1610030 1063
1610040 1066
1610050 1066
1610060 1069
1610070 1072
1610080 1072
1610090 1073
1610100 1073
1610110 1073
1610120 1072
1610130 1071
1610140 1071
1610150 1071
1610160 1072
1610170 1072
1610180 1073
1610190 1075
1610200 1076
1610210 1076
1610220 1078
1610230 1079
1610240 1079
1610250 1081
1610260 1081
1610270 1081
1610280 1082
1610290 1083
1610300 1083
1610310 1085
1610320 1085
1610330 1085
1610340 1085
1610350 1085
1610360 1085
1610370 1084
1610380 1083
1610390 1083
1610400 1083
1610410 1083
1610420 1082
1610430 1082
1610440 1081
1610450 1080
1610460 1080
1610470 1079
1610480 1079
1610490 1079
1610500 1078
1610510 1076
1610520 1076
1610530 1074
1610540 1075
1610550 1075
1610560 1072
1610570 1071
1610580 1071
1610590 1070
1610600 1069
1610610 1069
1610620 1068
1610630 1067
1610640 1067
1610650 1067
1610660 1066
1610670 1066
1610680 1066
1610690 1065
1610700 1065
1610710 1065
1610720 1065
1610730 1065
1610740 1065
1610750 1064
1610760 1064
1610770 1064
1610780 1063
1610790 1063
1610800 1063
1610810 1063
1610820 1063
1610830 1063
1610840 1063
1610850 1063
1610860 1063
1610870 1063
1610880 1064
1610890 1064
1610900 1064
1610910 1064
1610920 1064
1610930 1064
1610940 1064
1610950 1064
1610960 1064
1610970 1063
1610980 1063
1610990 1063
1611000 1060
1611010 1058
1611020 1058
1611030 1058
1611040 1060
1611050 1060
1611060 1060
1611070 1060
1611080 1060
1611090 1060
1611100 1059
1611110 1057
1611120 1057
1611130 1058
1611140 1059
1611150 1059
1611160 1061
1611170 1062
1611180 1062
1611190 1063
1611200 1064
1611210 1064
1611220 1064
1611230 1065
1611240 1065
1611250 1066
1611260 1067
1611270 1067
1611280 1068
1611290 1069
1611300 1070
1611310 1070
1611320 1071
1611330 1071
1611340 1071
1611350 1072
1611360 1073
1611370 1073
1611380 1073
1611390 1074
1611400 1074
1611410 1075
1611420 1076
1611430 1076
1611440 1077
1611450 1078
1611460 1078
1611470 1080
1611480 1081
1611490 1081
1611500 1083
1611510 1085
1611520 1087
1611530 1087
1611540 1089
1611550 1093
1611560 1093
1611570 1094
1611580 1095
1611590 1095
1611600 1096
1611610 1097
1611620 1097
1611630 1097
1611640 1098
1611650 1098
1611660 1098
1611670 1098
1611680 1098
1611690 1098
1611700 1099
1611710 1099
1611720 1099
1611730 1099
1611740 1099
1611750 1099
1611760 1098
1611770 1097
1611780 1097
1611790 1095
1611800 1093
1611810 1093
1611820 1092
1611830 1091
1611840 1091
1611850 1091
1611860 1089
1611870 1089
1611880 1086
1611890 1084
1611900 1084
1611910 1083
1611920 1085
1611930 1085
1611940 1086
1611950 1089
1611960 1092
1611970 1092
1611980 1093
1611990 1095
1612000 1095
1612010 1097
1612020 1098
1612030 1098
1612040 1100
1612050 1103
1612060 1103
1612070 1104
1612080 1106
1612090 1106
1612100 1107
1612110 1108
1612120 1108
1612130 1108
1612140 1109
1612150 1109
1612160 1109
1612170 1110
1612180 1111
1612190 1111
1612200 1111
1612210 1112
1612220 1112
1612230 1112
1612240 1112
1612250 1112
1612260 1111
1612270 1111
1612280 1111
1612290 1111
1612300 1111
1612310 1111
1612320 1110
1612330 1109
1612340 1109
1612350 1109
1612360 1108
1612370 1108
1612380 1108
1612390 1109
1612400 1110
1612410 1110
1612420 1111
1612430 1110
1612440 1110
1612450 1111
1612460 1113
1612470 1113
1612480 1114
1612490 1116
1612500 1116
1612510 1113
1612520 1111
1612530 1111
1612540 1110
1612550 1111
1612560 1111
1612570 1111
1612580 1111
1612590 1110
1612600 1110
1612610 1109
1612620 1110
1612630 1110
1612640 1109
1612650 1110
1612660 1110
1612670 1110
1612680 1112
1612690 1112
1612700 1113
1612710 1112
1612720 1112
1612730 1111
1612740 1111
1612750 1111
1612760 1112
1612770 1117
1612780 1117
1612790 1118
1612800 1118
1612810 1118
1612820 1118
1612830 1118
1612840 1118
1612850 1118
1612860 1118
1612870 1118
1612880 1118
1612890 1119
1612900 1119
1612910 1119
1612920 1119
1612930 1119
1612940 1119
1612950 1119
1612960 1120
1612970 1120
1612980 1123
1612990 1124
1613000 1124
1613010 1127
1613020 1128
1613030 1128
1613040 1128
1613050 1127
1613060 1127
1613070 1127
1613080 1127
1613090 1126
1613100 1126
1613110 1128
1613120 1127
1613130 1127
1613140 1123
1613150 1118
1613160 1118
1613170 1118
1613180 1119
1613190 1119
1613200 1119
1613210 1119
1613220 1119
1613230 1121
1613240 1123
1613250 1124
1613260 1124
1613270 1126
1613280 1127
1613290 1127
1613300 1129
1613310 1131
1613320 1131
1613330 1133
1613340 1133
1613350 1133
1613360 1133
1613370 1132
1613380 1132
1613390 1132
1613400 1133
1613410 1133
1613420 1133
1613430 1134
1613440 1134
1613450 1134
1613460 1135
1613470 1136
1613480 1136
1613490 1137
1613500 1138
1613510 1138
1613520 1139
1613530 1139
1613540 1139
1613550 1140
1613560 1140
1613570 1140
1613580 1141
1613590 1142
1613600 1142
1613610 1143
1613620 1145
1613630 1145
1613640 1147
1613650 1149
1613660 1149
1613670 1150
1613680 1150
1613690 1150
1613700 1150
1613710 1150
1613720 1151
1613730 1151
1613740 1152
1613750 1154
1613760 1154
1613770 1157
1613780 1160
1613790 1160
1613800 1163
1613810 1166
1613820 1166
1613830 1169
1613840 1171
1613850 1171
1613860 1173
1613870 1177
1613880 1179
1613890 1179
1613900 1182
1613910 1184
1613920 1184
1613930 1186
1613940 1188
1613950 1188
1613960 1190
1613970 1192
1613980 1192
1613990 1193
1614000 1194
1614010 1194
1614020 1194
1614030 1193
1614040 1193
1614050 1191
1614060 1189
1614070 1189
1614080 1188
1614090 1187
1614100 1187
1614110 1187
1614120 1187
1614130 1187
1614140 1187
1614150 1187
1614160 1188
1614170 1188
1614180 1188
1614190 1191
1614200 1191
1614210 1193
1614220 1194
1614230 1194
1614240 1196
1614250 1199
1614260 1199
1614270 1204
1614280 1208
1614290 1208
1614300 1214
1614310 1221
1614320 1228
1614330 1228
1614340 1234
1614350 1240
1614360 1240
1614370 1245
1614380 1248
1614390 1248
1614400 1251
1614410 1254
1614420 1254
1614430 1257
1614440 1259
1614450 1259
1614460 1262
1614470 1265
1614480 1265
1614490 1268
1614500 1269
1614510 1270
1614520 1272
1614530 1274
1614540 1277
1614550 1277
1614560 1281
1614570 1283
1614580 1283
1614590 1285
1614600 1287
1614610 1287
1614620 1289
1614630 1291
1614640 1291
1614650 1293
1614660 1295
1614670 1295
1614680 1298
1614690 1303
1614700 1303
1614710 1305
1614720 1307
1614730 1307
1614740 1309
1614750 1311
1614760 1314
1614770 1314
1614780 1318
1614790 1321
1614800 1321
1614810 1325
1614820 1330
1614830 1330
1614840 1336
1614850 1340
1614860 1340
1614870 1344
1614880 1348
1614890 1348
1614900 1351
1614910 1355
1614920 1355
1614930 1359
1614940 1363
1614950 1363
1614960 1366
1614970 1369
1614980 1373
1614990 1373
1615000 1375
1615010 1377
1615020 1377
1615030 1380
1615040 1383
1615050 1383
1615060 1386
1615070 1390
1615080 1390
1615090 1393
1615100 1396
1615110 1396
1615120 1399
1615130 1401
1615140 1401
1615150 1404
1615160 1408
1615170 1408
1615180 1411
1615190 1414
1615200 1417
1615210 1417
1615220 1420
1615230 1423
1615240 1423
1615250 1426
1615260 1427
1615270 1427
1615280 1428
1615290 1430
1615300 1430
1615310 1431
1615320 1435
1615330 1435
1615340 1439
1615350 1443
1615360 1443
1615370 1447
1615380 1449
1615390 1449
1615400 1452
1615410 1455
1615420 1457
1615430 1457
1615440 1459
1615450 1461
1615460 1461
1615470 1463
1615480 1464
1615490 1464
1615500 1466
1615510 1468
1615520 1468
1615530 1470
1615540 1472
1615550 1472
1615560 1475
1615570 1478
1615580 1478
1615590 1481
1615600 1483
1615610 1486
1615620 1486
1615630 1488
1615640 1490
1615650 1490
1615660 1493
1615670 1495
1615680 1495
1615690 1498
1615700 1499
1615710 1499
1615720 1501
1615730 1503
1615740 1503
1615750 1505
1615760 1507
1615770 1507
1615780 1509
1615790 1511
1615800 1511
1615810 1512
1615820 1514
1615830 1517
1615840 1517
1615850 1520
1615860 1522
1615870 1522
1615880 1524
1615890 1525
1615900 1525
1615910 1527
1615920 1529
1615930 1529
1615940 1530
1615950 1532
1615960 1532
1615970 1534
1615980 1536
1615990 1536
1616000 1537
1616010 1539
1616020 1539
1616030 1541
1616040 1542
1616050 1544
1616060 1544
1616070 1545
1616080 1546
1616090 1546
1616100 1548
1616110 1550
1616120 1550
1616130 1552
1616140 1555
1616150 1555
1616160 1557
1616170 1559
1616180 1559
1616190 1562
1616200 1564
1616210 1564
1616220 1567
1616230 1569
1616240 1569
1616250 1572
1616260 1574
1616270 1578
1616280 1578
1616290 1581
1616300 1584
1616310 1584
1616320 1586
1616330 1589
1616340 1589
1616350 1592
1616360 1593
1616370 1593
1616380 1595
1616390 1597
1616400 1597
1616410 1600
1616420 1602
1616430 1602
1616440 1608
1616450 1609
1616460 1609
1616470 1611
1616480 1613
1616490 1614
1616500 1614
1616510 1615
1616520 1616
1616530 1616
1616540 1617
1616550 1617
1616560 1617
1616570 1617
1616580 1618
1616590 1618
1616600 1619
1616610 1619
1616620 1619
1616630 1620
1616640 1621
1616650 1621
1616660 1621
1616670 1622
1616680 1622
1616690 1624
1616700 1627
1616710 1629
1616720 1629
1616730 1631
1616740 1634
1616750 1634
1616760 1636
1616770 1639
1616780 1639
1616790 1642
1616800 1644
1616810 1644
1616820 1647
1616830 1649
1616840 1649
1616850 1652
1616860 1655
1616870 1655
1616880 1658
1616890 1661
1616900 1661
1616910 1664
1616920 1667
1616930 1670
1616940 1670
1616950 1673
1616960 1676
1616970 1676
1616980 1678
1616990 1680
1617000 1680
1617010 1682
1617020 1684
1617030 1684
1617040 1687
1617050 1689
1617060 1689
1617070 1690
1617080 1691
1617090 1691
1617100 1692
1617110 1693
1617120 1693
1617130 1693
1617140 1692
1617150 1692
1617160 1692
1617170 1692
1617180 1692
1617190 1692
1617200 1692
1617210 1691
1617220 1691
1617230 1691
1617240 1690
1617250 1690
1617260 1689
1617270 1688
1617280 1688
1617290 1688
1617300 1687
1617310 1687
1617320 1686
1617330 1685
1617340 1684
1617350 1684
1617360 1683
1617370 1682
1617380 1682
1617390 1682
1617400 1685
1617410 1685
1617420 1684
1617430 1683
1617440 1683
1617450 1683
1617460 1682
1617470 1682
1617480 1682
1617490 1681
1617500 1681
1617510 1680
1617520 1679
1617530 1679
1617540 1677
1617550 1675
1617560 1672
1617570 1672
1617580 1668
1617590 1665
1617600 1665
1617610 1661
1617620 1657
1617630 1657
1617640 1654
1617650 1651
1617660 1651
1617670 1648
1617680 1645
1617690 1645
1617700 1643
1617710 1640
1617720 1640
1617730 1637
1617740 1634
1617750 1634
1617760 1632
1617770 1632
1617780 1634
1617790 1634
1617800 1636
1617810 1638
1617820 1638
1617830 1640
1617840 1644
1617850 1644
1617860 1647
1617870 1651
1617880 1651
1617890 1654
1617900 1656
1617910 1656
1617920 1658
1617930 1660
1617940 1660
1617950 1661
1617960 1662
1617970 1662
1617980 1662
1617990 1662
1618000 1662
1618010 1662
1618020 1662
1618030 1662
1618040 1662
1618050 1662
1618060 1663
1618070 1663
1618080 1665
1618090 1666
1618100 1666
1618110 1667
1618120 1669
1618130 1669
1618140 1671
1618150 1673
1618160 1673
1618170 1674
1618180 1677
1618190 1677
1618200 1679
1618210 1681
1618220 1683
1618230 1683
1618240 1685
1618250 1686
1618260 1686
1618270 1687
1618280 1687
1618290 1687
1618300 1689
1618310 1691
1618320 1691
1618330 1693
1618340 1695
1618350 1702
1618360 1704
1618370 1707
1618380 1707
1618390 1709
1618400 1710
1618410 1710
1618420 1712
1618430 1714
1618440 1717
1618450 1717
1618460 1722
1618470 1728
1618480 1728
1618490 1734
1618500 1738
1618510 1738
1618520 1740
1618530 1742
1618540 1742
1618550 1744
1618560 1749
1618570 1749
1618580 1751
1618590 1754
1618600 1754
1618610 1758
1618620 1761
1618630 1761
1618640 1764
1618650 1765
1618660 1765
1618670 1765
1618680 1767
1618690 1770
1618700 1770
1618710 1773
1618720 1775
1618730 1775
1618740 1777
1618750 1781
1618760 1781
1618770 1785
1618780 1788
1618790 1788
1618800 1792
1618810 1796
1618820 1796
1618830 1799
1618840 1802
1618850 1802
1618860 1805
1618870 1807
1618880 1809
1618890 1809
1618900 1813
1618910 1816
1618920 1816
1618930 1820
1618940 1822
1618950 1822
1618960 1825
1618970 1828
1618980 1828
1618990 1830
1619000 1832
1619010 1832
1619020 1832
1619030 1831
1619040 1831
1619050 1834
1619060 1840
1619070 1848
1619080 1848
1619090 1853
1619100 1858
1619110 1858
1619120 1862
1619130 1867
1619140 1867
1619150 1871
1619160 1875
1619170 1875
1619180 1879
1619190 1883
1619200 1883
1619210 1887
1619220 1891
1619230 1891
1619240 1895
1619250 1899
1619260 1899
1619270 1901
1619280 1904
1619290 1906
1619300 1909
1619310 1913
1619320 1918
1619330 1918
1619340 1922
1619350 1927
1619360 1927
1619370 1931
1619380 1934
1619390 1934
1619400 1938
1619410 1943
1619420 1943
1619430 1947
1619440 1950
1619450 1950
1619460 1953
1619470 1958
1619480 1958
1619490 1960
1619500 1962
1619510 1964
1619520 1964
1619530 1966
1619540 1968
1619550 1968
1619560 1969
1619570 1971
1619580 1971
1619590 1973
1619600 1976
1619610 1976
1619620 1978
1619630 1981
1619640 1981
1619650 1987
1619660 1992
1619670 1992
1619680 1996
1619690 2000
1619700 2000
1619710 2004
1619720 2008
1619730 2013
1619740 2013
1619750 2017
1619760 2022
1619770 2022
1619780 2026
1619790 2030
1619800 2030
1619810 2034
1619820 2038
1619830 2038
1619840 2042
1619850 2045
1619860 2045
1619870 2048
1619880 2051
1619890 2051
1619900 2054
1619910 2057
1619920 2057
1619930 2061
1619940 2064
1619950 2067
1619960 2067
1619970 2071
1619980 2074
1619990 2074
