1600000 978
1600010 978
1600020 978
1600030 979
1600040 980
1600050 980
1600060 982
1600070 983
1600080 983
1600090 985
1600100 985
1600110 986
1600120 986
1600130 987
1600140 987
1600150 987
1600160 986
1600170 985
1600180 985
1600190 984
1600200 984
1600210 984
1600220 983
1600230 982
1600240 982
1600250 981
1600260 980
1600270 980
1600280 978
1600290 977
1600300 977
1600310 975
1600320 973
1600330 972
1600340 972
1600350 970
1600360 968
1600370 968
1600380 966
1600390 964
1600400 964
1600410 962
1600420 960
1600430 960
1600440 959
1600450 957
1600460 957
1600470 956
1600480 955
1600490 955
1600500 954
1600510 953
1600520 953
1600530 953
1600540 952
1600550 952
1600560 952
1600570 951
1600580 950
1600590 950
1600600 949
1600610 948
1600620 948
1600630 948
1600640 947
1600650 947
1600660 946
1600670 946
1600680 946
1600690 945
1600700 944
1600710 944
1600720 943
1600730 940
1600740 940
1600750 937
1600760 934
1600770 933
1600780 933
1600790 931
1600800 928
1600810 928
1600820 926
1600830 923
1600840 923
1600850 920
1600860 917
1600870 917
1600880 915
1600890 913
1600900 913
1600910 911
1600920 908
1600930 908
1600940 905
1600950 903
1600960 903
1600970 902
1600980 900
1600990 898
1601000 898
1601010 896
1601020 894
1601030 894
1601040 893
1601050 891
1601060 891
1601070 889
1601080 888
1601090 888
1601100 886
1601110 885
1601120 885
1601130 883
1601140 882
1601150 882
1601160 880
1601170 879
1601180 879
1601190 878
1601200 876
1601210 875
1601220 875
1601230 874
1601240 873
1601250 873
1601260 873
1601270 873
1601280 873
1601290 872
1601300 872
1601310 872
1601320 872
1601330 872
1601340 872
1601350 872
1601360 872
1601370 872
1601380 871
1601390 872
1601400 872
1601410 872
1601420 871
1601430 871
1601440 871
1601450 871
1601460 871
1601470 871
1601480 872
1601490 871
1601500 871
1601510 871
1601520 871
1601530 871
1601540 871
1601550 871
1601560 871
1601570 871
1601580 871
1601590 871
1601600 871
1601610 871
1601620 871
1601630 871
1601640 871
1601650 871
1601660 871
1601670 871
1601680 871
1601690 871
1601700 871
1601710 875
1601720 875
1601730 881
1601740 883
1601750 883
1601760 885
1601770 886
1601780 886
1601790 887
1601800 889
1601810 889
1601820 890
1601830 889
1601840 889
1601850 888
1601860 888
1601870 887
1601880 887
1601890 887
1601900 888
1601910 888
1601920 889
1601930 890
1601940 890
1601950 891
1601960 893
1601970 893
1601980 896
1601990 898
1602000 898
1602010 900
1602020 902
1602030 902
1602040 904
1602050 905
1602060 905
1602070 906
1602080 907
1602090 908
1602100 908
1602110 909
1602120 909
1602130 909
1602140 909
1602150 909
1602160 909
1602170 909
1602180 909
1602190 909
1602200 909
1602210 910
1602220 910
1602230 910
1602240 910
1602250 910
1602260 910
1602270 910
1602280 910
1602290 909
1602300 908
1602310 907
1602320 907
1602330 907
1602340 909
1602350 909
1602360 909
1602370 907
1602380 907
1602390 906
1602400 906
1602410 906
1602420 905
1602430 905
1602440 905
1602450 905
1602460 906
1602470 906
1602480 906
1602490 905
1602500 905
1602510 904
1602520 903
1602530 902
1602540 902
1602550 901
1602560 900
1602570 900
1602580 899
1602590 899
1602600 899
1602610 899
1602620 899
1602630 899
1602640 900
1602650 900
1602660 900
1602670 901
1602680 902
1602690 902
1602700 905
1602710 907
1602720 907
1602730 908
1602740 909
1602750 908
1602760 908
1602770 907
1602780 905
1602790 905
1602800 904
1602810 902
1602820 902
1602830 901
1602840 900
1602850 900
1602860 899
1602870 898
1602880 898
1602890 898
1602900 898
1602910 898
1602920 898
1602930 898
1602940 898
1602950 898
1602960 898
1602970 898
1602980 898
1602990 898
1603000 898
1603010 898
1603020 898
1603030 898
1603040 898
1603050 898
1603060 899
1603070 899
1603080 899
1603090 899
1603100 899
1603110 899
1603120 900
1603130 900
1603140 900
1603150 900
1603160 900
1603170 900
1603180 900
1603190 900
1603200 900
1603210 901
1603220 901
1603230 901
1603240 901
1603250 901
1603260 901
1603270 901
1603280 901
1603290 901
1603300 901
1603310 901
1603320 901
1603330 901
1603340 901
1603350 901
1603360 901
1603370 901
1603380 901
1603390 901
1603400 901
1603410 901
1603420 901
1603430 902
1603440 902
1603450 902
1603460 902
1603470 902
1603480 902
1603490 902
1603500 903
1603510 903
1603520 903
1603530 903
1603540 903
1603550 903
1603560 903
1603570 903
1603580 903
1603590 904
1603600 904
1603610 904
1603620 904
1603630 904
1603640 904
1603650 904
1603660 904
1603670 904
1603680 904
1603690 904
1603700 904
1603710 904
1603720 905
1603730 905
1603740 905
1603750 906
1603760 906
1603770 908
1603780 910
1603790 910
1603800 911
1603810 914
1603820 914
1603830 917
1603840 920
1603850 923
1603860 923
1603870 926
1603880 930
1603890 930
1603900 933
1603910 936
1603920 936
1603930 938
1603940 940
1603950 940
1603960 941
1603970 942
1603980 942
1603990 943
1604000 944
1604010 944
1604020 946
1604030 949
1604040 949
1604050 951
1604060 952
1604070 954
1604080 954
1604090 956
1604100 957
1604110 957
1604120 958
1604130 959
1604140 959
1604150 961
1604160 962
1604170 962
1604180 962
1604190 963
1604200 963
1604210 965
1604220 966
1604230 966
1604240 967
1604250 968
1604260 968
1604270 970
1604280 971
1604290 973
1604300 973
1604310 975
1604320 977
1604330 977
1604340 979
1604350 981
1604360 981
1604370 982
1604380 984
1604390 984
1604400 985
1604410 986
1604420 986
1604430 988
1604440 989
1604450 989
1604460 994
1604470 1000
1604480 1000
1604490 1001
1604500 1002
1604510 1003
1604520 1003
1604530 1004
1604540 1005
1604550 1005
1604560 1006
1604570 1006
1604580 1006
1604590 1007
1604600 1007
1604610 1007
1604620 1007
1604630 1007
1604640 1007
1604650 1007
1604660 1008
1604670 1008
1604680 1010
1604690 1012
1604700 1012
1604710 1013
1604720 1015
1604730 1015
1604740 1015
1604750 1017
1604760 1018
1604770 1018
1604780 1019
1604790 1019
1604800 1019
1604810 1018
1604820 1017
1604830 1017
1604840 1016
1604850 1014
1604860 1014
1604870 1012
1604880 1011
1604890 1011
1604900 1011
1604910 1012
1604920 1012
1604930 1012
1604940 1013
1604950 1013
1604960 1013
1604970 1014
1604980 1015
1604990 1015
1605000 1015
1605010 1015
1605020 1015
1605030 1015
1605040 1016
1605050 1016
1605060 1018
1605070 1019
1605080 1019
1605090 1020
1605100 1021
1605110 1021
1605120 1023
1605130 1025
1605140 1025
1605150 1026
1605160 1028
1605170 1030
1605180 1030
1605190 1032
1605200 1034
1605210 1034
1605220 1036
1605230 1037
1605240 1037
1605250 1039
1605260 1040
1605270 1040
1605280 1041
1605290 1041
1605300 1041
1605310 1042
1605320 1043
1605330 1044
1605340 1045
1605350 1046
1605360 1046
1605370 1046
1605380 1047
1605390 1047
1605400 1047
1605410 1047
1605420 1048
1605430 1048
1605440 1048
1605450 1048
1605460 1048
1605470 1048
1605480 1048
1605490 1048
1605500 1048
1605510 1048
1605520 1048
1605530 1047
1605540 1047
1605550 1047
1605560 1046
1605570 1045
1605580 1045
1605590 1044
1605600 1043
1605610 1042
1605620 1042
1605630 1041
1605640 1040
1605650 1040
1605660 1040
1605670 1038
1605680 1038
1605690 1035
1605700 1034
1605710 1034
1605720 1033
1605730 1031
1605740 1031
1605750 1030
1605760 1030
1605770 1030
1605780 1031
1605790 1029
1605800 1029
1605810 1028
1605820 1027
1605830 1026
1605840 1026
1605850 1024
1605860 1023
1605870 1023
1605880 1021
1605890 1019
1605900 1019
1605910 1017
1605920 1013
1605930 1013
1605940 1009
1605950 1005
1605960 1005
1605970 1002
1605980 998
1605990 998
1606000 995
1606010 993
1606020 993
1606030 993
1606040 993
1606050 991
1606060 991
1606070 989
1606080 984
1606090 984
1606100 978
1606110 974
1606120 974
1606130 971
1606140 968
1606150 968
1606160 966
1606170 964
1606180 964
1606190 961
1606200 959
1606210 959
1606220 956
1606230 955
1606240 955
1606250 951
1606260 948
1606270 949
1606280 949
1606290 955
1606300 959
1606310 959
1606320 962
1606330 963
1606340 963
1606350 964
1606360 965
1606370 969
1606380 970
1606390 971
1606400 971
1606410 972
1606420 972
1606430 972
1606440 971
1606450 971
1606460 971
1606470 970
1606480 969
1606490 968
1606500 968
1606510 966
1606520 965
1606530 965
1606540 963
1606550 962
1606560 962
1606570 960
1606580 959
1606590 959
1606600 959
1606610 958
1606620 958
1606630 958
1606640 959
1606650 959
1606660 960
1606670 961
1606680 961
1606690 962
1606700 962
1606710 962
1606720 962
1606730 963
1606740 963
1606750 963
1606760 963
1606770 962
1606780 962
1606790 963
1606800 963
1606810 963
1606820 964
1606830 965
1606840 965
1606850 966
1606860 967
1606870 967
1606880 968
1606890 968
1606900 968
1606910 969
1606920 969
1606930 969
1606940 969
1606950 970
1606960 970
1606970 970
1606980 970
1606990 971
1607000 971
1607010 971
1607020 972
1607030 972
1607040 972
1607050 973
1607060 973
1607070 973
1607080 973
1607090 973
1607100 973
1607110 974
1607120 974
1607130 974
1607140 974
1607150 974
1607160 974
1607170 975
1607180 974
1607190 974
1607200 974
1607210 973
1607220 973
1607230 973
1607240 973
1607250 973
1607260 973
1607270 972
1607280 972
1607290 972
1607300 972
1607310 972
1607320 972
1607330 972
1607340 972
1607350 970
1607360 968
1607370 968
1607380 967
1607390 966
1607400 965
1607410 965
1607420 963
1607430 961
1607440 961
1607450 959
1607460 958
1607470 958
1607480 959
1607490 958
1607500 958
1607510 957
1607520 956
1607530 956
1607540 955
1607550 953
1607560 953
1607570 951
1607580 949
1607590 949
1607600 947
1607610 946
1607620 945
1607630 945
1607640 944
1607650 943
1607660 943
1607670 943
1607680 943
1607690 943
1607700 943
1607710 942
1607720 942
1607730 942
1607740 942
1607750 942
1607760 942
1607770 940
1607780 940
1607790 941
1607800 941
1607810 941
1607820 942
1607830 942
1607840 942
1607850 942
1607860 943
1607870 944
1607880 944
1607890 944
1607900 946
1607910 946
1607920 948
1607930 951
1607940 951
1607950 954
1607960 957
1607970 957
1607980 959
1607990 962
1608000 962
1608010 964
1608020 966
1608030 966
1608040 968
1608050 969
1608060 970
1608070 970
1608080 971
1608090 972
1608100 972
1608110 972
1608120 972
1608130 972
1608140 972
1608150 973
1608160 973
1608170 973
1608180 973
1608190 973
1608200 972
1608210 972
1608220 972
1608230 971
1608240 971
1608250 971
1608260 970
1608270 970
1608280 969
1608290 969
1608300 971
1608310 973
1608320 973
1608330 974
1608340 975
1608350 975
1608360 976
1608370 977
1608380 977
1608390 978
1608400 979
1608410 979
1608420 981
1608430 982
1608440 980
1608450 981
1608460 983
1608470 983
1608480 984
1608490 985
1608500 986
1608510 986
1608520 988
1608530 989
1608540 989
1608550 990
1608560 991
1608570 991
1608580 992
1608590 993
1608600 993
1608610 994
1608620 994
1608630 994
1608640 995
1608650 996
1608660 996
1608670 997
1608680 998
1608690 998
1608700 998
1608710 999
1608720 1000
1608730 1000
1608740 1000
1608750 1001
1608760 1001
1608770 1001
1608780 1002
1608790 1002
1608800 1002
1608810 1002
1608820 1002
1608830 1003
1608840 1003
1608850 1003
1608860 1003
1608870 1004
1608880 1004
1608890 1004
1608900 1004
1608910 1004
1608920 1004
1608930 1005
1608940 1005
1608950 1005
1608960 1005
1608970 1006
1608980 1006
1608990 1006
1609000 1006
1609010 1006
1609020 1007
1609030 1008
1609040 1008
1609050 1008
1609060 1008
1609070 1008
1609080 1009
1609090 1009
1609100 1009
1609110 1009
1609120 1010
1609130 1010
1609140 1010
1609150 1011
1609160 1011
1609170 1011
1609180 1012
1609190 1013
1609200 1013
1609210 1014
1609220 1014
1609230 1014
1609240 1015
1609250 1016
1609260 1016
1609270 1017
1609280 1018
1609290 1018
1609300 1018
1609310 1019
1609320 1019
1609330 1019
1609340 1020
1609350 1020
1609360 1021
1609370 1021
1609380 1022
1609390 1022
1609400 1022
1609410 1022
1609420 1022
1609430 1023
1609440 1023
1609450 1023
1609460 1022
1609470 1022
1609480 1022
1609490 1022
1609500 1022
1609510 1022
1609520 1022
1609530 1022
1609540 1022
1609550 1022
1609560 1023
1609570 1023
1609580 1023
1609590 1023
1609600 1024
1609610 1024
1609620 1024
1609630 1024
1609640 1024
1609650 1024
1609660 1023
1609670 1023
1609680 1023
1609690 1024
1609700 1024
1609710 1024
1609720 1024
1609730 1024
1609740 1024
1609750 1025
1609760 1025
1609770 1025
1609780 1025
1609790 1025
1609800 1026
1609810 1026
1609820 1027
1609830 1027
1609840 1028
1609850 1029
1609860 1029
1609870 1029
1609880 1030
1609890 1030
1609900 1031
1609910 1032
1609920 1032
1609930 1033
1609940 1034
1609950 1034
1609960 1035
1609970 1036
1609980 1036
1609990 1037
1610000 1038
1610010 1038
1610020 1039
1610030 1041
1610040 1042
1610050 1042
1610060 1044
1610070 1046
1610080 1046
1610090 1049
1610100 1052
1610110 1052
1610120 1054
1610130 1056
1610140 1056
1610150 1060
1610160 1065
1610170 1065
1610180 1069
1610190 1071
1610200 1071
1610210 1075
1610220 1079
1610230 1079
1610240 1082
1610250 1086
1610260 1090
1610270 1090
1610280 1094
1610290 1097
1610300 1097
1610310 1101
1610320 1104
1610330 1104
1610340 1107
1610350 1109
1610360 1109
1610370 1111
1610380 1112
1610390 1112
1610400 1115
1610410 1116
1610420 1116
1610430 1118
1610440 1120
1610450 1120
1610460 1123
1610470 1127
1610480 1132
1610490 1132
1610500 1136
1610510 1140
1610520 1140
1610530 1143
1610540 1147
1610550 1147
1610560 1150
1610570 1153
1610580 1153
1610590 1157
1610600 1160
1610610 1160
1610620 1164
1610630 1168
1610640 1168
1610650 1172
1610660 1176
1610670 1176
1610680 1179
1610690 1182
1610700 1186
1610710 1186
1610720 1189
1610730 1192
1610740 1192
1610750 1195
1610760 1196
1610770 1196
1610780 1198
1610790 1199
1610800 1199
1610810 1201
1610820 1202
1610830 1202
1610840 1204
1610850 1205
1610860 1205
1610870 1206
1610880 1207
1610890 1207
1610900 1207
1610910 1207
1610920 1206
1610930 1206
1610940 1207
1610950 1207
1610960 1207
1610970 1207
1610980 1207
1610990 1207
1611000 1207
1611010 1208
1611020 1208
1611030 1209
1611040 1209
1611050 1209
1611060 1210
1611070 1210
1611080 1210
1611090 1212
1611100 1212
1611110 1212
1611120 1212
1611130 1212
1611140 1212
1611150 1212
1611160 1212
1611170 1212
1611180 1212
1611190 1211
1611200 1211
1611210 1211
1611220 1210
1611230 1209
1611240 1209
1611250 1208
1611260 1206
1611270 1206
1611280 1204
1611290 1200
1611300 1200
1611310 1196
1611320 1193
1611330 1193
1611340 1191
1611350 1188
1611360 1185
1611370 1185
1611380 1181
1611390 1176
1611400 1176
1611410 1173
1611420 1169
1611430 1169
1611440 1167
1611450 1165
1611460 1165
1611470 1161
1611480 1160
1611490 1160
1611500 1159
1611510 1158
1611520 1158
1611530 1157
1611540 1156
1611550 1156
1611560 1155
1611570 1154
1611580 1154
1611590 1154
1611600 1153
1611610 1153
1611620 1153
1611630 1152
1611640 1152
1611650 1152
1611660 1153
1611670 1153
1611680 1153
1611690 1153
1611700 1153
1611710 1153
1611720 1154
1611730 1154
1611740 1154
1611750 1155
1611760 1155
1611770 1155
1611780 1156
1611790 1156
1611800 1157
1611810 1157
1611820 1158
1611830 1159
1611840 1159
1611850 1160
1611860 1161
1611870 1161
1611880 1163
1611890 1164
1611900 1164
1611910 1166
1611920 1167
1611930 1167
1611940 1169
1611950 1170
1611960 1170
1611970 1172
1611980 1173
1611990 1173
1612000 1175
1612010 1177
1612020 1178
1612030 1178
1612040 1180
1612050 1183
1612060 1183
1612070 1185
1612080 1189
1612090 1189
1612100 1192
1612110 1195
1612120 1195
1612130 1198
1612140 1201
1612150 1201
1612160 1204
1612170 1208
1612180 1208
1612190 1212
1612200 1217
1612210 1217
1612220 1222
1612230 1226
1612240 1230
1612250 1230
1612260 1236
1612270 1241
1612280 1241
1612290 1244
1612300 1248
1612310 1248
1612320 1253
1612330 1257
1612340 1257
1612350 1261
1612360 1264
1612370 1264
1612380 1267
1612390 1268
1612400 1268
1612410 1269
1612420 1270
1612430 1270
1612440 1271
1612450 1273
1612460 1274
1612470 1275
1612480 1277
1612490 1279
1612500 1279
1612510 1281
1612520 1283
1612530 1283
1612540 1285
1612550 1288
1612560 1288
1612570 1291
1612580 1295
1612590 1295
1612600 1298
1612610 1301
1612620 1301
1612630 1303
1612640 1305
1612650 1305
1612660 1308
1612670 1310
1612680 1312
1612690 1312
1612700 1314
1612710 1316
1612720 1316
1612730 1318
1612740 1320
1612750 1320
1612760 1322
1612770 1324
1612780 1324
1612790 1325
1612800 1326
1612810 1326
1612820 1326
1612830 1327
1612840 1327
1612850 1328
1612860 1330
1612870 1330
1612880 1332
1612890 1333
1612900 1335
1612910 1335
1612920 1336
1612930 1337
1612940 1337
1612950 1338
1612960 1340
1612970 1340
1612980 1342
1612990 1343
1613000 1343
1613010 1345
1613020 1346
1613030 1346
1613040 1347
1613050 1348
1613060 1348
1613070 1350
1613080 1352
1613090 1352
1613100 1356
1613110 1359
1613120 1361
1613130 1361
1613140 1363
1613150 1365
1613160 1365
1613170 1367
1613180 1368
1613190 1368
1613200 1370
1613210 1371
1613220 1371
1613230 1373
1613240 1374
1613250 1374
1613260 1375
1613270 1377
1613280 1377
1613290 1379
1613300 1382
1613310 1382
1613320 1384
1613330 1386
1613340 1389
1613350 1389
1613360 1392
1613370 1394
1613380 1394
1613390 1396
1613400 1397
1613410 1397
1613420 1399
1613430 1401
1613440 1401
1613450 1403
1613460 1407
1613470 1407
1613480 1409
1613490 1410
1613500 1410
1613510 1413
1613520 1415
1613530 1415
1613540 1417
1613550 1419
1613560 1420
1613570 1420
1613580 1421
1613590 1423
1613600 1423
1613610 1425
1613620 1427
1613630 1427
1613640 1428
1613650 1430
1613660 1430
1613670 1432
1613680 1433
1613690 1433
1613700 1434
1613710 1435
1613720 1435
1613730 1435
1613740 1436
1613750 1436
1613760 1437
1613770 1438
1613780 1438
1613790 1439
1613800 1440
1613810 1440
1613820 1440
1613830 1441
1613840 1440
1613850 1440
1613860 1440
1613870 1439
1613880 1439
1613890 1438
1613900 1438
1613910 1438
1613920 1438
1613930 1437
1613940 1437
1613950 1436
1613960 1435
1613970 1435
1613980 1435
1613990 1435
1614000 1435
1614010 1435
1614020 1435
1614030 1435
1614040 1435
1614050 1434
1614060 1434
1614070 1434
1614080 1435
1614090 1434
1614100 1434
1614110 1434
1614120 1434
1614130 1434
1614140 1432
1614150 1435
1614160 1435
1614170 1438
1614180 1438
1614190 1438
1614200 1438
1614210 1438
1614220 1438
1614230 1438
1614240 1437
1614250 1435
1614260 1435
1614270 1434
1614280 1434
1614290 1434
1614300 1434
1614310 1435
1614320 1435
1614330 1436
1614340 1437
1614350 1437
1614360 1437
1614370 1438
1614380 1438
1614390 1438
1614400 1439
1614410 1439
1614420 1440
1614430 1442
1614440 1443
1614450 1445
1614460 1447
1614470 1447
1614480 1447
1614490 1445
1614500 1441
1614510 1441
1614520 1436
1614530 1430
1614540 1430
1614550 1424
1614560 1420
1614570 1420
1614580 1416
1614590 1413
1614600 1413
1614610 1412
1614620 1414
1614630 1414
1614640 1419
1614650 1423
1614660 1423
1614670 1427
1614680 1432
1614690 1436
1614700 1436
1614710 1440
1614720 1444
1614730 1444
1614740 1448
1614750 1452
1614760 1452
1614770 1454
1614780 1457
1614790 1457
1614800 1459
1614810 1460
1614820 1460
1614830 1462
1614840 1462
1614850 1462
1614860 1461
1614870 1462
1614880 1462
1614890 1462
1614900 1462
1614910 1463
1614920 1463
1614930 1464
1614940 1465
1614950 1465
1614960 1465
1614970 1467
1614980 1467
1614990 1469
1615000 1471
1615010 1471
1615020 1473
1615030 1474
1615040 1474
1615050 1475
1615060 1476
1615070 1476
1615080 1476
1615090 1476
1615100 1476
1615110 1477
1615120 1479
1615130 1483
1615140 1483
1615150 1487
1615160 1491
1615170 1491
1615180 1496
1615190 1498
1615200 1498
1615210 1498
1615220 1496
1615230 1496
1615240 1494
1615250 1493
1615260 1493
1615270 1491
1615280 1490
1615290 1490
1615300 1491
1615310 1490
1615320 1490
1615330 1488
1615340 1487
1615350 1486
1615360 1486
1615370 1485
1615380 1485
1615390 1485
1615400 1484
1615410 1484
1615420 1484
1615430 1484
1615440 1484
1615450 1484
1615460 1485
1615470 1484
1615480 1484
1615490 1482
1615500 1482
1615510 1482
1615520 1482
1615530 1483
1615540 1483
1615550 1483
1615560 1484
1615570 1485
1615580 1485
1615590 1486
1615600 1487
1615610 1487
1615620 1488
1615630 1489
1615640 1489
1615650 1489
1615660 1490
1615670 1490
1615680 1490
1615690 1491
1615700 1491
1615710 1492
1615720 1493
1615730 1493
1615740 1494
1615750 1494
1615760 1494
1615770 1495
1615780 1496
1615790 1497
1615800 1497
1615810 1497
1615820 1497
1615830 1497
1615840 1500
1615850 1503
1615860 1503
1615870 1506
1615880 1508
1615890 1508
1615900 1511
1615910 1514
1615920 1514
1615930 1519
1615940 1523
1615950 1523
1615960 1527
1615970 1530
1615980 1530
1615990 1534
1616000 1537
1616010 1541
1616020 1541
1616030 1545
1616040 1549
1616050 1549
1616060 1553
1616070 1558
1616080 1558
1616090 1561
1616100 1565
1616110 1565
1616120 1570
1616130 1574
1616140 1574
1616150 1577
1616160 1580
1616170 1580
1616180 1584
1616190 1587
1616200 1587
1616210 1590
1616220 1593
1616230 1598
1616240 1598
1616250 1602
1616260 1606
1616270 1606
1616280 1610
1616290 1613
1616300 1613
1616310 1617
1616320 1621
1616330 1621
1616340 1623
1616350 1625
1616360 1625
1616370 1627
1616380 1623
1616390 1623
1616400 1623
1616410 1624
1616420 1624
1616430 1625
1616440 1626
1616450 1626
1616460 1626
1616470 1626
1616480 1628
1616490 1628
1616500 1629
1616510 1630
1616520 1630
1616530 1631
1616540 1632
1616550 1632
1616560 1633
1616570 1635
1616580 1635
1616590 1638
1616600 1639
1616610 1639
1616620 1640
1616630 1642
1616640 1642
1616650 1644
1616660 1644
1616670 1645
1616680 1645
1616690 1646
1616700 1646
1616710 1646
1616720 1648
1616730 1650
1616740 1650
1616750 1651
1616760 1651
1616770 1651
1616780 1651
1616790 1652
1616800 1652
1616810 1653
1616820 1654
1616830 1654
1616840 1655
1616850 1655
1616860 1655
1616870 1654
1616880 1655
1616890 1656
1616900 1656
1616910 1657
1616920 1657
1616930 1657
1616940 1657
1616950 1659
1616960 1659
1616970 1660
1616980 1661
1616990 1661
1617000 1661
1617010 1662
1617020 1662
1617030 1663
1617040 1664
1617050 1664
1617060 1665
1617070 1667
1617080 1667
1617090 1668
1617100 1668
1617110 1668
1617120 1668
1617130 1668
1617140 1667
1617150 1667
1617160 1664
1617170 1660
1617180 1660
1617190 1661
1617200 1664
1617210 1664
1617220 1667
1617230 1671
1617240 1671
1617250 1674
1617260 1675
1617270 1675
1617280 1677
1617290 1679
1617300 1679
1617310 1682
1617320 1685
1617330 1688
1617340 1689
1617350 1692
1617360 1694
1617370 1694
1617380 1698
1617390 1703
1617400 1703
1617410 1706
1617420 1709
1617430 1709
1617440 1712
1617450 1713
1617460 1713
1617470 1715
1617480 1716
1617490 1716
1617500 1717
1617510 1717
1617520 1717
1617530 1716
1617540 1716
1617550 1716
1617560 1716
1617570 1717
1617580 1719
1617590 1719
1617600 1720
1617610 1722
1617620 1722
1617630 1723
1617640 1725
1617650 1725
1617660 1727
1617670 1729
1617680 1729
1617690 1730
1617700 1733
1617710 1733
1617720 1737
1617730 1740
1617740 1740
1617750 1743
1617760 1746
1617770 1748
1617780 1748
1617790 1751
1617800 1753
1617810 1753
1617820 1755
1617830 1757
1617840 1757
1617850 1759
1617860 1760
1617870 1760
1617880 1761
1617890 1763
1617900 1763
1617910 1765
1617920 1767
1617930 1767
1617940 1768
1617950 1771
1617960 1771
1617970 1775
1617980 1777
1617990 1778
1618000 1778
1618010 1780
1618020 1781
1618030 1781
1618040 1784
1618050 1787
1618060 1787
1618070 1791
1618080 1794
1618090 1794
1618100 1797
1618110 1800
1618120 1800
1618130 1803
1618140 1806
1618150 1806
1618160 1809
1618170 1812
1618180 1812
1618190 1816
1618200 1819
1618210 1822
1618220 1822
1618230 1825
1618240 1828
1618250 1828
1618260 1832
1618270 1835
1618280 1835
1618290 1843
1618300 1846
1618310 1846
1618320 1850
1618330 1854
1618340 1854
1618350 1858
1618360 1861
1618370 1861
1618380 1865
1618390 1869
1618400 1869
1618410 1872
1618420 1875
1618430 1879
1618440 1879
1618450 1881
1618460 1884
1618470 1884
1618480 1886
1618490 1889
1618500 1889
1618510 1891
1618520 1894
1618530 1894
1618540 1896
1618550 1899
1618560 1899
1618570 1901
1618580 1903
1618590 1903
1618600 1906
1618610 1908
1618620 1908
1618630 1910
1618640 1913
1618650 1916
1618660 1916
1618670 1919
1618680 1922
1618690 1922
1618700 1925
1618710 1928
1618720 1928
1618730 1932
1618740 1935
1618750 1935
1618760 1939
1618770 1943
1618780 1943
1618790 1946
1618800 1949
1618810 1949
1618820 1953
1618830 1957
1618840 1957
1618850 1962
1618860 1965
1618870 1970
1618880 1970
1618890 1974
1618900 1978
1618910 1978
1618920 1982
1618930 1986
1618940 1986
1618950 1989
1618960 1993
1618970 1993
1618980 1997
1618990 2001
1619000 2001
1619010 2005
1619020 2008
1619030 2008
1619040 2012
1619050 2015
1619060 2015
1619070 2018
1619080 2021
1619090 2024
1619100 2024
1619110 2028
1619120 2032
1619130 2032
1619140 2036
1619150 2040
1619160 2040
1619170 2044
1619180 2049
1619190 2049
1619200 2053
1619210 2058
1619220 2058
1619230 2061
1619240 2065
1619250 2065
1619260 2068
1619270 2072
1619280 2072
1619290 2075
1619300 2077
1619310 2081
1619320 2081
1619330 2085
1619340 2088
1619350 2088
1619360 2092
1619370 2098
1619380 2098
1619390 2104
1619400 2109
1619410 2109
1619420 2113
1619430 2118
1619440 2118
1619450 2123
1619460 2128
1619470 2128
1619480 2132
1619490 2136
1619500 2136
1619510 2140
1619520 2144
1619530 2147
1619540 2147
1619550 2149
1619560 2152
1619570 2152
1619580 2154
1619590 2156
1619600 2156
1619610 2158
1619620 2160
1619630 2160
1619640 2162
1619650 2162
1619660 2162
1619670 2157
1619680 2146
1619690 2146
1619700 2135
1619710 2127
1619720 2127
1619730 2119
1619740 2112
1619750 2104
1619760 2104
1619770 2097
1619780 2090
1619790 2090
1619800 2080
1619810 2070
1619820 2070
1619830 2063
1619840 2057
1619850 2057
1619860 2052
1619870 2047
1619880 2047
1619890 2043
1619900 2041
1619910 2041
1619920 2039
1619930 2038
1619940 2038
1619950 2035
1619960 2034
1619970 2032
1619980 2032
1619990 2031
