1600000 927
1600010 929
1600020 930
1600030 930
1600040 932
1600050 933
1600060 933
1600070 935
1600080 937
1600090 938
1600100 938
1600110 940
1600120 943
1600130 943
1600140 945
1600150 947
1600160 947
1600170 948
1600180 950
1600190 950
1600200 952
1600210 955
1600220 955
1600230 957
1600240 959
1600250 959
1600260 961
1600270 962
1600280 962
1600290 964
1600300 966
1600310 968
1600320 968
1600330 969
1600340 971
1600350 971
1600360 972
1600370 973
1600380 973
1600390 975
1600400 977
1600410 977
1600420 978
1600430 982
1600440 984
1600450 986
1600460 988
1600470 988
1600480 991
1600490 994
1600500 994
1600510 998
1600520 1002
1600530 1006
1600540 1006
1600550 1008
1600560 1012
1600570 1012
1600580 1016
1600590 1019
1600600 1019
1600610 1022
1600620 1026
1600630 1026
1600640 1029
1600650 1031
1600660 1031
1600670 1033
1600680 1035
1600690 1035
1600700 1036
1600710 1038
1600720 1038
1600730 1039
1600740 1041
1600750 1041
1600760 1041
1600770 1042
1600780 1042
1600790 1042
1600800 1041
1600810 1040
1600820 1040
1600830 1039
1600840 1039
1600850 1039
1600860 1039
1600870 1040
1600880 1040
1600890 1041
1600900 1042
1600910 1042
1600920 1043
1600930 1044
1600940 1044
1600950 1046
1600960 1048
1600970 1048
1600980 1049
1600990 1050
1601000 1052
1601010 1052
1601020 1053
1601030 1055
1601040 1055
1601050 1057
1601060 1058
1601070 1058
1601080 1060
1601090 1062
1601100 1062
1601110 1063
1601120 1064
1601130 1064
1601140 1064
1601150 1066
1601160 1066
1601170 1067
1601180 1068
1601190 1068
1601200 1071
1601210 1076
1601220 1080
1601230 1080
1601240 1083
1601250 1086
1601260 1086
1601270 1089
1601280 1092
1601290 1092
1601300 1097
1601310 1100
1601320 1100
1601330 1103
1601340 1105
1601350 1105
1601360 1106
1601370 1108
1601380 1108
1601390 1110
1601400 1111
1601410 1111
1601420 1113
1601430 1114
1601440 1115
1601450 1115
1601460 1116
1601470 1117
1601480 1117
1601490 1118
1601500 1119
1601510 1119
1601520 1120
1601530 1121
1601540 1121
1601550 1122
1601560 1123
1601570 1123
1601580 1124
1601590 1125
1601600 1125
1601610 1127
1601620 1128
1601630 1128
1601640 1129
1601650 1130
1601660 1130
1601670 1131
1601680 1133
1601690 1135
1601700 1135
1601710 1137
1601720 1140
1601730 1140
1601740 1141
1601750 1143
1601760 1143
1601770 1146
1601780 1148
1601790 1148
1601800 1151
1601810 1153
1601820 1153
1601830 1156
1601840 1158
1601850 1158
1601860 1160
1601870 1162
1601880 1162
1601890 1164
1601900 1166
1601910 1168
1601920 1168
1601930 1170
1601940 1172
1601950 1172
1601960 1174
1601970 1176
1601980 1176
1601990 1178
1602000 1179
1602010 1179
1602020 1180
1602030 1181
1602040 1181
1602050 1182
1602060 1183
1602070 1183
1602080 1184
1602090 1184
1602100 1184
1602110 1185
1602120 1187
1602130 1189
1602140 1189
1602150 1190
1602160 1192
1602170 1192
1602180 1194
1602190 1197
1602200 1197
1602210 1199
1602220 1201
1602230 1201
1602240 1202
1602250 1205
1602260 1205
1602270 1209
1602280 1211
1602290 1211
1602300 1214
1602310 1216
1602320 1216
1602330 1218
1602340 1220
1602350 1222
1602360 1222
1602370 1225
1602380 1228
1602390 1228
1602400 1231
1602410 1234
1602420 1234
1602430 1236
1602440 1239
1602450 1239
1602460 1240
1602470 1243
1602480 1243
1602490 1247
1602500 1249
1602510 1249
1602520 1252
1602530 1255
1602540 1255
1602550 1258
1602560 1261
1602570 1261
1602580 1264
1602590 1267
1602600 1269
1602610 1271
1602620 1274
1602630 1276
1602640 1276
1602650 1279
1602660 1281
1602670 1281
1602680 1283
1602690 1285
1602700 1285
1602710 1287
1602720 1289
1602730 1289
1602740 1292
1602750 1294
1602760 1294
1602770 1295
1602780 1297
1602790 1297
1602800 1299
1602810 1300
1602820 1302
1602830 1302
1602840 1304
1602850 1306
1602860 1306
1602870 1307
1602880 1308
1602890 1308
1602900 1309
1602910 1310
1602920 1310
1602930 1312
1602940 1313
1602950 1313
1602960 1315
1602970 1318
1602980 1318
1602990 1322
1603000 1325
1603010 1325
1603020 1329
1603030 1333
1603040 1336
1603050 1336
1603060 1337
1603070 1338
1603080 1338
1603090 1340
1603100 1341
1603110 1341
1603120 1342
1603130 1342
1603140 1342
1603150 1343
1603160 1344
1603170 1344
1603180 1345
1603190 1346
1603200 1346
1603210 1347
1603220 1349
1603230 1349
1603240 1351
1603250 1353
1603260 1355
1603270 1355
1603280 1356
1603290 1357
1603300 1357
1603310 1358
1603320 1359
1603330 1359
1603340 1360
1603350 1361
1603360 1361
1603370 1361
1603380 1361
1603390 1361
1603400 1361
1603410 1362
1603420 1362
1603430 1362
1603440 1363
1603450 1363
1603460 1364
1603470 1364
1603480 1365
1603490 1365
1603500 1366
1603510 1366
1603520 1366
1603530 1366
1603540 1366
1603550 1366
1603560 1365
1603570 1364
1603580 1364
1603590 1364
1603600 1364
1603610 1364
1603620 1364
1603630 1364
1603640 1364
1603650 1364
1603660 1363
1603670 1363
1603680 1360
1603690 1359
1603700 1359
1603710 1358
1603720 1357
1603730 1356
1603740 1356
1603750 1355
1603760 1353
1603770 1353
1603780 1352
1603790 1351
1603800 1351
1603810 1350
1603820 1349
1603830 1349
1603840 1348
1603850 1347
1603860 1347
1603870 1347
1603880 1346
1603890 1346
1603900 1345
1603910 1344
1603920 1344
1603930 1343
1603940 1341
1603950 1339
1603960 1339
1603970 1338
1603980 1335
1603990 1335
1604000 1332
1604010 1329
1604020 1329
1604030 1325
1604040 1322
1604050 1322
1604060 1321
1604070 1321
1604080 1321
1604090 1320
1604100 1319
1604110 1319
1604120 1318
1604130 1318
1604140 1318
1604150 1317
1604160 1317
1604170 1317
1604180 1317
1604190 1317
1604200 1316
1604210 1316
1604220 1315
1604230 1314
1604240 1314
1604250 1315
1604260 1316
1604270 1316
1604280 1316
1604290 1317
1604300 1317
1604310 1318
1604320 1318
1604330 1318
1604340 1319
1604350 1320
1604360 1320
1604370 1323
1604380 1326
1604390 1328
1604400 1328
1604410 1330
1604420 1331
1604430 1331
1604440 1333
1604450 1334
1604460 1334
1604470 1336
1604480 1338
1604490 1338
1604500 1341
1604510 1344
1604520 1344
1604530 1347
1604540 1350
1604550 1350
1604560 1352
1604570 1355
1604580 1355
1604590 1357
1604600 1359
1604610 1359
1604620 1359
1604630 1360
1604640 1360
1604650 1360
1604660 1361
1604670 1361
1604680 1361
1604690 1360
1604700 1359
1604710 1359
1604720 1357
1604730 1356
1604740 1354
1604750 1353
1604760 1351
1604770 1351
1604780 1349
1604790 1347
1604800 1347
1604810 1344
1604820 1341
1604830 1341
1604840 1339
1604850 1338
1604860 1336
1604870 1336
1604880 1334
1604890 1333
1604900 1333
1604910 1330
1604920 1328
1604930 1328
1604940 1325
1604950 1322
1604960 1322
1604970 1317
1604980 1313
1604990 1313
1605000 1308
1605010 1305
1605020 1305
1605030 1301
1605040 1298
1605050 1298
1605060 1295
1605070 1293
1605080 1290
1605090 1290
1605100 1286
1605110 1281
1605120 1281
1605130 1276
1605140 1271
1605150 1271
1605160 1267
1605170 1261
1605180 1261
1605190 1258
1605200 1257
1605210 1257
1605220 1256
1605230 1254
1605240 1254
1605250 1252
1605260 1248
1605270 1248
1605280 1244
1605290 1241
1605300 1235
1605310 1235
1605320 1230
1605330 1226
1605340 1226
1605350 1223
1605360 1219
1605370 1219
1605380 1214
1605390 1209
1605400 1209
1605410 1201
1605420 1193
1605430 1193
1605440 1186
1605450 1180
1605460 1180
1605470 1174
1605480 1167
1605490 1167
1605500 1162
1605510 1156
1605520 1156
1605530 1150
1605540 1144
1605550 1137
1605560 1137
1605570 1128
1605580 1121
1605590 1121
1605600 1115
1605610 1111
1605620 1111
1605630 1110
1605640 1112
1605650 1112
1605660 1116
1605670 1119
1605680 1119
1605690 1119
1605700 1122
1605710 1122
1605720 1124
1605730 1124
1605740 1124
1605750 1123
1605760 1121
1605770 1117
1605780 1117
1605790 1118
1605800 1121
1605810 1121
1605820 1127
1605830 1133
1605840 1133
1605850 1139
1605860 1143
1605870 1143
1605880 1145
1605890 1147
1605900 1147
1605910 1150
1605920 1152
1605930 1152
1605940 1154
1605950 1156
1605960 1156
1605970 1159
1605980 1161
1605990 1162
1606000 1162
1606010 1164
1606020 1165
1606030 1165
1606040 1167
1606050 1168
1606060 1168
1606070 1170
1606080 1170
1606090 1170
1606100 1171
1606110 1172
1606120 1172
1606130 1174
1606140 1175
1606150 1175
1606160 1176
1606170 1177
1606180 1177
1606190 1176
1606200 1173
1606210 1171
1606220 1171
1606230 1168
1606240 1165
1606250 1165
1606260 1162
1606270 1158
1606280 1158
1606290 1154
1606300 1151
1606310 1151
1606320 1148
1606330 1146
1606340 1146
1606350 1143
1606360 1140
1606370 1140
1606380 1138
1606390 1136
1606400 1136
1606410 1132
1606420 1127
1606430 1120
1606440 1120
1606450 1114
1606460 1108
1606470 1108
1606480 1102
1606490 1098
1606500 1098
1606510 1094
1606520 1090
1606530 1090
1606540 1087
1606550 1084
1606560 1084
1606570 1080
1606580 1076
1606590 1076
1606600 1071
1606610 1064
1606620 1064
1606630 1056
1606640 1049
1606650 1049
1606660 1040
1606670 1034
1606680 1031
1606690 1031
1606700 1028
1606710 1024
1606720 1024
1606730 1021
1606740 1018
1606750 1018
1606760 1016
1606770 1016
1606780 1016
1606790 1018
1606800 1018
1606810 1018
1606820 1016
1606830 1012
1606840 1008
1606850 1003
1606860 1000
1606870 1000
1606880 995
1606890 993
1606900 990
1606910 990
1606920 988
1606930 987
1606940 987
1606950 985
1606960 983
1606970 983
1606980 981
1606990 979
1607000 979
1607010 975
1607020 972
1607030 972
1607040 971
1607050 969
1607060 969
1607070 967
1607080 966
1607090 966
1607100 965
1607110 964
1607120 962
1607130 962
1607140 959
1607150 956
1607160 956
1607170 953
1607180 952
1607190 952
1607200 950
1607210 948
1607220 948
1607230 947
1607240 946
1607250 946
1607260 946
1607270 946
1607280 946
1607290 947
1607300 948
1607310 948
1607320 947
1607330 946
1607340 944
1607350 944
1607360 941
1607370 940
1607380 940
1607390 940
1607400 940
1607410 940
1607420 940
1607430 939
1607440 939
1607450 938
1607460 936
1607470 936
1607480 935
1607490 934
1607500 934
1607510 933
1607520 932
1607530 932
1607540 930
1607550 929
1607560 929
1607570 927
1607580 926
1607590 924
1607600 924
1607610 923
1607620 922
1607630 922
1607640 921
1607650 920
1607660 920
1607670 919
1607680 919
1607690 919
1607700 919
1607710 917
1607720 917
1607730 915
1607740 915
1607750 915
1607760 914
1607770 914
1607780 914
1607790 914
1607800 914
1607810 914
1607820 914
1607830 913
1607840 913
1607850 913
1607860 913
1607870 912
1607880 912
1607890 911
1607900 911
1607910 911
1607920 910
1607930 911
1607940 911
1607950 912
1607960 913
1607970 913
1607980 914
1607990 915
1608000 915
1608010 915
1608020 916
1608030 916
1608040 916
1608050 916
1608060 917
1608070 917
1608080 917
1608090 917
1608100 917
1608110 918
1608120 919
1608130 919
1608140 920
1608150 921
1608160 921
1608170 922
1608180 924
1608190 924
1608200 925
1608210 926
1608220 926
1608230 927
1608240 928
1608250 929
1608260 929
1608270 931
1608280 933
1608290 933
1608300 938
1608310 939
1608320 939
1608330 941
1608340 943
1608350 943
1608360 946
1608370 948
1608380 948
1608390 951
1608400 953
1608410 953
1608420 956
1608430 958
1608440 958
1608450 960
1608460 961
1608470 961
1608480 962
1608490 963
1608500 962
1608510 962
1608520 960
1608530 958
1608540 958
1608550 956
1608560 954
1608570 954
1608580 959
1608590 965
1608600 965
1608610 969
1608620 974
1608630 974
1608640 979
1608650 983
1608660 983
1608670 985
1608680 984
1608690 984
1608700 983
1608710 983
1608720 984
1608730 984
1608740 984
1608750 985
1608760 985
1608770 986
1608780 986
1608790 986
1608800 987
1608810 987
1608820 987
1608830 987
1608840 988
1608850 988
1608860 987
1608870 985
1608880 985
1608890 991
1608900 997
1608910 997
1608920 1001
1608930 1004
1608940 1007
1608950 1007
1608960 1009
1608970 1010
1608980 1010
1608990 1012
1609000 1014
1609010 1014
1609020 1015
1609030 1017
1609040 1017
1609050 1019
1609060 1022
1609070 1022
1609080 1023
1609090 1025
1609100 1025
1609110 1026
1609120 1027
1609130 1027
1609140 1029
1609150 1031
1609160 1033
1609170 1033
1609180 1035
1609190 1036
1609200 1036
1609210 1038
1609220 1039
1609230 1039
1609240 1041
1609250 1042
1609260 1042
1609270 1044
1609280 1045
1609290 1045
1609300 1047
1609310 1047
1609320 1047
1609330 1050
1609340 1055
1609350 1055
1609360 1058
1609370 1062
1609380 1066
1609390 1066
1609400 1069
1609410 1073
1609420 1073
1609430 1075
1609440 1077
1609450 1077
1609460 1080
1609470 1083
1609480 1083
1609490 1086
1609500 1090
1609510 1090
1609520 1093
1609530 1096
1609540 1096
1609550 1101
1609560 1106
1609570 1106
1609580 1108
1609590 1110
1609600 1110
1609610 1113
1609620 1116
1609630 1118
1609640 1118
1609650 1120
1609660 1123
1609670 1123
1609680 1125
1609690 1128
1609700 1128
1609710 1131
1609720 1135
1609730 1135
1609740 1137
1609750 1140
1609760 1140
1609770 1141
1609780 1143
1609790 1143
1609800 1144
1609810 1147
1609820 1147
1609830 1148
1609840 1150
1609850 1151
1609860 1151
1609870 1151
1609880 1152
1609890 1152
1609900 1152
1609910 1153
1609920 1158
1609930 1159
1609940 1160
1609950 1160
1609960 1163
1609970 1169
1609980 1169
1609990 1173
1610000 1177
1610010 1177
1610020 1180
1610030 1183
1610040 1183
1610050 1187
1610060 1191
1610070 1194
1610080 1194
1610090 1197
1610100 1200
1610110 1200
1610120 1203
1610130 1206
1610140 1206
1610150 1208
1610160 1209
1610170 1209
1610180 1209
1610190 1213
1610200 1213
1610210 1217
1610220 1222
1610230 1222
1610240 1225
1610250 1228
1610260 1228
1610270 1231
1610280 1234
1610290 1237
1610300 1237
1610310 1239
1610320 1241
1610330 1241
1610340 1245
1610350 1247
1610360 1247
1610370 1249
1610380 1250
1610390 1250
1610400 1252
1610410 1255
1610420 1255
1610430 1256
1610440 1259
1610450 1259
1610460 1261
1610470 1265
1610480 1265
1610490 1268
1610500 1270
1610510 1270
1610520 1272
1610530 1275
1610540 1277
1610550 1277
1610560 1280
1610570 1283
1610580 1283
1610590 1286
1610600 1288
1610610 1288
1610620 1292
1610630 1295
1610640 1295
1610650 1297
1610660 1299
1610670 1299
1610680 1302
1610690 1305
1610700 1305
1610710 1308
1610720 1309
1610730 1309
1610740 1311
1610750 1314
1610760 1316
1610770 1316
1610780 1319
1610790 1322
1610800 1322
1610810 1324
1610820 1326
1610830 1326
1610840 1330
1610850 1334
1610860 1334
1610870 1338
1610880 1341
1610890 1341
1610900 1344
1610910 1347
1610920 1350
1610930 1354
1610940 1356
1610950 1356
1610960 1360
1610970 1363
1610980 1368
1610990 1368
1611000 1372
1611010 1376
1611020 1376
1611030 1379
1611040 1382
1611050 1382
1611060 1383
1611070 1384
1611080 1384
1611090 1385
1611100 1387
1611110 1387
1611120 1389
1611130 1392
1611140 1392
1611150 1394
1611160 1395
1611170 1395
1611180 1398
1611190 1399
1611200 1401
1611210 1401
1611220 1402
1611230 1404
1611240 1404
1611250 1404
1611260 1405
1611270 1405
1611280 1406
1611290 1407
1611300 1407
1611310 1407
1611320 1406
1611330 1406
1611340 1407
1611350 1408
1611360 1408
1611370 1411
1611380 1412
1611390 1412
1611400 1413
1611410 1415
1611420 1415
1611430 1418
1611440 1421
1611450 1423
1611460 1423
1611470 1425
1611480 1428
1611490 1428
1611500 1431
1611510 1434
1611520 1434
1611530 1436
1611540 1440
1611550 1440
1611560 1442
1611570 1444
1611580 1444
1611590 1447
1611600 1451
1611610 1451
1611620 1454
1611630 1457
1611640 1457
1611650 1460
1611660 1465
1611670 1468
1611680 1468
1611690 1472
1611700 1476
1611710 1476
1611720 1479
1611730 1482
1611740 1482
1611750 1485
1611760 1488
1611770 1488
1611780 1491
1611790 1496
1611800 1496
1611810 1500
1611820 1503
1611830 1503
1611840 1507
1611850 1510
1611860 1510
1611870 1513
1611880 1516
1611890 1519
1611900 1519
1611910 1523
1611920 1527
1611930 1527
1611940 1530
1611950 1534
1611960 1534
1611970 1538
1611980 1542
1611990 1542
1612000 1546
1612010 1550
1612020 1550
1612030 1554
1612040 1557
1612050 1557
1612060 1561
1612070 1564
1612080 1564
1612090 1567
1612100 1570
1612110 1572
1612120 1572
1612130 1574
1612140 1575
1612150 1575
1612160 1576
1612170 1578
1612180 1578
1612190 1578
1612200 1578
1612210 1578
1612220 1578
1612230 1578
1612240 1578
1612250 1578
1612260 1577
1612270 1577
1612280 1576
1612290 1574
1612300 1574
1612310 1574
1612320 1574
1612330 1574
1612340 1574
1612350 1574
1612360 1575
1612370 1575
1612380 1575
1612390 1576
1612400 1576
1612410 1577
1612420 1578
1612430 1578
1612440 1579
1612450 1580
1612460 1580
1612470 1583
1612480 1585
1612490 1585
1612500 1586
1612510 1588
1612520 1588
1612530 1590
1612540 1591
1612550 1591
1612560 1593
1612570 1595
1612580 1597
1612590 1597
1612600 1599
1612610 1600
1612620 1600
1612630 1602
1612640 1602
1612650 1602
1612660 1603
1612670 1604
1612680 1604
1612690 1604
1612700 1604
1612710 1604
1612720 1604
1612730 1604
1612740 1604
1612750 1604
1612760 1604
1612770 1604
1612780 1605
1612790 1606
1612800 1606
1612810 1606
1612820 1607
1612830 1608
1612840 1608
1612850 1609
1612860 1611
1612870 1611
1612880 1612
1612890 1614
1612900 1614
1612910 1615
1612920 1618
1612930 1618
1612940 1620
1612950 1622
1612960 1622
1612970 1623
1612980 1625
1612990 1625
1613000 1627
1613010 1629
1613020 1631
1613030 1631
1613040 1633
1613050 1636
1613060 1636
1613070 1638
1613080 1641
1613090 1641
1613100 1643
1613110 1646
1613120 1646
1613130 1649
1613140 1652
1613150 1652
1613160 1654
1613170 1657
1613180 1657
1613190 1658
1613200 1657
1613210 1657
1613220 1655
1613230 1653
1613240 1653
1613250 1650
1613260 1650
1613270 1651
1613280 1651
1613290 1652
1613300 1653
1613310 1653
1613320 1653
1613330 1653
1613340 1653
1613350 1655
1613360 1657
1613370 1657
1613380 1659
1613390 1661
1613400 1661
1613410 1662
1613420 1663
1613430 1663
1613440 1665
1613450 1667
1613460 1667
1613470 1668
1613480 1669
1613490 1671
1613500 1671
1613510 1673
1613520 1675
1613530 1675
1613540 1677
1613550 1679
1613560 1679
1613570 1680
1613580 1682
1613590 1682
1613600 1683
1613610 1683
1613620 1683
1613630 1683
1613640 1682
1613650 1682
1613660 1681
1613670 1681
1613680 1681
1613690 1680
1613700 1680
1613710 1680
1613720 1680
1613730 1679
1613740 1677
1613750 1677
1613760 1676
1613770 1676
1613780 1676
1613790 1677
1613800 1678
1613810 1678
1613820 1677
1613830 1676
1613840 1676
1613850 1675
1613860 1673
1613870 1673
1613880 1671
1613890 1670
1613900 1666
1613910 1664
1613920 1661
1613930 1658
1613940 1658
1613950 1656
1613960 1655
1613970 1655
1613980 1654
1613990 1654
1614000 1654
1614010 1654
1614020 1655
1614030 1655
1614040 1656
1614050 1657
1614060 1657
1614070 1658
1614080 1658
1614090 1658
1614100 1657
1614110 1654
1614120 1654
1614130 1650
1614140 1646
1614150 1642
1614160 1642
1614170 1641
1614180 1640
1614190 1640
1614200 1639
1614210 1636
1614220 1636
1614230 1633
1614240 1630
1614250 1630
1614260 1625
1614270 1619
1614280 1619
1614290 1612
1614300 1605
1614310 1605
1614320 1598
1614330 1587
1614340 1587
1614350 1579
1614360 1572
1614370 1572
1614380 1567
1614390 1562
1614400 1555
1614410 1555
1614420 1547
1614430 1539
1614440 1539
1614450 1532
1614460 1526
1614470 1526
1614480 1520
1614490 1514
1614500 1514
1614510 1508
1614520 1503
1614530 1503
1614540 1498
1614550 1492
1614560 1492
1614570 1487
1614580 1481
1614590 1481
1614600 1480
1614610 1487
1614620 1493
1614630 1493
1614640 1497
1614650 1501
1614660 1501
1614670 1505
1614680 1509
1614690 1509
1614700 1513
1614710 1516
1614720 1516
1614730 1519
1614740 1522
1614750 1522
1614760 1525
1614770 1528
1614780 1528
1614790 1530
1614800 1532
1614810 1532
1614820 1535
1614830 1538
1614840 1541
1614850 1541
1614860 1545
1614870 1550
1614880 1544
1614890 1548
1614900 1550
1614910 1550
1614920 1552
1614930 1555
1614940 1555
1614950 1557
1614960 1557
1614970 1557
1614980 1556
1614990 1556
1615000 1556
1615010 1558
1615020 1560
1615030 1560
1615040 1563
1615050 1566
1615060 1569
1615070 1569
1615080 1573
1615090 1578
1615100 1578
1615110 1583
1615120 1589
1615130 1589
1615140 1594
1615150 1599
1615160 1599
1615170 1604
1615180 1608
1615190 1608
1615200 1611
1615210 1615
1615220 1615
1615230 1618
1615240 1622
1615250 1622
1615260 1627
1615270 1631
1615280 1631
1615290 1635
1615300 1639
1615310 1642
1615320 1642
1615330 1646
1615340 1649
1615350 1649
1615360 1652
1615370 1656
1615380 1656
1615390 1660
1615400 1664
1615410 1664
1615420 1666
1615430 1666
1615440 1666
1615450 1664
1615460 1661
1615470 1661
1615480 1658
1615490 1655
1615500 1655
1615510 1651
1615520 1647
1615530 1643
1615540 1643
1615550 1639
1615560 1636
1615570 1636
1615580 1632
1615590 1628
1615600 1628
1615610 1625
1615620 1622
1615630 1622
1615640 1620
1615650 1617
1615660 1617
1615670 1613
1615680 1610
1615690 1610
1615700 1607
1615710 1603
1615720 1603
1615730 1603
1615740 1603
1615750 1602
1615760 1602
1615770 1602
1615780 1601
1615790 1601
1615800 1600
1615810 1598
1615820 1598
1615830 1597
1615840 1596
1615850 1596
1615860 1591
1615870 1590
1615880 1590
1615890 1589
1615900 1588
1615910 1588
1615920 1586
1615930 1584
1615940 1584
1615950 1582
1615960 1580
1615970 1578
1615980 1578
1615990 1576
1616000 1573
1616010 1573
1616020 1570
1616030 1567
1616040 1567
1616050 1565
1616060 1562
1616070 1562
1616080 1559
1616090 1554
1616100 1554
1616110 1551
1616120 1548
1616130 1548
1616140 1545
1616150 1542
1616160 1542
1616170 1539
1616180 1536
1616190 1536
1616200 1534
1616210 1533
1616220 1532
1616230 1532
1616240 1530
1616250 1528
1616260 1528
1616270 1525
1616280 1523
1616290 1523
1616300 1521
1616310 1522
1616320 1522
1616330 1522
1616340 1521
1616350 1521
1616360 1519
1616370 1521
1616380 1521
1616390 1522
1616400 1523
1616410 1523
1616420 1525
1616430 1530
1616440 1532
1616450 1532
1616460 1534
1616470 1538
1616480 1538
1616490 1542
1616500 1546
1616510 1546
1616520 1552
1616530 1557
1616540 1557
1616550 1562
1616560 1566
1616570 1566
1616580 1570
1616590 1573
1616600 1573
1616610 1577
1616620 1581
1616630 1581
1616640 1584
1616650 1587
1616660 1589
1616670 1589
1616680 1589
1616690 1592
1616700 1592
1616710 1595
1616720 1598
1616730 1598
1616740 1600
1616750 1602
1616760 1602
1616770 1604
1616780 1606
1616790 1606
1616800 1608
1616810 1611
1616820 1610
1616830 1611
1616840 1613
1616850 1613
1616860 1614
1616870 1616
1616880 1617
1616890 1617
1616900 1618
1616910 1619
1616920 1619
1616930 1620
1616940 1620
1616950 1620
1616960 1619
1616970 1617
1616980 1617
1616990 1617
1617000 1615
1617010 1615
1617020 1613
1617030 1610
1617040 1610
1617050 1608
1617060 1605
1617070 1605
1617080 1602
1617090 1599
1617100 1597
1617110 1597
1617120 1595
1617130 1594
1617140 1594
1617150 1593
1617160 1591
1617170 1591
1617180 1590
1617190 1589
1617200 1589
1617210 1588
1617220 1587
1617230 1587
1617240 1586
1617250 1584
1617260 1584
1617270 1582
1617280 1581
1617290 1581
1617300 1580
1617310 1581
1617320 1581
1617330 1583
1617340 1583
1617350 1583
1617360 1583
1617370 1582
1617380 1581
1617390 1581
1617400 1579
1617410 1577
1617420 1577
1617430 1576
1617440 1575
1617450 1575
1617460 1576
1617470 1576
1617480 1576
1617490 1579
1617500 1581
1617510 1581
1617520 1585
1617530 1589
1617540 1589
1617550 1594
1617560 1599
1617570 1604
1617580 1604
1617590 1609
1617600 1614
1617610 1614
1617620 1618
1617630 1624
1617640 1624
1617650 1629
1617660 1634
1617670 1634
1617680 1639
1617690 1644
1617700 1644
1617710 1647
1617720 1650
1617730 1650
1617740 1653
1617750 1657
1617760 1657
1617770 1662
1617780 1667
1617790 1672
1617800 1672
1617810 1677
1617820 1682
1617830 1682
1617840 1687
1617850 1693
1617860 1693
1617870 1699
1617880 1705
1617890 1705
1617900 1709
1617910 1713
1617920 1713
1617930 1717
1617940 1720
1617950 1720
1617960 1722
1617970 1725
1617980 1725
1617990 1728
1618000 1730
1618010 1733
1618020 1733
1618030 1736
1618040 1739
1618050 1739
1618060 1743
1618070 1746
1618080 1746
1618090 1749
1618100 1752
1618110 1752
1618120 1755
1618130 1757
1618140 1757
1618150 1760
1618160 1763
1618170 1763
1618180 1765
1618190 1768
1618200 1768
1618210 1771
1618220 1775
1618230 1775
1618240 1778
1618250 1781
1618260 1784
1618270 1784
1618280 1787
1618290 1790
1618300 1790
1618310 1793
1618320 1796
1618330 1796
1618340 1799
1618350 1803
1618360 1803
1618370 1808
1618380 1812
1618390 1812
1618400 1816
1618410 1819
1618420 1819
1618430 1822
1618440 1824
1618450 1824
1618460 1827
1618470 1830
1618480 1833
1618490 1833
1618500 1835
1618510 1839
1618520 1839
1618530 1843
1618540 1847
1618550 1847
1618560 1850
1618570 1853
1618580 1853
1618590 1856
1618600 1859
1618610 1859
1618620 1862
1618630 1865
1618640 1865
1618650 1868
1618660 1870
1618670 1870
1618680 1873
1618690 1876
1618700 1879
1618710 1879
1618720 1882
1618730 1884
1618740 1884
1618750 1887
1618760 1889
1618770 1889
1618780 1892
1618790 1894
1618800 1894
1618810 1896
1618820 1898
1618830 1898
1618840 1900
1618850 1901
1618860 1901
1618870 1902
1618880 1903
1618890 1903
1618900 1904
1618910 1905
1618920 1905
1618930 1905
1618940 1905
1618950 1906
1618960 1906
1618970 1906
1618980 1907
1618990 1907
1619000 1907
1619010 1907
1619020 1907
1619030 1905
1619040 1902
1619050 1902
1619060 1900
1619070 1898
1619080 1898
1619090 1898
1619100 1898
1619110 1898
1619120 1898
1619130 1897
1619140 1897
1619150 1896
1619160 1894
1619170 1891
1619180 1891
1619190 1890
1619200 1891
1619210 1891
1619220 1894
1619230 1895
1619240 1895
1619250 1895
1619260 1893
1619270 1893
1619280 1890
1619290 1888
1619300 1888
1619310 1886
1619320 1886
1619330 1886
1619340 1889
1619350 1893
1619360 1893
1619370 1891
1619380 1888
1619390 1886
1619400 1886
1619410 1883
1619420 1878
1619430 1878
1619440 1872
1619450 1867
1619460 1867
1619470 1860
1619480 1850
1619490 1850
1619500 1841
1619510 1826
1619520 1826
1619530 1818
1619540 1811
1619550 1811
1619560 1807
1619570 1801
1619580 1801
1619590 1794
1619600 1789
1619610 1785
1619620 1785
1619630 1783
1619640 1781
1619650 1781
1619660 1782
1619670 1780
1619680 1780
1619690 1780
1619700 1781
1619710 1781
1619720 1779
1619730 1775
1619740 1775
1619750 1771
1619760 1768
1619770 1768
1619780 1765
1619790 1763
1619800 1763
1619810 1762
1619820 1761
1619830 1759
1619840 1759
1619850 1758
1619860 1755
1619870 1755
1619880 1750
1619890 1745
1619900 1745
1619910 1742
1619920 1739
1619930 1739
1619940 1736
1619950 1735
1619960 1735
1619970 1741
1619980 1749
1619990 1749
