1600000 923
1600010 925
1600020 926
1600030 926
1600040 928
1600050 929
1600060 931
1600070 931
1600080 932
1600090 934
1600100 934
1600110 935
1600120 938
1600130 940
1600140 942
1600150 944
1600160 944
1600170 945
1600180 947
1600190 947
1600200 949
1600210 951
1600220 951
1600230 953
1600240 955
1600250 955
1600260 956
1600270 958
1600280 959
1600290 959
1600300 961
1600310 963
1600320 963
1600330 963
1600340 965
1600350 965
1600360 967
1600370 970
1600380 970
1600390 972
1600400 975
1600410 975
1600420 978
1600430 981
1600440 981
1600450 984
1600460 986
1600470 986
1600480 989
1600490 992
1600500 992
1600510 994
1600520 996
1600530 999
1600540 999
1600550 1003
1600560 1006
1600570 1006
1600580 1009
1600590 1013
1600600 1013
1600610 1017
1600620 1020
1600630 1020
1600640 1023
1600650 1027
1600660 1027
1600670 1028
1600680 1029
1600690 1029
1600700 1029
1600710 1028
1600720 1028
1600730 1027
1600740 1027
1600750 1026
1600760 1026
1600770 1026
1600780 1027
1600790 1027
1600800 1028
1600810 1028
1600820 1028
1600830 1030
1600840 1031
1600850 1031
1600860 1033
1600870 1034
1600880 1034
1600890 1035
1600900 1036
1600910 1036
1600920 1037
1600930 1040
1600940 1040
1600950 1041
1600960 1043
1600970 1043
1600980 1043
1600990 1045
1601000 1045
1601010 1045
1601020 1047
1601030 1049
1601040 1049
1601050 1051
1601060 1052
1601070 1052
1601080 1054
1601090 1056
1601100 1056
1601110 1058
1601120 1060
1601130 1060
1601140 1062
1601150 1063
1601160 1063
1601170 1064
1601180 1065
1601190 1067
1601200 1067
1601210 1071
1601220 1076
1601230 1076
1601240 1078
1601250 1080
1601260 1080
1601270 1083
1601280 1087
1601290 1087
1601300 1091
1601310 1095
1601320 1095
1601330 1098
1601340 1101
1601350 1101
1601360 1103
1601370 1105
1601380 1105
1601390 1108
1601400 1109
1601410 1109
1601420 1111
1601430 1113
1601440 1115
1601450 1115
1601460 1116
1601470 1117
1601480 1117
1601490 1118
1601500 1119
1601510 1119
1601520 1120
1601530 1121
1601540 1121
1601550 1122
1601560 1123
1601570 1123
1601580 1124
1601590 1125
1601600 1125
1601610 1126
1601620 1127
1601630 1127
1601640 1128
1601650 1129
1601660 1130
1601670 1130
1601680 1131
1601690 1133
1601700 1133
1601710 1134
1601720 1135
1601730 1135
1601740 1136
1601750 1138
1601760 1138
1601770 1140
1601780 1142
1601790 1142
1601800 1144
1601810 1146
1601820 1146
1601830 1149
1601840 1152
1601850 1152
1601860 1154
1601870 1157
1601880 1158
1601890 1158
1601900 1159
1601910 1162
1601920 1162
1601930 1164
1601940 1167
1601950 1167
1601960 1169
1601970 1171
1601980 1171
1601990 1173
1602000 1174
1602010 1174
1602020 1176
1602030 1177
1602040 1177
1602050 1179
1602060 1180
1602070 1180
1602080 1181
1602090 1182
1602100 1183
1602110 1183
1602120 1185
1602130 1186
1602140 1186
1602150 1188
1602160 1189
1602170 1189
1602180 1190
1602190 1192
1602200 1192
1602210 1194
1602220 1196
1602230 1196
1602240 1198
1602250 1200
1602260 1200
1602270 1203
1602280 1205
1602290 1205
1602300 1207
1602310 1212
1602320 1215
1602330 1215
1602340 1218
1602350 1220
1602360 1220
1602370 1222
1602380 1225
1602390 1225
1602400 1228
1602410 1231
1602420 1231
1602430 1233
1602440 1235
1602450 1235
1602460 1238
1602470 1240
1602480 1240
1602490 1243
1602500 1246
1602510 1246
1602520 1249
1602530 1252
1602540 1252
1602550 1254
1602560 1257
1602570 1260
1602580 1260
1602590 1262
1602600 1265
1602610 1265
1602620 1268
1602630 1270
1602640 1270
1602650 1273
1602660 1276
1602670 1276
1602680 1279
1602690 1282
1602700 1282
1602710 1285
1602720 1287
1602730 1287
1602740 1289
1602750 1291
1602760 1291
1602770 1293
1602780 1295
1602790 1296
1602800 1296
1602810 1298
1602820 1300
1602830 1300
1602840 1301
1602850 1303
1602860 1303
1602870 1304
1602880 1305
1602890 1305
1602900 1306
1602910 1308
1602920 1308
1602930 1309
1602940 1310
1602950 1310
1602960 1311
1602970 1313
1602980 1313
1602990 1315
1603000 1318
1603010 1321
1603020 1321
1603030 1324
1603040 1327
1603050 1327
1603060 1330
1603070 1331
1603080 1331
1603090 1332
1603100 1334
1603110 1334
1603120 1335
1603130 1336
1603140 1336
1603150 1336
1603160 1338
1603170 1338
1603180 1339
1603190 1340
1603200 1340
1603210 1342
1603220 1343
1603230 1345
1603240 1345
1603250 1348
1603260 1351
1603270 1351
1603280 1353
1603290 1355
1603300 1355
1603310 1357
1603320 1358
1603330 1358
1603340 1360
1603350 1362
1603360 1362
1603370 1363
1603380 1364
1603390 1364
1603400 1364
1603410 1364
1603420 1364
1603430 1364
1603440 1364
1603450 1364
1603460 1364
1603470 1365
1603480 1366
1603490 1366
1603500 1366
1603510 1367
1603520 1367
1603530 1367
1603540 1368
1603550 1368
1603560 1369
1603570 1369
1603580 1369
1603590 1368
1603600 1368
1603610 1368
1603620 1368
1603630 1368
1603640 1368
1603650 1368
1603660 1368
1603670 1368
1603680 1368
1603690 1368
1603700 1368
1603710 1368
1603720 1367
1603730 1365
1603740 1365
1603750 1363
1603760 1362
1603770 1362
1603780 1361
1603790 1360
1603800 1360
1603810 1359
1603820 1359
1603830 1359
1603840 1358
1603850 1357
1603860 1357
1603870 1357
1603880 1356
1603890 1356
1603900 1356
1603910 1356
1603920 1355
1603930 1355
1603940 1355
1603950 1354
1603960 1354
1603970 1352
1603980 1349
1603990 1349
1604000 1345
1604010 1341
1604020 1341
1604030 1337
1604040 1334
1604050 1334
1604060 1331
1604070 1329
1604080 1329
1604090 1328
1604100 1327
1604110 1327
1604120 1327
1604130 1326
1604140 1326
1604150 1326
1604160 1327
1604170 1327
1604180 1327
1604190 1327
1604200 1327
1604210 1327
1604220 1328
1604230 1329
1604240 1329
1604250 1330
1604260 1331
1604270 1331
1604280 1332
1604290 1332
1604300 1332
1604310 1332
1604320 1333
1604330 1333
1604340 1332
1604350 1333
1604360 1333
1604370 1334
1604380 1336
1604390 1339
1604400 1339
1604410 1341
1604420 1342
1604430 1342
1604440 1340
1604450 1342
1604460 1342
1604470 1344
1604480 1347
1604490 1347
1604500 1349
1604510 1352
1604520 1352
1604530 1355
1604540 1358
1604550 1358
1604560 1361
1604570 1363
1604580 1363
1604590 1365
1604600 1366
1604610 1367
1604620 1367
1604630 1367
1604640 1368
1604650 1368
1604660 1368
1604670 1367
1604680 1367
1604690 1366
1604700 1365
1604710 1365
1604720 1363
1604730 1362
1604740 1362
1604750 1361
1604760 1359
1604770 1359
1604780 1358
1604790 1355
1604800 1355
1604810 1352
1604820 1350
1604830 1346
1604840 1346
1604850 1343
1604860 1341
1604870 1341
1604880 1339
1604890 1335
1604900 1335
1604910 1333
1604920 1331
1604930 1331
1604940 1328
1604950 1321
1604960 1321
1604970 1316
1604980 1311
1604990 1311
1605000 1308
1605010 1305
1605020 1305
1605030 1303
1605040 1300
1605050 1297
1605060 1297
1605070 1293
1605080 1288
1605090 1288
1605100 1285
1605110 1283
1605120 1283
1605130 1278
1605140 1273
1605150 1273
1605160 1269
1605170 1264
1605180 1264
1605190 1259
1605200 1253
1605210 1253
1605220 1252
1605230 1252
1605240 1252
1605250 1251
1605260 1249
1605270 1245
1605280 1245
1605290 1240
1605300 1237
1605310 1237
1605320 1231
1605330 1227
1605340 1227
1605350 1223
1605360 1218
1605370 1218
1605380 1213
1605390 1208
1605400 1208
1605410 1202
1605420 1196
1605430 1196
1605440 1189
1605450 1183
1605460 1183
1605470 1177
1605480 1170
1605490 1170
1605500 1162
1605510 1156
1605520 1149
1605530 1149
1605540 1142
1605550 1135
1605560 1135
1605570 1128
1605580 1122
1605590 1122
1605600 1118
1605610 1118
1605620 1118
1605630 1120
1605640 1123
1605650 1123
1605660 1125
1605670 1127
1605680 1127
1605690 1130
1605700 1132
1605710 1132
1605720 1134
1605730 1134
1605740 1132
1605750 1132
1605760 1129
1605770 1127
1605780 1127
1605790 1124
1605800 1130
1605810 1130
1605820 1136
1605830 1142
1605840 1142
1605850 1148
1605860 1153
1605870 1153
1605880 1158
1605890 1162
1605900 1162
1605910 1166
1605920 1169
1605930 1169
1605940 1172
1605950 1174
1605960 1176
1605970 1176
1605980 1178
1605990 1179
1606000 1179
1606010 1181
1606020 1182
1606030 1182
1606040 1184
1606050 1186
1606060 1186
1606070 1188
1606080 1189
1606090 1189
1606100 1190
1606110 1191
1606120 1191
1606130 1192
1606140 1192
1606150 1192
1606160 1192
1606170 1190
1606180 1187
1606190 1187
1606200 1184
1606210 1181
1606220 1181
1606230 1177
1606240 1175
1606250 1175
1606260 1172
1606270 1169
1606280 1169
1606290 1165
1606300 1161
1606310 1161
1606320 1156
1606330 1152
1606340 1152
1606350 1149
1606360 1146
1606370 1146
1606380 1143
1606390 1141
1606400 1141
1606410 1138
1606420 1135
1606430 1131
1606440 1131
1606450 1125
1606460 1117
1606470 1117
1606480 1110
1606490 1104
1606500 1104
1606510 1099
1606520 1094
1606530 1094
1606540 1089
1606550 1085
1606560 1085
1606570 1081
1606580 1076
1606590 1076
1606600 1070
1606610 1063
1606620 1063
1606630 1054
1606640 1047
1606650 1042
1606660 1042
1606670 1039
1606680 1036
1606690 1036
1606700 1033
1606710 1031
1606720 1031
1606730 1030
1606740 1031
1606750 1031
1606760 1032
1606770 1032
1606780 1032
1606790 1029
1606800 1026
1606810 1026
1606820 1023
1606830 1020
1606840 1020
1606850 1017
1606860 1013
1606870 1008
1606880 1008
1606890 1005
1606900 1002
1606910 1002
1606920 999
1606930 996
1606940 996
1606950 994
1606960 991
1606970 991
1606980 988
1606990 985
1607000 985
1607010 983
1607020 981
1607030 981
1607040 980
1607050 979
1607060 979
1607070 977
1607080 975
1607090 973
1607100 973
1607110 971
1607120 967
1607130 967
1607140 964
1607150 961
1607160 961
1607170 957
1607180 957
1607190 957
1607200 957
1607210 957
1607220 957
1607230 956
1607240 956
1607250 956
1607260 956
1607270 956
1607280 956
1607290 957
1607300 958
1607310 957
1607320 957
1607330 953
1607340 951
1607350 951
1607360 948
1607370 947
1607380 947
1607390 946
1607400 945
1607410 945
1607420 944
1607430 943
1607440 943
1607450 941
1607460 940
1607470 940
1607480 939
1607490 938
1607500 938
1607510 936
1607520 934
1607530 934
1607540 933
1607550 931
1607560 929
1607570 929
1607580 927
1607590 926
1607600 926
1607610 925
1607620 923
1607630 923
1607640 922
1607650 922
1607660 922
1607670 921
1607680 920
1607690 920
1607700 920
1607710 920
1607720 920
1607730 919
1607740 917
1607750 917
1607760 917
1607770 916
1607780 916
1607790 916
1607800 916
1607810 916
1607820 916
1607830 915
1607840 915
1607850 915
1607860 914
1607870 914
1607880 914
1607890 914
1607900 914
1607910 914
1607920 914
1607930 913
1607940 913
1607950 913
1607960 913
1607970 913
1607980 913
1607990 913
1608000 913
1608010 913
1608020 914
1608030 915
1608040 915
1608050 916
1608060 917
1608070 917
1608080 918
1608090 918
1608100 918
1608110 919
1608120 919
1608130 919
1608140 920
1608150 921
1608160 921
1608170 922
1608180 923
1608190 923
1608200 924
1608210 925
1608220 925
1608230 925
1608240 925
1608250 926
1608260 926
1608270 928
1608280 929
1608290 929
1608300 931
1608310 933
1608320 933
1608330 938
1608340 941
1608350 941
1608360 943
1608370 944
1608380 944
1608390 945
1608400 946
1608410 946
1608420 947
1608430 950
1608440 950
1608450 952
1608460 951
1608470 950
1608480 950
1608490 949
1608500 949
1608510 949
1608520 948
1608530 952
1608540 952
1608550 958
1608560 964
1608570 964
1608580 968
1608590 971
1608600 971
1608610 973
1608620 978
1608630 978
1608640 982
1608650 984
1608660 984
1608670 984
1608680 983
1608690 981
1608700 981
1608710 980
1608720 980
1608730 980
1608740 981
1608750 979
1608760 979
1608770 975
1608780 974
1608790 974
1608800 975
1608810 976
1608820 976
1608830 977
1608840 979
1608850 979
1608860 983
1608870 987
1608880 987
1608890 992
1608900 996
1608910 999
1608920 999
1608930 1002
1608940 1005
1608950 1005
1608960 1007
1608970 1009
1608980 1009
1608990 1010
1609000 1011
1609010 1011
1609020 1012
1609030 1013
1609040 1013
1609050 1015
1609060 1016
1609070 1016
1609080 1017
1609090 1019
1609100 1019
1609110 1021
1609120 1023
1609130 1025
1609140 1025
1609150 1027
1609160 1029
1609170 1029
1609180 1031
1609190 1032
1609200 1032
1609210 1034
1609220 1036
1609230 1036
1609240 1038
1609250 1040
1609260 1040
1609270 1041
1609280 1042
1609290 1042
1609300 1041
1609310 1043
1609320 1043
1609330 1048
1609340 1051
1609350 1051
1609360 1054
1609370 1057
1609380 1060
1609390 1060
1609400 1064
1609410 1066
1609420 1066
1609430 1067
1609440 1070
1609450 1070
1609460 1071
1609470 1075
1609480 1075
1609490 1078
1609500 1080
1609510 1080
1609520 1083
1609530 1085
1609540 1085
1609550 1088
1609560 1091
1609570 1091
1609580 1094
1609590 1097
1609600 1100
1609610 1100
1609620 1103
1609630 1110
1609640 1110
1609650 1112
1609660 1115
1609670 1115
1609680 1117
1609690 1120
1609700 1120
1609710 1122
1609720 1125
1609730 1125
1609740 1128
1609750 1130
1609760 1130
1609770 1131
1609780 1133
1609790 1133
1609800 1135
1609810 1138
1609820 1140
1609830 1140
1609840 1142
1609850 1144
1609860 1144
1609870 1145
1609880 1146
1609890 1146
1609900 1146
1609910 1148
1609920 1148
1609930 1154
1609940 1158
1609950 1158
1609960 1162
1609970 1167
1609980 1167
1609990 1171
1610000 1175
1610010 1175
1610020 1180
1610030 1184
1610040 1188
1610050 1188
1610060 1191
1610070 1194
1610080 1194
1610090 1196
1610100 1198
1610110 1198
1610120 1197
1610130 1198
1610140 1198
1610150 1195
1610160 1200
1610170 1200
1610180 1206
1610190 1209
1610200 1209
1610210 1211
1610220 1214
1610230 1214
1610240 1217
1610250 1220
1610260 1220
1610270 1222
1610280 1225
1610290 1228
1610300 1228
1610310 1230
1610320 1233
1610330 1233
1610340 1237
1610350 1239
1610360 1239
1610370 1242
1610380 1244
1610390 1244
1610400 1243
1610410 1243
1610420 1243
1610430 1244
1610440 1247
1610450 1247
1610460 1250
1610470 1256
1610480 1256
1610490 1259
1610500 1262
1610510 1266
1610520 1266
1610530 1270
1610540 1272
1610550 1272
1610560 1276
1610570 1282
1610580 1282
1610590 1287
1610600 1291
1610610 1291
1610620 1294
1610630 1296
1610640 1295
1610650 1298
1610660 1301
1610670 1301
1610680 1303
1610690 1306
1610700 1306
1610710 1309
1610720 1311
1610730 1312
1610740 1312
1610750 1313
1610760 1315
1610770 1315
1610780 1318
1610790 1320
1610800 1320
1610810 1322
1610820 1325
1610830 1325
1610840 1330
1610850 1333
1610860 1333
1610870 1336
1610880 1339
1610890 1339
1610900 1341
1610910 1345
1610920 1345
1610930 1349
1610940 1353
1610950 1356
1610960 1356
1610970 1359
1610980 1363
1610990 1363
1611000 1366
1611010 1370
1611020 1370
1611030 1373
1611040 1375
1611050 1375
1611060 1377
1611070 1380
1611080 1380
1611090 1382
1611100 1382
1611110 1382
1611120 1383
1611130 1384
1611140 1384
1611150 1385
1611160 1388
1611170 1391
1611180 1391
1611190 1393
1611200 1395
1611210 1395
1611220 1395
1611230 1395
1611240 1395
1611250 1395
1611260 1396
1611270 1396
1611280 1398
1611290 1399
1611300 1399
1611310 1399
1611320 1399
1611330 1399
1611340 1400
1611350 1402
1611360 1402
1611370 1402
1611380 1406
1611390 1406
1611400 1408
1611410 1412
1611420 1415
1611430 1415
1611440 1418
1611450 1421
1611460 1421
1611470 1424
1611480 1428
1611490 1428
1611500 1431
1611510 1435
1611520 1435
1611530 1438
1611540 1442
1611550 1442
1611560 1445
1611570 1448
1611580 1448
1611590 1451
1611600 1454
1611610 1454
1611620 1456
1611630 1459
1611640 1463
1611650 1463
1611660 1467
1611670 1469
1611680 1469
1611690 1472
1611700 1476
1611710 1476
1611720 1479
1611730 1481
1611740 1481
1611750 1484
1611760 1488
1611770 1488
1611780 1491
1611790 1496
1611800 1496
1611810 1500
1611820 1504
1611830 1504
1611840 1507
1611850 1509
1611860 1512
1611870 1512
1611880 1515
1611890 1518
1611900 1518
1611910 1521
1611920 1524
1611930 1524
1611940 1527
1611950 1531
1611960 1531
1611970 1534
1611980 1537
1611990 1537
1612000 1541
1612010 1545
1612020 1545
1612030 1549
1612040 1553
1612050 1553
1612060 1556
1612070 1560
1612080 1563
1612090 1563
1612100 1564
1612110 1565
1612120 1565
1612130 1567
1612140 1567
1612150 1567
1612160 1567
1612170 1566
1612180 1566
1612190 1565
1612200 1565
1612210 1565
1612220 1565
1612230 1564
1612240 1564
1612250 1563
1612260 1562
1612270 1562
1612280 1561
1612290 1560
1612300 1560
1612310 1560
1612320 1561
1612330 1562
1612340 1562
1612350 1562
1612360 1563
1612370 1563
1612380 1564
1612390 1565
1612400 1565
1612410 1565
1612420 1566
1612430 1566
1612440 1568
1612450 1570
1612460 1570
1612470 1573
1612480 1575
1612490 1575
1612500 1577
1612510 1578
1612520 1578
1612530 1580
1612540 1581
1612550 1583
1612560 1583
1612570 1585
1612580 1586
1612590 1586
1612600 1588
1612610 1589
1612620 1589
1612630 1590
1612640 1595
1612650 1595
1612660 1596
1612670 1596
1612680 1596
1612690 1597
1612700 1597
1612710 1597
1612720 1598
1612730 1598
1612740 1598
1612750 1599
1612760 1599
1612770 1600
1612780 1600
1612790 1600
1612800 1602
1612810 1602
1612820 1603
1612830 1604
1612840 1604
1612850 1606
1612860 1608
1612870 1608
1612880 1609
1612890 1611
1612900 1611
1612910 1613
1612920 1615
1612930 1615
1612940 1617
1612950 1619
1612960 1619
1612970 1621
1612980 1623
1612990 1625
1613000 1625
1613010 1627
1613020 1630
1613030 1630
1613040 1633
1613050 1635
1613060 1635
1613070 1638
1613080 1641
1613090 1641
1613100 1643
1613110 1646
1613120 1646
1613130 1649
1613140 1651
1613150 1651
1613160 1654
1613170 1656
1613180 1656
1613190 1657
1613200 1660
1613210 1660
1613220 1661
1613230 1661
1613240 1660
1613250 1660
1613260 1662
1613270 1663
1613280 1663
1613290 1664
1613300 1666
1613310 1666
1613320 1668
1613330 1669
1613340 1669
1613350 1669
1613360 1669
1613370 1669
1613380 1669
1613390 1670
1613400 1670
1613410 1672
1613420 1673
1613430 1673
1613440 1675
1613450 1677
1613460 1679
1613470 1679
1613480 1681
1613490 1683
1613500 1683
1613510 1685
1613520 1687
1613530 1687
1613540 1689
1613550 1691
1613560 1691
1613570 1693
1613580 1694
1613590 1694
1613600 1694
1613610 1694
1613620 1694
1613630 1690
1613640 1689
1613650 1689
1613660 1688
1613670 1688
1613680 1688
1613690 1688
1613700 1688
1613710 1688
1613720 1688
1613730 1687
1613740 1685
1613750 1685
1613760 1685
1613770 1685
1613780 1685
1613790 1686
1613800 1686
1613810 1686
1613820 1685
1613830 1685
1613840 1685
1613850 1684
1613860 1681
1613870 1681
1613880 1679
1613890 1676
1613900 1673
1613910 1673
1613920 1670
1613930 1668
1613940 1668
1613950 1667
1613960 1667
1613970 1667
1613980 1666
1613990 1667
1614000 1667
1614010 1668
1614020 1669
1614030 1669
1614040 1670
1614050 1670
1614060 1670
1614070 1671
1614080 1671
1614090 1671
1614100 1668
1614110 1663
1614120 1663
1614130 1654
1614140 1646
1614150 1640
1614160 1640
1614170 1634
1614180 1631
1614190 1631
1614200 1627
1614210 1623
1614220 1623
1614230 1619
1614240 1615
1614250 1615
1614260 1609
1614270 1603
1614280 1603
1614290 1597
1614300 1591
1614310 1591
1614320 1584
1614330 1578
1614340 1578
1614350 1571
1614360 1564
1614370 1557
1614380 1557
1614390 1551
1614400 1546
1614410 1546
1614420 1541
1614430 1537
1614440 1537
1614450 1533
1614460 1529
1614470 1529
1614480 1524
1614490 1519
1614500 1519
1614510 1515
1614520 1510
1614530 1510
1614540 1505
1614550 1500
1614560 1500
1614570 1495
1614580 1489
1614590 1488
1614600 1488
1614610 1492
1614620 1498
1614630 1498
1614640 1502
1614650 1507
1614660 1507
1614670 1512
1614680 1516
1614690 1516
1614700 1520
1614710 1524
1614720 1524
1614730 1527
1614740 1531
1614750 1531
1614760 1534
1614770 1536
1614780 1536
1614790 1538
1614800 1540
1614810 1542
1614820 1542
1614830 1545
1614840 1548
1614850 1548
1614860 1552
1614870 1555
1614880 1555
1614890 1560
1614900 1563
1614910 1563
1614920 1565
1614930 1567
1614940 1567
1614950 1568
1614960 1568
1614970 1568
1614980 1568
1614990 1568
1615000 1568
1615010 1567
1615020 1568
1615030 1570
1615040 1570
1615050 1572
1615060 1575
1615070 1575
1615080 1578
1615090 1581
1615100 1581
1615110 1584
1615120 1588
1615130 1588
1615140 1594
1615150 1599
1615160 1599
1615170 1606
1615180 1612
1615190 1612
1615200 1616
1615210 1621
1615220 1621
1615230 1626
1615240 1630
1615250 1630
1615260 1634
1615270 1637
1615280 1641
1615290 1641
1615300 1646
1615310 1650
1615320 1650
1615330 1653
1615340 1655
1615350 1655
1615360 1659
1615370 1662
1615380 1662
1615390 1664
1615400 1666
1615410 1666
1615420 1666
1615430 1667
1615440 1667
1615450 1666
1615460 1664
1615470 1664
1615480 1661
1615490 1658
1615500 1654
1615510 1654
1615520 1651
1615530 1646
1615540 1646
1615550 1642
1615560 1638
1615570 1638
1615580 1633
1615590 1630
1615600 1630
1615610 1628
1615620 1625
1615630 1625
1615640 1622
1615650 1619
1615660 1619
1615670 1616
1615680 1613
1615690 1613
1615700 1610
1615710 1611
1615720 1610
1615730 1610
1615740 1609
1615750 1608
1615760 1608
1615770 1607
1615780 1606
1615790 1606
1615800 1605
1615810 1604
1615820 1604
1615830 1603
1615840 1602
1615850 1602
1615860 1600
1615870 1599
1615880 1599
1615890 1597
1615900 1596
1615910 1596
1615920 1594
1615930 1592
1615940 1589
1615950 1589
1615960 1587
1615970 1584
1615980 1584
1615990 1581
1616000 1578
1616010 1578
1616020 1575
1616030 1572
1616040 1572
1616050 1568
1616060 1563
1616070 1563
1616080 1559
1616090 1556
1616100 1556
1616110 1554
1616120 1550
1616130 1550
1616140 1546
1616150 1544
1616160 1544
1616170 1542
1616180 1540
1616190 1540
1616200 1540
1616210 1538
1616220 1537
1616230 1537
1616240 1535
1616250 1532
1616260 1532
1616270 1530
1616280 1530
1616290 1530
1616300 1528
1616310 1526
1616320 1526
1616330 1525
1616340 1525
1616350 1525
1616360 1523
1616370 1524
1616380 1524
1616390 1525
1616400 1526
1616410 1528
1616420 1528
1616430 1532
1616440 1534
1616450 1534
1616460 1538
1616470 1541
1616480 1541
1616490 1545
1616500 1549
1616510 1549
1616520 1553
1616530 1557
1616540 1557
1616550 1561
1616560 1565
1616570 1565
1616580 1568
1616590 1571
1616600 1571
1616610 1575
1616620 1578
1616630 1581
1616640 1581
1616650 1585
1616660 1589
1616670 1589
1616680 1590
1616690 1591
1616700 1591
1616710 1594
1616720 1597
1616730 1597
1616740 1599
1616750 1602
1616760 1602
1616770 1604
1616780 1607
1616790 1607
1616800 1610
1616810 1613
1616820 1613
1616830 1616
1616840 1619
1616850 1622
1616860 1622
1616870 1625
1616880 1627
1616890 1627
1616900 1629
1616910 1630
1616920 1630
1616930 1631
1616940 1631
1616950 1631
1616960 1631
1616970 1630
1616980 1630
1616990 1629
1617000 1627
1617010 1627
1617020 1626
1617030 1623
1617040 1623
1617050 1622
1617060 1620
1617070 1620
1617080 1615
1617090 1612
1617100 1608
1617110 1608
1617120 1605
1617130 1603
1617140 1603
1617150 1601
1617160 1601
1617170 1601
1617180 1600
1617190 1600
1617200 1600
1617210 1599
1617220 1599
1617230 1599
1617240 1598
1617250 1597
1617260 1597
1617270 1596
1617280 1593
1617290 1593
1617300 1591
1617310 1590
1617320 1592
1617330 1592
1617340 1593
1617350 1594
1617360 1594
1617370 1593
1617380 1592
1617390 1592
1617400 1590
1617410 1588
1617420 1588
1617430 1585
1617440 1583
1617450 1583
1617460 1581
1617470 1580
1617480 1580
1617490 1579
1617500 1581
1617510 1581
1617520 1584
1617530 1587
1617540 1591
1617550 1591
1617560 1596
1617570 1602
1617580 1602
1617590 1608
1617600 1612
1617610 1612
1617620 1616
1617630 1620
1617640 1620
1617650 1625
1617660 1630
1617670 1630
1617680 1635
1617690 1640
1617700 1640
1617710 1644
1617720 1648
1617730 1648
1617740 1651
1617750 1654
1617760 1658
1617770 1658
1617780 1661
1617790 1665
1617800 1665
1617810 1669
1617820 1673
1617830 1673
1617840 1678
1617850 1684
1617860 1684
1617870 1689
1617880 1692
1617890 1692
1617900 1696
1617910 1699
1617920 1699
1617930 1702
1617940 1705
1617950 1705
1617960 1708
1617970 1711
1617980 1714
1617990 1714
1618000 1717
1618010 1720
1618020 1720
1618030 1724
1618040 1728
1618050 1728
1618060 1731
1618070 1734
1618080 1734
1618090 1738
1618100 1742
1618110 1742
1618120 1745
1618130 1749
1618140 1749
1618150 1752
1618160 1755
1618170 1755
1618180 1759
1618190 1762
1618200 1762
1618210 1765
1618220 1769
1618230 1773
1618240 1773
1618250 1776
1618260 1779
1618270 1779
1618280 1782
1618290 1785
1618300 1785
1618310 1789
1618320 1792
1618330 1792
1618340 1797
1618350 1802
1618360 1802
1618370 1807
1618380 1811
1618390 1811
1618400 1814
1618410 1818
1618420 1818
1618430 1821
1618440 1823
1618450 1826
1618460 1826
1618470 1830
1618480 1833
1618490 1833
1618500 1835
1618510 1838
1618520 1838
1618530 1841
1618540 1845
1618550 1845
1618560 1848
1618570 1850
1618580 1850
1618590 1853
1618600 1855
1618610 1855
1618620 1858
1618630 1862
1618640 1862
1618650 1865
1618660 1868
1618670 1872
1618680 1872
1618690 1876
1618700 1879
1618710 1879
1618720 1882
1618730 1885
1618740 1885
1618750 1888
1618760 1891
1618770 1891
1618780 1894
1618790 1897
1618800 1897
1618810 1900
1618820 1902
1618830 1902
1618840 1904
1618850 1906
1618860 1906
1618870 1907
1618880 1909
1618890 1910
1618900 1910
1618910 1912
1618920 1913
1618930 1913
1618940 1914
1618950 1914
1618960 1914
1618970 1914
1618980 1914
1618990 1914
1619000 1915
1619010 1914
1619020 1914
1619030 1913
1619040 1912
1619050 1912
1619060 1912
1619070 1911
1619080 1911
1619090 1909
1619100 1908
1619110 1908
1619120 1907
1619130 1907
1619140 1907
1619150 1907
1619160 1906
1619170 1907
1619180 1907
1619190 1909
1619200 1911
1619210 1911
1619220 1912
1619230 1912
1619240 1912
1619250 1911
1619260 1910
1619270 1910
1619280 1909
1619290 1908
1619300 1908
1619310 1906
1619320 1904
1619330 1904
1619340 1901
1619350 1902
1619360 1906
1619370 1906
1619380 1905
1619390 1903
1619400 1900
1619410 1897
1619420 1893
1619430 1893
1619440 1883
1619450 1869
1619460 1869
1619470 1859
1619480 1850
1619490 1850
1619500 1842
1619510 1833
1619520 1833
1619530 1823
1619540 1815
1619550 1815
1619560 1809
1619570 1803
1619580 1798
1619590 1798
1619600 1794
1619610 1791
1619620 1791
1619630 1788
1619640 1787
1619650 1787
1619660 1788
1619670 1789
1619680 1789
1619690 1787
1619700 1784
1619710 1784
1619720 1780
1619730 1776
1619740 1776
1619750 1773
1619760 1770
1619770 1770
1619780 1768
1619790 1766
1619800 1764
1619810 1764
1619820 1762
1619830 1761
1619840 1761
1619850 1761
1619860 1761
1619870 1761
1619880 1760
1619890 1756
1619900 1756
1619910 1751
1619920 1747
1619930 1747
1619940 1744
1619950 1746
1619960 1746
1619970 1750
1619980 1755
1619990 1755
