1600000 907
1600010 897
1600020 894
1600030 894
1600040 896
1600050 898
1600060 898
1600070 893
1600080 887
1600090 887
1600100 888
1600110 889
1600120 889
1600130 891
1600140 883
1600150 888
1600160 888
1600170 901
1600180 908
1600190 908
1600200 913
1600210 917
1600220 917
1600230 921
1600240 926
1600250 926
1600260 933
1600270 940
1600280 940
1600290 945
1600300 949
1600310 949
1600320 954
1600330 957
1600340 957
1600350 961
1600360 962
1600370 962
1600380 960
1600390 960
1600400 959
1600410 959
1600420 958
1600430 960
1600440 960
1600450 959
1600460 955
1600470 955
1600480 959
1600490 968
1600500 968
1600510 979
1600520 988
1600530 988
1600540 996
1600550 1005
1600560 1005
1600570 1008
1600580 1012
1600590 1005
1600600 1009
1600610 1011
1600620 1013
1600630 1013
1600640 1016
1600650 1018
1600660 1018
1600670 1023
1600680 1029
1600690 1029
1600700 1033
1600710 1039
1600720 1039
1600730 1041
1600740 1044
1600750 1044
1600760 1039
1600770 1036
1600780 1036
1600790 1033
1600800 1033
1600810 1033
1600820 1034
1600830 1037
1600840 1037
1600850 1037
1600860 1034
1600870 1034
1600880 1034
1600890 1035
1600900 1034
1600910 1034
1600920 1030
1600930 1028
1600940 1028
1600950 1028
1600960 1029
1600970 1029
1600980 1031
1600990 1031
1601000 1031
1601010 1032
1601020 1038
1601030 1038
1601040 1046
1601050 1049
1601060 1049
1601070 1052
1601080 1051
1601090 1051
1601100 1051
1601110 1054
1601120 1050
1601130 1050
1601140 1050
1601150 1050
1601160 1050
1601170 1051
1601180 1052
1601190 1052
1601200 1054
1601210 1056
1601220 1056
1601230 1057
1601240 1058
1601250 1058
1601260 1061
1601270 1064
1601280 1064
1601290 1067
1601300 1071
1601310 1074
1601320 1074
1601330 1076
1601340 1077
1601350 1077
1601360 1079
1601370 1082
1601380 1082
1601390 1085
1601400 1088
1601410 1088
1601420 1091
1601430 1094
1601440 1094
1601450 1098
1601460 1105
1601470 1105
1601480 1110
1601490 1112
1601500 1112
1601510 1114
1601520 1115
1601530 1116
1601540 1116
1601550 1119
1601560 1121
1601570 1121
1601580 1123
1601590 1125
1601600 1125
1601610 1127
1601620 1129
1601630 1129
1601640 1133
1601650 1140
1601660 1140
1601670 1148
1601680 1153
1601690 1153
1601700 1162
1601710 1169
1601720 1169
1601730 1173
1601740 1177
1601750 1182
1601760 1182
1601770 1185
1601780 1188
1601790 1188
1601800 1190
1601810 1192
1601820 1192
1601830 1194
1601840 1196
1601850 1196
1601860 1199
1601870 1202
1601880 1202
1601890 1207
1601900 1212
1601910 1212
1601920 1215
1601930 1215
1601940 1215
1601950 1215
1601960 1217
1601970 1217
1601980 1219
1601990 1218
1602000 1216
1602010 1216
1602020 1215
1602030 1215
1602040 1215
1602050 1214
1602060 1215
1602070 1215
1602080 1214
1602090 1214
1602100 1214
1602110 1215
1602120 1217
1602130 1217
1602140 1218
1602150 1220
1602160 1220
1602170 1221
1602180 1223
1602190 1223
1602200 1226
1602210 1226
1602220 1225
1602230 1225
1602240 1223
1602250 1224
1602260 1224
1602270 1225
1602280 1225
1602290 1225
1602300 1223
1602310 1220
1602320 1220
1602330 1217
1602340 1213
1602350 1213
1602360 1210
1602370 1208
1602380 1208
1602390 1207
1602400 1207
1602410 1207
1602420 1208
1602430 1209
1602440 1209
1602450 1209
1602460 1209
1602470 1208
1602480 1208
1602490 1208
1602500 1207
1602510 1207
1602520 1207
1602530 1207
1602540 1207
1602550 1208
1602560 1209
1602570 1209
1602580 1209
1602590 1211
1602600 1211
1602610 1212
1602620 1213
1602630 1213
1602640 1214
1602650 1215
1602660 1216
1602670 1216
1602680 1217
1602690 1219
1602700 1219
1602710 1219
1602720 1219
1602730 1219
1602740 1219
1602750 1218
1602760 1216
1602770 1216
1602780 1215
1602790 1215
1602800 1214
1602810 1212
1602820 1212
1602830 1212
1602840 1211
1602850 1211
1602860 1210
1602870 1210
1602880 1210
1602890 1209
1602900 1207
1602910 1206
1602920 1206
1602930 1206
1602940 1205
1602950 1205
1602960 1204
1602970 1203
1602980 1203
1602990 1202
1603000 1200
1603010 1200
1603020 1199
1603030 1196
1603040 1196
1603050 1193
1603060 1191
1603070 1191
1603080 1189
1603090 1186
1603100 1186
1603110 1184
1603120 1182
1603130 1183
1603140 1183
1603150 1184
1603160 1184
1603170 1184
1603180 1182
1603190 1182
1603200 1182
1603210 1182
1603220 1182
1603230 1182
1603240 1181
1603250 1180
1603260 1180
1603270 1178
1603280 1176
1603290 1176
1603300 1173
1603310 1171
1603320 1171
1603330 1169
1603340 1166
1603350 1163
1603360 1163
1603370 1161
1603380 1158
1603390 1158
1603400 1154
1603410 1152
1603420 1152
1603430 1149
1603440 1146
1603450 1146
1603460 1143
1603470 1140
1603480 1140
1603490 1137
1603500 1135
1603510 1135
1603520 1133
1603530 1132
1603540 1132
1603550 1131
1603560 1129
1603570 1129
1603580 1127
1603590 1125
1603600 1124
1603610 1124
1603620 1121
1603630 1119
1603640 1119
1603650 1117
1603660 1115
1603670 1115
1603680 1113
1603690 1112
1603700 1112
1603710 1111
1603720 1109
1603730 1109
1603740 1107
1603750 1102
1603760 1102
1603770 1095
1603780 1088
1603790 1088
1603800 1083
1603810 1080
1603820 1077
1603830 1072
1603840 1069
1603850 1065
1603860 1065
1603870 1058
1603880 1053
1603890 1053
1603900 1057
1603910 1063
1603920 1063
1603930 1069
1603940 1076
1603950 1076
1603960 1079
1603970 1083
1603980 1083
1603990 1089
1604000 1092
1604010 1092
1604020 1093
1604030 1094
1604040 1095
1604050 1095
1604060 1098
1604070 1103
1604080 1103
1604090 1109
1604100 1115
1604110 1115
1604120 1122
1604130 1129
1604140 1129
1604150 1135
1604160 1140
1604170 1140
1604180 1145
1604190 1149
1604200 1149
1604210 1153
1604220 1157
1604230 1157
1604240 1161
1604250 1165
1604260 1167
1604270 1167
1604280 1169
1604290 1172
1604300 1172
1604310 1174
1604320 1176
1604330 1176
1604340 1177
1604350 1178
1604360 1178
1604370 1179
1604380 1179
1604390 1179
1604400 1179
1604410 1178
1604420 1178
1604430 1178
1604440 1178
1604450 1178
1604460 1177
1604470 1175
1604480 1175
1604490 1174
1604500 1173
1604510 1172
1604520 1172
1604530 1171
1604540 1169
1604550 1169
1604560 1168
1604570 1166
1604580 1166
1604590 1163
1604600 1161
1604610 1161
1604620 1159
1604630 1156
1604640 1156
1604650 1153
1604660 1151
1604670 1151
1604680 1147
1604690 1143
1604700 1143
1604710 1140
1604720 1138
1604730 1136
1604740 1136
1604750 1134
1604760 1131
1604770 1131
1604780 1129
1604790 1126
1604800 1126
1604810 1123
1604820 1119
1604830 1119
1604840 1115
1604850 1110
1604860 1110
1604870 1104
1604880 1099
1604890 1096
1604900 1092
1604910 1088
1604920 1088
1604930 1086
1604940 1085
1604950 1084
1604960 1084
1604970 1083
1604980 1084
1604990 1084
1605000 1084
1605010 1085
1605020 1085
1605030 1085
1605040 1086
1605050 1086
1605060 1084
1605070 1082
1605080 1082
1605090 1079
1605100 1077
1605110 1077
1605120 1075
1605130 1074
1605140 1074
1605150 1074
1605160 1075
1605170 1075
1605180 1077
1605190 1080
1605200 1079
1605210 1079
1605220 1078
1605230 1078
1605240 1078
1605250 1077
1605260 1078
1605270 1078
1605280 1079
1605290 1082
1605300 1082
1605310 1085
1605320 1088
1605330 1088
1605340 1090
1605350 1093
1605360 1093
1605370 1096
1605380 1098
1605390 1098
1605400 1101
1605410 1104
1605420 1106
1605430 1106
1605440 1108
1605450 1109
1605460 1109
1605470 1110
1605480 1111
1605490 1111
1605500 1111
1605510 1111
1605520 1111
1605530 1111
1605540 1111
1605550 1111
1605560 1111
1605570 1111
1605580 1111
1605590 1110
1605600 1110
1605610 1110
1605620 1109
1605630 1108
1605640 1108
1605650 1108
1605660 1106
1605670 1105
1605680 1105
1605690 1103
1605700 1102
1605710 1102
1605720 1100
1605730 1098
1605740 1098
1605750 1096
1605760 1093
1605770 1093
1605780 1091
1605790 1088
1605800 1088
1605810 1084
1605820 1081
1605830 1081
1605840 1078
1605850 1075
1605860 1072
1605870 1072
1605880 1068
1605890 1065
1605900 1065
1605910 1061
1605920 1057
1605930 1057
1605940 1051
1605950 1046
1605960 1046
1605970 1044
1605980 1040
1605990 1040
1606000 1036
1606010 1033
1606020 1033
1606030 1029
1606040 1024
1606050 1024
1606060 1018
1606070 1013
1606080 1013
1606090 1009
1606100 1005
1606110 1001
1606120 1001
1606130 996
1606140 991
1606150 991
1606160 985
1606170 980
1606180 980
1606190 975
1606200 970
1606210 970
1606220 967
1606230 963
1606240 963
1606250 960
1606260 956
1606270 956
1606280 952
1606290 948
1606300 948
1606310 943
1606320 941
1606330 937
1606340 937
1606350 934
1606360 931
1606370 931
1606380 929
1606390 927
1606400 927
1606410 925
1606420 923
1606430 923
1606440 920
1606450 918
1606460 918
1606470 916
1606480 915
1606490 915
1606500 913
1606510 911
1606520 911
1606530 911
1606540 909
1606550 910
1606560 910
1606570 908
1606580 905
1606590 905
1606600 903
1606610 900
1606620 900
1606630 898
1606640 898
1606650 898
1606660 898
1606670 898
1606680 898
1606690 897
1606700 896
1606710 896
1606720 895
1606730 894
1606740 894
1606750 893
1606760 893
1606770 893
1606780 892
1606790 891
1606800 890
1606810 890
1606820 889
1606830 889
1606840 889
1606850 889
1606860 888
1606870 888
1606880 887
1606890 886
1606900 886
1606910 886
1606920 885
1606930 885
1606940 884
1606950 881
1606960 881
1606970 881
1606980 880
1606990 880
1607000 880
1607010 880
1607020 878
1607030 878
1607040 876
1607050 876
1607060 876
1607070 875
1607080 873
1607090 873
1607100 872
1607110 871
1607120 871
1607130 872
1607140 873
1607150 873
1607160 874
1607170 876
1607180 876
1607190 878
1607200 881
1607210 881
1607220 883
1607230 885
1607240 887
1607250 887
1607260 888
1607270 890
1607280 890
1607290 892
1607300 894
1607310 894
1607320 895
1607330 897
1607340 897
1607350 900
1607360 905
1607370 905
1607380 910
1607390 914
1607400 914
1607410 918
1607420 921
1607430 921
1607440 925
1607450 928
1607460 931
1607470 931
1607480 933
1607490 936
1607500 936
1607510 938
1607520 940
1607530 940
1607540 942
1607550 945
1607560 945
1607570 949
1607580 952
1607590 952
1607600 956
1607610 961
1607620 961
1607630 966
1607640 970
1607650 970
1607660 971
1607670 976
1607680 976
1607690 978
1607700 981
1607710 984
1607720 984
1607730 988
1607740 993
1607750 993
1607760 999
1607770 1004
1607780 1004
1607790 1009
1607800 1013
1607810 1013
1607820 1017
1607830 1020
1607840 1020
1607850 1024
1607860 1028
1607870 1028
1607880 1032
1607890 1036
1607900 1036
1607910 1039
1607920 1042
1607930 1045
1607940 1045
1607950 1049
1607960 1052
1607970 1052
1607980 1055
1607990 1059
1608000 1059
1608010 1062
1608020 1069
1608030 1069
1608040 1072
1608050 1075
1608060 1075
1608070 1078
1608080 1079
1608090 1079
1608100 1083
1608110 1087
1608120 1087
1608130 1093
1608140 1097
1608150 1100
1608160 1100
1608170 1101
1608180 1105
1608190 1105
1608200 1107
1608210 1111
1608220 1111
1608230 1114
1608240 1117
1608250 1117
1608260 1120
1608270 1123
1608280 1123
1608290 1123
1608300 1122
1608310 1122
1608320 1122
1608330 1125
1608340 1125
1608350 1133
1608360 1139
1608370 1144
1608380 1144
1608390 1148
1608400 1152
1608410 1152
1608420 1155
1608430 1160
1608440 1160
1608450 1165
1608460 1170
1608470 1170
1608480 1175
1608490 1179
1608500 1179
1608510 1184
1608520 1188
1608530 1188
1608540 1193
1608550 1198
1608560 1198
1608570 1203
1608580 1207
1608590 1207
1608600 1212
1608610 1216
1608620 1219
1608630 1219
1608640 1221
1608650 1223
1608660 1223
1608670 1226
1608680 1227
1608690 1227
1608700 1228
1608710 1231
1608720 1231
1608730 1233
1608740 1234
1608750 1234
1608760 1236
1608770 1237
1608780 1237
1608790 1241
1608800 1244
1608810 1244
1608820 1244
1608830 1242
1608840 1242
1608850 1242
1608860 1244
1608870 1246
1608880 1246
1608890 1247
1608900 1249
1608910 1249
1608920 1252
1608930 1254
1608940 1254
1608950 1255
1608960 1255
1608970 1255
1608980 1257
1608990 1260
1609000 1260
1609010 1265
1609020 1270
1609030 1270
1609040 1278
1609050 1284
1609060 1289
1609070 1289
1609080 1293
1609090 1298
1609100 1298
1609110 1304
1609120 1308
1609130 1308
1609140 1313
1609150 1317
1609160 1317
1609170 1322
1609180 1326
1609190 1326
1609200 1330
1609210 1333
1609220 1333
1609230 1335
1609240 1338
1609250 1338
1609260 1342
1609270 1346
1609280 1346
1609290 1349
1609300 1353
1609310 1357
1609320 1357
1609330 1360
1609340 1363
1609350 1363
1609360 1366
1609370 1369
1609380 1369
1609390 1372
1609400 1376
1609410 1376
1609420 1380
1609430 1384
1609440 1384
1609450 1389
1609460 1393
1609470 1393
1609480 1397
1609490 1400
1609500 1400
1609510 1403
1609520 1406
1609530 1408
1609540 1408
1609550 1411
1609560 1414
1609570 1414
1609580 1418
1609590 1422
1609600 1422
1609610 1426
1609620 1431
1609630 1431
1609640 1436
1609650 1440
1609660 1440
1609670 1444
1609680 1449
1609690 1449
1609700 1453
1609710 1457
1609720 1457
1609730 1461
1609740 1464
1609750 1467
1609760 1467
1609770 1470
1609780 1472
1609790 1472
1609800 1474
1609810 1476
1609820 1476
1609830 1477
1609840 1478
1609850 1478
1609860 1479
1609870 1480
1609880 1480
1609890 1482
1609900 1484
1609910 1484
1609920 1487
1609930 1489
1609940 1489
1609950 1491
1609960 1494
1609970 1497
1609980 1497
1609990 1500
1610000 1502
1610010 1502
1610020 1503
1610030 1503
1610040 1503
1610050 1502
1610060 1509
1610070 1509
1610080 1509
1610090 1510
1610100 1510
1610110 1512
1610120 1515
1610130 1515
1610140 1517
1610150 1520
1610160 1520
1610170 1523
1610180 1526
1610190 1526
1610200 1529
1610210 1533
1610220 1536
1610230 1536
1610240 1540
1610250 1546
1610260 1546
1610270 1549
1610280 1548
1610290 1548
1610300 1548
1610310 1549
1610320 1549
1610330 1550
1610340 1550
1610350 1550
1610360 1551
1610370 1552
1610380 1552
1610390 1553
1610400 1553
1610410 1553
1610420 1553
1610430 1553
1610440 1553
1610450 1553
1610460 1553
1610470 1554
1610480 1554
1610490 1555
1610500 1556
1610510 1556
1610520 1557
1610530 1557
1610540 1557
1610550 1559
1610560 1560
1610570 1560
1610580 1561
1610590 1562
1610600 1562
1610610 1563
1610620 1564
1610630 1564
1610640 1566
1610650 1568
1610660 1570
1610670 1570
1610680 1572
1610690 1575
1610700 1575
1610710 1578
1610720 1582
1610730 1582
1610740 1585
1610750 1588
1610760 1588
1610770 1592
1610780 1596
1610790 1596
1610800 1599
1610810 1603
1610820 1603
1610830 1606
1610840 1609
1610850 1609
1610860 1612
1610870 1616
1610880 1616
1610890 1620
1610900 1623
1610910 1626
1610920 1626
1610930 1630
1610940 1634
1610950 1634
1610960 1636
1610970 1638
1610980 1638
1610990 1639
1611000 1638
1611010 1638
1611020 1634
1611030 1629
1611040 1629
1611050 1623
1611060 1614
1611070 1614
1611080 1609
1611090 1606
1611100 1606
1611110 1603
1611120 1600
1611130 1593
1611140 1593
1611150 1584
1611160 1579
1611170 1579
1611180 1575
1611190 1570
1611200 1570
1611210 1566
1611220 1561
1611230 1561
1611240 1556
1611250 1550
1611260 1550
1611270 1545
1611280 1541
1611290 1541
1611300 1538
1611310 1533
1611320 1533
1611330 1527
1611340 1523
1611350 1519
1611360 1519
1611370 1514
1611380 1510
1611390 1510
1611400 1507
1611410 1504
1611420 1504
1611430 1501
1611440 1498
1611450 1498
1611460 1495
1611470 1490
1611480 1490
1611490 1485
1611500 1479
1611510 1479
1611520 1474
1611530 1471
1611540 1471
1611550 1468
1611560 1465
1611570 1465
1611580 1463
1611590 1460
1611600 1457
1611610 1457
1611620 1455
1611630 1453
1611640 1453
1611650 1452
1611660 1451
1611670 1451
1611680 1452
1611690 1452
1611700 1452
1611710 1452
1611720 1452
1611730 1452
1611740 1453
1611750 1455
1611760 1455
1611770 1456
1611780 1458
1611790 1458
1611800 1460
1611810 1463
1611820 1465
1611830 1465
1611840 1466
1611850 1466
1611860 1466
1611870 1466
1611880 1467
1611890 1467
1611900 1468
1611910 1469
1611920 1469
1611930 1469
1611940 1470
1611950 1470
1611960 1472
1611970 1475
1611980 1475
1611990 1475
1612000 1477
1612010 1477
1612020 1478
1612030 1480
1612040 1483
1612050 1483
1612060 1478
1612070 1480
1612080 1480
1612090 1482
1612100 1483
1612110 1483
1612120 1484
1612130 1484
1612140 1484
1612150 1484
1612160 1486
1612170 1486
1612180 1487
1612190 1489
1612200 1489
1612210 1490
1612220 1492
1612230 1492
1612240 1494
1612250 1495
1612260 1497
1612270 1497
1612280 1498
1612290 1500
1612300 1500
1612310 1502
1612320 1503
1612330 1503
1612340 1504
1612350 1505
1612360 1505
1612370 1505
1612380 1504
1612390 1504
1612400 1502
1612410 1501
1612420 1501
1612430 1500
1612440 1500
1612450 1500
1612460 1500
1612470 1500
1612480 1500
1612490 1498
1612500 1495
1612510 1492
1612520 1492
1612530 1486
1612540 1479
1612550 1479
1612560 1471
1612570 1465
1612580 1465
1612590 1461
1612600 1456
1612610 1456
1612620 1452
1612630 1446
1612640 1446
1612650 1440
1612660 1434
1612670 1434
1612680 1427
1612690 1423
1612700 1423
1612710 1417
1612720 1411
1612730 1406
1612740 1406
1612750 1401
1612760 1397
1612770 1397
1612780 1393
1612790 1389
1612800 1389
1612810 1385
1612820 1381
1612830 1381
1612840 1376
1612850 1371
1612860 1371
1612870 1366
1612880 1361
1612890 1361
1612900 1356
1612910 1351
1612920 1351
1612930 1346
1612940 1341
1612950 1337
1612960 1337
1612970 1332
1612980 1328
1612990 1328
1613000 1324
1613010 1320
1613020 1320
1613030 1317
1613040 1313
1613050 1313
1613060 1308
1613070 1303
1613080 1303
1613090 1298
1613100 1295
1613110 1295
1613120 1293
1613130 1293
1613140 1293
1613150 1294
1613160 1295
1613170 1295
1613180 1295
1613190 1295
1613200 1294
1613210 1294
1613220 1294
1613230 1294
1613240 1294
1613250 1294
1613260 1295
1613270 1295
1613280 1296
1613290 1296
1613300 1296
1613310 1296
1613320 1297
1613330 1297
1613340 1296
1613350 1297
1613360 1297
1613370 1296
1613380 1295
1613390 1295
1613400 1294
1613410 1294
1613420 1293
1613430 1293
1613440 1292
1613450 1292
1613460 1292
1613470 1292
1613480 1292
1613490 1292
1613500 1292
1613510 1291
1613520 1291
1613530 1290
1613540 1289
1613550 1289
1613560 1288
1613570 1288
1613580 1288
1613590 1288
1613600 1287
1613610 1287
1613620 1286
1613630 1285
1613640 1284
1613650 1284
1613660 1283
1613670 1283
1613680 1283
1613690 1283
1613700 1283
1613710 1283
1613720 1283
1613730 1283
1613740 1283
1613750 1283
1613760 1283
1613770 1283
1613780 1284
1613790 1284
1613800 1284
1613810 1285
1613820 1286
1613830 1286
1613840 1287
1613850 1288
1613860 1289
1613870 1289
1613880 1289
1613890 1291
1613900 1291
1613910 1293
1613920 1294
1613930 1294
1613940 1296
1613950 1298
1613960 1298
1613970 1299
1613980 1301
1613990 1301
1614000 1302
1614010 1303
1614020 1303
1614030 1305
1614040 1305
1614050 1305
1614060 1308
1614070 1310
1614080 1310
1614090 1312
1614100 1314
1614110 1315
1614120 1315
1614130 1317
1614140 1319
1614150 1319
1614160 1321
1614170 1323
1614180 1323
1614190 1326
1614200 1327
1614210 1327
1614220 1329
1614230 1331
1614240 1331
1614250 1334
1614260 1337
1614270 1337
1614280 1339
1614290 1340
1614300 1340
1614310 1342
1614320 1343
1614330 1345
1614340 1345
1614350 1347
1614360 1349
1614370 1349
1614380 1350
1614390 1350
1614400 1350
1614410 1351
1614420 1352
1614430 1352
1614440 1353
1614450 1354
1614460 1354
1614470 1355
1614480 1356
1614490 1356
1614500 1356
1614510 1356
1614520 1356
1614530 1355
1614540 1354
1614550 1354
1614560 1354
1614570 1353
1614580 1352
1614590 1352
1614600 1351
1614610 1349
1614620 1349
1614630 1346
1614640 1344
1614650 1344
1614660 1343
1614670 1343
1614680 1343
1614690 1342
1614700 1341
1614710 1341
1614720 1342
1614730 1343
1614740 1343
1614750 1343
1614760 1345
1614770 1345
1614780 1347
1614790 1350
1614800 1353
1614810 1353
1614820 1356
1614830 1359
1614840 1359
1614850 1360
1614860 1361
1614870 1361
1614880 1360
1614890 1359
1614900 1359
1614910 1358
1614920 1358
1614930 1358
1614940 1360
1614950 1361
1614960 1361
1614970 1363
1614980 1365
1614990 1365
1615000 1368
1615010 1371
1615020 1376
1615030 1376
1615040 1378
1615050 1381
1615060 1381
1615070 1383
1615080 1385
1615090 1385
1615100 1386
1615110 1387
1615120 1387
1615130 1388
1615140 1388
1615150 1388
1615160 1389
1615170 1390
1615180 1390
1615190 1391
1615200 1393
1615210 1393
1615220 1394
1615230 1394
1615240 1395
1615250 1395
1615260 1396
1615270 1399
1615280 1399
1615290 1400
1615300 1401
1615310 1401
1615320 1402
1615330 1404
1615340 1404
1615350 1405
1615360 1408
1615370 1408
1615380 1411
1615390 1412
1615400 1412
1615410 1414
1615420 1416
1615430 1416
1615440 1420
1615450 1423
1615460 1426
1615470 1426
1615480 1429
1615490 1432
1615500 1432
1615510 1438
1615520 1444
1615530 1444
1615540 1451
1615550 1454
1615560 1454
1615570 1455
1615580 1457
1615590 1457
1615600 1458
1615610 1461
1615620 1461
1615630 1464
1615640 1467
1615650 1467
1615660 1470
1615670 1472
1615680 1472
1615690 1475
1615700 1478
1615710 1480
1615720 1480
1615730 1483
1615740 1486
1615750 1486
1615760 1489
1615770 1493
1615780 1493
1615790 1497
1615800 1501
1615810 1501
1615820 1506
1615830 1510
1615840 1510
1615850 1514
1615860 1520
1615870 1520
1615880 1524
1615890 1528
1615900 1528
1615910 1532
1615920 1536
1615930 1539
1615940 1539
1615950 1542
1615960 1546
1615970 1546
1615980 1549
1615990 1555
1616000 1555
1616010 1558
1616020 1560
1616030 1560
1616040 1561
1616050 1561
1616060 1561
1616070 1561
1616080 1561
1616090 1561
1616100 1562
1616110 1563
1616120 1563
1616130 1564
1616140 1565
1616150 1566
1616160 1566
1616170 1568
1616180 1570
1616190 1570
1616200 1571
1616210 1573
1616220 1573
1616230 1574
1616240 1575
1616250 1575
1616260 1575
1616270 1577
1616280 1577
1616290 1579
1616300 1582
1616310 1582
1616320 1584
1616330 1587
1616340 1587
1616350 1590
1616360 1593
1616370 1593
1616380 1596
1616390 1599
1616400 1601
1616410 1601
1616420 1604
1616430 1608
1616440 1608
1616450 1613
1616460 1617
1616470 1617
1616480 1621
1616490 1626
1616500 1626
1616510 1632
1616520 1637
1616530 1637
1616540 1642
1616550 1648
1616560 1648
1616570 1654
1616580 1660
1616590 1660
1616600 1666
1616610 1671
1616620 1677
1616630 1677
1616640 1682
1616650 1687
1616660 1687
1616670 1692
1616680 1697
1616690 1697
1616700 1702
1616710 1708
1616720 1708
1616730 1713
1616740 1718
1616750 1718
1616760 1722
1616770 1726
1616780 1726
1616790 1730
1616800 1734
1616810 1734
1616820 1737
1616830 1740
1616840 1743
1616850 1743
1616860 1744
1616870 1743
1616880 1743
1616890 1742
1616900 1741
1616910 1741
1616920 1740
1616930 1739
1616940 1739
1616950 1742
1616960 1740
1616970 1740
1616980 1738
1616990 1735
1617000 1735
1617010 1732
1617020 1729
1617030 1729
1617040 1726
1617050 1723
1617060 1720
1617070 1720
1617080 1718
1617090 1717
1617100 1717
1617110 1716
1617120 1716
1617130 1716
1617140 1715
1617150 1715
1617160 1715
1617170 1716
1617180 1716
1617190 1716
1617200 1716
1617210 1716
1617220 1716
1617230 1716
1617240 1717
1617250 1717
1617260 1718
1617270 1719
1617280 1719
1617290 1720
1617300 1721
1617310 1724
1617320 1724
1617330 1727
1617340 1730
1617350 1730
1617360 1733
1617370 1736
1617380 1736
1617390 1739
1617400 1742
1617410 1742
1617420 1744
1617430 1747
1617440 1747
1617450 1749
1617460 1752
1617470 1752
1617480 1754
1617490 1758
1617500 1758
1617510 1762
1617520 1765
1617530 1769
1617540 1769
1617550 1772
1617560 1774
1617570 1774
1617580 1776
1617590 1777
1617600 1777
1617610 1778
1617620 1779
1617630 1779
1617640 1780
1617650 1781
1617660 1781
1617670 1781
1617680 1783
1617690 1783
1617700 1784
1617710 1785
1617720 1785
1617730 1786
1617740 1786
1617750 1785
1617760 1785
1617770 1784
1617780 1783
1617790 1783
1617800 1782
1617810 1781
1617820 1781
1617830 1779
1617840 1778
1617850 1778
1617860 1777
1617870 1777
1617880 1777
1617890 1775
1617900 1774
1617910 1771
1617920 1770
1617930 1769
1617940 1769
1617950 1768
1617960 1767
1617970 1767
1617980 1765
1617990 1763
1618000 1761
1618010 1761
1618020 1757
1618030 1754
1618040 1754
1618050 1750
1618060 1745
1618070 1745
1618080 1741
1618090 1736
1618100 1736
1618110 1731
1618120 1726
1618130 1726
1618140 1722
1618150 1720
1618160 1720
1618170 1718
1618180 1715
1618190 1715
1618200 1712
1618210 1708
1618220 1704
1618230 1704
1618240 1702
1618250 1703
1618260 1703
1618270 1704
1618280 1704
1618290 1704
1618300 1703
1618310 1700
1618320 1700
1618330 1695
1618340 1690
1618350 1690
1618360 1685
1618370 1681
1618380 1681
1618390 1678
1618400 1674
1618410 1674
1618420 1670
1618430 1666
1618440 1661
1618450 1661
1618460 1657
1618470 1655
1618480 1655
1618490 1653
1618500 1650
1618510 1650
1618520 1649
1618530 1647
1618540 1647
1618550 1646
1618560 1646
1618570 1646
1618580 1645
1618590 1642
1618600 1642
1618610 1644
1618620 1644
1618630 1644
1618640 1645
1618650 1645
1618660 1645
1618670 1645
1618680 1644
1618690 1642
1618700 1642
1618710 1639
1618720 1638
1618730 1638
1618740 1636
1618750 1635
1618760 1635
1618770 1634
1618780 1633
1618790 1633
1618800 1631
1618810 1629
1618820 1629
1618830 1625
1618840 1620
1618850 1620
1618860 1615
1618870 1613
1618880 1613
1618890 1611
1618900 1610
1618910 1610
1618920 1610
1618930 1611
1618940 1611
1618950 1611
1618960 1609
1618970 1608
1618980 1608
1618990 1607
1619000 1608
1619010 1608
1619020 1608
1619030 1607
1619040 1607
1619050 1607
1619060 1608
1619070 1608
1619080 1608
1619090 1609
1619100 1609
1619110 1608
1619120 1606
1619130 1607
1619140 1607
1619150 1607
1619160 1609
1619170 1609
1619180 1612
1619190 1614
1619200 1614
1619210 1614
1619220 1615
1619230 1615
1619240 1615
1619250 1614
1619260 1614
1619270 1616
1619280 1620
1619290 1620
1619300 1620
1619310 1619
1619320 1619
1619330 1620
1619340 1621
1619350 1623
1619360 1623
1619370 1627
1619380 1631
1619390 1631
1619400 1635
1619410 1639
1619420 1639
1619430 1642
1619440 1645
1619450 1645
1619460 1645
1619470 1644
1619480 1644
1619490 1641
1619500 1639
1619510 1639
1619520 1636
1619530 1634
1619540 1634
1619550 1631
1619560 1628
1619570 1628
1619580 1626
1619590 1624
1619600 1621
1619610 1621
1619620 1618
1619630 1615
1619640 1615
1619650 1611
1619660 1606
1619670 1606
1619680 1599
1619690 1591
1619700 1591
1619710 1585
1619720 1581
1619730 1581
1619740 1574
1619750 1568
1619760 1568
1619770 1562
1619780 1556
1619790 1556
1619800 1549
1619810 1543
1619820 1538
1619830 1538
1619840 1533
1619850 1530
1619860 1530
1619870 1527
1619880 1525
1619890 1525
1619900 1523
1619910 1522
1619920 1522
1619930 1518
1619940 1513
1619950 1513
1619960 1507
1619970 1503
1619980 1503
1619990 1500
