1600000 914
1600010 905
1600020 901
1600030 901
1600040 901
1600050 901
1600060 901
1600070 898
1600080 894
1600090 894
1600100 896
1600110 896
1600120 896
1600130 898
1600140 892
1600150 892
1600160 892
1600170 904
1600180 912
1600190 912
1600200 918
1600210 923
1600220 923
1600230 927
1600240 926
1600250 926
1600260 933
1600270 940
1600280 940
1600290 945
1600300 949
1600310 949
1600320 954
1600330 957
1600340 957
1600350 961
1600360 962
1600370 962
1600380 960
1600390 960
1600400 959
1600410 959
1600420 958
1600430 960
1600440 960
1600450 959
1600460 955
1600470 955
1600480 959
1600490 968
1600500 968
1600510 979
1600520 988
1600530 988
1600540 996
1600550 1005
1600560 1005
1600570 1008
1600580 1012
1600590 1012
1600600 1017
1600610 1019
1600620 1019
1600630 1019
1600640 1023
1600650 1028
1600660 1028
1600670 1034
1600680 1041
1600690 1041
1600700 1043
1600710 1047
1600720 1047
1600730 1050
1600740 1055
1600750 1055
1600760 1055
1600770 1048
1600780 1048
1600790 1043
1600800 1042
1600810 1042
1600820 1042
1600830 1044
1600840 1045
1600850 1045
1600860 1044
1600870 1043
1600880 1043
1600890 1044
1600900 1043
1600910 1043
1600920 1038
1600930 1035
1600940 1035
1600950 1034
1600960 1036
1600970 1036
1600980 1037
1600990 1037
1601000 1037
1601010 1039
1601020 1047
1601030 1047
1601040 1058
1601050 1060
1601060 1062
1601070 1062
1601080 1061
1601090 1061
1601100 1061
1601110 1065
1601120 1060
1601130 1060
1601140 1057
1601150 1056
1601160 1056
1601170 1055
1601180 1056
1601190 1056
1601200 1058
1601210 1060
1601220 1060
1601230 1061
1601240 1063
1601250 1063
1601260 1066
1601270 1069
1601280 1069
1601290 1073
1601300 1079
1601310 1082
1601320 1082
1601330 1076
1601340 1077
1601350 1077
1601360 1079
1601370 1082
1601380 1082
1601390 1085
1601400 1088
1601410 1088
1601420 1091
1601430 1094
1601440 1094
1601450 1098
1601460 1105
1601470 1105
1601480 1110
1601490 1112
1601500 1112
1601510 1114
1601520 1115
1601530 1116
1601540 1116
1601550 1119
1601560 1121
1601570 1121
1601580 1123
1601590 1125
1601600 1125
1601610 1127
1601620 1129
1601630 1129
1601640 1133
1601650 1140
1601660 1140
1601670 1148
1601680 1157
1601690 1157
1601700 1165
1601710 1171
1601720 1171
1601730 1175
1601740 1179
1601750 1184
1601760 1184
1601770 1186
1601780 1188
1601790 1188
1601800 1190
1601810 1193
1601820 1193
1601830 1196
1601840 1199
1601850 1199
1601860 1202
1601870 1207
1601880 1207
1601890 1212
1601900 1216
1601910 1216
1601920 1217
1601930 1217
1601940 1217
1601950 1217
1601960 1218
1601970 1220
1601980 1220
1601990 1220
1602000 1219
1602010 1219
1602020 1217
1602030 1216
1602040 1216
1602050 1216
1602060 1217
1602070 1217
1602080 1217
1602090 1217
1602100 1217
1602110 1218
1602120 1219
1602130 1219
1602140 1220
1602150 1221
1602160 1221
1602170 1222
1602180 1223
1602190 1223
1602200 1224
1602210 1224
1602220 1224
1602230 1224
1602240 1223
1602250 1223
1602260 1223
1602270 1224
1602280 1224
1602290 1224
1602300 1223
1602310 1221
1602320 1221
1602330 1218
1602340 1214
1602350 1214
1602360 1211
1602370 1210
1602380 1210
1602390 1209
1602400 1208
1602410 1208
1602420 1208
1602430 1209
1602440 1209
1602450 1209
1602460 1209
1602470 1208
1602480 1208
1602490 1208
1602500 1207
1602510 1207
1602520 1207
1602530 1207
1602540 1207
1602550 1208
1602560 1209
1602570 1209
1602580 1209
1602590 1211
1602600 1211
1602610 1212
1602620 1213
1602630 1213
1602640 1214
1602650 1215
1602660 1216
1602670 1216
1602680 1217
1602690 1219
1602700 1219
1602710 1219
1602720 1219
1602730 1219
1602740 1219
1602750 1218
1602760 1218
1602770 1218
1602780 1217
1602790 1217
1602800 1216
1602810 1215
1602820 1215
1602830 1215
1602840 1215
1602850 1215
1602860 1214
1602870 1213
1602880 1213
1602890 1212
1602900 1211
1602910 1210
1602920 1210
1602930 1209
1602940 1209
1602950 1209
1602960 1208
1602970 1206
1602980 1206
1602990 1205
1603000 1203
1603010 1203
1603020 1202
1603030 1199
1603040 1199
1603050 1196
1603060 1195
1603070 1195
1603080 1193
1603090 1190
1603100 1190
1603110 1187
1603120 1185
1603130 1184
1603140 1184
1603150 1185
1603160 1186
1603170 1186
1603180 1185
1603190 1185
1603200 1185
1603210 1186
1603220 1185
1603230 1185
1603240 1185
1603250 1183
1603260 1183
1603270 1181
1603280 1179
1603290 1179
1603300 1176
1603310 1175
1603320 1175
1603330 1172
1603340 1169
1603350 1166
1603360 1166
1603370 1163
1603380 1160
1603390 1160
1603400 1157
1603410 1155
1603420 1155
1603430 1152
1603440 1149
1603450 1149
1603460 1146
1603470 1143
1603480 1143
1603490 1137
1603500 1135
1603510 1135
1603520 1133
1603530 1132
1603540 1132
1603550 1131
1603560 1129
1603570 1127
1603580 1127
1603590 1125
1603600 1124
1603610 1124
1603620 1121
1603630 1119
1603640 1119
1603650 1117
1603660 1115
1603670 1115
1603680 1113
1603690 1112
1603700 1112
1603710 1111
1603720 1109
1603730 1109
1603740 1107
1603750 1102
1603760 1102
1603770 1095
1603780 1088
1603790 1088
1603800 1083
1603810 1080
1603820 1077
1603830 1077
1603840 1074
1603850 1069
1603860 1069
1603870 1063
1603880 1057
1603890 1057
1603900 1058
1603910 1063
1603920 1063
1603930 1069
1603940 1076
1603950 1076
1603960 1080
1603970 1086
1603980 1086
1603990 1090
1604000 1094
1604010 1094
1604020 1097
1604030 1098
1604040 1099
1604050 1099
1604060 1101
1604070 1105
1604080 1105
1604090 1110
1604100 1117
1604110 1117
1604120 1123
1604130 1129
1604140 1129
1604150 1136
1604160 1141
1604170 1141
1604180 1146
1604190 1150
1604200 1150
1604210 1154
1604220 1159
1604230 1159
1604240 1162
1604250 1166
1604260 1168
1604270 1168
1604280 1171
1604290 1174
1604300 1174
1604310 1176
1604320 1178
1604330 1178
1604340 1180
1604350 1181
1604360 1181
1604370 1181
1604380 1182
1604390 1182
1604400 1182
1604410 1182
1604420 1182
1604430 1182
1604440 1182
1604450 1182
1604460 1181
1604470 1179
1604480 1179
1604490 1178
1604500 1177
1604510 1175
1604520 1175
1604530 1174
1604540 1173
1604550 1169
1604560 1168
1604570 1166
1604580 1166
1604590 1163
1604600 1161
1604610 1161
1604620 1159
1604630 1156
1604640 1156
1604650 1153
1604660 1151
1604670 1151
1604680 1147
1604690 1143
1604700 1143
1604710 1140
1604720 1138
1604730 1136
1604740 1136
1604750 1134
1604760 1131
1604770 1131
1604780 1129
1604790 1126
1604800 1126
1604810 1123
1604820 1119
1604830 1119
1604840 1115
1604850 1110
1604860 1110
1604870 1104
1604880 1099
1604890 1099
1604900 1095
1604910 1092
1604920 1092
1604930 1090
1604940 1088
1604950 1086
1604960 1086
1604970 1085
1604980 1086
1604990 1086
1605000 1087
1605010 1087
1605020 1087
1605030 1088
1605040 1089
1605050 1089
1605060 1088
1605070 1087
1605080 1087
1605090 1084
1605100 1082
1605110 1082
1605120 1081
1605130 1080
1605140 1080
1605150 1080
1605160 1081
1605170 1083
1605180 1083
1605190 1085
1605200 1084
1605210 1084
1605220 1083
1605230 1082
1605240 1082
1605250 1081
1605260 1082
1605270 1082
1605280 1084
1605290 1086
1605300 1086
1605310 1089
1605320 1092
1605330 1092
1605340 1096
1605350 1099
1605360 1099
1605370 1101
1605380 1103
1605390 1103
1605400 1106
1605410 1109
1605420 1111
1605430 1111
1605440 1112
1605450 1114
1605460 1114
1605470 1114
1605480 1115
1605490 1115
1605500 1116
1605510 1116
1605520 1116
1605530 1116
1605540 1116
1605550 1116
1605560 1115
1605570 1114
1605580 1114
1605590 1114
1605600 1113
1605610 1110
1605620 1109
1605630 1108
1605640 1108
1605650 1108
1605660 1106
1605670 1105
1605680 1105
1605690 1103
1605700 1102
1605710 1102
1605720 1100
1605730 1098
1605740 1098
1605750 1096
1605760 1093
1605770 1093
1605780 1091
1605790 1088
1605800 1088
1605810 1084
1605820 1081
1605830 1081
1605840 1078
1605850 1075
1605860 1072
1605870 1072
1605880 1068
1605890 1065
1605900 1065
1605910 1061
1605920 1057
1605930 1057
1605940 1052
1605950 1048
1605960 1048
1605970 1044
1605980 1041
1605990 1041
1606000 1036
1606010 1033
1606020 1033
1606030 1029
1606040 1025
1606050 1025
1606060 1019
1606070 1014
1606080 1009
1606090 1009
1606100 1004
1606110 1000
1606120 1000
1606130 996
1606140 991
1606150 991
1606160 986
1606170 980
1606180 980
1606190 976
1606200 971
1606210 971
1606220 967
1606230 963
1606240 963
1606250 959
1606260 956
1606270 956
1606280 952
1606290 947
1606300 947
1606310 943
1606320 941
1606330 938
1606340 938
1606350 936
1606360 933
1606370 933
1606380 931
1606390 930
1606400 930
1606410 928
1606420 926
1606430 926
1606440 924
1606450 923
1606460 923
1606470 920
1606480 918
1606490 918
1606500 916
1606510 914
1606520 914
1606530 913
1606540 912
1606550 908
1606560 908
1606570 906
1606580 908
1606590 908
1606600 906
1606610 902
1606620 902
1606630 899
1606640 899
1606650 898
1606660 898
1606670 898
1606680 898
1606690 897
1606700 896
1606710 896
1606720 895
1606730 894
1606740 894
1606750 893
1606760 893
1606770 892
1606780 892
1606790 891
1606800 890
1606810 890
1606820 889
1606830 889
1606840 889
1606850 889
1606860 888
1606870 888
1606880 887
1606890 886
1606900 886
1606910 886
1606920 885
1606930 885
1606940 884
1606950 881
1606960 881
1606970 881
1606980 881
1606990 881
1607000 880
1607010 880
1607020 879
1607030 879
1607040 878
1607050 878
1607060 878
1607070 876
1607080 875
1607090 875
1607100 874
1607110 873
1607120 873
1607130 872
1607140 873
1607150 873
1607160 873
1607170 875
1607180 875
1607190 877
1607200 880
1607210 880
1607220 882
1607230 884
1607240 885
1607250 885
1607260 887
1607270 889
1607280 889
1607290 890
1607300 892
1607310 892
1607320 894
1607330 896
1607340 896
1607350 899
1607360 903
1607370 903
1607380 907
1607390 912
1607400 912
1607410 916
1607420 919
1607430 919
1607440 923
1607450 926
1607460 928
1607470 928
1607480 931
1607490 933
1607500 933
1607510 936
1607520 938
1607530 938
1607540 940
1607550 943
1607560 943
1607570 946
1607580 949
1607590 949
1607600 954
1607610 958
1607620 958
1607630 963
1607640 966
1607650 966
1607660 971
1607670 974
1607680 978
1607690 978
1607700 981
1607710 984
1607720 984
1607730 988
1607740 993
1607750 993
1607760 999
1607770 1004
1607780 1004
1607790 1009
1607800 1013
1607810 1013
1607820 1017
1607830 1020
1607840 1020
1607850 1024
1607860 1028
1607870 1028
1607880 1032
1607890 1036
1607900 1036
1607910 1039
1607920 1042
1607930 1045
1607940 1045
1607950 1049
1607960 1052
1607970 1052
1607980 1055
1607990 1059
1608000 1059
1608010 1062
1608020 1065
1608030 1065
1608040 1067
1608050 1070
1608060 1070
1608070 1073
1608080 1074
1608090 1074
1608100 1077
1608110 1081
1608120 1081
1608130 1086
1608140 1089
1608150 1091
1608160 1091
1608170 1096
1608180 1099
1608190 1099
1608200 1102
1608210 1106
1608220 1106
1608230 1109
1608240 1112
1608250 1112
1608260 1115
1608270 1116
1608280 1116
1608290 1116
1608300 1114
1608310 1114
1608320 1117
1608330 1123
1608340 1123
1608350 1129
1608360 1135
1608370 1139
1608380 1139
1608390 1144
1608400 1147
1608410 1147
1608420 1151
1608430 1156
1608440 1156
1608450 1161
1608460 1166
1608470 1166
1608480 1170
1608490 1175
1608500 1175
1608510 1179
1608520 1185
1608530 1185
1608540 1190
1608550 1195
1608560 1195
1608570 1200
1608580 1204
1608590 1204
1608600 1208
1608610 1212
1608620 1215
1608630 1215
1608640 1217
1608650 1219
1608660 1219
1608670 1221
1608680 1223
1608690 1223
1608700 1225
1608710 1231
1608720 1231
1608730 1233
1608740 1234
1608750 1234
1608760 1236
1608770 1237
1608780 1237
1608790 1241
1608800 1244
1608810 1244
1608820 1244
1608830 1242
1608840 1242
1608850 1242
1608860 1244
1608870 1246
1608880 1246
1608890 1247
1608900 1249
1608910 1249
1608920 1252
1608930 1254
1608940 1254
1608950 1255
1608960 1255
1608970 1255
1608980 1257
1608990 1260
1609000 1260
1609010 1265
1609020 1270
1609030 1270
1609040 1275
1609050 1280
1609060 1285
1609070 1285
1609080 1288
1609090 1294
1609100 1294
1609110 1299
1609120 1305
1609130 1305
1609140 1309
1609150 1314
1609160 1314
1609170 1318
1609180 1323
1609190 1323
1609200 1326
1609210 1330
1609220 1330
1609230 1333
1609240 1337
1609250 1337
1609260 1340
1609270 1344
1609280 1347
1609290 1347
1609300 1351
1609310 1354
1609320 1354
1609330 1357
1609340 1360
1609350 1360
1609360 1363
1609370 1367
1609380 1367
1609390 1370
1609400 1374
1609410 1374
1609420 1377
1609430 1381
1609440 1381
1609450 1386
1609460 1390
1609470 1390
1609480 1394
1609490 1398
1609500 1398
1609510 1401
1609520 1404
1609530 1407
1609540 1407
1609550 1409
1609560 1412
1609570 1412
1609580 1416
1609590 1419
1609600 1419
1609610 1423
1609620 1428
1609630 1428
1609640 1432
1609650 1436
1609660 1436
1609670 1440
1609680 1444
1609690 1444
1609700 1448
1609710 1452
1609720 1452
1609730 1461
1609740 1464
1609750 1467
1609760 1467
1609770 1470
1609780 1472
1609790 1472
1609800 1474
1609810 1476
1609820 1476
1609830 1477
1609840 1478
1609850 1478
1609860 1479
1609870 1480
1609880 1480
1609890 1482
1609900 1484
1609910 1484
1609920 1487
1609930 1489
1609940 1489
1609950 1491
1609960 1494
1609970 1497
1609980 1497
1609990 1500
1610000 1502
1610010 1502
1610020 1503
1610030 1503
1610040 1503
1610050 1502
1610060 1503
1610070 1503
1610080 1504
1610090 1506
1610100 1506
1610110 1509
1610120 1511
1610130 1511
1610140 1514
1610150 1516
1610160 1516
1610170 1520
1610180 1523
1610190 1523
1610200 1525
1610210 1528
1610220 1531
1610230 1531
1610240 1535
1610250 1539
1610260 1539
1610270 1543
1610280 1543
1610290 1543
1610300 1544
1610310 1544
1610320 1544
1610330 1545
1610340 1545
1610350 1545
1610360 1546
1610370 1546
1610380 1546
1610390 1547
1610400 1548
1610410 1548
1610420 1548
1610430 1548
1610440 1548
1610450 1548
1610460 1548
1610470 1549
1610480 1549
1610490 1549
1610500 1551
1610510 1551
1610520 1553
1610530 1554
1610540 1554
1610550 1555
1610560 1556
1610570 1556
1610580 1557
1610590 1558
1610600 1558
1610610 1559
1610620 1561
1610630 1561
1610640 1563
1610650 1566
1610660 1568
1610670 1568
1610680 1570
1610690 1572
1610700 1572
1610710 1576
1610720 1579
1610730 1579
1610740 1585
1610750 1588
1610760 1588
1610770 1592
1610780 1596
1610790 1596
1610800 1599
1610810 1603
1610820 1603
1610830 1606
1610840 1609
1610850 1609
1610860 1612
1610870 1616
1610880 1620
1610890 1620
1610900 1623
1610910 1626
1610920 1626
1610930 1630
1610940 1634
1610950 1634
1610960 1636
1610970 1638
1610980 1638
1610990 1639
1611000 1638
1611010 1638
1611020 1634
1611030 1629
1611040 1629
1611050 1623
1611060 1616
1611070 1616
1611080 1612
1611090 1608
1611100 1608
1611110 1605
1611120 1600
1611130 1594
1611140 1594
1611150 1586
1611160 1581
1611170 1581
1611180 1577
1611190 1572
1611200 1572
1611210 1567
1611220 1563
1611230 1563
1611240 1558
1611250 1554
1611260 1554
1611270 1548
1611280 1544
1611290 1544
1611300 1540
1611310 1536
1611320 1536
1611330 1531
1611340 1527
1611350 1522
1611360 1522
1611370 1518
1611380 1514
1611390 1514
1611400 1510
1611410 1507
1611420 1507
1611430 1503
1611440 1501
1611450 1501
1611460 1497
1611470 1493
1611480 1493
1611490 1489
1611500 1483
1611510 1483
1611520 1477
1611530 1473
1611540 1473
1611550 1471
1611560 1468
1611570 1465
1611580 1465
1611590 1463
1611600 1461
1611610 1461
1611620 1459
1611630 1457
1611640 1457
1611650 1455
1611660 1455
1611670 1455
1611680 1455
1611690 1455
1611700 1455
1611710 1455
1611720 1456
1611730 1456
1611740 1453
1611750 1455
1611760 1455
1611770 1456
1611780 1458
1611790 1458
1611800 1460
1611810 1463
1611820 1465
1611830 1465
1611840 1466
1611850 1466
1611860 1466
1611870 1466
1611880 1467
1611890 1467
1611900 1468
1611910 1469
1611920 1469
1611930 1469
1611940 1470
1611950 1470
1611960 1472
1611970 1475
1611980 1475
1611990 1475
1612000 1477
1612010 1477
1612020 1478
1612030 1480
1612040 1483
1612050 1483
1612060 1484
1612070 1485
1612080 1485
1612090 1486
1612100 1487
1612110 1487
1612120 1488
1612130 1488
1612140 1488
1612150 1489
1612160 1490
1612170 1490
1612180 1491
1612190 1493
1612200 1493
1612210 1495
1612220 1497
1612230 1497
1612240 1498
1612250 1499
1612260 1501
1612270 1501
1612280 1503
1612290 1505
1612300 1505
1612310 1507
1612320 1508
1612330 1508
1612340 1510
1612350 1510
1612360 1510
1612370 1510
1612380 1509
1612390 1509
1612400 1507
1612410 1505
1612420 1505
1612430 1504
1612440 1504
1612450 1504
1612460 1505
1612470 1504
1612480 1503
1612490 1503
1612500 1500
1612510 1495
1612520 1495
1612530 1489
1612540 1481
1612550 1481
1612560 1474
1612570 1468
1612580 1468
1612590 1463
1612600 1458
1612610 1458
1612620 1453
1612630 1447
1612640 1447
1612650 1441
1612660 1435
1612670 1435
1612680 1429
1612690 1424
1612700 1424
1612710 1418
1612720 1412
1612730 1407
1612740 1406
1612750 1401
1612760 1397
1612770 1397
1612780 1393
1612790 1389
1612800 1389
1612810 1385
1612820 1381
1612830 1381
1612840 1376
1612850 1371
1612860 1371
1612870 1366
1612880 1361
1612890 1361
1612900 1356
1612910 1351
1612920 1351
1612930 1346
1612940 1341
1612950 1337
1612960 1337
1612970 1332
1612980 1328
1612990 1328
1613000 1324
1613010 1320
1613020 1320
1613030 1317
1613040 1313
1613050 1313
1613060 1308
1613070 1304
1613080 1304
1613090 1300
1613100 1297
1613110 1297
1613120 1295
1613130 1296
1613140 1296
1613150 1297
1613160 1298
1613170 1298
1613180 1298
1613190 1297
1613200 1296
1613210 1296
1613220 1296
1613230 1296
1613240 1296
1613250 1297
1613260 1298
1613270 1298
1613280 1298
1613290 1298
1613300 1298
1613310 1299
1613320 1299
1613330 1299
1613340 1299
1613350 1299
1613360 1299
1613370 1298
1613380 1298
1613390 1298
1613400 1297
1613410 1297
1613420 1296
1613430 1296
1613440 1295
1613450 1295
1613460 1295
1613470 1295
1613480 1295
1613490 1295
1613500 1294
1613510 1294
1613520 1294
1613530 1293
1613540 1292
1613550 1292
1613560 1291
1613570 1291
1613580 1291
1613590 1291
1613600 1291
1613610 1291
1613620 1290
1613630 1288
1613640 1287
1613650 1287
1613660 1287
1613670 1287
1613680 1287
1613690 1287
1613700 1287
1613710 1287
1613720 1286
1613730 1283
1613740 1283
1613750 1283
1613760 1283
1613770 1283
1613780 1284
1613790 1284
1613800 1284
1613810 1285
1613820 1286
1613830 1286
1613840 1287
1613850 1288
1613860 1289
1613870 1289
1613880 1289
1613890 1291
1613900 1291
1613910 1293
1613920 1294
1613930 1294
1613940 1296
1613950 1298
1613960 1298
1613970 1299
1613980 1301
1613990 1301
1614000 1302
1614010 1303
1614020 1303
1614030 1305
1614040 1307
1614050 1307
1614060 1310
1614070 1313
1614080 1315
1614090 1315
1614100 1316
1614110 1318
1614120 1318
1614130 1319
1614140 1321
1614150 1321
1614160 1323
1614170 1325
1614180 1325
1614190 1327
1614200 1329
1614210 1329
1614220 1331
1614230 1333
1614240 1333
1614250 1335
1614260 1338
1614270 1338
1614280 1340
1614290 1342
1614300 1342
1614310 1343
1614320 1345
1614330 1347
1614340 1347
1614350 1348
1614360 1350
1614370 1350
1614380 1351
1614390 1352
1614400 1352
1614410 1353
1614420 1354
1614430 1354
1614440 1355
1614450 1356
1614460 1356
1614470 1356
1614480 1357
1614490 1357
1614500 1358
1614510 1358
1614520 1358
1614530 1357
1614540 1357
1614550 1356
1614560 1356
1614570 1355
1614580 1354
1614590 1354
1614600 1353
1614610 1352
1614620 1352
1614630 1349
1614640 1347
1614650 1347
1614660 1346
1614670 1345
1614680 1345
1614690 1345
1614700 1344
1614710 1341
1614720 1342
1614730 1343
1614740 1343
1614750 1343
1614760 1345
1614770 1347
1614780 1347
1614790 1350
1614800 1353
1614810 1353
1614820 1356
1614830 1359
1614840 1359
1614850 1360
1614860 1361
1614870 1361
1614880 1360
1614890 1359
1614900 1359
1614910 1358
1614920 1358
1614930 1358
1614940 1360
1614950 1361
1614960 1361
1614970 1363
1614980 1365
1614990 1365
1615000 1368
1615010 1371
1615020 1371
1615030 1371
1615040 1374
1615050 1376
1615060 1376
1615070 1378
1615080 1381
1615090 1381
1615100 1383
1615110 1384
1615120 1384
1615130 1385
1615140 1386
1615150 1386
1615160 1386
1615170 1387
1615180 1387
1615190 1388
1615200 1389
1615210 1389
1615220 1389
1615230 1389
1615240 1391
1615250 1391
1615260 1392
1615270 1394
1615280 1394
1615290 1396
1615300 1397
1615310 1397
1615320 1398
1615330 1400
1615340 1400
1615350 1401
1615360 1404
1615370 1404
1615380 1406
1615390 1409
1615400 1409
1615410 1412
1615420 1414
1615430 1414
1615440 1416
1615450 1420
1615460 1423
1615470 1423
1615480 1426
1615490 1430
1615500 1430
1615510 1436
1615520 1442
1615530 1442
1615540 1449
1615550 1453
1615560 1453
1615570 1455
1615580 1457
1615590 1457
1615600 1458
1615610 1460
1615620 1460
1615630 1463
1615640 1466
1615650 1466
1615660 1469
1615670 1471
1615680 1475
1615690 1475
1615700 1478
1615710 1480
1615720 1480
1615730 1483
1615740 1486
1615750 1486
1615760 1489
1615770 1493
1615780 1493
1615790 1497
1615800 1501
1615810 1501
1615820 1506
1615830 1510
1615840 1510
1615850 1514
1615860 1520
1615870 1520
1615880 1524
1615890 1528
1615900 1528
1615910 1532
1615920 1536
1615930 1539
1615940 1539
1615950 1542
1615960 1546
1615970 1546
1615980 1549
1615990 1552
1616000 1552
1616010 1553
1616020 1554
1616030 1554
1616040 1556
1616050 1556
1616060 1556
1616070 1556
1616080 1556
1616090 1556
1616100 1557
1616110 1559
1616120 1559
1616130 1560
1616140 1561
1616150 1563
1616160 1563
1616170 1565
1616180 1567
1616190 1567
1616200 1567
1616210 1568
1616220 1568
1616230 1570
1616240 1571
1616250 1571
1616260 1572
1616270 1574
1616280 1574
1616290 1575
1616300 1577
1616310 1577
1616320 1579
1616330 1583
1616340 1583
1616350 1586
1616360 1589
1616370 1592
1616380 1592
1616390 1594
1616400 1597
1616410 1597
1616420 1601
1616430 1606
1616440 1606
1616450 1610
1616460 1614
1616470 1614
1616480 1618
1616490 1624
1616500 1624
1616510 1629
1616520 1635
1616530 1635
1616540 1639
1616550 1646
1616560 1646
1616570 1652
1616580 1658
1616590 1658
1616600 1665
1616610 1670
1616620 1676
1616630 1676
1616640 1681
1616650 1687
1616660 1687
1616670 1692
1616680 1697
1616690 1697
1616700 1702
1616710 1708
1616720 1708
1616730 1713
1616740 1718
1616750 1718
1616760 1722
1616770 1726
1616780 1726
1616790 1730
1616800 1734
1616810 1734
1616820 1737
1616830 1740
1616840 1743
1616850 1743
1616860 1744
1616870 1743
1616880 1743
1616890 1742
1616900 1741
1616910 1741
1616920 1740
1616930 1739
1616940 1739
1616950 1738
1616960 1737
1616970 1737
1616980 1734
1616990 1731
1617000 1731
1617010 1728
1617020 1725
1617030 1725
1617040 1722
1617050 1720
1617060 1718
1617070 1718
1617080 1716
1617090 1713
1617100 1713
1617110 1712
1617120 1712
1617130 1712
1617140 1713
1617150 1714
1617160 1714
1617170 1714
1617180 1713
1617190 1713
1617200 1712
1617210 1712
1617220 1712
1617230 1712
1617240 1714
1617250 1714
1617260 1715
1617270 1716
1617280 1717
1617290 1717
1617300 1720
1617310 1722
1617320 1722
1617330 1725
1617340 1729
1617350 1729
1617360 1732
1617370 1736
1617380 1736
1617390 1738
1617400 1740
1617410 1740
1617420 1743
1617430 1745
1617440 1745
1617450 1749
1617460 1752
1617470 1752
1617480 1755
1617490 1757
1617500 1757
1617510 1761
1617520 1763
1617530 1766
1617540 1766
1617550 1768
1617560 1770
1617570 1770
1617580 1772
1617590 1773
1617600 1777
1617610 1778
1617620 1779
1617630 1779
1617640 1780
1617650 1781
1617660 1781
1617670 1781
1617680 1783
1617690 1783
1617700 1784
1617710 1785
1617720 1785
1617730 1786
1617740 1786
1617750 1785
1617760 1785
1617770 1784
1617780 1783
1617790 1783
1617800 1782
1617810 1781
1617820 1781
1617830 1779
1617840 1778
1617850 1778
1617860 1777
1617870 1777
1617880 1777
1617890 1775
1617900 1774
1617910 1774
1617920 1773
1617930 1772
1617940 1772
1617950 1771
1617960 1770
1617970 1768
1617980 1768
1617990 1766
1618000 1764
1618010 1764
1618020 1761
1618030 1757
1618040 1757
1618050 1753
1618060 1749
1618070 1749
1618080 1745
1618090 1740
1618100 1740
1618110 1734
1618120 1730
1618130 1730
1618140 1726
1618150 1724
1618160 1724
1618170 1722
1618180 1719
1618190 1719
1618200 1716
1618210 1712
1618220 1708
1618230 1708
1618240 1707
1618250 1708
1618260 1708
1618270 1708
1618280 1708
1618290 1708
1618300 1706
1618310 1702
1618320 1702
1618330 1697
1618340 1693
1618350 1693
1618360 1688
1618370 1684
1618380 1684
1618390 1680
1618400 1677
1618410 1677
1618420 1673
1618430 1668
1618440 1664
1618450 1664
1618460 1661
1618470 1659
1618480 1659
1618490 1657
1618500 1655
1618510 1655
1618520 1654
1618530 1652
1618540 1652
1618550 1652
1618560 1646
1618570 1646
1618580 1645
1618590 1642
1618600 1642
1618610 1644
1618620 1644
1618630 1644
1618640 1645
1618650 1645
1618660 1645
1618670 1645
1618680 1644
1618690 1642
1618700 1642
1618710 1639
1618720 1638
1618730 1638
1618740 1636
1618750 1635
1618760 1635
1618770 1634
1618780 1633
1618790 1633
1618800 1631
1618810 1629
1618820 1629
1618830 1625
1618840 1620
1618850 1620
1618860 1617
1618870 1614
1618880 1613
1618890 1613
1618900 1613
1618910 1612
1618920 1612
1618930 1613
1618940 1612
1618950 1612
1618960 1610
1618970 1610
1618980 1610
1618990 1610
1619000 1611
1619010 1611
1619020 1610
1619030 1610
1619040 1610
1619050 1609
1619060 1609
1619070 1609
1619080 1609
1619090 1609
1619100 1609
1619110 1610
1619120 1608
1619130 1609
1619140 1609
1619150 1610
1619160 1612
1619170 1612
1619180 1614
1619190 1614
1619200 1614
1619210 1616
1619220 1617
1619230 1617
1619240 1617
1619250 1616
1619260 1616
1619270 1619
1619280 1624
1619290 1624
1619300 1624
1619310 1622
1619320 1622
1619330 1621
1619340 1623
1619350 1624
1619360 1624
1619370 1627
1619380 1630
1619390 1630
1619400 1633
1619410 1637
1619420 1637
1619430 1641
1619440 1645
1619450 1645
1619460 1646
1619470 1645
1619480 1645
1619490 1642
1619500 1639
1619510 1639
1619520 1636
1619530 1634
1619540 1634
1619550 1631
1619560 1628
1619570 1626
1619580 1626
1619590 1624
1619600 1621
1619610 1621
1619620 1618
1619630 1615
1619640 1615
1619650 1611
1619660 1606
1619670 1606
1619680 1599
1619690 1591
1619700 1591
1619710 1585
1619720 1581
1619730 1581
1619740 1574
1619750 1568
1619760 1568
1619770 1562
1619780 1556
1619790 1556
1619800 1549
1619810 1544
1619820 1540
1619830 1540
1619840 1535
1619850 1532
1619860 1532
1619870 1530
1619880 1528
1619890 1528
1619900 1527
1619910 1526
1619920 1526
1619930 1522
1619940 1516
1619950 1516
1619960 1511
1619970 1507
1619980 1507
1619990 1503
