1600000 848
1600010 848
1600020 848
1600030 848
1600040 849
1600050 849
1600060 849
1600070 849
1600080 846
1600090 846
1600100 847
1600110 848
1600120 848
1600130 848
1600140 848
1600150 848
1600160 848
1600170 850
1600180 850
1600190 856
1600200 862
1600210 862
1600220 870
1600230 878
1600240 886
1600250 886
1600260 887
1600270 893
1600280 893
1600290 897
1600300 899
1600310 899
1600320 899
1600330 901
1600340 901
1600350 903
1600360 906
1600370 906
1600380 906
1600390 904
1600400 904
1600410 902
1600420 897
1600430 897
1600440 901
1600450 908
1600460 911
1600470 911
1600480 914
1600490 918
1600500 918
1600510 923
1600520 929
1600530 929
1600540 935
1600550 941
1600560 941
1600570 946
1600580 951
1600590 951
1600600 956
1600610 963
1600620 963
1600630 972
1600640 976
1600650 976
1600660 975
1600670 975
1600680 979
1600690 979
1600700 980
1600710 979
1600720 979
1600730 979
1600740 978
1600750 978
1600760 979
1600770 979
1600780 979
1600790 979
1600800 979
1600810 979
1600820 980
1600830 982
1600840 982
1600850 983
1600860 985
1600870 985
1600880 989
1600890 993
1600900 993
1600910 995
1600920 995
1600930 996
1600940 996
1600950 995
1600960 995
1600970 995
1600980 996
1600990 997
1601000 997
1601010 997
1601020 998
1601030 998
1601040 998
1601050 1000
1601060 1000
1601070 1002
1601080 1006
1601090 1006
1601100 1009
1601110 1011
1601120 1011
1601130 1011
1601140 1014
1601150 1017
1601160 1017
1601170 1017
1601180 1019
1601190 1019
1601200 1021
1601210 1023
1601220 1023
1601230 1025
1601240 1026
1601250 1026
1601260 1029
1601270 1031
1601280 1031
1601290 1034
1601300 1035
1601310 1035
1601320 1037
1601330 1040
1601340 1040
1601350 1044
1601360 1047
1601370 1050
1601380 1050
1601390 1054
1601400 1058
1601410 1058
1601420 1062
1601430 1064
1601440 1064
1601450 1066
1601460 1069
1601470 1069
1601480 1074
1601490 1080
1601500 1080
1601510 1083
1601520 1088
1601530 1088
1601540 1092
1601550 1095
1601560 1095
1601570 1098
1601580 1101
1601590 1104
1601600 1104
1601610 1107
1601620 1109
1601630 1109
1601640 1111
1601650 1115
1601660 1115
1601670 1120
1601680 1125
1601690 1125
1601700 1131
1601710 1139
1601720 1139
1601730 1146
1601740 1154
1601750 1154
1601760 1162
1601770 1167
1601780 1167
1601790 1171
1601800 1175
1601810 1175
1601820 1180
1601830 1183
1601840 1187
1601850 1187
1601860 1190
1601870 1191
1601880 1191
1601890 1191
1601900 1191
1601910 1191
1601920 1191
1601930 1191
1601940 1191
1601950 1192
1601960 1193
1601970 1193
1601980 1194
1601990 1195
1602000 1195
1602010 1196
1602020 1196
1602030 1196
1602040 1197
1602050 1197
1602060 1197
1602070 1197
1602080 1197
1602090 1198
1602100 1198
1602110 1198
1602120 1199
1602130 1199
1602140 1200
1602150 1201
1602160 1201
1602170 1203
1602180 1204
1602190 1204
1602200 1205
1602210 1206
1602220 1206
1602230 1205
1602240 1203
1602250 1202
1602260 1201
1602270 1199
1602280 1197
1602290 1197
1602300 1197
1602310 1196
1602320 1196
1602330 1196
1602340 1195
1602350 1195
1602360 1196
1602370 1197
1602380 1197
1602390 1195
1602400 1196
1602410 1196
1602420 1198
1602430 1199
1602440 1199
1602450 1199
1602460 1200
1602470 1200
1602480 1200
1602490 1200
1602500 1200
1602510 1199
1602520 1198
1602530 1196
1602540 1196
1602550 1195
1602560 1194
1602570 1194
1602580 1192
1602590 1191
1602600 1191
1602610 1190
1602620 1189
1602630 1189
1602640 1189
1602650 1189
1602660 1189
1602670 1188
1602680 1189
1602690 1189
1602700 1189
1602710 1189
1602720 1189
1602730 1188
1602740 1187
1602750 1186
1602760 1186
1602770 1185
1602780 1185
1602790 1185
1602800 1185
1602810 1185
1602820 1185
1602830 1185
1602840 1186
1602850 1186
1602860 1186
1602870 1185
1602880 1185
1602890 1184
1602900 1184
1602910 1184
1602920 1184
1602930 1184
1602940 1184
1602950 1184
1602960 1183
1602970 1182
1602980 1182
1602990 1181
1603000 1180
1603010 1180
1603020 1179
1603030 1178
1603040 1178
1603050 1176
1603060 1173
1603070 1173
1603080 1171
1603090 1170
1603100 1170
1603110 1168
1603120 1168
1603130 1168
1603140 1168
1603150 1168
1603160 1168
1603170 1169
1603180 1167
1603190 1164
1603200 1164
1603210 1160
1603220 1156
1603230 1156
1603240 1154
1603250 1152
1603260 1152
1603270 1150
1603280 1149
1603290 1149
1603300 1146
1603310 1145
1603320 1145
1603330 1140
1603340 1139
1603350 1139
1603360 1137
1603370 1136
1603380 1136
1603390 1134
1603400 1133
1603410 1133
1603420 1131
1603430 1129
1603440 1127
1603450 1127
1603460 1124
1603470 1121
1603480 1121
1603490 1118
1603500 1115
1603510 1115
1603520 1113
1603530 1112
1603540 1112
1603550 1110
1603560 1109
1603570 1109
1603580 1108
1603590 1105
1603600 1105
1603610 1103
1603620 1102
1603630 1102
1603640 1100
1603650 1098
1603660 1095
1603670 1095
1603680 1094
1603690 1091
1603700 1091
1603710 1086
1603720 1079
1603730 1079
1603740 1075
1603750 1073
1603760 1073
1603770 1070
1603780 1063
1603790 1063
1603800 1059
1603810 1055
1603820 1055
1603830 1052
1603840 1049
1603850 1049
1603860 1041
1603870 1038
1603880 1040
1603890 1040
1603900 1046
1603910 1052
1603920 1052
1603930 1056
1603940 1060
1603950 1060
1603960 1064
1603970 1069
1603980 1069
1603990 1075
1604000 1081
1604010 1081
1604020 1086
1604030 1091
1604040 1091
1604050 1097
1604060 1103
1604070 1103
1604080 1109
1604090 1115
1604100 1115
1604110 1119
1604120 1123
1604130 1126
1604140 1126
1604150 1129
1604160 1132
1604170 1132
1604180 1136
1604190 1138
1604200 1138
1604210 1140
1604220 1143
1604230 1143
1604240 1145
1604250 1149
1604260 1149
1604270 1152
1604280 1153
1604290 1153
1604300 1154
1604310 1156
1604320 1156
1604330 1156
1604340 1157
1604350 1157
1604360 1157
1604370 1157
1604380 1156
1604390 1153
1604400 1153
1604410 1151
1604420 1151
1604430 1150
1604440 1149
1604450 1149
1604460 1147
1604470 1145
1604480 1145
1604490 1143
1604500 1140
1604510 1140
1604520 1137
1604530 1135
1604540 1135
1604550 1133
1604560 1129
1604570 1125
1604580 1125
1604590 1122
1604600 1118
1604610 1118
1604620 1115
1604630 1112
1604640 1112
1604650 1109
1604660 1107
1604670 1107
1604680 1105
1604690 1103
1604700 1103
1604710 1101
1604720 1099
1604730 1099
1604740 1098
1604750 1096
1604760 1096
1604770 1094
1604780 1092
1604790 1089
1604800 1089
1604810 1087
1604820 1084
1604830 1084
1604840 1081
1604850 1078
1604860 1078
1604870 1074
1604880 1069
1604890 1069
1604900 1065
1604910 1061
1604920 1061
1604930 1057
1604940 1055
1604950 1055
1604960 1052
1604970 1051
1604980 1051
1604990 1051
1605000 1052
1605010 1052
1605020 1053
1605030 1053
1605040 1051
1605050 1051
1605060 1048
1605070 1046
1605080 1046
1605090 1044
1605100 1042
1605110 1042
1605120 1039
1605130 1038
1605140 1038
1605150 1037
1605160 1039
1605170 1039
1605180 1043
1605190 1045
1605200 1045
1605210 1046
1605220 1045
1605230 1045
1605240 1044
1605250 1047
1605260 1053
1605270 1053
1605280 1057
1605290 1060
1605300 1060
1605310 1062
1605320 1065
1605330 1065
1605340 1068
1605350 1072
1605360 1072
1605370 1074
1605380 1078
1605390 1078
1605400 1082
1605410 1084
1605420 1084
1605430 1085
1605440 1086
1605450 1082
1605460 1084
1605470 1084
1605480 1086
1605490 1086
1605500 1087
1605510 1088
1605520 1088
1605530 1088
1605540 1087
1605550 1087
1605560 1087
1605570 1087
1605580 1087
1605590 1086
1605600 1085
1605610 1085
1605620 1084
1605630 1083
1605640 1083
1605650 1081
1605660 1079
1605670 1079
1605680 1077
1605690 1074
1605700 1074
1605710 1073
1605720 1070
1605730 1068
1605740 1068
1605750 1067
1605760 1066
1605770 1066
1605780 1065
1605790 1064
1605800 1064
1605810 1063
1605820 1061
1605830 1061
1605840 1060
1605850 1058
1605860 1058
1605870 1056
1605880 1054
1605890 1054
1605900 1052
1605910 1049
1605920 1049
1605930 1047
1605940 1045
1605950 1042
1605960 1042
1605970 1039
1605980 1036
1605990 1036
1606000 1034
1606010 1031
1606020 1031
1606030 1028
1606040 1026
1606050 1026
1606060 1022
1606070 1019
1606080 1019
1606090 1017
1606100 1014
1606110 1014
1606120 1010
1606130 1005
1606140 1005
1606150 1000
1606160 993
1606170 987
1606180 987
1606190 979
1606200 973
1606210 973
1606220 967
1606230 962
1606240 962
1606250 957
1606260 952
1606270 952
1606280 947
1606290 941
1606300 941
1606310 935
1606320 931
1606330 931
1606340 926
1606350 923
1606360 923
1606370 920
1606380 916
1606390 912
1606400 912
1606410 909
1606420 906
1606430 906
1606440 903
1606450 901
1606460 901
1606470 899
1606480 897
1606490 896
1606500 894
1606510 892
1606520 892
1606530 891
1606540 889
1606550 889
1606560 888
1606570 887
1606580 887
1606590 886
1606600 885
1606610 885
1606620 885
1606630 884
1606640 884
1606650 884
1606660 885
1606670 886
1606680 886
1606690 885
1606700 885
1606710 885
1606720 885
1606730 885
1606740 885
1606750 885
1606760 884
1606770 884
1606780 884
1606790 883
1606800 883
1606810 883
1606820 882
1606830 882
1606840 882
1606850 881
1606860 881
1606870 881
1606880 881
1606890 878
1606900 878
1606910 875
1606920 877
1606930 877
1606940 877
1606950 877
1606960 877
1606970 875
1606980 875
1606990 875
1607000 875
1607010 873
1607020 873
1607030 868
1607040 868
1607050 868
1607060 868
1607070 869
1607080 871
1607090 871
1607100 873
1607110 875
1607120 875
1607130 878
1607140 881
1607150 881
1607160 884
1607170 886
1607180 886
1607190 888
1607200 890
1607210 890
1607220 891
1607230 893
1607240 893
1607250 895
1607260 897
1607270 897
1607280 899
1607290 901
1607300 901
1607310 905
1607320 908
1607330 912
1607340 912
1607350 916
1607360 920
1607370 920
1607380 923
1607390 926
1607400 926
1607410 929
1607420 931
1607430 931
1607440 933
1607450 936
1607460 936
1607470 939
1607480 943
1607490 943
1607500 945
1607510 948
1607520 948
1607530 953
1607540 956
1607550 959
1607560 959
1607570 962
1607580 966
1607590 966
1607600 969
1607610 972
1607620 972
1607630 976
1607640 981
1607650 981
1607660 987
1607670 991
1607680 991
1607690 994
1607700 1000
1607710 1000
1607720 1005
1607730 1011
1607740 1011
1607750 1016
1607760 1021
1607770 1027
1607780 1027
1607790 1032
1607800 1039
1607810 1039
1607820 1045
1607830 1052
1607840 1052
1607850 1058
1607860 1065
1607870 1065
1607880 1071
1607890 1075
1607900 1075
1607910 1080
1607920 1085
1607930 1085
1607940 1092
1607950 1097
1607960 1097
1607970 1100
1607980 1101
1607990 1103
1608000 1103
1608010 1103
1608020 1104
1608030 1104
1608040 1106
1608050 1109
1608060 1109
1608070 1112
1608080 1115
1608090 1115
1608100 1118
1608110 1124
1608120 1124
1608130 1127
1608140 1129
1608150 1129
1608160 1132
1608170 1135
1608180 1135
1608190 1138
1608200 1141
1608210 1141
1608220 1144
1608230 1147
1608240 1150
1608250 1150
1608260 1153
1608270 1155
1608280 1155
1608290 1157
1608300 1160
1608310 1160
1608320 1163
1608330 1166
1608340 1166
1608350 1169
1608360 1172
1608370 1172
1608380 1173
1608390 1173
1608400 1173
1608410 1179
1608420 1185
1608430 1185
1608440 1191
1608450 1196
1608460 1200
1608470 1200
1608480 1204
1608490 1207
1608500 1207
1608510 1211
1608520 1215
1608530 1215
1608540 1219
1608550 1223
1608560 1227
1608570 1231
1608580 1235
1608590 1235
1608600 1239
1608610 1243
1608620 1243
1608630 1248
1608640 1252
1608650 1252
1608660 1254
1608670 1255
1608680 1257
1608690 1257
1608700 1258
1608710 1259
1608720 1259
1608730 1259
1608740 1260
1608750 1260
1608760 1261
1608770 1263
1608780 1263
1608790 1263
1608800 1265
1608810 1265
1608820 1267
1608830 1268
1608840 1268
1608850 1268
1608860 1269
1608870 1269
1608880 1270
1608890 1272
1608900 1272
1608910 1275
1608920 1278
1608930 1280
1608940 1280
1608950 1283
1608960 1286
1608970 1286
1608980 1290
1608990 1294
1609000 1294
1609010 1296
1609020 1300
1609030 1300
1609040 1304
1609050 1308
1609060 1308
1609070 1311
1609080 1314
1609090 1314
1609100 1317
1609110 1321
1609120 1321
1609130 1325
1609140 1327
1609150 1330
1609160 1330
1609170 1332
1609180 1337
1609190 1337
1609200 1341
1609210 1345
1609220 1345
1609230 1349
1609240 1353
1609250 1353
1609260 1356
1609270 1359
1609280 1359
1609290 1363
1609300 1366
1609310 1366
1609320 1370
1609330 1374
1609340 1374
1609350 1378
1609360 1382
1609370 1386
1609380 1386
1609390 1389
1609400 1392
1609410 1392
1609420 1394
1609430 1397
1609440 1397
1609450 1400
1609460 1402
1609470 1402
1609480 1406
1609490 1409
1609500 1409
1609510 1413
1609520 1417
1609530 1417
1609540 1421
1609550 1426
1609560 1426
1609570 1431
1609580 1437
1609590 1441
1609600 1441
1609610 1445
1609620 1448
1609630 1448
1609640 1451
1609650 1453
1609660 1453
1609670 1455
1609680 1457
1609690 1457
1609700 1459
1609710 1463
1609720 1463
1609730 1466
1609740 1470
1609750 1470
1609760 1472
1609770 1474
1609780 1474
1609790 1477
1609800 1482
1609810 1482
1609820 1483
1609830 1486
1609840 1488
1609850 1488
1609860 1491
1609870 1494
1609880 1494
1609890 1497
1609900 1500
1609910 1500
1609920 1503
1609930 1505
1609940 1505
1609950 1508
1609960 1510
1609970 1510
1609980 1512
1609990 1514
1610000 1514
1610010 1516
1610020 1518
1610030 1518
1610040 1517
1610050 1518
1610060 1520
1610070 1520
1610080 1522
1610090 1524
1610100 1524
1610110 1527
1610120 1529
1610130 1529
1610140 1532
1610150 1535
1610160 1535
1610170 1537
1610180 1539
1610190 1539
1610200 1541
1610210 1544
1610220 1544
1610230 1546
1610240 1549
1610250 1549
1610260 1551
1610270 1553
1610280 1556
1610290 1556
1610300 1559
1610310 1561
1610320 1561
1610330 1564
1610340 1566
1610350 1566
1610360 1569
1610370 1571
1610380 1571
1610390 1574
1610400 1576
1610410 1576
1610420 1577
1610430 1579
1610440 1579
1610450 1581
1610460 1583
1610470 1583
1610480 1585
1610490 1587
1610500 1587
1610510 1588
1610520 1589
1610530 1590
1610540 1590
1610550 1589
1610560 1589
1610570 1589
1610580 1590
1610590 1595
1610600 1595
1610610 1596
1610620 1598
1610630 1598
1610640 1599
1610650 1601
1610660 1601
1610670 1603
1610680 1605
1610690 1605
1610700 1608
1610710 1610
1610720 1610
1610730 1611
1610740 1613
1610750 1614
1610760 1614
1610770 1615
1610780 1616
1610790 1616
1610800 1618
1610810 1618
1610820 1618
1610830 1619
1610840 1621
1610850 1621
1610860 1622
1610870 1622
1610880 1622
1610890 1621
1610900 1619
1610910 1619
1610920 1617
1610930 1614
1610940 1614
1610950 1613
1610960 1613
1610970 1611
1610980 1611
1610990 1610
1611000 1608
1611010 1608
1611020 1606
1611030 1604
1611040 1604
1611050 1600
1611060 1595
1611070 1595
1611080 1592
1611090 1591
1611100 1591
1611110 1588
1611120 1585
1611130 1585
1611140 1581
1611150 1576
1611160 1576
1611170 1570
1611180 1565
1611190 1558
1611200 1558
1611210 1552
1611220 1546
1611230 1546
1611240 1540
1611250 1537
1611260 1537
1611270 1533
1611280 1528
1611290 1528
1611300 1523
1611310 1518
1611320 1518
1611330 1513
1611340 1508
1611350 1508
1611360 1503
1611370 1498
1611380 1498
1611390 1494
1611400 1489
1611410 1489
1611420 1484
1611430 1480
1611440 1475
1611450 1475
1611460 1472
1611470 1469
1611480 1469
1611490 1466
1611500 1463
1611510 1463
1611520 1460
1611530 1457
1611540 1457
1611550 1454
1611560 1450
1611570 1450
1611580 1444
1611590 1438
1611600 1435
1611610 1430
1611620 1426
1611630 1426
1611640 1423
1611650 1420
1611660 1419
1611670 1419
1611680 1420
1611690 1421
1611700 1421
1611710 1423
1611720 1424
1611730 1424
1611740 1425
1611750 1426
1611760 1426
1611770 1425
1611780 1425
1611790 1425
1611800 1425
1611810 1426
1611820 1426
1611830 1427
1611840 1429
1611850 1429
1611860 1430
1611870 1431
1611880 1431
1611890 1431
1611900 1431
1611910 1431
1611920 1431
1611930 1433
1611940 1435
1611950 1435
1611960 1438
1611970 1439
1611980 1439
1611990 1441
1612000 1442
1612010 1442
1612020 1444
1612030 1445
1612040 1445
1612050 1447
1612060 1448
1612070 1448
1612080 1449
1612090 1451
1612100 1451
1612110 1452
1612120 1454
1612130 1455
1612140 1455
1612150 1455
1612160 1454
1612170 1454
1612180 1453
1612190 1452
1612200 1452
1612210 1452
1612220 1452
1612230 1452
1612240 1453
1612250 1455
1612260 1455
1612270 1456
1612280 1457
1612290 1457
1612300 1457
1612310 1458
1612320 1458
1612330 1459
1612340 1459
1612350 1460
1612360 1460
1612370 1459
1612380 1460
1612390 1460
1612400 1460
1612410 1459
1612420 1459
1612430 1460
1612440 1460
1612450 1460
1612460 1459
1612470 1458
1612480 1458
1612490 1456
1612500 1455
1612510 1455
1612520 1454
1612530 1453
1612540 1453
1612550 1451
1612560 1449
1612570 1447
1612580 1447
1612590 1441
1612600 1439
1612610 1439
1612620 1435
1612630 1430
1612640 1430
1612650 1426
1612660 1420
1612670 1420
1612680 1415
1612690 1410
1612700 1410
1612710 1404
1612720 1399
1612730 1399
1612740 1394
1612750 1388
1612760 1388
1612770 1384
1612780 1379
1612790 1374
1612800 1374
1612810 1370
1612820 1364
1612830 1364
1612840 1359
1612850 1355
1612860 1355
1612870 1351
1612880 1347
1612890 1347
1612900 1344
1612910 1342
1612920 1342
1612930 1339
1612940 1334
1612950 1334
1612960 1328
1612970 1323
1612980 1323
1612990 1318
1613000 1313
1613010 1313
1613020 1309
1613030 1305
1613040 1302
1613050 1302
1613060 1298
1613070 1294
1613080 1294
1613090 1291
1613100 1288
1613110 1288
1613120 1286
1613130 1282
1613140 1282
1613150 1280
1613160 1279
1613170 1279
1613180 1278
1613190 1278
1613200 1278
1613210 1278
1613220 1279
1613230 1279
1613240 1279
1613250 1279
1613260 1280
1613270 1280
1613280 1281
1613290 1281
1613300 1281
1613310 1281
1613320 1280
1613330 1280
1613340 1280
1613350 1279
1613360 1279
1613370 1280
1613380 1279
1613390 1279
1613400 1279
1613410 1277
1613420 1277
1613430 1276
1613440 1274
1613450 1274
1613460 1273
1613470 1271
1613480 1270
1613490 1270
1613500 1269
1613510 1268
1613520 1268
1613530 1267
1613540 1266
1613550 1266
1613560 1265
1613570 1265
1613580 1264
1613590 1265
1613600 1265
1613610 1265
1613620 1266
1613630 1267
1613640 1267
1613650 1268
1613660 1269
1613670 1269
1613680 1270
1613690 1271
1613700 1271
1613710 1272
1613720 1271
1613730 1271
1613740 1271
1613750 1271
1613760 1271
1613770 1271
1613780 1274
1613790 1276
1613800 1276
1613810 1278
1613820 1280
1613830 1280
1613840 1281
1613850 1281
1613860 1281
1613870 1282
1613880 1282
1613890 1282
1613900 1283
1613910 1284
1613920 1284
1613930 1285
1613940 1286
1613950 1287
1613960 1287
1613970 1288
1613980 1289
1613990 1289
1614000 1289
1614010 1290
1614020 1290
1614030 1292
1614040 1293
1614050 1293
1614060 1295
1614070 1296
1614080 1296
1614090 1297
1614100 1298
1614110 1298
1614120 1300
1614130 1302
1614140 1302
1614150 1303
1614160 1304
1614170 1307
1614180 1307
1614190 1312
1614200 1314
1614210 1314
1614220 1317
1614230 1319
1614240 1319
1614250 1321
1614260 1324
1614270 1324
1614280 1326
1614290 1328
1614300 1328
1614310 1329
1614320 1331
1614330 1331
1614340 1333
1614350 1334
1614360 1334
1614370 1335
1614380 1336
1614390 1336
1614400 1337
1614410 1338
1614420 1339
1614430 1339
1614440 1339
1614450 1339
1614460 1339
1614470 1339
1614480 1339
1614490 1339
1614500 1338
1614510 1337
1614520 1337
1614530 1336
1614540 1334
1614550 1334
1614560 1328
1614570 1327
1614580 1327
1614590 1329
1614600 1330
1614610 1330
1614620 1330
1614630 1331
1614640 1332
1614650 1332
1614660 1332
1614670 1335
1614680 1335
1614690 1339
1614700 1343
1614710 1343
1614720 1347
1614730 1351
1614740 1351
1614750 1354
1614760 1358
1614770 1358
1614780 1360
1614790 1364
1614800 1364
1614810 1365
1614820 1366
1614830 1366
1614840 1368
1614850 1369
1614860 1371
1614870 1371
1614880 1372
1614890 1373
1614900 1373
1614910 1374
1614920 1376
1614930 1376
1614940 1379
1614950 1380
1614960 1380
1614970 1382
1614980 1386
1614990 1386
1615000 1389
1615010 1392
1615020 1392
1615030 1396
1615040 1398
1615050 1398
1615060 1402
1615070 1405
1615080 1408
1615090 1408
1615100 1411
1615110 1414
1615120 1414
1615130 1416
1615140 1418
1615150 1418
1615160 1419
1615170 1421
1615180 1421
1615190 1423
1615200 1425
1615210 1425
1615220 1425
1615230 1424
1615240 1424
1615250 1425
1615260 1429
1615270 1429
1615280 1433
1615290 1434
1615300 1434
1615310 1434
1615320 1434
1615330 1432
1615340 1432
1615350 1431
1615360 1431
1615370 1431
1615380 1432
1615390 1434
1615400 1434
1615410 1437
1615420 1440
1615430 1440
1615440 1443
1615450 1445
1615460 1445
1615470 1448
1615480 1451
1615490 1451
1615500 1453
1615510 1455
1615520 1455
1615530 1457
1615540 1459
1615550 1461
1615560 1461
1615570 1463
1615580 1465
1615590 1465
1615600 1468
1615610 1470
1615620 1470
1615630 1472
1615640 1475
1615650 1475
1615660 1477
1615670 1480
1615680 1480
1615690 1482
1615700 1486
1615710 1486
1615720 1492
1615730 1496
1615740 1496
1615750 1501
1615760 1507
1615770 1512
1615780 1512
1615790 1517
1615800 1522
1615810 1522
1615820 1527
1615830 1532
1615840 1532
1615850 1537
1615860 1542
1615870 1542
1615880 1547
1615890 1552
1615900 1552
1615910 1557
1615920 1561
1615930 1561
1615940 1566
1615950 1571
1615960 1571
1615970 1576
1615980 1581
1615990 1581
1616000 1585
1616010 1589
1616020 1592
1616030 1592
1616040 1595
1616050 1597
1616060 1597
1616070 1599
1616080 1599
1616090 1599
1616100 1600
1616110 1599
1616120 1599
1616130 1599
1616140 1599
1616150 1599
1616160 1599
1616170 1599
1616180 1599
1616190 1601
1616200 1602
1616210 1602
1616220 1603
1616230 1605
1616240 1607
1616250 1607
1616260 1608
1616270 1610
1616280 1610
1616290 1612
1616300 1615
1616310 1615
1616320 1617
1616330 1620
1616340 1620
1616350 1623
1616360 1626
1616370 1626
1616380 1628
1616390 1630
1616400 1630
1616410 1633
1616420 1637
1616430 1637
1616440 1641
1616450 1644
1616460 1647
1616470 1647
1616480 1651
1616490 1654
1616500 1658
1616510 1661
1616520 1665
1616530 1665
1616540 1667
1616550 1670
1616560 1670
1616570 1674
1616580 1678
1616590 1678
1616600 1682
1616610 1686
1616620 1686
1616630 1690
1616640 1694
1616650 1694
1616660 1698
1616670 1703
1616680 1707
1616690 1707
1616700 1711
1616710 1715
1616720 1715
1616730 1720
1616740 1725
1616750 1725
1616760 1730
1616770 1734
1616780 1734
1616790 1738
1616800 1741
1616810 1741
1616820 1745
1616830 1749
1616840 1749
1616850 1751
1616860 1754
1616870 1754
1616880 1757
1616890 1759
1616900 1759
1616910 1761
1616920 1762
1616930 1763
1616940 1763
1616950 1763
1616960 1764
1616970 1764
1616980 1764
1616990 1763
1617000 1763
1617010 1761
1617020 1759
1617030 1759
1617040 1757
1617050 1753
1617060 1753
1617070 1750
1617080 1746
1617090 1746
1617100 1744
1617110 1743
1617120 1743
1617130 1743
1617140 1744
1617150 1744
1617160 1744
1617170 1743
1617180 1740
1617190 1740
1617200 1739
1617210 1738
1617220 1738
1617230 1739
1617240 1740
1617250 1740
1617260 1740
1617270 1740
1617280 1740
1617290 1741
1617300 1741
1617310 1741
1617320 1742
1617330 1742
1617340 1742
1617350 1743
1617360 1745
1617370 1746
1617380 1746
1617390 1747
1617400 1748
1617410 1748
1617420 1749
1617430 1750
1617440 1750
1617450 1752
1617460 1753
1617470 1753
1617480 1754
1617490 1756
1617500 1756
1617510 1757
1617520 1760
1617530 1760
1617540 1763
1617550 1765
1617560 1765
1617570 1766
1617580 1765
1617590 1765
1617600 1764
1617610 1763
1617620 1762
1617630 1762
1617640 1762
1617650 1761
1617660 1761
1617670 1759
1617680 1755
1617690 1755
1617700 1753
1617710 1750
1617720 1750
1617730 1750
1617740 1750
1617750 1750
1617760 1750
1617770 1753
1617780 1753
1617790 1753
1617800 1754
1617810 1754
1617820 1754
1617830 1754
1617840 1755
1617850 1755
1617860 1754
1617870 1753
1617880 1753
1617890 1751
1617900 1749
1617910 1749
1617920 1746
1617930 1743
1617940 1743
1617950 1741
1617960 1740
1617970 1740
1617980 1737
1617990 1733
1618000 1733
1618010 1730
1618020 1727
1618030 1727
1618040 1724
1618050 1721
1618060 1718
1618070 1718
1618080 1713
1618090 1710
1618100 1710
1618110 1706
1618120 1702
1618130 1702
1618140 1699
1618150 1694
1618160 1694
1618170 1690
1618180 1687
1618190 1687
1618200 1684
1618210 1680
1618220 1680
1618230 1676
1618240 1673
1618250 1673
1618260 1670
1618270 1665
1618280 1662
1618290 1662
1618300 1661
1618310 1660
1618320 1660
1618330 1657
1618340 1652
1618350 1652
1618360 1649
1618370 1648
1618380 1648
1618390 1645
1618400 1642
1618410 1637
1618420 1634
1618430 1630
1618440 1630
1618450 1627
1618460 1624
1618470 1624
1618480 1621
1618490 1617
1618500 1617
1618510 1614
1618520 1612
1618530 1609
1618540 1609
1618550 1604
1618560 1601
1618570 1601
1618580 1600
1618590 1601
1618600 1601
1618610 1597
1618620 1595
1618630 1595
1618640 1600
1618650 1601
1618660 1601
1618670 1601
1618680 1604
1618690 1604
1618700 1611
1618710 1615
1618720 1615
1618730 1618
1618740 1619
1618750 1620
1618760 1620
1618770 1620
1618780 1619
1618790 1619
1618800 1618
1618810 1616
1618820 1616
1618830 1614
1618840 1611
1618850 1611
1618860 1608
1618870 1605
1618880 1605
1618890 1602
1618900 1601
1618910 1601
1618920 1601
1618930 1601
1618940 1601
1618950 1598
1618960 1596
1618970 1595
1618980 1595
1618990 1593
1619000 1594
1619010 1594
1619020 1593
1619030 1594
1619040 1594
1619050 1597
1619060 1598
1619070 1598
1619080 1597
1619090 1595
1619100 1595
1619110 1592
1619120 1592
1619130 1592
1619140 1591
1619150 1589
1619160 1589
1619170 1591
1619180 1595
1619190 1595
1619200 1597
1619210 1598
1619220 1600
1619230 1600
1619240 1602
1619250 1604
1619260 1604
1619270 1606
1619280 1606
1619290 1606
1619300 1606
1619310 1609
1619320 1609
1619330 1613
1619340 1619
1619350 1619
1619360 1620
1619370 1623
1619380 1623
1619390 1626
1619400 1630
1619410 1630
1619420 1634
1619430 1636
1619440 1636
1619450 1636
1619460 1635
1619470 1633
1619480 1633
1619490 1630
1619500 1627
1619510 1627
1619520 1625
1619530 1623
1619540 1623
1619550 1621
1619560 1619
1619570 1619
1619580 1616
1619590 1613
1619600 1613
1619610 1610
1619620 1606
1619630 1606
1619640 1604
1619650 1601
1619660 1598
1619670 1598
1619680 1595
1619690 1591
1619700 1591
1619710 1587
1619720 1582
1619730 1582
1619740 1578
1619750 1572
1619760 1572
1619770 1567
1619780 1561
1619790 1561
1619800 1554
1619810 1548
1619820 1548
1619830 1543
1619840 1537
1619850 1537
1619860 1531
1619870 1525
1619880 1525
1619890 1519
1619900 1513
1619910 1507
1619920 1507
1619930 1503
1619940 1499
1619950 1499
1619960 1496
1619970 1493
1619980 1493
1619990 1488
