1600000 738
1600010 738
1600020 738
1600030 738
1600040 738
1600050 738
1600060 738
1600070 738
1600080 738
1600090 738
1600100 738
1600110 738
1600120 738
1600130 738
1600140 739
1600150 739
1600160 739
1600170 739
1600180 738
1600190 738
1600200 738
1600210 738
1600220 738
1600230 738
1600240 738
1600250 738
1600260 738
1600270 738
1600280 738
1600290 738
1600300 738
1600310 738
1600320 738
1600330 738
1600340 738
1600350 738
1600360 737
1600370 737
1600380 737
1600390 737
1600400 737
1600410 737
1600420 737
1600430 737
1600440 737
1600450 737
1600460 737
1600470 737
1600480 737
1600490 737
1600500 737
1600510 737
1600520 737
1600530 737
1600540 737
1600550 737
1600560 737
1600570 737
1600580 737
1600590 737
1600600 737
1600610 737
1600620 737
1600630 737
1600640 737
1600650 737
1600660 737
1600670 737
1600680 737
1600690 737
1600700 737
1600710 737
1600720 737
1600730 737
1600740 737
1600750 737
1600760 737
1600770 737
1600780 737
1600790 737
1600800 737
1600810 737
1600820 737
1600830 737
1600840 737
1600850 737
1600860 737
1600870 737
1600880 737
1600890 737
1600900 737
1600910 737
1600920 737
1600930 737
1600940 737
1600950 737
1600960 737
1600970 737
1600980 737
1600990 737
1601000 737
1601010 737
1601020 737
1601030 737
1601040 737
1601050 737
1601060 737
1601070 737
1601080 737
1601090 737
1601100 737
1601110 737
1601120 737
1601130 737
1601140 737
1601150 737
1601160 737
1601170 737
1601180 737
1601190 737
1601200 737
1601210 737
1601220 737
1601230 737
1601240 737
1601250 737
1601260 737
1601270 737
1601280 737
1601290 737
1601300 737
1601310 737
1601320 737
1601330 737
1601340 737
1601350 737
1601360 737
1601370 737
1601380 737
1601390 737
1601400 736
1601410 736
1601420 735
1601430 735
1601440 735
1601450 735
1601460 735
1601470 735
1601480 735
1601490 735
1601500 735
1601510 735
1601520 735
1601530 735
1601540 735
1601550 735
1601560 736
1601570 736
1601580 741
1601590 745
1601600 745
1601610 748
1601620 753
1601630 753
1601640 758
1601650 762
1601660 762
1601670 767
1601680 770
1601690 770
1601700 770
1601710 774
1601720 782
1601730 782
1601740 788
1601750 792
1601760 792
1601770 795
1601780 799
1601790 799
1601800 803
1601810 806
1601820 806
1601830 807
1601840 808
1601850 808
1601860 807
1601870 806
1601880 806
1601890 804
1601900 804
1601910 804
1601920 803
1601930 803
1601940 805
1601950 805
1601960 806
1601970 808
1601980 808
1601990 810
1602000 812
1602010 812
1602020 814
1602030 815
1602040 815
1602050 817
1602060 819
1602070 819
1602080 820
1602090 820
1602100 820
1602110 821
1602120 822
1602130 822
1602140 823
1602150 820
1602160 820
1602170 820
1602180 821
1602190 821
1602200 821
1602210 822
1602220 822
1602230 822
1602240 823
1602250 823
1602260 823
1602270 824
1602280 824
1602290 824
1602300 824
1602310 824
1602320 824
1602330 824
1602340 821
1602350 821
1602360 817
1602370 816
1602380 814
1602390 814
1602400 813
1602410 812
1602420 812
1602430 811
1602440 810
1602450 810
1602460 812
1602470 817
1602480 817
1602490 821
1602500 824
1602510 824
1602520 826
1602530 829
1602540 829
1602550 832
1602560 834
1602570 834
1602580 835
1602590 836
1602600 836
1602610 837
1602620 838
1602630 839
1602640 839
1602650 840
1602660 840
1602670 840
1602680 841
1602690 841
1602700 841
1602710 842
1602720 842
1602730 842
1602740 842
1602750 843
1602760 843
1602770 842
1602780 842
1602790 842
1602800 842
1602810 842
1602820 842
1602830 842
1602840 842
1602850 842
1602860 842
1602870 842
1602880 841
1602890 841
1602900 841
1602910 841
1602920 841
1602930 840
1602940 839
1602950 839
1602960 839
1602970 838
1602980 838
1602990 838
1603000 838
1603010 838
1603020 837
1603030 836
1603040 836
1603050 836
1603060 836
1603070 835
1603080 835
1603090 835
1603100 834
1603110 834
1603120 834
1603130 833
1603140 833
1603150 833
1603160 833
1603170 833
1603180 833
1603190 832
1603200 832
1603210 832
1603220 832
1603230 832
1603240 832
1603250 831
1603260 831
1603270 831
1603280 831
1603290 831
1603300 830
1603310 830
1603320 830
1603330 830
1603340 829
1603350 829
1603360 829
1603370 828
1603380 827
1603390 827
1603400 827
1603410 826
1603420 826
1603430 826
1603440 825
1603450 825
1603460 824
1603470 823
1603480 823
1603490 822
1603500 821
1603510 821
1603520 819
1603530 817
1603540 816
1603550 816
1603560 815
1603570 814
1603580 814
1603590 813
1603600 813
1603610 813
1603620 811
1603630 810
1603640 810
1603650 810
1603660 809
1603670 809
1603680 809
1603690 809
1603700 809
1603710 808
1603720 806
1603730 806
1603740 806
1603750 807
1603760 806
1603770 806
1603780 806
1603790 807
1603800 807
1603810 808
1603820 809
1603830 809
1603840 810
1603850 811
1603860 811
1603870 811
1603880 812
1603890 812
1603900 812
1603910 813
1603920 813
1603930 814
1603940 814
1603950 814
1603960 815
1603970 815
1603980 815
1603990 815
1604000 815
1604010 815
1604020 815
1604030 815
1604040 814
1604050 814
1604060 813
1604070 813
1604080 813
1604090 813
1604100 814
1604110 814
1604120 813
1604130 813
1604140 813
1604150 813
1604160 812
1604170 812
1604180 812
1604190 811
1604200 811
1604210 811
1604220 811
1604230 810
1604240 810
1604250 810
1604260 810
1604270 810
1604280 811
1604290 811
1604300 811
1604310 812
1604320 813
1604330 813
1604340 814
1604350 815
1604360 815
1604370 815
1604380 815
1604390 815
1604400 816
1604410 815
1604420 815
1604430 815
1604440 816
1604450 816
1604460 813
1604470 809
1604480 806
1604490 806
1604500 806
1604510 804
1604520 804
1604530 802
1604540 801
1604550 801
1604560 801
1604570 801
1604580 801
1604590 796
1604600 788
1604610 788
1604620 784
1604630 783
1604640 783
1604650 783
1604660 783
1604670 783
1604680 783
1604690 783
1604700 783
1604710 783
1604720 782
1604730 782
1604740 782
1604750 786
1604760 789
1604770 789
1604780 789
1604790 789
1604800 789
1604810 789
1604820 789
1604830 789
1604840 789
1604850 788
1604860 788
1604870 789
1604880 789
1604890 789
1604900 790
1604910 790
1604920 790
1604930 790
1604940 790
1604950 791
1604960 791
1604970 791
1604980 792
1604990 792
1605000 793
1605010 794
1605020 794
1605030 794
1605040 794
1605050 794
1605060 794
1605070 794
1605080 794
1605090 795
1605100 795
1605110 795
1605120 795
1605130 795
1605140 795
1605150 796
1605160 796
1605170 797
1605180 797
1605190 798
1605200 798
1605210 798
1605220 798
1605230 798
1605240 798
1605250 799
1605260 799
1605270 799
1605280 800
1605290 800
1605300 800
1605310 800
1605320 801
1605330 801
1605340 801
1605350 801
1605360 801
1605370 802
1605380 802
1605390 803
1605400 803
1605410 803
1605420 804
1605430 804
1605440 804
1605450 804
1605460 804
1605470 805
1605480 806
1605490 806
1605500 807
1605510 807
1605520 807
1605530 808
1605540 809
1605550 809
1605560 810
1605570 811
1605580 811
1605590 812
1605600 813
1605610 814
1605620 814
1605630 815
1605640 817
1605650 817
1605660 817
1605670 818
1605680 818
1605690 820
1605700 823
1605710 823
1605720 825
1605730 827
1605740 827
1605750 828
1605760 830
1605770 830
1605780 832
1605790 834
1605800 834
1605810 836
1605820 838
1605830 838
1605840 839
1605850 840
1605860 840
1605870 840
1605880 841
1605890 843
1605900 843
1605910 845
1605920 847
1605930 847
1605940 850
1605950 853
1605960 853
1605970 856
1605980 859
1605990 859
1606000 862
1606010 866
1606020 866
1606030 870
1606040 873
1606050 873
1606060 876
1606070 880
1606080 884
1606090 884
1606100 889
1606110 893
1606120 893
1606130 897
1606140 902
1606150 902
1606160 906
1606170 911
1606180 911
1606190 916
1606200 920
1606210 920
1606220 924
1606230 926
1606240 926
1606250 928
1606260 930
1606270 930
1606280 933
1606290 936
1606300 938
1606310 938
1606320 939
1606330 941
1606340 941
1606350 943
1606360 944
1606370 944
1606380 945
1606390 946
1606400 946
1606410 946
1606420 947
1606430 947
1606440 949
1606450 949
1606460 949
1606470 948
1606480 948
1606490 948
1606500 948
1606510 948
1606520 948
1606530 947
1606540 946
1606550 946
1606560 946
1606570 944
1606580 940
1606590 940
1606600 938
1606610 937
1606620 937
1606630 935
1606640 933
1606650 933
1606660 932
1606670 930
1606680 930
1606690 929
1606700 927
1606710 927
1606720 927
1606730 925
1606740 925
1606750 924
1606760 923
1606770 922
1606780 922
1606790 918
1606800 913
1606810 913
1606820 907
1606830 900
1606840 900
1606850 898
1606860 895
1606870 895
1606880 889
1606890 887
1606900 887
1606910 884
1606920 881
1606930 881
1606940 879
1606950 879
1606960 879
1606970 879
1606980 881
1606990 881
1607000 884
1607010 885
1607020 886
1607030 886
1607040 886
1607050 886
1607060 886
1607070 885
1607080 884
1607090 884
1607100 884
1607110 883
1607120 883
1607130 882
1607140 880
1607150 880
1607160 879
1607170 877
1607180 877
1607190 876
1607200 874
1607210 874
1607220 872
1607230 871
1607240 871
1607250 871
1607260 871
1607270 870
1607280 870
1607290 870
1607300 870
1607310 870
1607320 870
1607330 870
1607340 870
1607350 869
1607360 869
1607370 869
1607380 869
1607390 869
1607400 869
1607410 869
1607420 869
1607430 870
1607440 870
1607450 869
1607460 870
1607470 870
1607480 874
1607490 877
1607500 877
1607510 880
1607520 884
1607530 884
1607540 887
1607550 888
1607560 888
1607570 889
1607580 891
1607590 891
1607600 894
1607610 896
1607620 896
1607630 898
1607640 902
1607650 902
1607660 905
1607670 907
1607680 907
1607690 911
1607700 915
1607710 917
1607720 917
1607730 917
1607740 918
1607750 918
1607760 920
1607770 921
1607780 921
1607790 923
1607800 925
1607810 925
1607820 927
1607830 929
1607840 929
1607850 931
1607860 934
1607870 934
1607880 936
1607890 938
1607900 938
1607910 939
1607920 941
1607930 943
1607940 943
1607950 945
1607960 947
1607970 947
1607980 948
1607990 950
1608000 950
1608010 953
1608020 956
1608030 956
1608040 959
1608050 961
1608060 961
1608070 962
1608080 962
1608090 962
1608100 963
1608110 963
1608120 963
1608130 966
1608140 970
1608150 972
1608160 972
1608170 973
1608180 973
1608190 973
1608200 975
1608210 978
1608220 978
1608230 981
1608240 983
1608250 983
1608260 985
1608270 987
1608280 987
1608290 989
1608300 991
1608310 991
1608320 993
1608330 995
1608340 995
1608350 996
1608360 996
1608370 996
1608380 997
1608390 998
1608400 997
1608410 997
1608420 994
1608430 990
1608440 990
1608450 987
1608460 978
1608470 978
1608480 977
1608490 978
1608500 978
1608510 978
1608520 980
1608530 980
1608540 981
1608550 982
1608560 982
1608570 986
1608580 994
1608590 994
1608600 1001
1608610 1007
1608620 1012
1608630 1012
1608640 1016
1608650 1019
1608660 1019
1608670 1021
1608680 1023
1608690 1023
1608700 1024
1608710 1026
1608720 1026
1608730 1026
1608740 1027
1608750 1027
1608760 1028
1608770 1028
1608780 1028
1608790 1030
1608800 1029
1608810 1029
1608820 1031
1608830 1034
1608840 1034
1608850 1036
1608860 1038
1608870 1039
1608880 1039
1608890 1041
1608900 1042
1608910 1042
1608920 1044
1608930 1045
1608940 1045
1608950 1047
1608960 1048
1608970 1048
1608980 1049
1608990 1050
1609000 1050
1609010 1051
1609020 1053
1609030 1053
1609040 1054
1609050 1056
1609060 1056
1609070 1058
1609080 1060
1609090 1062
1609100 1062
1609110 1064
1609120 1068
1609130 1068
1609140 1073
1609150 1079
1609160 1079
1609170 1084
1609180 1088
1609190 1088
1609200 1091
1609210 1093
1609220 1093
1609230 1095
1609240 1097
1609250 1097
1609260 1099
1609270 1102
1609280 1102
1609290 1104
1609300 1107
1609310 1109
1609320 1109
1609330 1110
1609340 1113
1609350 1113
1609360 1115
1609370 1118
1609380 1118
1609390 1120
1609400 1121
1609410 1121
1609420 1123
1609430 1124
1609440 1124
1609450 1125
1609460 1127
1609470 1127
1609480 1124
1609490 1126
1609500 1126
1609510 1127
1609520 1129
1609530 1129
1609540 1130
1609550 1130
1609560 1131
1609570 1131
1609580 1131
1609590 1130
1609600 1130
1609610 1130
1609620 1131
1609630 1131
1609640 1132
1609650 1132
1609660 1132
1609670 1134
1609680 1135
1609690 1135
1609700 1136
1609710 1137
1609720 1137
1609730 1139
1609740 1143
1609750 1143
1609760 1147
1609770 1152
1609780 1156
1609790 1156
1609800 1160
1609810 1165
1609820 1165
1609830 1168
1609840 1172
1609850 1172
1609860 1176
1609870 1179
1609880 1179
1609890 1185
1609900 1190
1609910 1190
1609920 1196
1609930 1201
1609940 1201
1609950 1206
1609960 1209
1609970 1209
1609980 1210
1609990 1211
1610000 1212
1610010 1212
1610020 1213
1610030 1213
1610040 1213
1610050 1213
1610060 1213
1610070 1213
1610080 1214
1610090 1216
1610100 1216
1610110 1217
1610120 1220
1610130 1220
1610140 1224
1610150 1227
1610160 1227
1610170 1230
1610180 1233
1610190 1233
1610200 1235
1610210 1238
1610220 1238
1610230 1242
1610240 1246
1610250 1250
1610260 1250
1610270 1255
1610280 1262
1610290 1262
1610300 1268
1610310 1273
1610320 1273
1610330 1278
1610340 1281
1610350 1281
1610360 1284
1610370 1288
1610380 1288
1610390 1292
1610400 1296
1610410 1296
1610420 1300
1610430 1301
1610440 1301
1610450 1298
1610460 1295
1610470 1293
1610480 1293
1610490 1288
1610500 1287
1610510 1287
1610520 1288
1610530 1287
1610540 1287
1610550 1287
1610560 1285
1610570 1285
1610580 1283
1610590 1281
1610600 1281
1610610 1279
1610620 1278
1610630 1278
1610640 1276
1610650 1273
1610660 1273
1610670 1270
1610680 1267
1610690 1263
1610700 1263
1610710 1261
1610720 1259
1610730 1259
1610740 1256
1610750 1254
1610760 1254
1610770 1252
1610780 1249
1610790 1249
1610800 1248
1610810 1246
1610820 1246
1610830 1244
1610840 1242
1610850 1242
1610860 1241
1610870 1239
1610880 1239
1610890 1237
1610900 1236
1610910 1236
1610920 1234
1610930 1232
1610940 1231
1610950 1231
1610960 1229
1610970 1227
1610980 1227
1610990 1226
1611000 1224
1611010 1224
1611020 1222
1611030 1221
1611040 1221
1611050 1219
1611060 1217
1611070 1217
1611080 1215
1611090 1214
1611100 1214
1611110 1212
1611120 1209
1611130 1209
1611140 1206
1611150 1202
1611160 1198
1611170 1198
1611180 1193
1611190 1187
1611200 1187
1611210 1182
1611220 1179
1611230 1179
1611240 1176
1611250 1172
1611260 1172
1611270 1165
1611280 1158
1611290 1158
1611300 1151
1611310 1147
1611320 1147
1611330 1145
1611340 1141
1611350 1141
1611360 1140
1611370 1140
1611380 1140
1611390 1141
1611400 1141
1611410 1142
1611420 1142
1611430 1142
1611440 1141
1611450 1141
1611460 1141
1611470 1141
1611480 1141
1611490 1141
1611500 1135
1611510 1135
1611520 1134
1611530 1133
1611540 1133
1611550 1131
1611560 1130
1611570 1130
1611580 1128
1611590 1125
1611600 1125
1611610 1123
1611620 1121
1611630 1118
1611640 1118
1611650 1114
1611660 1111
1611670 1111
1611680 1110
1611690 1111
1611700 1111
1611710 1112
1611720 1113
1611730 1113
1611740 1116
1611750 1116
1611760 1116
1611770 1118
1611780 1120
1611790 1120
1611800 1121
1611810 1123
1611820 1123
1611830 1124
1611840 1127
1611850 1129
1611860 1129
1611870 1132
1611880 1136
1611890 1136
1611900 1140
1611910 1144
1611920 1144
1611930 1148
1611940 1153
1611950 1153
1611960 1158
1611970 1163
1611980 1163
1611990 1167
1612000 1171
1612010 1171
1612020 1174
1612030 1177
1612040 1177
1612050 1180
1612060 1185
1612070 1185
1612080 1188
1612090 1190
1612100 1192
1612110 1192
1612120 1195
1612130 1198
1612140 1198
1612150 1203
1612160 1209
1612170 1209
1612180 1212
1612190 1216
1612200 1216
1612210 1220
1612220 1224
1612230 1224
1612240 1228
1612250 1232
1612260 1232
1612270 1235
1612280 1239
1612290 1239
1612300 1242
1612310 1245
1612320 1248
1612330 1248
1612340 1250
1612350 1252
1612360 1252
1612370 1256
1612380 1259
1612390 1259
1612400 1262
1612410 1262
1612420 1262
1612430 1264
1612440 1268
1612450 1268
1612460 1273
1612470 1276
1612480 1276
1612490 1279
1612500 1285
1612510 1285
1612520 1288
1612530 1291
1612540 1293
1612550 1293
1612560 1294
1612570 1296
1612580 1296
1612590 1297
1612600 1299
1612610 1299
1612620 1300
1612630 1301
1612640 1301
1612650 1303
1612660 1305
1612670 1305
1612680 1308
1612690 1312
1612700 1312
1612710 1315
1612720 1318
1612730 1318
1612740 1319
1612750 1320
1612760 1320
1612770 1321
1612780 1323
1612790 1325
1612800 1325
1612810 1327
1612820 1330
1612830 1330
1612840 1333
1612850 1335
1612860 1335
1612870 1337
1612880 1339
1612890 1339
1612900 1340
1612910 1342
1612920 1342
1612930 1343
1612940 1345
1612950 1345
1612960 1347
1612970 1350
1612980 1350
1612990 1352
1613000 1355
1613010 1357
1613020 1357
1613030 1359
1613040 1361
1613050 1361
1613060 1362
1613070 1364
1613080 1364
1613090 1366
1613100 1368
1613110 1368
1613120 1371
1613130 1373
1613140 1373
1613150 1376
1613160 1379
1613170 1379
1613180 1383
1613190 1385
1613200 1385
1613210 1389
1613220 1392
1613230 1392
1613240 1394
1613250 1397
1613260 1400
1613270 1400
1613280 1404
1613290 1407
1613300 1407
1613310 1409
1613320 1412
1613330 1412
1613340 1416
1613350 1418
1613360 1418
1613370 1420
1613380 1421
1613390 1421
1613400 1423
1613410 1424
1613420 1424
1613430 1425
1613440 1426
1613450 1426
1613460 1427
1613470 1429
1613480 1431
1613490 1435
1613500 1437
1613510 1438
1613520 1438
1613530 1438
1613540 1438
1613550 1438
1613560 1438
1613570 1439
1613580 1439
1613590 1441
1613600 1442
1613610 1442
1613620 1445
1613630 1447
1613640 1447
1613650 1451
1613660 1454
1613670 1454
1613680 1456
1613690 1461
1613700 1466
1613710 1466
1613720 1471
1613730 1475
1613740 1475
1613750 1479
1613760 1482
1613770 1482
1613780 1484
1613790 1487
1613800 1487
1613810 1489
1613820 1491
1613830 1491
1613840 1493
1613850 1495
1613860 1495
1613870 1497
1613880 1500
1613890 1500
1613900 1503
1613910 1506
1613920 1506
1613930 1509
1613940 1512
1613950 1514
1613960 1514
1613970 1517
1613980 1520
1613990 1520
1614000 1523
1614010 1527
1614020 1527
1614030 1530
1614040 1534
1614050 1534
1614060 1537
1614070 1541
1614080 1541
1614090 1545
1614100 1549
1614110 1549
1614120 1552
1614130 1556
1614140 1556
1614150 1560
1614160 1564
1614170 1568
1614180 1568
1614190 1572
1614200 1576
1614210 1576
1614220 1579
1614230 1583
1614240 1583
1614250 1587
1614260 1592
1614270 1592
1614280 1597
1614290 1603
1614300 1603
1614310 1607
1614320 1612
1614330 1612
1614340 1618
1614350 1623
1614360 1623
1614370 1628
1614380 1632
1614390 1636
1614400 1636
1614410 1640
1614420 1644
1614430 1644
1614440 1647
1614450 1650
1614460 1650
1614470 1652
1614480 1655
1614490 1655
1614500 1658
1614510 1661
1614520 1661
1614530 1664
1614540 1667
1614550 1667
1614560 1669
1614570 1672
1614580 1672
1614590 1675
1614600 1679
1614610 1679
1614620 1682
1614630 1685
1614640 1688
1614650 1688
1614660 1691
1614670 1694
1614680 1694
1614690 1696
1614700 1698
1614710 1698
1614720 1699
1614730 1701
1614740 1701
1614750 1702
1614760 1704
1614770 1704
1614780 1706
1614790 1707
1614800 1707
1614810 1707
1614820 1708
1614830 1708
1614840 1709
1614850 1710
1614860 1712
1614870 1712
1614880 1714
1614890 1716
1614900 1716
1614910 1719
1614920 1721
1614930 1721
1614940 1723
1614950 1725
1614960 1725
1614970 1728
1614980 1731
1614990 1731
1615000 1734
1615010 1736
1615020 1736
1615030 1738
1615040 1740
1615050 1740
1615060 1742
1615070 1743
1615080 1743
1615090 1744
1615100 1745
1615110 1747
1615120 1747
1615130 1749
1615140 1751
1615150 1751
1615160 1753
1615170 1755
1615180 1755
1615190 1757
1615200 1758
1615210 1758
1615220 1759
1615230 1760
1615240 1760
1615250 1759
1615260 1759
1615270 1759
1615280 1759
1615290 1759
1615300 1759
1615310 1758
1615320 1757
1615330 1758
1615340 1758
1615350 1760
1615360 1762
1615370 1762
1615380 1764
1615390 1764
1615400 1764
1615410 1765
1615420 1765
1615430 1765
1615440 1763
1615450 1763
1615460 1763
1615470 1761
1615480 1756
1615490 1756
1615500 1750
1615510 1745
1615520 1745
1615530 1741
1615540 1737
1615550 1732
1615560 1732
1615570 1726
1615580 1721
1615590 1721
1615600 1716
1615610 1711
1615620 1711
1615630 1706
1615640 1702
1615650 1702
1615660 1697
1615670 1691
1615680 1691
1615690 1685
1615700 1678
1615710 1678
1615720 1672
1615730 1670
1615740 1670
1615750 1668
1615760 1665
1615770 1665
1615780 1662
1615790 1658
1615800 1655
1615810 1655
1615820 1652
1615830 1648
1615840 1648
1615850 1644
1615860 1640
1615870 1640
1615880 1637
1615890 1633
1615900 1633
1615910 1630
1615920 1625
1615930 1625
1615940 1622
1615950 1618
1615960 1618
1615970 1614
1615980 1609
1615990 1609
1616000 1605
1616010 1600
1616020 1595
1616030 1595
1616040 1589
1616050 1584
1616060 1584
1616070 1579
1616080 1574
1616090 1574
1616100 1570
1616110 1565
1616120 1565
1616130 1561
1616140 1557
1616150 1557
1616160 1554
1616170 1550
1616180 1550
1616190 1546
1616200 1541
1616210 1541
1616220 1536
1616230 1530
1616240 1526
1616250 1526
1616260 1520
1616270 1515
1616280 1515
1616290 1511
1616300 1507
1616310 1507
1616320 1508
1616330 1508
1616340 1508
1616350 1508
1616360 1508
1616370 1508
1616380 1509
1616390 1509
1616400 1509
1616410 1507
1616420 1507
1616430 1507
1616440 1505
1616450 1502
1616460 1502
1616470 1499
1616480 1495
1616490 1490
1616500 1490
1616510 1486
1616520 1482
1616530 1482
1616540 1478
1616550 1471
1616560 1471
1616570 1466
1616580 1462
1616590 1462
1616600 1459
1616610 1459
1616620 1459
1616630 1457
1616640 1455
1616650 1455
1616660 1453
1616670 1453
1616680 1453
1616690 1453
1616700 1453
1616710 1454
1616720 1454
1616730 1455
1616740 1456
1616750 1456
1616760 1456
1616770 1454
1616780 1454
1616790 1451
1616800 1447
1616810 1447
1616820 1445
1616830 1443
1616840 1443
1616850 1443
1616860 1445
1616870 1445
1616880 1447
1616890 1452
1616900 1452
1616910 1455
1616920 1457
1616930 1457
1616940 1458
1616950 1459
1616960 1460
1616970 1460
1616980 1460
1616990 1461
1617000 1461
1617010 1461
1617020 1460
1617030 1460
1617040 1459
1617050 1457
1617060 1457
1617070 1455
1617080 1452
1617090 1452
1617100 1449
1617110 1447
1617120 1447
1617130 1444
1617140 1440
1617150 1440
1617160 1435
1617170 1428
1617180 1421
1617190 1421
1617200 1415
1617210 1408
1617220 1408
1617230 1401
1617240 1392
1617250 1392
1617260 1382
1617270 1373
1617280 1373
1617290 1366
1617300 1363
1617310 1363
1617320 1362
1617330 1363
1617340 1363
1617350 1364
1617360 1368
1617370 1362
1617380 1365
1617390 1368
1617400 1371
1617410 1371
1617420 1375
1617430 1378
1617440 1378
1617450 1382
1617460 1382
1617470 1382
1617480 1379
1617490 1376
1617500 1376
1617510 1377
1617520 1384
1617530 1384
1617540 1389
1617550 1391
1617560 1391
1617570 1394
1617580 1398
1617590 1398
1617600 1402
1617610 1405
1617620 1405
1617630 1408
1617640 1410
1617650 1411
1617660 1411
1617670 1412
1617680 1413
1617690 1413
1617700 1413
1617710 1413
1617720 1413
1617730 1413
1617740 1413
1617750 1413
1617760 1411
1617770 1409
1617780 1409
1617790 1407
1617800 1405
1617810 1405
1617820 1405
1617830 1405
1617840 1405
1617850 1406
1617860 1408
1617870 1409
1617880 1409
1617890 1410
1617900 1410
1617910 1410
1617920 1411
1617930 1414
1617940 1414
1617950 1415
1617960 1416
1617970 1416
1617980 1417
1617990 1419
1618000 1419
1618010 1421
1618020 1422
1618030 1422
1618040 1423
1618050 1424
1618060 1424
1618070 1425
1618080 1427
1618090 1428
1618100 1428
1618110 1430
1618120 1431
1618130 1431
1618140 1432
1618150 1433
1618160 1433
1618170 1434
1618180 1435
1618190 1435
1618200 1434
1618210 1435
1618220 1435
1618230 1435
1618240 1435
1618250 1435
1618260 1435
1618270 1434
1618280 1434
1618290 1431
1618300 1427
1618310 1427
1618320 1422
1618330 1418
1618340 1414
1618350 1414
1618360 1411
1618370 1408
1618380 1408
1618390 1403
1618400 1396
1618410 1396
1618420 1390
1618430 1383
1618440 1383
1618450 1377
1618460 1372
1618470 1372
1618480 1367
1618490 1362
1618500 1362
1618510 1357
1618520 1352
1618530 1352
1618540 1348
1618550 1344
1618560 1340
1618570 1340
1618580 1337
1618590 1333
1618600 1333
1618610 1327
1618620 1322
1618630 1322
1618640 1316
1618650 1312
1618660 1312
1618670 1306
1618680 1300
1618690 1300
1618700 1293
1618710 1286
1618720 1286
1618730 1281
1618740 1278
1618750 1278
1618760 1273
1618770 1265
1618780 1265
1618790 1258
1618800 1251
1618810 1245
1618820 1245
1618830 1238
1618840 1230
1618850 1230
1618860 1224
1618870 1223
1618880 1223
1618890 1222
1618900 1221
1618910 1221
1618920 1220
1618930 1219
1618940 1219
1618950 1218
1618960 1216
1618970 1216
1618980 1215
1618990 1218
1619000 1218
1619010 1219
1619020 1218
1619030 1217
1619040 1217
1619050 1220
1619060 1222
1619070 1222
1619080 1225
1619090 1227
1619100 1227
1619110 1229
1619120 1231
1619130 1231
1619140 1234
1619150 1237
1619160 1237
1619170 1240
1619180 1244
1619190 1244
1619200 1248
1619210 1254
1619220 1254
1619230 1261
1619240 1267
1619250 1273
1619260 1273
1619270 1280
1619280 1285
1619290 1285
1619300 1290
1619310 1292
1619320 1292
1619330 1296
1619340 1300
1619350 1300
1619360 1304
1619370 1308
1619380 1308
1619390 1314
1619400 1320
1619410 1320
1619420 1327
1619430 1333
1619440 1333
1619450 1341
1619460 1348
1619470 1348
1619480 1352
1619490 1355
1619500 1357
1619510 1357
1619520 1360
1619530 1363
1619540 1363
1619550 1366
1619560 1369
1619570 1369
1619580 1372
1619590 1375
1619600 1375
1619610 1378
1619620 1381
1619630 1381
1619640 1383
1619650 1385
1619660 1385
1619670 1388
1619680 1390
1619690 1390
1619700 1391
1619710 1392
1619720 1393
1619730 1393
1619740 1394
1619750 1397
1619760 1397
1619770 1400
1619780 1404
1619790 1404
1619800 1408
1619810 1412
1619820 1412
1619830 1415
1619840 1419
1619850 1419
1619860 1422
1619870 1425
1619880 1425
1619890 1428
1619900 1430
1619910 1430
1619920 1432
1619930 1435
1619940 1438
1619950 1438
1619960 1442
1619970 1447
1619980 1447
1619990 1450
