1600000 749
1600010 748
1600020 748
1600030 748
1600040 748
1600050 748
1600060 748
1600070 748
1600080 748
1600090 748
1600100 747
1600110 744
1600120 744
1600130 742
1600140 741
1600150 741
1600160 741
1600170 741
1600180 741
1600190 740
1600200 740
1600210 740
1600220 740
1600230 740
1600240 740
1600250 740
1600260 740
1600270 740
1600280 740
1600290 740
1600300 740
1600310 740
1600320 740
1600330 740
1600340 740
1600350 740
1600360 740
1600370 740
1600380 740
1600390 740
1600400 740
1600410 740
1600420 740
1600430 740
1600440 740
1600450 740
1600460 740
1600470 739
1600480 739
1600490 739
1600500 739
1600510 739
1600520 739
1600530 739
1600540 739
1600550 739
1600560 739
1600570 739
1600580 739
1600590 739
1600600 739
1600610 739
1600620 739
1600630 739
1600640 739
1600650 739
1600660 739
1600670 739
1600680 739
1600690 739
1600700 739
1600710 739
1600720 739
1600730 738
1600740 738
1600750 738
1600760 738
1600770 738
1600780 738
1600790 738
1600800 738
1600810 738
1600820 738
1600830 738
1600840 738
1600850 739
1600860 739
1600870 739
1600880 739
1600890 739
1600900 739
1600910 739
1600920 738
1600930 738
1600940 738
1600950 738
1600960 738
1600970 738
1600980 738
1600990 738
1601000 738
1601010 738
1601020 738
1601030 738
1601040 738
1601050 738
1601060 738
1601070 738
1601080 738
1601090 738
1601100 737
1601110 737
1601120 737
1601130 737
1601140 738
1601150 738
1601160 738
1601170 737
1601180 737
1601190 737
1601200 737
1601210 737
1601220 737
1601230 737
1601240 737
1601250 737
1601260 737
1601270 737
1601280 737
1601290 737
1601300 737
1601310 737
1601320 737
1601330 737
1601340 737
1601350 736
1601360 736
1601370 736
1601380 736
1601390 736
1601400 736
1601410 736
1601420 736
1601430 736
1601440 736
1601450 736
1601460 736
1601470 736
1601480 736
1601490 736
1601500 736
1601510 736
1601520 736
1601530 736
1601540 736
1601550 736
1601560 736
1601570 736
1601580 736
1601590 736
1601600 736
1601610 736
1601620 736
1601630 736
1601640 736
1601650 736
1601660 736
1601670 736
1601680 736
1601690 736
1601700 736
1601710 736
1601720 736
1601730 736
1601740 736
1601750 736
1601760 736
1601770 736
1601780 736
1601790 736
1601800 736
1601810 736
1601820 736
1601830 736
1601840 736
1601850 736
1601860 736
1601870 736
1601880 736
1601890 736
1601900 736
1601910 735
1601920 734
1601930 734
1601940 735
1601950 735
1601960 736
1601970 736
1601980 737
1601990 737
1602000 737
1602010 736
1602020 736
1602030 736
1602040 736
1602050 736
1602060 736
1602070 736
1602080 737
1602090 737
1602100 737
1602110 736
1602120 736
1602130 736
1602140 735
1602150 735
1602160 734
1602170 734
1602180 734
1602190 734
1602200 734
1602210 734
1602220 734
1602230 734
1602240 734
1602250 734
1602260 737
1602270 741
1602280 741
1602290 742
1602300 742
1602310 742
1602320 742
1602330 742
1602340 742
1602350 742
1602360 742
1602370 742
1602380 741
1602390 740
1602400 739
1602410 739
1602420 739
1602430 740
1602440 740
1602450 742
1602460 743
1602470 743
1602480 744
1602490 749
1602500 749
1602510 753
1602520 756
1602530 756
1602540 761
1602550 762
1602560 762
1602570 762
1602580 763
1602590 763
1602600 763
1602610 762
1602620 762
1602630 763
1602640 763
1602650 764
1602660 764
1602670 765
1602680 766
1602690 766
1602700 767
1602710 767
1602720 767
1602730 767
1602740 768
1602750 768
1602760 770
1602770 771
1602780 771
1602790 774
1602800 777
1602810 777
1602820 779
1602830 781
1602840 781
1602850 783
1602860 785
1602870 787
1602880 787
1602890 789
1602900 790
1602910 790
1602920 792
1602930 792
1602940 792
1602950 792
1602960 788
1602970 788
1602980 785
1602990 789
1603000 789
1603010 794
1603020 796
1603030 796
1603040 796
1603050 796
1603060 791
1603070 790
1603080 788
1603090 788
1603100 787
1603110 786
1603120 785
1603130 785
1603140 785
1603150 785
1603160 785
1603170 785
1603180 785
1603190 785
1603200 786
1603210 787
1603220 787
1603230 789
1603240 790
1603250 790
1603260 789
1603270 789
1603280 789
1603290 790
1603300 788
1603310 788
1603320 787
1603330 787
1603340 784
1603350 784
1603360 784
1603370 782
1603380 782
1603390 780
1603400 780
1603410 780
1603420 780
1603430 779
1603440 779
1603450 779
1603460 779
1603470 779
1603480 780
1603490 780
1603500 780
1603510 781
1603520 780
1603530 780
1603540 777
1603550 776
1603560 776
1603570 776
1603580 776
1603590 777
1603600 777
1603610 780
1603620 780
1603630 780
1603640 780
1603650 781
1603660 781
1603670 782
1603680 783
1603690 783
1603700 783
1603710 784
1603720 784
1603730 784
1603740 785
1603750 785
1603760 785
1603770 785
1603780 785
1603790 785
1603800 785
1603810 785
1603820 785
1603830 786
1603840 786
1603850 786
1603860 786
1603870 786
1603880 786
1603890 786
1603900 786
1603910 786
1603920 786
1603930 787
1603940 787
1603950 787
1603960 787
1603970 787
1603980 787
1603990 787
1604000 787
1604010 788
1604020 788
1604030 788
1604040 788
1604050 787
1604060 788
1604070 788
1604080 787
1604090 787
1604100 787
1604110 787
1604120 786
1604130 786
1604140 786
1604150 786
1604160 786
1604170 785
1604180 785
1604190 785
1604200 784
1604210 784
1604220 784
1604230 781
1604240 774
1604250 770
1604260 770
1604270 770
1604280 769
1604290 769
1604300 771
1604310 771
1604320 771
1604330 771
1604340 771
1604350 771
1604360 771
1604370 772
1604380 772
1604390 772
1604400 773
1604410 773
1604420 773
1604430 774
1604440 774
1604450 774
1604460 774
1604470 774
1604480 774
1604490 775
1604500 775
1604510 775
1604520 776
1604530 776
1604540 776
1604550 776
1604560 776
1604570 776
1604580 777
1604590 777
1604600 777
1604610 777
1604620 777
1604630 777
1604640 778
1604650 778
1604660 778
1604670 778
1604680 779
1604690 779
1604700 779
1604710 779
1604720 780
1604730 780
1604740 780
1604750 781
1604760 781
1604770 781
1604780 781
1604790 781
1604800 783
1604810 783
1604820 783
1604830 782
1604840 783
1604850 783
1604860 783
1604870 783
1604880 783
1604890 783
1604900 784
1604910 784
1604920 784
1604930 785
1604940 785
1604950 785
1604960 785
1604970 785
1604980 785
1604990 786
1605000 787
1605010 787
1605020 787
1605030 788
1605040 788
1605050 788
1605060 789
1605070 789
1605080 789
1605090 789
1605100 789
1605110 790
1605120 791
1605130 791
1605140 792
1605150 793
1605160 793
1605170 794
1605180 795
1605190 796
1605200 796
1605210 797
1605220 797
1605230 797
1605240 797
1605250 798
1605260 798
1605270 804
1605280 808
1605290 808
1605300 811
1605310 815
1605320 815
1605330 820
1605340 824
1605350 824
1605360 826
1605370 828
1605380 828
1605390 830
1605400 832
1605410 833
1605420 833
1605430 834
1605440 835
1605450 835
1605460 836
1605470 836
1605480 836
1605490 837
1605500 837
1605510 837
1605520 838
1605530 840
1605540 840
1605550 840
1605560 842
1605570 842
1605580 843
1605590 845
1605600 845
1605610 847
1605620 849
1605630 849
1605640 850
1605650 852
1605660 854
1605670 854
1605680 855
1605690 856
1605700 856
1605710 859
1605720 863
1605730 863
1605740 864
1605750 868
1605760 868
1605770 871
1605780 874
1605790 874
1605800 877
1605810 880
1605820 880
1605830 883
1605840 886
1605850 886
1605860 890
1605870 894
1605880 898
1605890 898
1605900 901
1605910 905
1605920 905
1605930 907
1605940 909
1605950 909
1605960 912
1605970 916
1605980 916
1605990 919
1606000 922
1606010 922
1606020 925
1606030 928
1606040 928
1606050 931
1606060 934
1606070 934
1606080 935
1606090 935
1606100 935
1606110 937
1606120 938
1606130 940
1606140 940
1606150 943
1606160 947
1606170 947
1606180 951
1606190 955
1606200 955
1606210 958
1606220 962
1606230 962
1606240 966
1606250 970
1606260 970
1606270 973
1606280 976
1606290 976
1606300 979
1606310 981
1606320 981
1606330 984
1606340 986
1606350 988
1606360 988
1606370 990
1606380 993
1606390 993
1606400 995
1606410 996
1606420 996
1606430 997
1606440 999
1606450 999
1606460 1000
1606470 1001
1606480 1001
1606490 1002
1606500 1003
1606510 1003
1606520 1004
1606530 1006
1606540 1006
1606550 1007
1606560 1008
1606570 1009
1606580 1009
1606590 1010
1606600 1010
1606610 1010
1606620 1010
1606630 1010
1606640 1010
1606650 1011
1606660 1011
1606670 1011
1606680 1011
1606690 1010
1606700 1010
1606710 1008
1606720 1006
1606730 1006
1606740 1004
1606750 1003
1606760 1003
1606770 1002
1606780 1001
1606790 1001
1606800 999
1606810 998
1606820 995
1606830 995
1606840 993
1606850 990
1606860 990
1606870 989
1606880 988
1606890 988
1606900 984
1606910 982
1606920 982
1606930 980
1606940 979
1606950 979
1606960 977
1606970 976
1606980 976
1606990 975
1607000 972
1607010 972
1607020 970
1607030 969
1607040 967
1607050 967
1607060 966
1607070 965
1607080 965
1607090 965
1607100 964
1607110 964
1607120 962
1607130 961
1607140 961
1607150 959
1607160 958
1607170 958
1607180 957
1607190 955
1607200 955
1607210 954
1607220 953
1607230 953
1607240 952
1607250 951
1607260 950
1607270 953
1607280 952
1607290 951
1607300 951
1607310 950
1607320 950
1607330 950
1607340 949
1607350 949
1607360 949
1607370 948
1607380 948
1607390 948
1607400 950
1607410 950
1607420 950
1607430 948
1607440 947
1607450 947
1607460 946
1607470 946
1607480 946
1607490 946
1607500 947
1607510 948
1607520 948
1607530 948
1607540 949
1607550 949
1607560 950
1607570 950
1607580 950
1607590 951
1607600 951
1607610 951
1607620 951
1607630 950
1607640 950
1607650 947
1607660 944
1607670 944
1607680 941
1607690 938
1607700 938
1607710 935
1607720 933
1607730 929
1607740 929
1607750 927
1607760 923
1607770 923
1607780 916
1607790 915
1607800 915
1607810 919
1607820 920
1607830 920
1607840 920
1607850 921
1607860 921
1607870 921
1607880 921
1607890 921
1607900 921
1607910 921
1607920 921
1607930 921
1607940 919
1607950 919
1607960 918
1607970 917
1607980 915
1607990 915
1608000 913
1608010 910
1608020 910
1608030 909
1608040 908
1608050 908
1608060 909
1608070 909
1608080 909
1608090 908
1608100 907
1608110 907
1608120 907
1608130 908
1608140 908
1608150 909
1608160 910
1608170 910
1608180 911
1608190 912
1608200 912
1608210 912
1608220 911
1608230 909
1608240 909
1608250 908
1608260 906
1608270 906
1608280 904
1608290 903
1608300 905
1608310 904
1608320 904
1608330 904
1608340 903
1608350 903
1608360 903
1608370 903
1608380 904
1608390 904
1608400 905
1608410 905
1608420 906
1608430 906
1608440 907
1608450 908
1608460 908
1608470 908
1608480 908
1608490 908
1608500 909
1608510 910
1608520 910
1608530 910
1608540 911
1608550 911
1608560 911
1608570 912
1608580 912
1608590 912
1608600 913
1608610 913
1608620 913
1608630 915
1608640 915
1608650 918
1608660 922
1608670 927
1608680 927
1608690 930
1608700 932
1608710 932
1608720 935
1608730 938
1608740 938
1608750 940
1608760 943
1608770 943
1608780 947
1608790 949
1608800 949
1608810 952
1608820 953
1608830 953
1608840 954
1608850 954
1608860 954
1608870 955
1608880 955
1608890 956
1608900 956
1608910 956
1608920 958
1608930 958
1608940 959
1608950 963
1608960 963
1608970 964
1608980 964
1608990 964
1609000 966
1609010 964
1609020 964
1609030 969
1609040 973
1609050 973
1609060 976
1609070 979
1609080 979
1609090 983
1609100 986
1609110 986
1609120 988
1609130 989
1609140 990
1609150 990
1609160 994
1609170 998
1609180 998
1609190 1001
1609200 1002
1609210 1002
1609220 1003
1609230 1005
1609240 1005
1609250 1008
1609260 1011
1609270 1011
1609280 1013
1609290 1015
1609300 1015
1609310 1018
1609320 1017
1609330 1017
1609340 1018
1609350 1020
1609360 1021
1609370 1021
1609380 1022
1609390 1021
1609400 1021
1609410 1020
1609420 1019
1609430 1019
1609440 1018
1609450 1017
1609460 1017
1609470 1016
1609480 1017
1609490 1017
1609500 1022
1609510 1028
1609520 1028
1609530 1034
1609540 1038
1609550 1038
1609560 1041
1609570 1044
1609580 1047
1609590 1047
1609600 1051
1609610 1055
1609620 1055
1609630 1057
1609640 1058
1609650 1058
1609660 1060
1609670 1062
1609680 1062
1609690 1064
1609700 1065
1609710 1065
1609720 1068
1609730 1069
1609740 1069
1609750 1071
1609760 1074
1609770 1074
1609780 1077
1609790 1080
1609800 1080
1609810 1082
1609820 1084
1609830 1085
1609840 1085
1609850 1088
1609860 1090
1609870 1090
1609880 1092
1609890 1094
1609900 1094
1609910 1096
1609920 1098
1609930 1098
1609940 1099
1609950 1098
1609960 1098
1609970 1098
1609980 1099
1609990 1099
1610000 1101
1610010 1102
1610020 1102
1610030 1102
1610040 1106
1610050 1110
1610060 1110
1610070 1112
1610080 1113
1610090 1113
1610100 1117
1610110 1120
1610120 1120
1610130 1123
1610140 1125
1610150 1125
1610160 1127
1610170 1129
1610180 1129
1610190 1130
1610200 1131
1610210 1131
1610220 1131
1610230 1131
1610240 1131
1610250 1132
1610260 1132
1610270 1134
1610280 1134
1610290 1136
1610300 1137
1610310 1137
1610320 1139
1610330 1136
1610340 1136
1610350 1138
1610360 1140
1610370 1140
1610380 1143
1610390 1147
1610400 1147
1610410 1152
1610420 1158
1610430 1158
1610440 1167
1610450 1168
1610460 1168
1610470 1167
1610480 1169
1610490 1169
1610500 1170
1610510 1171
1610520 1172
1610530 1172
1610540 1171
1610550 1168
1610560 1168
1610570 1166
1610580 1164
1610590 1164
1610600 1163
1610610 1161
1610620 1161
1610630 1159
1610640 1159
1610650 1159
1610660 1159
1610670 1159
1610680 1159
1610690 1159
1610700 1159
1610710 1159
1610720 1159
1610730 1160
1610740 1160
1610750 1160
1610760 1159
1610770 1158
1610780 1158
1610790 1157
1610800 1156
1610810 1156
1610820 1155
1610830 1154
1610840 1154
1610850 1154
1610860 1154
1610870 1154
1610880 1155
1610890 1155
1610900 1155
1610910 1154
1610920 1153
1610930 1153
1610940 1152
1610950 1151
1610960 1151
1610970 1151
1610980 1150
1610990 1148
1611000 1148
1611010 1148
1611020 1148
1611030 1148
1611040 1148
1611050 1148
1611060 1148
1611070 1148
1611080 1148
1611090 1148
1611100 1147
1611110 1147
1611120 1147
1611130 1146
1611140 1145
1611150 1145
1611160 1143
1611170 1141
1611180 1141
1611190 1138
1611200 1134
1611210 1131
1611220 1131
1611230 1126
1611240 1122
1611250 1122
1611260 1119
1611270 1115
1611280 1115
1611290 1112
1611300 1109
1611310 1109
1611320 1104
1611330 1101
1611340 1098
1611350 1096
1611360 1093
1611370 1093
1611380 1090
1611390 1089
1611400 1089
1611410 1089
1611420 1088
1611430 1088
1611440 1088
1611450 1086
1611460 1085
1611470 1085
1611480 1085
1611490 1083
1611500 1083
1611510 1086
1611520 1089
1611530 1089
1611540 1094
1611550 1099
1611560 1099
1611570 1104
1611580 1109
1611590 1109
1611600 1116
1611610 1122
1611620 1122
1611630 1127
1611640 1133
1611650 1133
1611660 1139
1611670 1143
1611680 1148
1611690 1148
1611700 1152
1611710 1157
1611720 1157
1611730 1161
1611740 1165
1611750 1165
1611760 1168
1611770 1170
1611780 1170
1611790 1173
1611800 1177
1611810 1177
1611820 1181
1611830 1184
1611840 1184
1611850 1187
1611860 1189
1611870 1189
1611880 1191
1611890 1193
1611900 1196
1611910 1196
1611920 1200
1611930 1202
1611940 1202
1611950 1205
1611960 1208
1611970 1208
1611980 1211
1611990 1214
1612000 1214
1612010 1217
1612020 1219
1612030 1219
1612040 1222
1612050 1225
1612060 1225
1612070 1229
1612080 1232
1612090 1232
1612100 1236
1612110 1239
1612120 1239
1612130 1239
1612140 1242
1612150 1246
1612160 1246
1612170 1249
1612180 1252
1612190 1252
1612200 1256
1612210 1260
1612220 1260
1612230 1264
1612240 1268
1612250 1268
1612260 1272
1612270 1275
1612280 1275
1612290 1278
1612300 1281
1612310 1281
1612320 1284
1612330 1287
1612340 1287
1612350 1292
1612360 1297
1612370 1299
1612380 1299
1612390 1301
1612400 1304
1612410 1304
1612420 1307
1612430 1308
1612440 1308
1612450 1311
1612460 1314
1612470 1314
1612480 1317
1612490 1322
1612500 1322
1612510 1326
1612520 1329
1612530 1329
1612540 1331
1612550 1333
1612560 1333
1612570 1336
1612580 1339
1612590 1342
1612600 1342
1612610 1346
1612620 1349
1612630 1349
1612640 1352
1612650 1356
1612660 1356
1612670 1360
1612680 1365
1612690 1365
1612700 1369
1612710 1371
1612720 1371
1612730 1373
1612740 1377
1612750 1377
1612760 1380
1612770 1383
1612780 1383
1612790 1386
1612800 1389
1612810 1389
1612820 1392
1612830 1394
1612840 1396
1612850 1396
1612860 1399
1612870 1401
1612880 1401
1612890 1405
1612900 1409
1612910 1409
1612920 1413
1612930 1417
1612940 1417
1612950 1421
1612960 1425
1612970 1425
1612980 1428
1612990 1431
1613000 1431
1613010 1435
1613020 1438
1613030 1438
1613040 1442
1613050 1444
1613060 1447
1613070 1447
1613080 1448
1613090 1450
1613100 1450
1613110 1451
1613120 1452
1613130 1452
1613140 1454
1613150 1457
1613160 1457
1613170 1459
1613180 1461
1613190 1461
1613200 1462
1613210 1463
1613220 1463
1613230 1463
1613240 1465
1613250 1465
1613260 1467
1613270 1470
1613280 1470
1613290 1474
1613300 1478
1613310 1482
1613320 1482
1613330 1490
1613340 1494
1613350 1494
1613360 1498
1613370 1502
1613380 1502
1613390 1506
1613400 1510
1613410 1510
1613420 1513
1613430 1518
1613440 1518
1613450 1520
1613460 1524
1613470 1524
1613480 1528
1613490 1531
1613500 1531
1613510 1535
1613520 1539
1613530 1542
1613540 1542
1613550 1546
1613560 1549
1613570 1549
1613580 1552
1613590 1556
1613600 1556
1613610 1559
1613620 1562
1613630 1562
1613640 1566
1613650 1569
1613660 1569
1613670 1572
1613680 1576
1613690 1576
1613700 1579
1613710 1583
1613720 1583
1613730 1587
1613740 1591
1613750 1594
1613760 1594
1613770 1596
1613780 1598
1613790 1598
1613800 1600
1613810 1602
1613820 1602
1613830 1603
1613840 1604
1613850 1604
1613860 1604
1613870 1604
1613880 1604
1613890 1606
1613900 1607
1613910 1607
1613920 1608
1613930 1607
1613940 1607
1613950 1607
1613960 1605
1613970 1605
1613980 1604
1613990 1603
1614000 1603
1614010 1603
1614020 1601
1614030 1599
1614040 1599
1614050 1597
1614060 1596
1614070 1596
1614080 1594
1614090 1592
1614100 1592
1614110 1590
1614120 1589
1614130 1589
1614140 1588
1614150 1586
1614160 1586
1614170 1583
1614180 1581
1614190 1581
1614200 1579
1614210 1578
1614220 1576
1614230 1576
1614240 1576
1614250 1577
1614260 1577
1614270 1577
1614280 1577
1614290 1577
1614300 1576
1614310 1570
1614320 1570
1614330 1569
1614340 1568
1614350 1568
1614360 1568
1614370 1567
1614380 1567
1614390 1566
1614400 1564
1614410 1564
1614420 1564
1614430 1563
1614440 1564
1614450 1564
1614460 1566
1614470 1567
1614480 1567
1614490 1567
1614500 1567
1614510 1567
1614520 1568
1614530 1569
1614540 1569
1614550 1571
1614560 1573
1614570 1573
1614580 1573
1614590 1572
1614600 1572
1614610 1572
1614620 1573
1614630 1573
1614640 1574
1614650 1575
1614660 1575
1614670 1574
1614680 1573
1614690 1573
1614700 1573
1614710 1574
1614720 1575
1614730 1575
1614740 1578
1614750 1580
1614760 1580
1614770 1583
1614780 1586
1614790 1586
1614800 1590
1614810 1594
1614820 1594
1614830 1598
1614840 1602
1614850 1602
1614860 1606
1614870 1610
1614880 1610
1614890 1614
1614900 1617
1614910 1619
1614920 1619
1614930 1622
1614940 1625
1614950 1625
1614960 1628
1614970 1631
1614980 1631
1614990 1634
1615000 1636
1615010 1636
1615020 1639
1615030 1641
1615040 1641
1615050 1643
1615060 1644
1615070 1644
1615080 1645
1615090 1647
1615100 1647
1615110 1648
1615120 1650
1615130 1650
1615140 1652
1615150 1653
1615160 1653
1615170 1653
1615180 1655
1615190 1657
1615200 1657
1615210 1659
1615220 1661
1615230 1661
1615240 1663
1615250 1666
1615260 1666
1615270 1668
1615280 1670
1615290 1666
1615300 1668
1615310 1669
1615320 1669
1615330 1671
1615340 1673
1615350 1673
1615360 1675
1615370 1677
1615380 1678
1615390 1678
1615400 1680
1615410 1681
1615420 1681
1615430 1681
1615440 1682
1615450 1682
1615460 1683
1615470 1682
1615480 1682
1615490 1682
1615500 1681
1615510 1681
1615520 1680
1615530 1677
1615540 1677
1615550 1673
1615560 1671
1615570 1671
1615580 1668
1615590 1665
1615600 1662
1615610 1662
1615620 1661
1615630 1658
1615640 1658
1615650 1656
1615660 1653
1615670 1653
1615680 1651
1615690 1648
1615700 1648
1615710 1645
1615720 1643
1615730 1643
1615740 1640
1615750 1637
1615760 1637
1615770 1634
1615780 1631
1615790 1631
1615800 1628
1615810 1626
1615820 1626
1615830 1624
1615840 1622
1615850 1619
1615860 1619
1615870 1616
1615880 1614
1615890 1614
1615900 1612
1615910 1611
1615920 1611
1615930 1609
1615940 1607
1615950 1607
1615960 1603
1615970 1599
1615980 1599
1615990 1595
1616000 1590
1616010 1590
1616020 1586
1616030 1583
1616040 1583
1616050 1579
1616060 1577
1616070 1573
1616080 1573
1616090 1569
1616100 1565
1616110 1565
1616120 1559
1616130 1553
1616140 1553
1616150 1548
1616160 1545
1616170 1545
1616180 1541
1616190 1537
1616200 1537
1616210 1533
1616220 1528
1616230 1528
1616240 1524
1616250 1521
1616260 1519
1616270 1516
1616280 1513
1616290 1513
1616300 1510
1616310 1506
1616320 1502
1616330 1502
1616340 1500
1616350 1497
1616360 1497
1616370 1493
1616380 1490
1616390 1490
1616400 1487
1616410 1485
1616420 1485
1616430 1483
1616440 1480
1616450 1480
1616460 1475
1616470 1469
1616480 1469
1616490 1463
1616500 1458
1616510 1458
1616520 1452
1616530 1446
1616540 1440
1616550 1440
1616560 1435
1616570 1431
1616580 1431
1616590 1426
1616600 1421
1616610 1421
1616620 1415
1616630 1408
1616640 1408
1616650 1403
1616660 1398
1616670 1398
1616680 1393
1616690 1387
1616700 1387
1616710 1380
1616720 1374
1616730 1374
1616740 1368
1616750 1362
1616760 1360
1616770 1360
1616780 1362
1616790 1365
1616800 1365
1616810 1367
1616820 1364
1616830 1364
1616840 1360
1616850 1358
1616860 1358
1616870 1362
1616880 1368
1616890 1368
1616900 1373
1616910 1375
1616920 1375
1616930 1376
1616940 1376
1616950 1376
1616960 1374
1616970 1373
1616980 1373
1616990 1373
1617000 1372
1617010 1371
1617020 1371
1617030 1369
1617040 1367
1617050 1367
1617060 1366
1617070 1365
1617080 1365
1617090 1363
1617100 1361
1617110 1361
1617120 1359
1617130 1359
1617140 1359
1617150 1359
1617160 1359
1617170 1359
1617180 1359
1617190 1360
1617200 1360
1617210 1362
1617220 1360
1617230 1359
1617240 1359
1617250 1356
1617260 1353
1617270 1353
1617280 1349
1617290 1347
1617300 1347
1617310 1343
1617320 1340
1617330 1340
1617340 1337
1617350 1335
1617360 1335
1617370 1332
1617380 1328
1617390 1328
1617400 1324
1617410 1321
1617420 1321
1617430 1320
1617440 1319
1617450 1319
1617460 1316
1617470 1311
1617480 1306
1617490 1306
1617500 1300
1617510 1295
1617520 1295
1617530 1289
1617540 1284
1617550 1284
1617560 1287
1617570 1292
1617580 1292
1617590 1295
1617600 1297
1617610 1297
1617620 1297
1617630 1298
1617640 1298
1617650 1299
1617660 1301
1617670 1301
1617680 1303
1617690 1304
1617700 1306
1617710 1306
1617720 1308
1617730 1307
1617740 1307
1617750 1305
1617760 1304
1617770 1304
1617780 1305
1617790 1305
1617800 1305
1617810 1305
1617820 1303
1617830 1303
1617840 1301
1617850 1297
1617860 1297
1617870 1295
1617880 1297
1617890 1297
1617900 1300
1617910 1302
1617920 1304
1617930 1304
1617940 1307
1617950 1310
1617960 1310
1617970 1313
1617980 1317
1617990 1317
1618000 1321
1618010 1324
1618020 1324
1618030 1328
1618040 1332
1618050 1332
1618060 1334
1618070 1334
1618080 1334
1618090 1335
1618100 1337
1618110 1337
1618120 1340
1618130 1342
1618140 1342
1618150 1345
1618160 1348
1618170 1345
1618180 1345
1618190 1347
1618200 1348
1618210 1348
1618220 1349
1618230 1351
1618240 1351
1618250 1353
1618260 1354
1618270 1354
1618280 1356
1618290 1356
1618300 1356
1618310 1357
1618320 1358
1618330 1358
1618340 1358
1618350 1357
1618360 1357
1618370 1356
1618380 1354
1618390 1351
1618400 1351
1618410 1347
1618420 1343
1618430 1343
1618440 1339
1618450 1335
1618460 1335
1618470 1331
1618480 1326
1618490 1326
1618500 1321
1618510 1317
1618520 1317
1618530 1313
1618540 1309
1618550 1309
1618560 1305
1618570 1301
1618580 1301
1618590 1296
1618600 1292
1618610 1287
1618620 1287
1618630 1283
1618640 1277
1618650 1277
1618660 1274
1618670 1271
1618680 1271
1618690 1266
1618700 1260
1618710 1260
1618720 1252
1618730 1246
1618740 1246
1618750 1240
1618760 1236
1618770 1236
1618780 1234
1618790 1228
1618800 1228
1618810 1224
1618820 1224
1618830 1224
1618840 1224
1618850 1225
1618860 1226
1618870 1226
1618880 1225
1618890 1223
1618900 1223
1618910 1221
1618920 1217
1618930 1217
1618940 1213
1618950 1209
1618960 1209
1618970 1205
1618980 1201
1618990 1201
1619000 1196
1619010 1192
1619020 1192
1619030 1189
1619040 1186
1619050 1186
1619060 1181
1619070 1179
1619080 1179
1619090 1179
1619100 1182
1619110 1185
1619120 1186
1619130 1192
1619140 1197
1619150 1197
1619160 1200
1619170 1204
1619180 1204
1619190 1208
1619200 1215
1619210 1215
1619220 1223
1619230 1229
1619240 1229
1619250 1233
1619260 1238
1619270 1238
1619280 1244
1619290 1249
1619300 1249
1619310 1256
1619320 1261
1619330 1265
1619340 1265
1619350 1269
1619360 1271
1619370 1271
1619380 1274
1619390 1277
1619400 1277
1619410 1282
1619420 1286
1619430 1286
1619440 1291
1619450 1296
1619460 1296
1619470 1301
1619480 1306
1619490 1306
1619500 1311
1619510 1315
1619520 1315
1619530 1318
1619540 1320
1619550 1322
1619560 1322
1619570 1324
1619580 1327
1619590 1327
1619600 1329
1619610 1331
1619620 1331
1619630 1332
1619640 1334
1619650 1334
1619660 1336
1619670 1339
1619680 1339
1619690 1340
1619700 1342
1619710 1342
1619720 1345
1619730 1350
1619740 1350
1619750 1357
1619760 1362
1619770 1366
1619780 1366
1619790 1371
1619800 1376
1619810 1376
1619820 1380
1619830 1383
1619840 1383
1619850 1386
1619860 1387
1619870 1387
1619880 1388
1619890 1389
1619900 1389
1619910 1391
1619920 1392
1619930 1392
1619940 1393
1619950 1395
1619960 1395
1619970 1396
1619980 1396
1619990 1396
