1600000 1193
1600010 1193
1600020 1190
1600030 1189
1600040 1189
1600050 1189
1600060 1190
1600070 1190
1600080 1191
1600090 1193
1600100 1193
1600110 1194
1600120 1196
1600130 1196
1600140 1198
1600150 1199
1600160 1199
1600170 1200
1600180 1201
1600190 1201
1600200 1201
1600210 1201
1600220 1203
1600230 1203
1600240 1207
1600250 1209
1600260 1209
1600270 1210
1600280 1210
1600290 1210
1600300 1208
1600310 1206
1600320 1206
1600330 1204
1600340 1204
1600350 1204
1600360 1205
1600370 1210
1600380 1210
1600390 1216
1600400 1217
1600410 1219
1600420 1219
1600430 1224
1600440 1228
1600450 1228
1600460 1232
1600470 1234
1600480 1234
1600490 1236
1600500 1238
1600510 1238
1600520 1238
1600530 1239
1600540 1239
1600550 1245
1600560 1250
1600570 1250
1600580 1254
1600590 1258
1600600 1258
1600610 1262
1600620 1266
1600630 1266
1600640 1270
1600650 1273
1600660 1276
1600670 1276
1600680 1279
1600690 1282
1600700 1282
1600710 1285
1600720 1287
1600730 1287
1600740 1290
1600750 1293
1600760 1293
1600770 1295
1600780 1298
1600790 1298
1600800 1300
1600810 1303
1600820 1303
1600830 1305
1600840 1306
1600850 1306
1600860 1307
1600870 1309
1600880 1311
1600890 1311
1600900 1312
1600910 1312
1600920 1312
1600930 1312
1600940 1311
1600950 1312
1600960 1311
1600970 1311
1600980 1311
1600990 1312
1601000 1312
1601010 1312
1601020 1313
1601030 1314
1601040 1314
1601050 1314
1601060 1315
1601070 1315
1601080 1315
1601090 1316
1601100 1316
1601110 1316
1601120 1316
1601130 1316
1601140 1316
1601150 1316
1601160 1316
1601170 1316
1601180 1317
1601190 1316
1601200 1316
1601210 1317
1601220 1317
1601230 1317
1601240 1318
1601250 1318
1601260 1318
1601270 1318
1601280 1318
1601290 1318
1601300 1318
1601310 1318
1601320 1318
1601330 1317
1601340 1316
1601350 1315
1601360 1315
1601370 1313
1601380 1311
1601390 1311
1601400 1309
1601410 1306
1601420 1306
1601430 1302
1601440 1299
1601450 1299
1601460 1297
1601470 1295
1601480 1295
1601490 1292
1601500 1289
1601510 1289
1601520 1286
1601530 1283
1601540 1283
1601550 1280
1601560 1278
1601570 1278
1601580 1275
1601590 1272
1601600 1270
1601610 1270
1601620 1267
1601630 1264
1601640 1264
1601650 1261
1601660 1258
1601670 1258
1601680 1254
1601690 1251
1601700 1251
1601710 1245
1601720 1243
1601730 1243
1601740 1240
1601750 1236
1601760 1236
1601770 1233
1601780 1229
1601790 1229
1601800 1225
1601810 1221
1601820 1221
1601830 1216
1601840 1212
1601850 1208
1601860 1208
1601870 1207
1601880 1205
1601890 1205
1601900 1202
1601910 1200
1601920 1200
1601930 1196
1601940 1194
1601950 1194
1601960 1190
1601970 1187
1601980 1187
1601990 1183
1602000 1179
1602010 1179
1602020 1175
1602030 1170
1602040 1168
1602050 1163
1602060 1157
1602070 1151
1602080 1151
1602090 1145
1602100 1139
1602110 1139
1602120 1131
1602130 1125
1602140 1125
1602150 1127
1602160 1130
1602170 1130
1602180 1134
1602190 1137
1602200 1137
1602210 1139
1602220 1138
1602230 1138
1602240 1138
1602250 1140
1602260 1140
1602270 1146
1602280 1152
1602290 1152
1602300 1157
1602310 1162
1602320 1167
1602330 1167
1602340 1175
1602350 1180
1602360 1180
1602370 1185
1602380 1190
1602390 1190
1602400 1194
1602410 1196
1602420 1196
1602430 1197
1602440 1197
1602450 1197
1602460 1196
1602470 1193
1602480 1193
1602490 1190
1602500 1187
1602510 1187
1602520 1184
1602530 1180
1602540 1175
1602550 1175
1602560 1170
1602570 1165
1602580 1165
1602590 1157
1602600 1148
1602610 1148
1602620 1140
1602630 1131
1602640 1131
1602650 1122
1602660 1115
1602670 1115
1602680 1108
1602690 1101
1602700 1101
1602710 1094
1602720 1089
1602730 1089
1602740 1085
1602750 1078
1602760 1078
1602770 1073
1602780 1067
1602790 1062
1602800 1062
1602810 1057
1602820 1053
1602830 1053
1602840 1050
1602850 1046
1602860 1046
1602870 1042
1602880 1020
1602890 1020
1602900 1007
1602910 1013
1602920 1013
1602930 1023
1602940 1034
1602950 1034
1602960 1043
1602970 1050
1602980 1050
1602990 1056
1603000 1065
1603010 1072
1603020 1072
1603030 1077
1603040 1082
1603050 1082
1603060 1086
1603070 1091
1603080 1091
1603090 1095
1603100 1098
1603110 1101
1603120 1105
1603130 1109
1603140 1109
1603150 1112
1603160 1116
1603170 1116
1603180 1118
1603190 1122
1603200 1122
1603210 1125
1603220 1129
1603230 1129
1603240 1133
1603250 1136
1603260 1140
1603270 1140
1603280 1143
1603290 1147
1603300 1147
1603310 1150
1603320 1152
1603330 1152
1603340 1155
1603350 1158
1603360 1158
1603370 1162
1603380 1165
1603390 1165
1603400 1170
1603410 1176
1603420 1176
1603430 1179
1603440 1182
1603450 1182
1603460 1186
1603470 1188
1603480 1191
1603490 1191
1603500 1196
1603510 1202
1603520 1202
1603530 1209
1603540 1211
1603550 1211
1603560 1215
1603570 1219
1603580 1219
1603590 1223
1603600 1228
1603610 1228
1603620 1235
1603630 1241
1603640 1241
1603650 1246
1603660 1252
1603670 1252
1603680 1256
1603690 1260
1603700 1260
1603710 1265
1603720 1269
1603730 1273
1603740 1273
1603750 1279
1603760 1284
1603770 1284
1603780 1290
1603790 1295
1603800 1295
1603810 1299
1603820 1303
1603830 1303
1603840 1306
1603850 1308
1603860 1308
1603870 1310
1603880 1311
1603890 1311
1603900 1313
1603910 1311
1603920 1311
1603930 1311
1603940 1313
1603950 1311
1603960 1311
1603970 1303
1603980 1295
1603990 1295
1604000 1285
1604010 1278
1604020 1278
1604030 1271
1604040 1265
1604050 1265
1604060 1259
1604070 1253
1604080 1253
1604090 1248
1604100 1242
1604110 1242
1604120 1236
1604130 1230
1604140 1230
1604150 1226
1604160 1222
1604170 1222
1604180 1219
1604190 1214
1604200 1211
1604210 1211
1604220 1210
1604230 1204
1604240 1204
1604250 1197
1604260 1189
1604270 1189
1604280 1183
1604290 1177
1604300 1177
1604310 1173
1604320 1169
1604330 1169
1604340 1164
1604350 1159
1604360 1159
1604370 1155
1604380 1152
1604390 1152
1604400 1149
1604410 1145
1604420 1140
1604430 1140
1604440 1133
1604450 1129
1604460 1129
1604470 1123
1604480 1111
1604490 1111
1604500 1099
1604510 1088
1604520 1088
1604530 1077
1604540 1066
1604550 1066
1604560 1056
1604570 1050
1604580 1050
1604590 1042
1604600 1035
1604610 1035
1604620 1026
1604630 1018
1604640 1018
1604650 1012
1604660 1006
1604670 999
1604680 999
1604690 992
1604700 989
1604710 989
1604720 987
1604730 984
1604740 984
1604750 984
1604760 981
1604770 981
1604780 979
1604790 977
1604800 977
1604810 975
1604820 973
1604830 973
1604840 968
1604850 962
1604860 962
1604870 955
1604880 950
1604890 950
1604900 942
1604910 938
1604920 933
1604930 933
1604940 927
1604950 919
1604960 919
1604970 912
1604980 906
1604990 906
1605000 901
1605010 896
1605020 896
1605030 889
1605040 881
1605050 881
1605060 873
1605070 867
1605080 867
1605090 861
1605100 854
1605110 854
1605120 848
1605130 835
1605140 824
1605150 824
1605160 816
1605170 810
1605180 810
1605190 803
1605200 796
1605210 796
1605220 791
1605230 789
1605240 789
1605250 784
1605260 777
1605270 777
1605280 771
1605290 763
1605300 763
1605310 756
1605320 742
1605330 742
1605340 731
1605350 729
1605360 729
1605370 728
1605380 728
1605390 728
1605400 728
1605410 728
1605420 728
1605430 728
1605440 728
1605450 728
1605460 728
1605470 728
1605480 728
1605490 728
1605500 728
1605510 728
1605520 728
1605530 728
1605540 728
1605550 728
1605560 728
1605570 728
1605580 728
1605590 728
1605600 728
1605610 728
1605620 728
1605630 728
1605640 729
1605650 729
1605660 728
1605670 727
1605680 727
1605690 727
1605700 727
1605710 727
1605720 728
1605730 729
1605740 729
1605750 729
1605760 729
1605770 729
1605780 728
1605790 727
1605800 727
1605810 728
1605820 729
1605830 729
1605840 728
1605850 729
1605860 728
1605870 728
1605880 728
1605890 728
1605900 728
1605910 728
1605920 728
1605930 728
1605940 728
1605950 728
1605960 728
1605970 728
1605980 728
1605990 728
1606000 728
1606010 728
1606020 728
1606030 727
1606040 727
1606050 727
1606060 727
1606070 727
1606080 727
1606090 727
1606100 727
1606110 727
1606120 727
1606130 727
1606140 727
1606150 727
1606160 727
1606170 727
1606180 727
1606190 727
1606200 727
1606210 727
1606220 727
1606230 727
1606240 727
1606250 728
1606260 729
1606270 729
1606280 731
1606290 730
1606300 730
1606310 731
1606320 734
1606330 739
1606340 739
1606350 740
1606360 740
1606370 740
1606380 741
1606390 743
1606400 743
1606410 744
1606420 745
1606430 745
1606440 746
1606450 748
1606460 748
1606470 750
1606480 752
1606490 752
1606500 753
1606510 755
1606520 755
1606530 756
1606540 758
1606550 761
1606560 761
1606570 762
1606580 764
1606590 764
1606600 765
1606610 768
1606620 768
1606630 770
1606640 773
1606650 773
1606660 777
1606670 782
1606680 782
1606690 785
1606700 789
1606710 789
1606720 793
1606730 797
1606740 797
1606750 802
1606760 807
1606770 807
1606780 811
1606790 817
1606800 822
1606810 822
1606820 827
1606830 832
1606840 832
1606850 837
1606860 843
1606870 843
1606880 849
1606890 854
1606900 854
1606910 859
1606920 865
1606930 865
1606940 873
1606950 881
1606960 881
1606970 891
1606980 899
1606990 899
1607000 904
1607010 907
1607020 912
1607030 912
1607040 915
1607050 918
1607060 918
1607070 923
1607080 927
1607090 927
1607100 930
1607110 934
1607120 934
1607130 937
1607140 940
1607150 940
1607160 943
1607170 945
1607180 945
1607190 947
1607200 949
1607210 949
1607220 952
1607230 955
1607240 955
1607250 958
1607260 961
1607270 964
1607280 964
1607290 967
1607300 971
1607310 971
1607320 974
1607330 979
1607340 979
1607350 981
1607360 984
1607370 984
1607380 988
1607390 992
1607400 992
1607410 998
1607420 1005
1607430 1005
1607440 1013
1607450 1021
1607460 1021
1607470 1029
1607480 1034
1607490 1039
1607500 1039
1607510 1045
1607520 1049
1607530 1049
1607540 1054
1607550 1059
1607560 1059
1607570 1063
1607580 1068
1607590 1068
1607600 1072
1607610 1076
1607620 1076
1607630 1079
1607640 1082
1607650 1082
1607660 1087
1607670 1092
1607680 1092
1607690 1098
1607700 1102
1607710 1102
1607720 1105
1607730 1108
1607740 1111
1607750 1111
1607760 1114
1607770 1118
1607780 1118
1607790 1121
1607800 1125
1607810 1125
1607820 1128
1607830 1132
1607840 1132
1607850 1136
1607860 1141
1607870 1141
1607880 1146
1607890 1151
1607900 1151
1607910 1157
1607920 1163
1607930 1163
1607940 1168
1607950 1172
1607960 1172
1607970 1177
1607980 1181
1607990 1184
1608000 1184
1608010 1187
1608020 1191
1608030 1191
1608040 1197
1608050 1203
1608060 1203
1608070 1209
1608080 1214
1608090 1214
1608100 1218
1608110 1223
1608120 1223
1608130 1228
1608140 1234
1608150 1234
1608160 1237
1608170 1243
1608180 1243
1608190 1249
1608200 1255
1608210 1259
1608220 1259
1608230 1264
1608240 1266
1608250 1266
1608260 1268
1608270 1272
1608280 1272
1608290 1277
1608300 1281
1608310 1281
1608320 1286
1608330 1291
1608340 1291
1608350 1293
1608360 1294
1608370 1294
1608380 1297
1608390 1303
1608400 1303
1608410 1306
1608420 1309
1608430 1309
1608440 1313
1608450 1315
1608460 1317
1608470 1317
1608480 1318
1608490 1320
1608500 1320
1608510 1322
1608520 1326
1608530 1326
1608540 1327
1608550 1327
1608560 1327
1608570 1328
1608580 1329
1608590 1329
1608600 1328
1608610 1325
1608620 1325
1608630 1321
1608640 1319
1608650 1319
1608660 1315
1608670 1312
1608680 1309
1608690 1309
1608700 1305
1608710 1302
1608720 1302
1608730 1302
1608740 1302
1608750 1302
1608760 1302
1608770 1301
1608780 1301
1608790 1301
1608800 1301
1608810 1301
1608820 1301
1608830 1302
1608840 1302
1608850 1302
1608860 1302
1608870 1302
1608880 1303
1608890 1304
1608900 1304
1608910 1305
1608920 1306
1608930 1306
1608940 1306
1608950 1308
1608960 1311
1608970 1311
1608980 1315
1608990 1319
1609000 1319
1609010 1321
1609020 1325
1609030 1325
1609040 1327
1609050 1331
1609060 1331
1609070 1334
1609080 1338
1609090 1338
1609100 1343
1609110 1348
1609120 1348
1609130 1353
1609140 1358
1609150 1363
1609160 1363
1609170 1367
1609180 1371
1609190 1371
1609200 1376
1609210 1381
1609220 1381
1609230 1384
1609240 1387
1609250 1387
1609260 1389
1609270 1390
1609280 1390
1609290 1390
1609300 1389
1609310 1389
1609320 1388
1609330 1387
1609340 1387
1609350 1386
1609360 1385
1609370 1385
1609380 1380
1609390 1379
1609400 1378
1609410 1378
1609420 1377
1609430 1376
1609440 1376
1609450 1375
1609460 1375
1609470 1375
1609480 1375
1609490 1375
1609500 1375
1609510 1374
1609520 1374
1609530 1374
1609540 1375
1609550 1375
1609560 1375
1609570 1375
1609580 1376
1609590 1376
1609600 1376
1609610 1376
1609620 1376
1609630 1376
1609640 1376
1609650 1375
1609660 1375
1609670 1373
1609680 1370
1609690 1370
1609700 1368
1609710 1366
1609720 1366
1609730 1364
1609740 1361
1609750 1361
1609760 1356
1609770 1352
1609780 1352
1609790 1349
1609800 1348
1609810 1348
1609820 1347
1609830 1340
1609840 1340
1609850 1336
1609860 1340
1609870 1346
1609880 1346
1609890 1352
1609900 1356
1609910 1356
1609920 1361
1609930 1368
1609940 1368
1609950 1373
1609960 1378
1609970 1378
1609980 1383
1609990 1388
1610000 1388
1610010 1393
1610020 1398
1610030 1398
1610040 1403
1610050 1408
1610060 1408
1610070 1413
1610080 1417
1610090 1421
1610100 1421
1610110 1426
1610120 1430
1610130 1430
1610140 1434
1610150 1439
1610160 1439
1610170 1443
1610180 1447
1610190 1447
1610200 1451
1610210 1456
1610220 1456
1610230 1463
1610240 1470
1610250 1470
1610260 1478
1610270 1485
1610280 1485
1610290 1491
1610300 1497
1610310 1497
1610320 1503
1610330 1508
1610340 1512
1610350 1512
1610360 1517
1610370 1522
1610380 1522
1610390 1522
1610400 1524
1610410 1524
1610420 1526
1610430 1528
1610440 1528
1610450 1530
1610460 1532
1610470 1532
1610480 1534
1610490 1537
1610500 1537
1610510 1539
1610520 1541
1610530 1541
1610540 1543
1610550 1547
1610560 1547
1610570 1551
1610580 1555
1610590 1559
1610600 1559
1610610 1564
1610620 1568
1610630 1568
1610640 1572
1610650 1577
1610660 1577
1610670 1583
1610680 1589
1610690 1589
1610700 1594
1610710 1600
1610720 1600
1610730 1605
1610740 1610
1610750 1610
1610760 1616
1610770 1622
1610780 1622
1610790 1628
1610800 1633
1610810 1638
1610820 1638
1610830 1643
1610840 1648
1610850 1648
1610860 1653
1610870 1658
1610880 1658
1610890 1663
1610900 1668
1610910 1668
1610920 1672
1610930 1678
1610940 1678
1610950 1684
1610960 1688
1610970 1688
1610980 1694
1610990 1699
1611000 1699
1611010 1703
1611020 1707
1611030 1707
1611040 1711
1611050 1715
1611060 1719
1611070 1719
1611080 1721
1611090 1722
1611100 1722
1611110 1724
1611120 1725
1611130 1725
1611140 1726
1611150 1725
1611160 1725
1611170 1725
1611180 1724
1611190 1724
1611200 1724
1611210 1724
1611220 1724
1611230 1723
1611240 1723
1611250 1723
1611260 1722
1611270 1720
1611280 1718
1611290 1718
1611300 1717
1611310 1714
1611320 1714
1611330 1712
1611340 1711
1611350 1711
1611360 1711
1611370 1710
1611380 1710
1611390 1710
1611400 1710
1611410 1710
1611420 1709
1611430 1709
1611440 1709
1611450 1708
1611460 1707
1611470 1707
1611480 1706
1611490 1705
1611500 1705
1611510 1703
1611520 1700
1611530 1697
1611540 1697
1611550 1694
1611560 1690
1611570 1690
1611580 1687
1611590 1684
1611600 1684
1611610 1679
1611620 1673
1611630 1673
1611640 1668
1611650 1664
1611660 1664
1611670 1660
1611680 1656
1611690 1656
1611700 1652
1611710 1647
1611720 1647
1611730 1641
1611740 1635
1611750 1630
1611760 1630
1611770 1624
1611780 1620
1611790 1620
1611800 1615
1611810 1610
1611820 1610
1611830 1605
1611840 1600
1611850 1600
1611860 1596
1611870 1590
1611880 1590
1611890 1585
1611900 1579
1611910 1579
1611920 1573
1611930 1569
1611940 1569
1611950 1566
1611960 1563
1611970 1563
1611980 1559
1611990 1555
1612000 1552
1612010 1552
1612020 1548
1612030 1544
1612040 1544
1612050 1540
1612060 1536
1612070 1536
1612080 1531
1612090 1526
1612100 1526
1612110 1522
1612120 1519
1612130 1519
1612140 1515
1612150 1512
1612160 1512
1612170 1507
1612180 1502
1612190 1502
1612200 1499
1612210 1497
1612220 1496
1612230 1496
1612240 1494
1612250 1493
1612260 1493
1612270 1490
1612280 1487
1612290 1487
1612300 1483
1612310 1480
1612320 1480
1612330 1477
1612340 1474
1612350 1474
1612360 1473
1612370 1473
1612380 1473
1612390 1472
1612400 1468
1612410 1468
1612420 1466
1612430 1465
1612440 1465
1612450 1463
1612460 1461
1612470 1460
1612480 1460
1612490 1458
1612500 1457
1612510 1457
1612520 1455
1612530 1453
1612540 1453
1612550 1451
1612560 1450
1612570 1450
1612580 1448
1612590 1444
1612600 1444
1612610 1441
1612620 1437
1612630 1437
1612640 1433
1612650 1430
1612660 1430
1612670 1427
1612680 1424
1612690 1424
1612700 1422
1612710 1419
1612720 1417
1612730 1417
1612740 1414
1612750 1410
1612760 1410
1612770 1405
1612780 1400
1612790 1400
1612800 1396
1612810 1397
1612820 1397
1612830 1400
1612840 1403
1612850 1403
1612860 1405
1612870 1408
1612880 1408
1612890 1410
1612900 1413
1612910 1413
1612920 1415
1612930 1418
1612940 1421
1612950 1421
1612960 1424
1612970 1426
1612980 1426
1612990 1429
1613000 1431
1613010 1431
1613020 1434
1613030 1437
1613040 1437
1613050 1440
1613060 1443
1613070 1443
1613080 1445
1613090 1448
1613100 1448
1613110 1450
1613120 1452
1613130 1452
1613140 1453
1613150 1452
1613160 1452
1613170 1448
1613180 1442
1613190 1435
1613200 1435
1613210 1431
1613220 1425
1613230 1425
1613240 1419
1613250 1413
1613260 1413
1613270 1407
1613280 1400
1613290 1400
1613300 1394
1613310 1387
1613320 1387
1613330 1383
1613340 1377
1613350 1377
1613360 1371
1613370 1367
1613380 1367
1613390 1362
1613400 1357
1613410 1353
1613420 1353
1613430 1348
1613440 1343
1613450 1343
1613460 1338
1613470 1333
1613480 1333
1613490 1329
1613500 1322
1613510 1322
1613520 1317
1613530 1316
1613540 1316
1613550 1317
1613560 1317
1613570 1317
1613580 1317
1613590 1318
1613600 1318
1613610 1318
1613620 1319
1613630 1319
1613640 1320
1613650 1321
1613660 1321
1613670 1321
1613680 1321
1613690 1320
1613700 1320
1613710 1319
1613720 1318
1613730 1318
1613740 1316
1613750 1314
1613760 1314
1613770 1311
1613780 1308
1613790 1308
1613800 1305
1613810 1302
1613820 1302
1613830 1300
1613840 1298
1613850 1298
1613860 1297
1613870 1295
1613880 1293
1613890 1293
1613900 1290
1613910 1288
1613920 1288
1613930 1286
1613940 1283
1613950 1283
1613960 1285
1613970 1291
1613980 1291
1613990 1297
1614000 1304
1614010 1304
1614020 1312
1614030 1320
1614040 1320
1614050 1327
1614060 1333
1614070 1333
1614080 1340
1614090 1347
1614100 1347
1614110 1355
1614120 1362
1614130 1370
1614140 1370
1614150 1372
1614160 1373
1614170 1373
1614180 1375
1614190 1374
1614200 1374
1614210 1374
1614220 1374
1614230 1374
1614240 1372
1614250 1372
1614260 1372
1614270 1371
1614280 1371
1614290 1371
1614300 1371
1614310 1371
1614320 1371
1614330 1371
1614340 1371
1614350 1371
1614360 1371
1614370 1367
1614380 1365
1614390 1365
1614400 1364
1614410 1362
1614420 1362
1614430 1361
1614440 1362
1614450 1362
1614460 1362
1614470 1362
1614480 1362
1614490 1363
1614500 1363
1614510 1363
1614520 1364
1614530 1364
1614540 1364
1614550 1364
1614560 1364
1614570 1364
1614580 1365
1614590 1362
1614600 1359
1614610 1359
1614620 1357
1614630 1355
1614640 1355
1614650 1353
1614660 1352
1614670 1352
1614680 1351
1614690 1350
1614700 1350
1614710 1350
1614720 1349
1614730 1349
1614740 1349
1614750 1348
1614760 1348
1614770 1348
1614780 1347
1614790 1347
1614800 1347
1614810 1347
1614820 1347
1614830 1347
1614840 1346
1614850 1346
1614860 1346
1614870 1346
1614880 1346
1614890 1346
1614900 1346
1614910 1346
1614920 1346
1614930 1345
1614940 1344
1614950 1344
1614960 1343
1614970 1341
1614980 1341
1614990 1339
1615000 1337
1615010 1337
1615020 1336
1615030 1334
1615040 1334
1615050 1331
1615060 1331
1615070 1334
1615080 1334
1615090 1339
1615100 1345
1615110 1345
1615120 1352
1615130 1358
1615140 1358
1615150 1363
1615160 1369
1615170 1369
1615180 1375
1615190 1381
1615200 1381
1615210 1385
1615220 1390
1615230 1390
1615240 1395
1615250 1399
1615260 1399
1615270 1403
1615280 1408
1615290 1408
1615300 1414
1615310 1420
1615320 1425
1615330 1425
1615340 1431
1615350 1436
1615360 1436
1615370 1440
1615380 1446
1615390 1446
1615400 1450
1615410 1455
1615420 1455
1615430 1460
1615440 1465
1615450 1465
1615460 1470
1615470 1476
1615480 1476
1615490 1481
1615500 1486
1615510 1486
1615520 1490
1615530 1494
1615540 1498
1615550 1498
1615560 1502
1615570 1507
1615580 1507
1615590 1511
1615600 1516
1615610 1516
1615620 1521
1615630 1526
1615640 1526
1615650 1530
1615660 1535
1615670 1535
1615680 1539
1615690 1545
1615700 1545
1615710 1548
1615720 1554
1615730 1554
1615740 1557
1615750 1561
1615760 1561
1615770 1564
1615780 1566
1615790 1568
1615800 1568
1615810 1570
1615820 1571
1615830 1571
1615840 1572
1615850 1572
1615860 1572
1615870 1570
1615880 1567
1615890 1567
1615900 1563
1615910 1560
1615920 1560
1615930 1556
1615940 1553
1615950 1553
1615960 1549
1615970 1545
1615980 1545
1615990 1541
1616000 1537
1616010 1533
1616020 1533
1616030 1529
1616040 1525
1616050 1525
1616060 1521
1616070 1517
1616080 1517
1616090 1513
1616100 1508
1616110 1508
1616120 1502
1616130 1498
1616140 1498
1616150 1492
1616160 1487
1616170 1487
1616180 1483
1616190 1479
1616200 1479
1616210 1475
1616220 1471
1616230 1471
1616240 1466
1616250 1461
1616260 1455
1616270 1455
1616280 1451
1616290 1445
1616300 1445
1616310 1442
1616320 1437
1616330 1437
1616340 1433
1616350 1428
1616360 1428
1616370 1424
1616380 1418
1616390 1418
1616400 1413
1616410 1408
1616420 1408
1616430 1403
1616440 1398
1616450 1398
1616460 1392
1616470 1386
1616480 1380
1616490 1380
1616500 1374
1616510 1369
1616520 1369
1616530 1364
1616540 1360
1616550 1360
1616560 1356
1616570 1351
1616580 1351
1616590 1346
1616600 1341
1616610 1341
1616620 1335
1616630 1329
1616640 1329
1616650 1324
1616660 1319
1616670 1319
1616680 1315
1616690 1310
1616700 1310
1616710 1304
1616720 1299
1616730 1296
1616740 1296
1616750 1293
1616760 1291
1616770 1291
1616780 1289
1616790 1287
1616800 1287
1616810 1286
1616820 1284
1616830 1284
1616840 1282
1616850 1280
1616860 1280
1616870 1280
1616880 1278
1616890 1278
1616900 1276
1616910 1274
1616920 1274
1616930 1272
1616940 1271
1616950 1271
1616960 1270
1616970 1268
1616980 1266
1616990 1266
1617000 1265
1617010 1263
1617020 1263
1617030 1262
1617040 1261
1617050 1261
1617060 1260
1617070 1257
1617080 1257
1617090 1253
1617100 1249
1617110 1249
1617120 1244
1617130 1240
1617140 1240
1617150 1236
1617160 1232
1617170 1232
1617180 1226
1617190 1223
1617200 1224
1617210 1224
1617220 1228
1617230 1232
1617240 1232
1617250 1237
1617260 1242
1617270 1242
1617280 1247
1617290 1253
1617300 1253
1617310 1259
1617320 1264
1617330 1264
1617340 1268
1617350 1273
1617360 1273
1617370 1279
1617380 1284
1617390 1284
1617400 1288
1617410 1292
1617420 1292
1617430 1296
1617440 1300
1617450 1303
1617460 1303
1617470 1307
1617480 1309
1617490 1309
1617500 1312
1617510 1316
1617520 1316
1617530 1322
1617540 1327
1617550 1327
1617560 1330
1617570 1334
1617580 1334
1617590 1337
1617600 1340
1617610 1340
1617620 1343
1617630 1346
1617640 1346
1617650 1350
1617660 1353
1617670 1355
1617680 1355
1617690 1357
1617700 1358
1617710 1358
1617720 1360
1617730 1361
1617740 1361
1617750 1361
1617760 1362
1617770 1362
1617780 1363
1617790 1364
1617800 1364
1617810 1365
1617820 1365
1617830 1365
1617840 1365
1617850 1366
1617860 1366
1617870 1369
1617880 1373
1617890 1373
1617900 1376
1617910 1380
1617920 1383
1617930 1383
1617940 1386
1617950 1389
1617960 1389
1617970 1392
1617980 1394
1617990 1394
1618000 1397
1618010 1400
1618020 1400
1618030 1403
1618040 1406
1618050 1406
1618060 1409
1618070 1412
1618080 1412
1618090 1414
1618100 1417
1618110 1417
1618120 1420
1618130 1423
1618140 1425
1618150 1425
1618160 1428
1618170 1431
1618180 1431
1618190 1434
1618200 1437
1618210 1437
1618220 1440
1618230 1440
1618240 1440
1618250 1444
1618260 1448
1618270 1448
1618280 1452
1618290 1457
1618300 1457
1618310 1461
1618320 1464
1618330 1464
1618340 1468
1618350 1472
1618360 1472
1618370 1475
1618380 1478
1618390 1482
1618400 1482
1618410 1484
1618420 1484
1618430 1484
1618440 1486
1618450 1487
1618460 1487
1618470 1487
1618480 1487
1618490 1487
1618500 1487
1618510 1488
1618520 1488
1618530 1488
1618540 1488
1618550 1488
1618560 1487
1618570 1486
1618580 1486
1618590 1486
1618600 1485
1618610 1483
1618620 1483
1618630 1482
1618640 1480
1618650 1480
1618660 1479
1618670 1477
1618680 1477
1618690 1474
1618700 1472
1618710 1472
1618720 1471
1618730 1468
1618740 1468
1618750 1466
1618760 1465
1618770 1465
1618780 1463
1618790 1460
1618800 1460
1618810 1458
1618820 1456
1618830 1456
1618840 1455
1618850 1454
1618860 1452
1618870 1452
1618880 1449
1618890 1446
1618900 1446
1618910 1443
1618920 1440
1618930 1440
1618940 1436
1618950 1433
1618960 1433
1618970 1429
1618980 1424
1618990 1424
1619000 1418
1619010 1413
1619020 1413
1619030 1408
1619040 1406
1619050 1406
1619060 1404
1619070 1401
1619080 1401
1619090 1399
1619100 1398
1619110 1398
1619120 1398
1619130 1397
1619140 1396
1619150 1396
1619160 1395
1619170 1394
1619180 1401
1619190 1399
1619200 1397
1619210 1397
1619220 1394
1619230 1390
1619240 1390
1619250 1386
1619260 1382
1619270 1382
1619280 1376
1619290 1371
1619300 1371
1619310 1366
1619320 1362
1619330 1357
1619340 1357
1619350 1353
1619360 1349
1619370 1349
1619380 1344
1619390 1340
1619400 1340
1619410 1335
1619420 1331
1619430 1331
1619440 1326
1619450 1321
1619460 1321
1619470 1316
1619480 1312
1619490 1312
1619500 1308
1619510 1302
1619520 1302
1619530 1296
1619540 1290
1619550 1290
1619560 1284
1619570 1278
1619580 1272
1619590 1272
1619600 1265
1619610 1257
1619620 1257
1619630 1254
1619640 1254
1619650 1254
1619660 1258
1619670 1263
1619680 1263
1619690 1265
1619700 1266
1619710 1266
1619720 1268
1619730 1269
1619740 1269
1619750 1270
1619760 1270
1619770 1270
1619780 1270
1619790 1270
1619800 1273
1619810 1273
1619820 1277
1619830 1279
1619840 1279
1619850 1281
1619860 1282
1619870 1282
1619880 1279
1619890 1276
1619900 1276
1619910 1274
1619920 1270
1619930 1270
1619940 1265
1619950 1259
1619960 1259
1619970 1254
1619980 1250
1619990 1250
