1600000 1016
1600010 1016
1600020 1016
1600030 1016
1600040 1015
1600050 1013
1600060 1013
1600070 1013
1600080 1012
1600090 1012
1600100 1008
1600110 1006
1600120 1009
1600130 1009
1600140 1009
1600150 1011
1600160 1011
1600170 1015
1600180 1020
1600190 1020
1600200 1023
1600210 1026
1600220 1026
1600230 1026
1600240 1026
1600250 1026
1600260 1030
1600270 1036
1600280 1036
1600290 1042
1600300 1044
1600310 1044
1600320 1046
1600330 1047
1600340 1048
1600350 1048
1600360 1048
1600370 1048
1600380 1048
1600390 1049
1600400 1049
1600410 1049
1600420 1049
1600430 1049
1600440 1049
1600450 1049
1600460 1048
1600470 1048
1600480 1046
1600490 1044
1600500 1044
1600510 1041
1600520 1038
1600530 1038
1600540 1037
1600550 1037
1600560 1037
1600570 1037
1600580 1037
1600590 1035
1600600 1035
1600610 1032
1600620 1029
1600630 1029
1600640 1027
1600650 1025
1600660 1025
1600670 1023
1600680 1021
1600690 1021
1600700 1020
1600710 1020
1600720 1020
1600730 1020
1600740 1024
1600750 1024
1600760 1027
1600770 1027
1600780 1027
1600790 1021
1600800 1017
1600810 1015
1600820 1015
1600830 1013
1600840 1014
1600850 1014
1600860 1014
1600870 1013
1600880 1013
1600890 1014
1600900 1014
1600910 1014
1600920 1017
1600930 1020
1600940 1020
1600950 1024
1600960 1032
1600970 1032
1600980 1039
1600990 1045
1601000 1045
1601010 1051
1601020 1057
1601030 1057
1601040 1062
1601050 1064
1601060 1065
1601070 1065
1601080 1066
1601090 1066
1601100 1066
1601110 1066
1601120 1067
1601130 1067
1601140 1068
1601150 1068
1601160 1068
1601170 1069
1601180 1072
1601190 1072
1601200 1077
1601210 1079
1601220 1079
1601230 1080
1601240 1081
1601250 1081
1601260 1081
1601270 1081
1601280 1081
1601290 1081
1601300 1081
1601310 1081
1601320 1081
1601330 1080
1601340 1080
1601350 1080
1601360 1078
1601370 1077
1601380 1077
1601390 1074
1601400 1071
1601410 1071
1601420 1067
1601430 1062
1601440 1062
1601450 1059
1601460 1057
1601470 1057
1601480 1055
1601490 1054
1601500 1054
1601510 1052
1601520 1051
1601530 1049
1601540 1049
1601550 1048
1601560 1050
1601570 1050
1601580 1052
1601590 1053
1601600 1053
1601610 1052
1601620 1051
1601630 1051
1601640 1050
1601650 1047
1601660 1047
1601670 1044
1601680 1042
1601690 1042
1601700 1040
1601710 1038
1601720 1038
1601730 1037
1601740 1036
1601750 1035
1601760 1035
1601770 1035
1601780 1035
1601790 1035
1601800 1035
1601810 1034
1601820 1034
1601830 1032
1601840 1030
1601850 1030
1601860 1030
1601870 1030
1601880 1030
1601890 1030
1601900 1027
1601910 1027
1601920 1024
1601930 1023
1601940 1023
1601950 1022
1601960 1021
1601970 1021
1601980 1020
1601990 1019
1602000 1018
1602010 1018
1602020 1017
1602030 1016
1602040 1016
1602050 1011
1602060 1009
1602070 1009
1602080 1008
1602090 1005
1602100 1005
1602110 1002
1602120 1000
1602130 1000
1602140 997
1602150 995
1602160 995
1602170 993
1602180 992
1602190 992
1602200 990
1602210 989
1602220 988
1602230 988
1602240 987
1602250 986
1602260 986
1602270 986
1602280 986
1602290 986
1602300 986
1602310 986
1602320 986
1602330 986
1602340 986
1602350 986
1602360 986
1602370 983
1602380 983
1602390 978
1602400 976
1602410 976
1602420 977
1602430 978
1602440 978
1602450 981
1602460 981
1602470 981
1602480 981
1602490 980
1602500 980
1602510 980
1602520 980
1602530 981
1602540 981
1602550 982
1602560 982
1602570 982
1602580 983
1602590 984
1602600 984
1602610 984
1602620 984
1602630 984
1602640 983
1602650 980
1602660 980
1602670 977
1602680 975
1602690 972
1602700 972
1602710 970
1602720 969
1602730 969
1602740 967
1602750 966
1602760 966
1602770 964
1602780 963
1602790 963
1602800 961
1602810 960
1602820 960
1602830 959
1602840 958
1602850 958
1602860 958
1602870 958
1602880 958
1602890 957
1602900 957
1602910 957
1602920 956
1602930 953
1602940 948
1602950 948
1602960 942
1602970 938
1602980 938
1602990 931
1603000 926
1603010 926
1603020 919
1603030 908
1603040 908
1603050 898
1603060 892
1603070 892
1603080 894
1603090 900
1603100 900
1603110 906
1603120 914
1603130 914
1603140 919
1603150 925
1603160 931
1603170 931
1603180 938
1603190 946
1603200 946
1603210 947
1603220 951
1603230 951
1603240 957
1603250 962
1603260 962
1603270 966
1603280 970
1603290 970
1603300 973
1603310 977
1603320 977
1603330 982
1603340 986
1603350 986
1603360 989
1603370 990
1603380 990
1603390 990
1603400 991
1603410 992
1603420 992
1603430 992
1603440 992
1603450 992
1603460 993
1603470 990
1603480 990
1603490 987
1603500 985
1603510 985
1603520 984
1603530 982
1603540 982
1603550 980
1603560 979
1603570 979
1603580 978
1603590 976
1603600 976
1603610 975
1603620 973
1603630 970
1603640 970
1603650 966
1603660 960
1603670 960
1603680 959
1603690 959
1603700 959
1603710 960
1603720 958
1603730 958
1603740 951
1603750 945
1603760 945
1603770 948
1603780 952
1603790 952
1603800 951
1603810 949
1603820 949
1603830 945
1603840 943
1603850 943
1603860 943
1603870 941
1603880 942
1603890 942
1603900 943
1603910 940
1603920 940
1603930 937
1603940 935
1603950 935
1603960 930
1603970 927
1603980 927
1603990 922
1604000 918
1604010 918
1604020 916
1604030 914
1604040 914
1604050 912
1604060 910
1604070 910
1604080 905
1604090 904
1604100 904
1604110 904
1604120 902
1604130 900
1604140 900
1604150 896
1604160 891
1604170 891
1604180 889
1604190 897
1604200 897
1604210 894
1604220 892
1604230 892
1604240 888
1604250 882
1604260 882
1604270 879
1604280 880
1604290 880
1604300 880
1604310 879
1604320 879
1604330 878
1604340 874
1604350 870
1604360 870
1604370 866
1604380 860
1604390 860
1604400 857
1604410 851
1604420 851
1604430 849
1604440 851
1604450 851
1604460 853
1604470 853
1604480 853
1604490 852
1604500 849
1604510 849
1604520 843
1604530 845
1604540 845
1604550 845
1604560 844
1604570 843
1604580 843
1604590 841
1604600 834
1604610 834
1604620 829
1604630 821
1604640 821
1604650 814
1604660 812
1604670 812
1604680 813
1604690 813
1604700 813
1604710 813
1604720 814
1604730 814
1604740 811
1604750 805
1604760 805
1604770 798
1604780 789
1604790 789
1604800 781
1604810 772
1604820 764
1604830 764
1604840 758
1604850 757
1604860 757
1604870 753
1604880 749
1604890 749
1604900 746
1604910 741
1604920 741
1604930 735
1604940 731
1604950 731
1604960 729
1604970 728
1604980 728
1604990 728
1605000 728
1605010 728
1605020 728
1605030 729
1605040 730
1605050 730
1605060 730
1605070 730
1605080 730
1605090 730
1605100 730
1605110 730
1605120 730
1605130 730
1605140 730
1605150 730
1605160 730
1605170 730
1605180 729
1605190 729
1605200 729
1605210 729
1605220 729
1605230 729
1605240 729
1605250 729
1605260 729
1605270 729
1605280 729
1605290 729
1605300 729
1605310 729
1605320 729
1605330 729
1605340 729
1605350 729
1605360 729
1605370 729
1605380 729
1605390 729
1605400 729
1605410 729
1605420 729
1605430 729
1605440 729
1605450 729
1605460 729
1605470 729
1605480 729
1605490 729
1605500 729
1605510 729
1605520 729
1605530 729
1605540 729
1605550 729
1605560 729
1605570 728
1605580 728
1605590 728
1605600 729
1605610 729
1605620 729
1605630 728
1605640 728
1605650 728
1605660 728
1605670 728
1605680 729
1605690 729
1605700 729
1605710 729
1605720 729
1605730 729
1605740 729
1605750 728
1605760 728
1605770 728
1605780 728
1605790 728
1605800 728
1605810 728
1605820 728
1605830 728
1605840 729
1605850 729
1605860 729
1605870 729
1605880 729
1605890 729
1605900 729
1605910 729
1605920 729
1605930 729
1605940 729
1605950 729
1605960 729
1605970 729
1605980 729
1605990 729
1606000 730
1606010 730
1606020 730
1606030 732
1606040 732
1606050 732
1606060 730
1606070 731
1606080 731
1606090 731
1606100 731
1606110 731
1606120 732
1606130 733
1606140 733
1606150 733
1606160 734
1606170 734
1606180 736
1606190 737
1606200 737
1606210 738
1606220 739
1606230 741
1606240 741
1606250 745
1606260 747
1606270 747
1606280 749
1606290 750
1606300 749
1606310 750
1606320 752
1606330 752
1606340 753
1606350 754
1606360 754
1606370 757
1606380 763
1606390 763
1606400 763
1606410 760
1606420 760
1606430 762
1606440 764
1606450 770
1606460 770
1606470 777
1606480 783
1606490 783
1606500 792
1606510 800
1606520 800
1606530 804
1606540 809
1606550 809
1606560 814
1606570 819
1606580 819
1606590 827
1606600 834
1606610 834
1606620 839
1606630 844
1606640 844
1606650 850
1606660 855
1606670 855
1606680 861
1606690 867
1606700 874
1606710 874
1606720 879
1606730 884
1606740 884
1606750 888
1606760 893
1606770 893
1606780 897
1606790 902
1606800 902
1606810 907
1606820 911
1606830 911
1606840 915
1606850 917
1606860 917
1606870 921
1606880 924
1606890 924
1606900 928
1606910 932
1606920 937
1606930 937
1606940 941
1606950 946
1606960 946
1606970 950
1606980 954
1606990 954
1607000 957
1607010 961
1607020 961
1607030 965
1607040 968
1607050 968
1607060 972
1607070 975
1607080 975
1607090 978
1607100 978
1607110 978
1607120 975
1607130 976
1607140 976
1607150 984
1607160 993
1607170 999
1607180 999
1607190 1002
1607200 1005
1607210 1005
1607220 1008
1607230 1012
1607240 1012
1607250 1016
1607260 1019
1607270 1019
1607280 1025
1607290 1032
1607300 1032
1607310 1040
1607320 1046
1607330 1046
1607340 1051
1607350 1057
1607360 1057
1607370 1063
1607380 1070
1607390 1078
1607400 1078
1607410 1084
1607420 1091
1607430 1091
1607440 1099
1607450 1106
1607460 1106
1607470 1113
1607480 1119
1607490 1119
1607500 1124
1607510 1130
1607520 1130
1607530 1136
1607540 1141
1607550 1141
1607560 1147
1607570 1152
1607580 1152
1607590 1155
1607600 1160
1607610 1160
1607620 1163
1607630 1166
1607640 1168
1607650 1168
1607660 1170
1607670 1173
1607680 1173
1607690 1175
1607700 1179
1607710 1179
1607720 1183
1607730 1187
1607740 1187
1607750 1192
1607760 1199
1607770 1199
1607780 1207
1607790 1214
1607800 1214
1607810 1221
1607820 1227
1607830 1227
1607840 1234
1607850 1240
1607860 1244
1607870 1244
1607880 1249
1607890 1252
1607900 1252
1607910 1255
1607920 1259
1607930 1259
1607940 1263
1607950 1268
1607960 1268
1607970 1273
1607980 1277
1607990 1277
1608000 1280
1608010 1283
1608020 1283
1608030 1287
1608040 1291
1608050 1291
1608060 1293
1608070 1296
1608080 1296
1608090 1299
1608100 1303
1608110 1307
1608120 1307
1608130 1312
1608140 1316
1608150 1316
1608160 1320
1608170 1323
1608180 1323
1608190 1325
1608200 1327
1608210 1327
1608220 1328
1608230 1330
1608240 1330
1608250 1332
1608260 1335
1608270 1335
1608280 1339
1608290 1343
1608300 1343
1608310 1345
1608320 1348
1608330 1351
1608340 1351
1608350 1354
1608360 1357
1608370 1357
1608380 1360
1608390 1363
1608400 1363
1608410 1366
1608420 1370
1608430 1370
1608440 1373
1608450 1376
1608460 1376
1608470 1377
1608480 1380
1608490 1380
1608500 1382
1608510 1385
1608520 1385
1608530 1387
1608540 1388
1608550 1388
1608560 1390
1608570 1392
1608580 1393
1608590 1393
1608600 1395
1608610 1398
1608620 1398
1608630 1402
1608640 1406
1608650 1406
1608660 1409
1608670 1413
1608680 1413
1608690 1416
1608700 1419
1608710 1419
1608720 1421
1608730 1423
1608740 1423
1608750 1425
1608760 1427
1608770 1427
1608780 1429
1608790 1431
1608800 1434
1608810 1434
1608820 1437
1608830 1440
1608840 1440
1608850 1443
1608860 1448
1608870 1448
1608880 1453
1608890 1459
1608900 1459
1608910 1464
1608920 1468
1608930 1468
1608940 1473
1608950 1477
1608960 1477
1608970 1481
1608980 1485
1608990 1485
1609000 1488
1609010 1492
1609020 1492
1609030 1495
1609040 1498
1609050 1501
1609060 1501
1609070 1504
1609080 1507
1609090 1507
1609100 1510
1609110 1513
1609120 1513
1609130 1516
1609140 1519
1609150 1519
1609160 1522
1609170 1525
1609180 1525
1609190 1529
1609200 1532
1609210 1532
1609220 1534
1609230 1536
1609240 1536
1609250 1538
1609260 1540
1609270 1540
1609280 1542
1609290 1543
1609300 1545
1609310 1545
1609320 1546
1609330 1547
1609340 1547
1609350 1549
1609360 1550
1609370 1550
1609380 1551
1609390 1552
1609400 1552
1609410 1552
1609420 1553
1609430 1553
1609440 1553
1609450 1554
1609460 1554
1609470 1556
1609480 1558
1609490 1558
1609500 1563
1609510 1567
1609520 1569
1609530 1569
1609540 1571
1609550 1574
1609560 1574
1609570 1574
1609580 1574
1609590 1574
1609600 1574
1609610 1574
1609620 1574
1609630 1574
1609640 1574
1609650 1574
1609660 1573
1609670 1571
1609680 1571
1609690 1571
1609700 1572
1609710 1572
1609720 1570
1609730 1567
1609740 1567
1609750 1566
1609760 1564
1609770 1562
1609780 1562
1609790 1560
1609800 1558
1609810 1558
1609820 1556
1609830 1555
1609840 1555
1609850 1553
1609860 1551
1609870 1551
1609880 1550
1609890 1548
1609900 1548
1609910 1547
1609920 1546
1609930 1546
1609940 1544
1609950 1541
1609960 1541
1609970 1539
1609980 1538
1609990 1538
1610000 1538
1610010 1537
1610020 1537
1610030 1537
1610040 1537
1610050 1537
1610060 1537
1610070 1537
1610080 1538
1610090 1538
1610100 1538
1610110 1538
1610120 1538
1610130 1539
1610140 1540
1610150 1540
1610160 1541
1610170 1542
1610180 1542
1610190 1542
1610200 1543
1610210 1543
1610220 1543
1610230 1543
1610240 1544
1610250 1544
1610260 1544
1610270 1545
1610280 1545
1610290 1546
1610300 1548
1610310 1548
1610320 1550
1610330 1553
1610340 1553
1610350 1556
1610360 1559
1610370 1559
1610380 1562
1610390 1564
1610400 1564
1610410 1566
1610420 1567
1610430 1567
1610440 1568
1610450 1567
1610460 1567
1610470 1567
1610480 1566
1610490 1565
1610500 1565
1610510 1565
1610520 1563
1610530 1563
1610540 1562
1610550 1559
1610560 1559
1610570 1557
1610580 1557
1610590 1557
1610600 1557
1610610 1556
1610620 1556
1610630 1556
1610640 1555
1610650 1555
1610660 1554
1610670 1554
1610680 1554
1610690 1554
1610700 1554
1610710 1553
1610720 1553
1610730 1553
1610740 1552
1610750 1552
1610760 1552
1610770 1552
1610780 1552
1610790 1550
1610800 1548
1610810 1548
1610820 1546
1610830 1545
1610840 1545
1610850 1545
1610860 1543
1610870 1543
1610880 1542
1610890 1539
1610900 1539
1610910 1537
1610920 1537
1610930 1536
1610940 1536
1610950 1535
1610960 1534
1610970 1534
1610980 1534
1610990 1534
1611000 1534
1611010 1535
1611020 1534
1611030 1534
1611040 1532
1611050 1530
1611060 1530
1611070 1529
1611080 1529
1611090 1529
1611100 1530
1611110 1530
1611120 1530
1611130 1529
1611140 1529
1611150 1529
1611160 1529
1611170 1528
1611180 1527
1611190 1527
1611200 1525
1611210 1523
1611220 1523
1611230 1520
1611240 1518
1611250 1518
1611260 1516
1611270 1514
1611280 1514
1611290 1512
1611300 1510
1611310 1510
1611320 1508
1611330 1506
1611340 1506
1611350 1504
1611360 1502
1611370 1502
1611380 1500
1611390 1498
1611400 1496
1611410 1501
1611420 1498
1611430 1496
1611440 1496
1611450 1493
1611460 1490
1611470 1490
1611480 1488
1611490 1483
1611500 1483
1611510 1479
1611520 1479
1611530 1479
1611540 1481
1611550 1483
1611560 1483
1611570 1484
1611580 1484
1611590 1484
1611600 1484
1611610 1484
1611620 1484
1611630 1484
1611640 1486
1611650 1487
1611660 1487
1611670 1488
1611680 1489
1611690 1489
1611700 1489
1611710 1491
1611720 1491
1611730 1493
1611740 1494
1611750 1494
1611760 1496
1611770 1495
1611780 1495
1611790 1494
1611800 1493
1611810 1493
1611820 1494
1611830 1495
1611840 1495
1611850 1495
1611860 1496
1611870 1497
1611880 1497
1611890 1498
1611900 1499
1611910 1499
1611920 1500
1611930 1502
1611940 1502
1611950 1505
1611960 1507
1611970 1507
1611980 1508
1611990 1508
1612000 1508
1612010 1510
1612020 1511
1612030 1511
1612040 1512
1612050 1513
1612060 1513
1612070 1514
1612080 1515
1612090 1515
1612100 1516
1612110 1517
1612120 1518
1612130 1518
1612140 1520
1612150 1521
1612160 1521
1612170 1522
1612180 1524
1612190 1524
1612200 1526
1612210 1527
1612220 1527
1612230 1529
1612240 1530
1612250 1530
1612260 1530
1612270 1531
1612280 1531
1612290 1532
1612300 1533
1612310 1533
1612320 1534
1612330 1534
1612340 1536
1612350 1536
1612360 1538
1612370 1540
1612380 1540
1612390 1541
1612400 1545
1612410 1545
1612420 1546
1612430 1548
1612440 1548
1612450 1549
1612460 1550
1612470 1550
1612480 1552
1612490 1555
1612500 1555
1612510 1558
1612520 1561
1612530 1561
1612540 1563
1612550 1564
1612560 1564
1612570 1565
1612580 1567
1612590 1570
1612600 1570
1612610 1573
1612620 1576
1612630 1576
1612640 1579
1612650 1581
1612660 1581
1612670 1583
1612680 1583
1612690 1583
1612700 1584
1612710 1585
1612720 1585
1612730 1586
1612740 1588
1612750 1588
1612760 1590
1612770 1593
1612780 1593
1612790 1594
1612800 1595
1612810 1596
1612820 1596
1612830 1596
1612840 1596
1612850 1596
1612860 1594
1612870 1592
1612880 1592
1612890 1590
1612900 1587
1612910 1587
1612920 1585
1612930 1582
1612940 1582
1612950 1580
1612960 1578
1612970 1578
1612980 1576
1612990 1575
1613000 1575
1613010 1573
1613020 1572
1613030 1572
1613040 1571
1613050 1570
1613060 1570
1613070 1570
1613080 1570
1613090 1570
1613100 1570
1613110 1570
1613120 1570
1613130 1570
1613140 1571
1613150 1571
1613160 1571
1613170 1572
1613180 1572
1613190 1572
1613200 1573
1613210 1574
1613220 1574
1613230 1575
1613240 1576
1613250 1576
1613260 1577
1613270 1578
1613280 1580
1613290 1580
1613300 1581
1613310 1581
1613320 1581
1613330 1582
1613340 1582
1613350 1582
1613360 1583
1613370 1584
1613380 1584
1613390 1579
1613400 1580
1613410 1580
1613420 1581
1613430 1582
1613440 1582
1613450 1583
1613460 1584
1613470 1584
1613480 1585
1613490 1586
1613500 1586
1613510 1587
1613520 1588
1613530 1589
1613540 1589
1613550 1591
1613560 1593
1613570 1593
1613580 1596
1613590 1598
1613600 1598
1613610 1600
1613620 1601
1613630 1601
1613640 1603
1613650 1604
1613660 1604
1613670 1605
1613680 1605
1613690 1605
1613700 1605
1613710 1604
1613720 1604
1613730 1602
1613740 1601
1613750 1598
1613760 1598
1613770 1595
1613780 1593
1613790 1593
1613800 1591
1613810 1588
1613820 1588
1613830 1585
1613840 1581
1613850 1581
1613860 1577
1613870 1575
1613880 1575
1613890 1573
1613900 1571
1613910 1571
1613920 1569
1613930 1567
1613940 1567
1613950 1565
1613960 1562
1613970 1562
1613980 1559
1613990 1556
1614000 1552
1614010 1552
1614020 1548
1614030 1544
1614040 1544
1614050 1540
1614060 1536
1614070 1536
1614080 1534
1614090 1534
1614100 1534
1614110 1533
1614120 1533
1614130 1533
1614140 1533
1614150 1534
1614160 1534
1614170 1537
1614180 1540
1614190 1540
1614200 1544
1614210 1549
1614220 1553
1614230 1553
1614240 1558
1614250 1561
1614260 1561
1614270 1564
1614280 1567
1614290 1567
1614300 1569
1614310 1570
1614320 1570
1614330 1571
1614340 1572
1614350 1572
1614360 1574
1614370 1576
1614380 1572
1614390 1574
1614400 1577
1614410 1577
1614420 1580
1614430 1582
1614440 1582
1614450 1584
1614460 1585
1614470 1585
1614480 1585
1614490 1585
1614500 1584
1614510 1584
1614520 1582
1614530 1580
1614540 1580
1614550 1576
1614560 1573
1614570 1573
1614580 1570
1614590 1566
1614600 1566
1614610 1562
1614620 1557
1614630 1557
1614640 1552
1614650 1546
1614660 1546
1614670 1541
1614680 1535
1614690 1529
1614700 1529
1614710 1524
1614720 1519
1614730 1519
1614740 1515
1614750 1510
1614760 1510
1614770 1506
1614780 1501
1614790 1501
1614800 1497
1614810 1493
1614820 1493
1614830 1491
1614840 1489
1614850 1489
1614860 1487
1614870 1484
1614880 1484
1614890 1481
1614900 1479
1614910 1479
1614920 1477
1614930 1475
1614940 1475
1614950 1475
1614960 1473
1614970 1471
1614980 1471
1614990 1469
1615000 1466
1615010 1466
1615020 1464
1615030 1462
1615040 1462
1615050 1459
1615060 1456
1615070 1456
1615080 1455
1615090 1458
1615100 1458
1615110 1462
1615120 1467
1615130 1467
1615140 1472
1615150 1478
1615160 1483
1615170 1483
1615180 1487
1615190 1492
1615200 1492
1615210 1496
1615220 1500
1615230 1500
1615240 1504
1615250 1508
1615260 1508
1615270 1512
1615280 1516
1615290 1516
1615300 1520
1615310 1524
1615320 1524
1615330 1528
1615340 1532
1615350 1528
1615360 1531
1615370 1535
1615380 1535
1615390 1539
1615400 1543
1615410 1547
1615420 1547
1615430 1550
1615440 1553
1615450 1553
1615460 1555
1615470 1558
1615480 1558
1615490 1561
1615500 1564
1615510 1564
1615520 1565
1615530 1567
1615540 1567
1615550 1568
1615560 1570
1615570 1570
1615580 1573
1615590 1575
1615600 1575
1615610 1578
1615620 1581
1615630 1583
1615640 1583
1615650 1586
1615660 1589
1615670 1589
1615680 1591
1615690 1593
1615700 1593
1615710 1595
1615720 1597
1615730 1597
1615740 1599
1615750 1601
1615760 1601
1615770 1602
1615780 1602
1615790 1602
1615800 1600
1615810 1598
1615820 1598
1615830 1595
1615840 1591
1615850 1591
1615860 1586
1615870 1581
1615880 1575
1615890 1575
1615900 1569
1615910 1563
1615920 1563
1615930 1557
1615940 1552
1615950 1552
1615960 1546
1615970 1541
1615980 1541
1615990 1535
1616000 1530
1616010 1530
1616020 1525
1616030 1520
1616040 1520
1616050 1516
1616060 1511
1616070 1511
1616080 1507
1616090 1501
1616100 1496
1616110 1496
1616120 1492
1616130 1489
1616140 1489
1616150 1486
1616160 1484
1616170 1484
1616180 1480
1616190 1476
1616200 1476
1616210 1472
1616220 1467
1616230 1467
1616240 1462
1616250 1460
1616260 1460
1616270 1457
1616280 1454
1616290 1454
1616300 1452
1616310 1450
1616320 1447
1616330 1444
1616340 1442
1616350 1441
1616360 1441
1616370 1439
1616380 1438
1616390 1438
1616400 1436
1616410 1432
1616420 1432
1616430 1428
1616440 1424
1616450 1424
1616460 1421
1616470 1418
1616480 1418
1616490 1414
1616500 1411
1616510 1411
1616520 1407
1616530 1403
1616540 1403
1616550 1398
1616560 1394
1616570 1394
1616580 1390
1616590 1387
1616600 1383
1616610 1383
1616620 1379
1616630 1374
1616640 1374
1616650 1367
1616660 1360
1616670 1360
1616680 1354
1616690 1354
1616700 1354
1616710 1357
1616720 1360
1616730 1360
1616740 1362
1616750 1362
1616760 1362
1616770 1364
1616780 1366
1616790 1366
1616800 1368
1616810 1371
1616820 1375
1616830 1375
1616840 1380
1616850 1382
1616860 1382
1616870 1384
1616880 1387
1616890 1387
1616900 1391
1616910 1394
1616920 1394
1616930 1396
1616940 1397
1616950 1397
1616960 1398
1616970 1399
1616980 1399
1616990 1399
1617000 1400
1617010 1400
1617020 1400
1617030 1402
1617040 1402
1617050 1403
1617060 1404
1617070 1404
1617080 1404
1617090 1402
1617100 1402
1617110 1402
1617120 1405
1617130 1408
1617140 1408
1617150 1411
1617160 1414
1617170 1414
1617180 1417
1617190 1420
1617200 1420
1617210 1423
1617220 1426
1617230 1426
1617240 1428
1617250 1430
1617260 1430
1617270 1433
1617280 1433
1617290 1436
1617300 1436
1617310 1439
1617320 1442
1617330 1442
1617340 1445
1617350 1448
1617360 1448
1617370 1452
1617380 1455
1617390 1455
1617400 1459
1617410 1463
1617420 1463
1617430 1467
1617440 1471
1617450 1471
1617460 1475
1617470 1479
1617480 1479
1617490 1482
1617500 1485
1617510 1485
1617520 1488
1617530 1491
1617540 1494
1617550 1494
1617560 1497
1617570 1500
1617580 1500
1617590 1503
1617600 1506
1617610 1506
1617620 1508
1617630 1510
1617640 1510
1617650 1512
1617660 1514
1617670 1514
1617680 1516
1617690 1518
1617700 1518
1617710 1520
1617720 1522
1617730 1522
1617740 1524
1617750 1524
1617760 1523
1617770 1523
1617780 1522
1617790 1521
1617800 1521
1617810 1520
1617820 1518
1617830 1518
1617840 1516
1617850 1513
1617860 1513
1617870 1511
1617880 1508
1617890 1508
1617900 1505
1617910 1503
1617920 1503
1617930 1499
1617940 1496
1617950 1496
1617960 1493
1617970 1490
1617980 1490
1617990 1486
1618000 1483
1618010 1479
1618020 1479
1618030 1476
1618040 1472
1618050 1472
1618060 1468
1618070 1464
1618080 1464
1618090 1460
1618100 1456
1618110 1456
1618120 1451
1618130 1446
1618140 1446
1618150 1440
1618160 1437
1618170 1437
1618180 1434
1618190 1431
1618200 1431
1618210 1428
1618220 1425
1618230 1423
1618240 1424
1618250 1421
1618260 1419
1618270 1419
1618280 1416
1618290 1412
1618300 1412
1618310 1409
1618320 1405
1618330 1405
1618340 1401
1618350 1398
1618360 1398
1618370 1396
1618380 1391
1618390 1391
1618400 1387
1618410 1382
1618420 1382
1618430 1377
1618440 1372
1618450 1372
1618460 1367
1618470 1362
1618480 1358
1618490 1358
1618500 1353
1618510 1348
1618520 1348
1618530 1343
1618540 1338
1618550 1338
1618560 1333
1618570 1328
1618580 1328
1618590 1322
1618600 1317
1618610 1317
1618620 1314
1618630 1308
1618640 1308
1618650 1303
1618660 1299
1618670 1299
1618680 1294
1618690 1290
1618700 1286
1618710 1286
1618720 1283
1618730 1280
1618740 1280
1618750 1277
1618760 1273
1618770 1273
1618780 1271
1618790 1267
1618800 1267
1618810 1263
1618820 1260
1618830 1260
1618840 1256
1618850 1251
1618860 1251
1618870 1245
1618880 1240
1618890 1240
1618900 1236
1618910 1231
1618920 1231
1618930 1227
1618940 1222
1618950 1218
1618960 1218
1618970 1212
1618980 1209
1618990 1209
1619000 1208
1619010 1206
1619020 1206
1619030 1203
1619040 1198
1619050 1198
1619060 1193
1619070 1187
1619080 1187
1619090 1182
1619100 1176
1619110 1176
1619120 1169
1619130 1163
1619140 1163
1619150 1157
1619160 1153
1619170 1148
1619180 1144
1619190 1140
1619200 1139
1619210 1139
1619220 1138
1619230 1136
1619240 1136
1619250 1135
1619260 1135
1619270 1135
1619280 1134
1619290 1135
1619300 1135
1619310 1136
1619320 1136
1619330 1136
1619340 1135
1619350 1134
1619360 1134
1619370 1134
1619380 1134
1619390 1134
1619400 1135
1619410 1137
1619420 1137
1619430 1137
1619440 1137
1619450 1137
1619460 1137
1619470 1137
1619480 1138
1619490 1138
1619500 1140
1619510 1141
1619520 1141
1619530 1142
1619540 1144
1619550 1144
1619560 1145
1619570 1145
1619580 1145
1619590 1145
1619600 1145
1619610 1145
1619620 1145
1619630 1144
1619640 1143
1619650 1143
1619660 1141
1619670 1139
1619680 1139
1619690 1137
1619700 1133
1619710 1133
1619720 1128
1619730 1125
1619740 1125
1619750 1121
1619760 1114
1619770 1114
1619780 1106
1619790 1098
1619800 1098
1619810 1091
1619820 1083
1619830 1083
1619840 1075
1619850 1068
1619860 1068
1619870 1062
1619880 1057
1619890 1057
1619900 1057
1619910 1059
1619920 1062
1619930 1062
1619940 1067
1619950 1071
1619960 1071
1619970 1077
1619980 1080
1619990 1080
