1600000 1185
1600010 1188
1600020 1188
1600030 1189
1600040 1190
1600050 1190
1600060 1191
1600070 1191
1600080 1191
1600090 1192
1600100 1192
1600110 1192
1600120 1193
1600130 1193
1600140 1193
1600150 1193
1600160 1194
1600170 1194
1600180 1194
1600190 1196
1600200 1196
1600210 1199
1600220 1200
1600230 1201
1600240 1201
1600250 1202
1600260 1202
1600270 1202
1600280 1205
1600290 1207
1600300 1207
1600310 1205
1600320 1206
1600330 1206
1600340 1206
1600350 1208
1600360 1208
1600370 1208
1600380 1210
1600390 1210
1600400 1211
1600410 1214
1600420 1214
1600430 1216
1600440 1216
1600450 1216
1600460 1218
1600470 1220
1600480 1221
1600490 1221
1600500 1222
1600510 1223
1600520 1223
1600530 1223
1600540 1224
1600550 1224
1600560 1227
1600570 1228
1600580 1228
1600590 1227
1600600 1228
1600610 1228
1600620 1231
1600630 1234
1600640 1234
1600650 1238
1600660 1241
1600670 1241
1600680 1244
1600690 1247
1600700 1247
1600710 1251
1600720 1253
1600730 1256
1600740 1256
1600750 1259
1600760 1262
1600770 1262
1600780 1265
1600790 1267
1600800 1267
1600810 1269
1600820 1270
1600830 1270
1600840 1272
1600850 1274
1600860 1274
1600870 1277
1600880 1279
1600890 1279
1600900 1282
1600910 1285
1600920 1285
1600930 1287
1600940 1288
1600950 1289
1600960 1289
1600970 1293
1600980 1297
1600990 1294
1601000 1297
1601010 1301
1601020 1301
1601030 1306
1601040 1310
1601050 1310
1601060 1312
1601070 1314
1601080 1314
1601090 1317
1601100 1320
1601110 1320
1601120 1324
1601130 1327
1601140 1327
1601150 1330
1601160 1332
1601170 1332
1601180 1335
1601190 1338
1601200 1341
1601210 1341
1601220 1343
1601230 1346
1601240 1346
1601250 1350
1601260 1353
1601270 1353
1601280 1356
1601290 1360
1601300 1360
1601310 1363
1601320 1367
1601330 1367
1601340 1371
1601350 1375
1601360 1375
1601370 1380
1601380 1385
1601390 1385
1601400 1390
1601410 1393
1601420 1393
1601430 1398
1601440 1402
1601450 1406
1601460 1406
1601470 1409
1601480 1413
1601490 1413
1601500 1417
1601510 1421
1601520 1421
1601530 1425
1601540 1429
1601550 1429
1601560 1433
1601570 1436
1601580 1436
1601590 1439
1601600 1443
1601610 1443
1601620 1447
1601630 1450
1601640 1450
1601650 1453
1601660 1456
1601670 1459
1601680 1459
1601690 1463
1601700 1466
1601710 1466
1601720 1469
1601730 1473
1601740 1473
1601750 1478
1601760 1483
1601770 1483
1601780 1488
1601790 1492
1601800 1492
1601810 1495
1601820 1499
1601830 1499
1601840 1503
1601850 1507
1601860 1507
1601870 1511
1601880 1515
1601890 1515
1601900 1519
1601910 1523
1601920 1527
1601930 1527
1601940 1532
1601950 1535
1601960 1535
1601970 1537
1601980 1538
1601990 1538
1602000 1539
1602010 1539
1602020 1539
1602030 1538
1602040 1537
1602050 1537
1602060 1536
1602070 1537
1602080 1537
1602090 1536
1602100 1534
1602110 1534
1602120 1532
1602130 1530
1602140 1527
1602150 1527
1602160 1524
1602170 1520
1602180 1520
1602190 1516
1602200 1513
1602210 1513
1602220 1508
1602230 1504
1602240 1504
1602250 1500
1602260 1496
1602270 1496
1602280 1493
1602290 1489
1602300 1489
1602310 1485
1602320 1482
1602330 1482
1602340 1480
1602350 1477
1602360 1477
1602370 1475
1602380 1474
1602390 1472
1602400 1472
1602410 1469
1602420 1466
1602430 1466
1602440 1463
1602450 1461
1602460 1461
1602470 1458
1602480 1453
1602490 1453
1602500 1451
1602510 1449
1602520 1449
1602530 1446
1602540 1441
1602550 1441
1602560 1436
1602570 1432
1602580 1432
1602590 1434
1602600 1436
1602610 1436
1602620 1437
1602630 1439
1602640 1441
1602650 1441
1602660 1443
1602670 1446
1602680 1446
1602690 1448
1602700 1450
1602710 1450
1602720 1452
1602730 1454
1602740 1454
1602750 1456
1602760 1457
1602770 1457
1602780 1458
1602790 1460
1602800 1460
1602810 1462
1602820 1464
1602830 1464
1602840 1466
1602850 1468
1602860 1471
1602870 1471
1602880 1473
1602890 1475
1602900 1475
1602910 1475
1602920 1477
1602930 1477
1602940 1480
1602950 1482
1602960 1482
1602970 1483
1602980 1486
1602990 1486
1603000 1488
1603010 1490
1603020 1490
1603030 1493
1603040 1495
1603050 1495
1603060 1498
1603070 1501
1603080 1501
1603090 1504
1603100 1506
1603110 1509
1603120 1509
1603130 1512
1603140 1514
1603150 1516
1603160 1516
1603170 1513
1603180 1513
1603190 1510
1603200 1508
1603210 1508
1603220 1504
1603230 1501
1603240 1501
1603250 1497
1603260 1492
1603270 1492
1603280 1485
1603290 1480
1603300 1480
1603310 1472
1603320 1465
1603330 1465
1603340 1457
1603350 1452
1603360 1447
1603370 1447
1603380 1444
1603390 1439
1603400 1439
1603410 1435
1603420 1430
1603430 1430
1603440 1427
1603450 1424
1603460 1424
1603470 1420
1603480 1415
1603490 1415
1603500 1411
1603510 1408
1603520 1408
1603530 1406
1603540 1405
1603550 1405
1603560 1404
1603570 1403
1603580 1400
1603590 1400
1603600 1396
1603610 1393
1603620 1393
1603630 1390
1603640 1386
1603650 1386
1603660 1380
1603670 1375
1603680 1375
1603690 1371
1603700 1367
1603710 1367
1603720 1363
1603730 1359
1603740 1359
1603750 1355
1603760 1352
1603770 1352
1603780 1349
1603790 1347
1603800 1347
1603810 1346
1603820 1344
1603830 1341
1603840 1341
1603850 1339
1603860 1338
1603870 1338
1603880 1337
1603890 1335
1603900 1335
1603910 1332
1603920 1328
1603930 1328
1603940 1324
1603950 1320
1603960 1320
1603970 1316
1603980 1312
1603990 1312
1604000 1307
1604010 1302
1604020 1302
1604030 1297
1604040 1291
1604050 1286
1604060 1286
1604070 1279
1604080 1273
1604090 1273
1604100 1266
1604110 1259
1604120 1259
1604130 1253
1604140 1247
1604150 1247
1604160 1242
1604170 1238
1604180 1238
1604190 1233
1604200 1228
1604210 1228
1604220 1224
1604230 1218
1604240 1218
1604250 1213
1604260 1209
1604270 1209
1604280 1207
1604290 1204
1604300 1202
1604310 1202
1604320 1200
1604330 1196
1604340 1196
1604350 1192
1604360 1188
1604370 1188
1604380 1185
1604390 1182
1604400 1182
1604410 1179
1604420 1177
1604430 1177
1604440 1174
1604450 1170
1604460 1170
1604470 1167
1604480 1164
1604490 1164
1604500 1160
1604510 1157
1604520 1157
1604530 1154
1604540 1152
1604550 1149
1604560 1149
1604570 1144
1604580 1140
1604590 1140
1604600 1136
1604610 1131
1604620 1131
1604630 1126
1604640 1121
1604650 1121
1604660 1117
1604670 1113
1604680 1113
1604690 1108
1604700 1102
1604710 1102
1604720 1098
1604730 1096
1604740 1096
1604750 1092
1604760 1085
1604770 1078
1604780 1078
1604790 1071
1604800 1067
1604810 1067
1604820 1064
1604830 1059
1604840 1059
1604850 1054
1604860 1048
1604870 1048
1604880 1044
1604890 1040
1604900 1040
1604910 1036
1604920 1031
1604930 1031
1604940 1027
1604950 1023
1604960 1023
1604970 1018
1604980 1011
1604990 1011
1605000 1004
1605010 998
1605020 992
1605030 992
1605040 986
1605050 979
1605060 979
1605070 973
1605080 966
1605090 966
1605100 960
1605110 953
1605120 953
1605130 948
1605140 941
1605150 941
1605160 934
1605170 926
1605180 926
1605190 921
1605200 915
1605210 915
1605220 909
1605230 901
1605240 901
1605250 895
1605260 889
1605270 883
1605280 883
1605290 876
1605300 871
1605310 871
1605320 867
1605330 864
1605340 864
1605350 861
1605360 858
1605370 858
1605380 855
1605390 852
1605400 852
1605410 849
1605420 846
1605430 846
1605440 842
1605450 839
1605460 839
1605470 837
1605480 835
1605490 832
1605500 832
1605510 828
1605520 816
1605530 816
1605540 805
1605550 795
1605560 795
1605570 786
1605580 779
1605590 779
1605600 771
1605610 764
1605620 764
1605630 759
1605640 754
1605650 754
1605660 749
1605670 746
1605680 746
1605690 744
1605700 743
1605710 743
1605720 742
1605730 741
1605740 741
1605750 741
1605760 740
1605770 739
1605780 739
1605790 738
1605800 738
1605810 738
1605820 737
1605830 736
1605840 736
1605850 733
1605860 730
1605870 730
1605880 729
1605890 727
1605900 727
1605910 726
1605920 726
1605930 726
1605940 726
1605950 726
1605960 726
1605970 726
1605980 726
1605990 726
1606000 726
1606010 726
1606020 726
1606030 726
1606040 726
1606050 727
1606060 727
1606070 726
1606080 725
1606090 725
1606100 725
1606110 725
1606120 725
1606130 725
1606140 726
1606150 726
1606160 727
1606170 727
1606180 727
1606190 727
1606200 727
1606210 726
1606220 726
1606230 726
1606240 726
1606250 726
1606260 726
1606270 726
1606280 726
1606290 726
1606300 726
1606310 726
1606320 726
1606330 726
1606340 726
1606350 726
1606360 726
1606370 726
1606380 726
1606390 726
1606400 726
1606410 726
1606420 726
1606430 726
1606440 726
1606450 726
1606460 726
1606470 726
1606480 726
1606490 727
1606500 727
1606510 728
1606520 728
1606530 728
1606540 727
1606550 727
1606560 727
1606570 727
1606580 727
1606590 727
1606600 727
1606610 729
1606620 729
1606630 733
1606640 734
1606650 734
1606660 735
1606670 734
1606680 733
1606690 733
1606700 733
1606710 737
1606720 737
1606730 743
1606740 749
1606750 749
1606760 756
1606770 762
1606780 762
1606790 766
1606800 770
1606810 770
1606820 775
1606830 780
1606840 780
1606850 784
1606860 789
1606870 789
1606880 795
1606890 801
1606900 801
1606910 806
1606920 811
1606930 816
1606940 816
1606950 821
1606960 827
1606970 827
1606980 833
1606990 840
1607000 840
1607010 847
1607020 853
1607030 853
1607040 860
1607050 865
1607060 865
1607070 871
1607080 876
1607090 876
1607100 882
1607110 887
1607120 887
1607130 893
1607140 898
1607150 898
1607160 902
1607170 905
1607180 910
1607190 910
1607200 913
1607210 917
1607220 917
1607230 921
1607240 926
1607250 926
1607260 929
1607270 932
1607280 932
1607290 933
1607300 937
1607310 937
1607320 941
1607330 946
1607340 946
1607350 949
1607360 951
1607370 951
1607380 958
1607390 965
1607400 971
1607410 971
1607420 976
1607430 981
1607440 981
1607450 986
1607460 991
1607470 991
1607480 996
1607490 1001
1607500 1001
1607510 1008
1607520 1014
1607530 1014
1607540 1021
1607550 1028
1607560 1028
1607570 1035
1607580 1042
1607590 1042
1607600 1049
1607610 1057
1607620 1057
1607630 1064
1607640 1072
1607650 1079
1607660 1079
1607670 1088
1607680 1095
1607690 1095
1607700 1103
1607710 1110
1607720 1110
1607730 1119
1607740 1126
1607750 1126
1607760 1133
1607770 1139
1607780 1139
1607790 1144
1607800 1148
1607810 1148
1607820 1151
1607830 1154
1607840 1154
1607850 1157
1607860 1161
1607870 1164
1607880 1164
1607890 1168
1607900 1171
1607910 1171
1607920 1174
1607930 1176
1607940 1176
1607950 1177
1607960 1179
1607970 1179
1607980 1182
1607990 1186
1608000 1186
1608010 1190
1608020 1194
1608030 1194
1608040 1198
1608050 1205
1608060 1205
1608070 1212
1608080 1217
1608090 1217
1608100 1221
1608110 1225
1608120 1231
1608130 1231
1608140 1233
1608150 1234
1608160 1234
1608170 1236
1608180 1238
1608190 1238
1608200 1240
1608210 1242
1608220 1242
1608230 1245
1608240 1246
1608250 1246
1608260 1248
1608270 1250
1608280 1250
1608290 1253
1608300 1254
1608310 1254
1608320 1255
1608330 1257
1608340 1257
1608350 1258
1608360 1259
1608370 1261
1608380 1261
1608390 1267
1608400 1271
1608410 1271
1608420 1276
1608430 1282
1608440 1282
1608450 1289
1608460 1293
1608470 1293
1608480 1295
1608490 1297
1608500 1297
1608510 1298
1608520 1299
1608530 1299
1608540 1301
1608550 1303
1608560 1303
1608570 1305
1608580 1306
1608590 1307
1608600 1307
1608610 1309
1608620 1313
1608630 1313
1608640 1316
1608650 1318
1608660 1318
1608670 1319
1608680 1321
1608690 1321
1608700 1323
1608710 1325
1608720 1325
1608730 1328
1608740 1328
1608750 1328
1608760 1328
1608770 1327
1608780 1327
1608790 1326
1608800 1327
1608810 1327
1608820 1327
1608830 1328
1608840 1329
1608850 1329
1608860 1330
1608870 1331
1608880 1331
1608890 1331
1608900 1331
1608910 1331
1608920 1331
1608930 1331
1608940 1331
1608950 1331
1608960 1332
1608970 1332
1608980 1333
1608990 1335
1609000 1335
1609010 1338
1609020 1340
1609030 1340
1609040 1341
1609050 1341
1609060 1341
1609070 1341
1609080 1344
1609090 1347
1609100 1347
1609110 1350
1609120 1352
1609130 1352
1609140 1353
1609150 1353
1609160 1353
1609170 1353
1609180 1354
1609190 1354
1609200 1356
1609210 1359
1609220 1359
1609230 1362
1609240 1364
1609250 1364
1609260 1366
1609270 1368
1609280 1368
1609290 1367
1609300 1365
1609310 1361
1609320 1361
1609330 1358
1609340 1357
1609350 1357
1609360 1355
1609370 1355
1609380 1355
1609390 1354
1609400 1352
1609410 1350
1609420 1349
1609430 1348
1609440 1348
1609450 1347
1609460 1347
1609470 1347
1609480 1348
1609490 1350
1609500 1350
1609510 1353
1609520 1355
1609530 1355
1609540 1357
1609550 1357
1609560 1358
1609570 1358
1609580 1359
1609590 1359
1609600 1359
1609610 1360
1609620 1363
1609630 1363
1609640 1367
1609650 1372
1609660 1372
1609670 1376
1609680 1381
1609690 1381
1609700 1383
1609710 1385
1609720 1385
1609730 1386
1609740 1387
1609750 1387
1609760 1390
1609770 1393
1609780 1393
1609790 1396
1609800 1400
1609810 1404
1609820 1404
1609830 1407
1609840 1410
1609850 1410
1609860 1414
1609870 1417
1609880 1417
1609890 1421
1609900 1425
1609910 1425
1609920 1429
1609930 1434
1609940 1434
1609950 1440
1609960 1445
1609970 1445
1609980 1450
1609990 1453
1610000 1453
1610010 1455
1610020 1455
1610030 1457
1610040 1457
1610050 1459
1610060 1461
1610070 1461
1610080 1464
1610090 1469
1610100 1469
1610110 1474
1610120 1477
1610130 1477
1610140 1479
1610150 1481
1610160 1481
1610170 1486
1610180 1490
1610190 1490
1610200 1495
1610210 1499
1610220 1499
1610230 1503
1610240 1506
1610250 1506
1610260 1510
1610270 1513
1610280 1517
1610290 1517
1610300 1520
1610310 1523
1610320 1523
1610330 1526
1610340 1528
1610350 1528
1610360 1529
1610370 1528
1610380 1528
1610390 1527
1610400 1527
1610410 1527
1610420 1528
1610430 1531
1610440 1531
1610450 1532
1610460 1534
1610470 1534
1610480 1535
1610490 1537
1610500 1538
1610510 1538
1610520 1539
1610530 1541
1610540 1541
1610550 1542
1610560 1542
1610570 1542
1610580 1543
1610590 1545
1610600 1545
1610610 1547
1610620 1549
1610630 1549
1610640 1551
1610650 1555
1610660 1555
1610670 1558
1610680 1562
1610690 1562
1610700 1565
1610710 1568
1610720 1568
1610730 1571
1610740 1574
1610750 1577
1610760 1577
1610770 1580
1610780 1583
1610790 1583
1610800 1587
1610810 1592
1610820 1592
1610830 1596
1610840 1598
1610850 1598
1610860 1599
1610870 1600
1610880 1600
1610890 1600
1610900 1601
1610910 1601
1610920 1600
1610930 1599
1610940 1599
1610950 1598
1610960 1596
1610970 1596
1610980 1594
1610990 1591
1611000 1587
1611010 1587
1611020 1583
1611030 1580
1611040 1580
1611050 1576
1611060 1572
1611070 1572
1611080 1569
1611090 1566
1611100 1566
1611110 1562
1611120 1559
1611130 1559
1611140 1557
1611150 1554
1611160 1554
1611170 1551
1611180 1547
1611190 1547
1611200 1544
1611210 1540
1611220 1536
1611230 1536
1611240 1533
1611250 1529
1611260 1529
1611270 1525
1611280 1521
1611290 1521
1611300 1516
1611310 1512
1611320 1512
1611330 1507
1611340 1503
1611350 1503
1611360 1501
1611370 1497
1611380 1497
1611390 1493
1611400 1489
1611410 1489
1611420 1486
1611430 1483
1611440 1486
1611450 1483
1611460 1480
1611470 1477
1611480 1477
1611490 1474
1611500 1470
1611510 1470
1611520 1465
1611530 1459
1611540 1459
1611550 1455
1611560 1450
1611570 1450
1611580 1446
1611590 1442
1611600 1442
1611610 1439
1611620 1436
1611630 1436
1611640 1432
1611650 1427
1611660 1427
1611670 1421
1611680 1415
1611690 1415
1611700 1410
1611710 1405
1611720 1400
1611730 1400
1611740 1393
1611750 1388
1611760 1388
1611770 1380
1611780 1373
1611790 1373
1611800 1366
1611810 1360
1611820 1360
1611830 1354
1611840 1349
1611850 1349
1611860 1346
1611870 1343
1611880 1343
1611890 1340
1611900 1335
1611910 1335
1611920 1331
1611930 1325
1611940 1319
1611950 1319
1611960 1313
1611970 1307
1611980 1307
1611990 1300
1612000 1294
1612010 1294
1612020 1288
1612030 1282
1612040 1282
1612050 1276
1612060 1270
1612070 1270
1612080 1264
1612090 1259
1612100 1259
1612110 1255
1612120 1250
1612130 1250
1612140 1246
1612150 1241
1612160 1241
1612170 1235
1612180 1230
1612190 1228
1612200 1228
1612210 1226
1612220 1224
1612230 1224
1612240 1221
1612250 1217
1612260 1217
1612270 1215
1612280 1213
1612290 1213
1612300 1212
1612310 1212
1612320 1212
1612330 1211
1612340 1211
1612350 1211
1612360 1210
1612370 1207
1612380 1207
1612390 1204
1612400 1202
1612410 1201
1612420 1201
1612430 1205
1612440 1205
1612450 1205
1612460 1208
1612470 1214
1612480 1214
1612490 1219
1612500 1221
1612510 1221
1612520 1216
1612530 1212
1612540 1212
1612550 1209
1612560 1206
1612570 1206
1612580 1201
1612590 1198
1612600 1198
1612610 1193
1612620 1188
1612630 1188
1612640 1185
1612650 1180
1612660 1173
1612670 1173
1612680 1166
1612690 1161
1612700 1161
1612710 1158
1612720 1154
1612730 1154
1612740 1151
1612750 1148
1612760 1148
1612770 1147
1612780 1149
1612790 1149
1612800 1151
1612810 1153
1612820 1153
1612830 1152
1612840 1150
1612850 1150
1612860 1149
1612870 1148
1612880 1148
1612890 1148
1612900 1147
1612910 1146
1612920 1146
1612930 1145
1612940 1144
1612950 1144
1612960 1144
1612970 1143
1612980 1143
1612990 1143
1613000 1144
1613010 1144
1613020 1145
1613030 1145
1613040 1145
1613050 1146
1613060 1146
1613070 1146
1613080 1149
1613090 1151
1613100 1151
1613110 1153
1613120 1156
1613130 1159
1613140 1159
1613150 1162
1613160 1164
1613170 1164
1613180 1167
1613190 1170
1613200 1170
1613210 1171
1613220 1168
1613230 1168
1613240 1164
1613250 1160
1613260 1160
1613270 1155
1613280 1150
1613290 1150
1613300 1146
1613310 1142
1613320 1142
1613330 1138
1613340 1135
1613350 1135
1613360 1130
1613370 1126
1613380 1121
1613390 1121
1613400 1117
1613410 1112
1613420 1111
1613430 1106
1613440 1100
1613450 1100
1613460 1101
1613470 1102
1613480 1102
1613490 1105
1613500 1109
1613510 1109
1613520 1114
1613530 1119
1613540 1119
1613550 1126
1613560 1132
1613570 1132
1613580 1135
1613590 1139
1613600 1139
1613610 1142
1613620 1146
1613630 1150
1613640 1150
1613650 1154
1613660 1158
1613670 1158
1613680 1162
1613690 1166
1613700 1166
1613710 1170
1613720 1174
1613730 1174
1613740 1178
1613750 1182
1613760 1182
1613770 1185
1613780 1188
1613790 1188
1613800 1190
1613810 1193
1613820 1193
1613830 1196
1613840 1199
1613850 1201
1613860 1201
1613870 1204
1613880 1207
1613890 1207
1613900 1209
1613910 1211
1613920 1211
1613930 1214
1613940 1217
1613950 1217
1613960 1221
1613970 1224
1613980 1224
1613990 1226
1614000 1229
1614010 1229
1614020 1233
1614030 1236
1614040 1236
1614050 1240
1614060 1243
1614070 1243
1614080 1246
1614090 1250
1614100 1253
1614110 1253
1614120 1257
1614130 1260
1614140 1260
1614150 1263
1614160 1266
1614170 1266
1614180 1270
1614190 1274
1614200 1274
1614210 1277
1614220 1280
1614230 1280
1614240 1283
1614250 1287
1614260 1287
1614270 1291
1614280 1294
1614290 1294
1614300 1298
1614310 1301
1614320 1301
1614330 1304
1614340 1307
1614350 1311
1614360 1311
1614370 1314
1614380 1317
1614390 1317
1614400 1321
1614410 1325
1614420 1325
1614430 1328
1614440 1331
1614450 1331
1614460 1334
1614470 1338
1614480 1338
1614490 1341
1614500 1345
1614510 1345
1614520 1348
1614530 1350
1614540 1350
1614550 1352
1614560 1353
1614570 1354
1614580 1354
1614590 1355
1614600 1356
1614610 1356
1614620 1355
1614630 1353
1614640 1353
1614650 1350
1614660 1347
1614670 1347
1614680 1345
1614690 1343
1614700 1343
1614710 1340
1614720 1338
1614730 1338
1614740 1335
1614750 1331
1614760 1331
1614770 1325
1614780 1320
1614790 1320
1614800 1317
1614810 1315
1614820 1314
1614830 1314
1614840 1314
1614850 1314
1614860 1314
1614870 1314
1614880 1315
1614890 1315
1614900 1316
1614910 1316
1614920 1316
1614930 1315
1614940 1311
1614950 1311
1614960 1309
1614970 1307
1614980 1307
1614990 1303
1615000 1299
1615010 1299
1615020 1295
1615030 1291
1615040 1291
1615050 1286
1615060 1281
1615070 1277
1615080 1277
1615090 1273
1615100 1277
1615110 1277
1615120 1279
1615130 1279
1615140 1279
1615150 1281
1615160 1285
1615170 1285
1615180 1289
1615190 1292
1615200 1292
1615210 1294
1615220 1297
1615230 1297
1615240 1299
1615250 1303
1615260 1303
1615270 1305
1615280 1308
1615290 1310
1615300 1310
1615310 1312
1615320 1314
1615330 1314
1615340 1315
1615350 1316
1615360 1316
1615370 1316
1615380 1314
1615390 1314
1615400 1313
1615410 1312
1615420 1312
1615430 1313
1615440 1313
1615450 1313
1615460 1314
1615470 1316
1615480 1316
1615490 1317
1615500 1319
1615510 1319
1615520 1321
1615530 1323
1615540 1326
1615550 1326
1615560 1329
1615570 1331
1615580 1331
1615590 1334
1615600 1338
1615610 1338
1615620 1343
1615630 1347
1615640 1347
1615650 1351
1615660 1354
1615670 1354
1615680 1357
1615690 1360
1615700 1360
1615710 1362
1615720 1364
1615730 1364
1615740 1364
1615750 1360
1615760 1355
1615770 1355
1615780 1349
1615790 1343
1615800 1343
1615810 1338
1615820 1331
1615830 1331
1615840 1325
1615850 1319
1615860 1319
1615870 1312
1615880 1306
1615890 1306
1615900 1300
1615910 1294
1615920 1294
1615930 1290
1615940 1288
1615950 1288
1615960 1287
1615970 1286
1615980 1286
1615990 1285
1616000 1285
1616010 1284
1616020 1284
1616030 1284
1616040 1282
1616050 1282
1616060 1281
1616070 1281
1616080 1281
1616090 1282
1616100 1283
1616110 1283
1616120 1282
1616130 1280
1616140 1280
1616150 1278
1616160 1275
1616170 1275
1616180 1272
1616190 1269
1616200 1269
1616210 1265
1616220 1260
1616230 1260
1616240 1255
1616250 1250
1616260 1247
1616270 1247
1616280 1244
1616290 1242
1616300 1242
1616310 1239
1616320 1236
1616330 1236
1616340 1232
1616350 1231
1616360 1231
1616370 1227
1616380 1222
1616390 1222
1616400 1220
1616410 1216
1616420 1216
1616430 1214
1616440 1211
1616450 1211
1616460 1207
1616470 1201
1616480 1196
1616490 1196
1616500 1190
1616510 1184
1616520 1184
1616530 1179
1616540 1172
1616550 1172
1616560 1167
1616570 1162
1616580 1162
1616590 1158
1616600 1153
1616610 1153
1616620 1149
1616630 1144
1616640 1144
1616650 1140
1616660 1135
1616670 1135
1616680 1130
1616690 1125
1616700 1125
1616710 1121
1616720 1116
1616730 1112
1616740 1112
1616750 1107
1616760 1102
1616770 1102
1616780 1098
1616790 1092
1616800 1092
1616810 1084
1616820 1078
1616830 1078
1616840 1072
1616850 1066
1616860 1066
1616870 1060
1616880 1054
1616890 1054
1616900 1047
1616910 1044
1616920 1044
1616930 1049
1616940 1051
1616950 1051
1616960 1053
1616970 1053
1616980 1054
1616990 1054
1617000 1055
1617010 1056
1617020 1056
1617030 1056
1617040 1057
1617050 1057
1617060 1056
1617070 1056
1617080 1056
1617090 1055
1617100 1055
1617110 1055
1617120 1055
1617130 1055
1617140 1055
1617150 1054
1617160 1053
1617170 1053
1617180 1052
1617190 1052
1617200 1050
1617210 1050
1617220 1048
1617230 1045
1617240 1045
1617250 1039
1617260 1034
1617270 1034
1617280 1029
1617290 1025
1617300 1025
1617310 1017
1617320 1015
1617330 1015
1617340 1013
1617350 1013
1617360 1013
1617370 1013
1617380 1018
1617390 1018
1617400 1027
1617410 1035
1617420 1035
1617430 1041
1617440 1048
1617450 1054
1617460 1054
1617470 1060
1617480 1066
1617490 1066
1617500 1070
1617510 1074
1617520 1074
1617530 1078
1617540 1082
1617550 1082
1617560 1087
1617570 1092
1617580 1092
1617590 1095
1617600 1099
1617610 1099
1617620 1103
1617630 1107
1617640 1107
1617650 1113
1617660 1119
1617670 1119
1617680 1125
1617690 1130
1617700 1133
1617710 1133
1617720 1136
1617730 1138
1617740 1138
1617750 1141
1617760 1145
1617770 1145
1617780 1149
1617790 1153
1617800 1153
1617810 1156
1617820 1159
1617830 1159
1617840 1162
1617850 1165
1617860 1165
1617870 1169
1617880 1175
1617890 1175
1617900 1180
1617910 1186
1617920 1191
1617930 1191
1617940 1196
1617950 1199
1617960 1199
1617970 1201
1617980 1204
1617990 1204
1618000 1207
1618010 1209
1618020 1209
1618030 1212
1618040 1214
1618050 1214
1618060 1216
1618070 1218
1618080 1218
1618090 1220
1618100 1222
1618110 1222
1618120 1222
1618130 1223
1618140 1223
1618150 1226
1618160 1228
1618170 1230
1618180 1230
1618190 1232
1618200 1235
1618210 1235
1618220 1236
1618230 1239
1618240 1239
1618250 1243
1618260 1248
1618270 1248
1618280 1253
1618290 1258
1618300 1258
1618310 1262
1618320 1266
1618330 1266
1618340 1271
1618350 1276
1618360 1276
1618370 1280
1618380 1285
1618390 1290
1618400 1290
1618410 1296
1618420 1302
1618430 1302
1618440 1307
1618450 1312
1618460 1312
1618470 1317
1618480 1322
1618490 1322
1618500 1326
1618510 1329
1618520 1329
1618530 1333
1618540 1337
1618550 1337
1618560 1341
1618570 1345
1618580 1345
1618590 1349
1618600 1355
1618610 1355
1618620 1360
1618630 1365
1618640 1370
1618650 1370
1618660 1374
1618670 1380
1618680 1380
1618690 1385
1618700 1389
1618710 1389
1618720 1393
1618730 1396
1618740 1396
1618750 1399
1618760 1403
1618770 1403
1618780 1407
1618790 1408
1618800 1408
1618810 1408
1618820 1409
1618830 1409
1618840 1411
1618850 1414
1618860 1414
1618870 1415
1618880 1414
1618890 1415
1618900 1415
1618910 1418
1618920 1421
1618930 1421
1618940 1423
1618950 1425
1618960 1425
1618970 1426
1618980 1427
1618990 1427
1619000 1429
1619010 1432
1619020 1432
1619030 1435
1619040 1440
1619050 1440
1619060 1445
1619070 1449
1619080 1449
1619090 1454
1619100 1458
1619110 1462
1619120 1462
1619130 1463
1619140 1463
1619150 1463
1619160 1461
1619170 1458
1619180 1458
1619190 1457
1619200 1457
1619210 1453
1619220 1452
1619230 1452
1619240 1452
1619250 1451
1619260 1449
1619270 1449
1619280 1448
1619290 1447
1619300 1447
1619310 1448
1619320 1449
1619330 1449
1619340 1449
1619350 1449
1619360 1450
1619370 1450
1619380 1450
1619390 1451
1619400 1451
1619410 1453
1619420 1455
1619430 1455
1619440 1455
1619450 1452
1619460 1452
1619470 1448
1619480 1443
1619490 1443
1619500 1437
1619510 1433
1619520 1433
1619530 1428
1619540 1424
1619550 1424
1619560 1419
1619570 1414
1619580 1414
1619590 1408
1619600 1402
1619610 1396
1619620 1396
1619630 1391
1619640 1385
1619650 1385
1619660 1380
1619670 1376
1619680 1376
1619690 1370
1619700 1364
1619710 1364
1619720 1357
1619730 1351
1619740 1351
1619750 1345
1619760 1342
1619770 1342
1619780 1339
1619790 1338
1619800 1338
1619810 1337
1619820 1335
1619830 1328
1619840 1328
1619850 1319
1619860 1312
1619870 1312
1619880 1306
1619890 1300
1619900 1300
1619910 1295
1619920 1290
1619930 1290
1619940 1288
1619950 1289
1619960 1289
1619970 1292
1619980 1295
1619990 1295
