1600000 1205
1600010 1205
1600020 1206
1600030 1208
1600040 1208
1600050 1209
1600060 1210
1600070 1210
1600080 1211
1600090 1212
1600100 1214
1600110 1214
1600120 1217
1600130 1218
1600140 1218
1600150 1220
1600160 1221
1600170 1221
1600180 1222
1600190 1224
1600200 1224
1600210 1225
1600220 1226
1600230 1226
1600240 1228
1600250 1231
1600260 1231
1600270 1233
1600280 1235
1600290 1235
1600300 1237
1600310 1238
1600320 1240
1600330 1240
1600340 1241
1600350 1242
1600360 1242
1600370 1241
1600380 1242
1600390 1242
1600400 1242
1600410 1245
1600420 1245
1600430 1246
1600440 1251
1600450 1251
1600460 1252
1600470 1252
1600480 1252
1600490 1252
1600500 1252
1600510 1252
1600520 1251
1600530 1251
1600540 1251
1600550 1250
1600560 1251
1600570 1252
1600580 1252
1600590 1252
1600600 1252
1600610 1252
1600620 1253
1600630 1253
1600640 1253
1600650 1254
1600660 1256
1600670 1256
1600680 1257
1600690 1258
1600700 1258
1600710 1257
1600720 1257
1600730 1257
1600740 1257
1600750 1256
1600760 1256
1600770 1257
1600780 1255
1600790 1255
1600800 1251
1600810 1253
1600820 1256
1600830 1256
1600840 1254
1600850 1255
1600860 1255
1600870 1258
1600880 1259
1600890 1259
1600900 1262
1600910 1264
1600920 1264
1600930 1265
1600940 1268
1600950 1268
1600960 1272
1600970 1274
1600980 1274
1600990 1277
1601000 1280
1601010 1280
1601020 1282
1601030 1287
1601040 1292
1601050 1292
1601060 1295
1601070 1299
1601080 1299
1601090 1301
1601100 1302
1601110 1302
1601120 1304
1601130 1309
1601140 1309
1601150 1313
1601160 1316
1601170 1316
1601180 1321
1601190 1325
1601200 1325
1601210 1328
1601220 1331
1601230 1331
1601240 1334
1601250 1338
1601260 1338
1601270 1341
1601280 1344
1601290 1347
1601300 1347
1601310 1349
1601320 1353
1601330 1353
1601340 1357
1601350 1362
1601360 1362
1601370 1366
1601380 1370
1601390 1370
1601400 1375
1601410 1379
1601420 1379
1601430 1383
1601440 1387
1601450 1387
1601460 1391
1601470 1395
1601480 1395
1601490 1400
1601500 1404
1601510 1404
1601520 1409
1601530 1410
1601540 1413
1601550 1413
1601560 1417
1601570 1420
1601580 1420
1601590 1424
1601600 1430
1601610 1430
1601620 1434
1601630 1437
1601640 1437
1601650 1441
1601660 1445
1601670 1445
1601680 1448
1601690 1452
1601700 1452
1601710 1457
1601720 1463
1601730 1463
1601740 1467
1601750 1471
1601760 1476
1601770 1476
1601780 1480
1601790 1486
1601800 1486
1601810 1490
1601820 1494
1601830 1494
1601840 1497
1601850 1500
1601860 1500
1601870 1503
1601880 1506
1601890 1506
1601900 1510
1601910 1514
1601920 1514
1601930 1518
1601940 1522
1601950 1522
1601960 1527
1601970 1531
1601980 1531
1601990 1533
1602000 1535
1602010 1538
1602020 1538
1602030 1540
1602040 1542
1602050 1542
1602060 1542
1602070 1541
1602080 1541
1602090 1539
1602100 1538
1602110 1538
1602120 1537
1602130 1536
1602140 1536
1602150 1533
1602160 1530
1602170 1530
1602180 1530
1602190 1530
1602200 1530
1602210 1528
1602220 1527
1602230 1526
1602240 1526
1602250 1525
1602260 1523
1602270 1523
1602280 1520
1602290 1518
1602300 1518
1602310 1515
1602320 1513
1602330 1513
1602340 1509
1602350 1504
1602360 1504
1602370 1502
1602380 1501
1602390 1501
1602400 1501
1602410 1500
1602420 1500
1602430 1499
1602440 1498
1602450 1498
1602460 1496
1602470 1495
1602480 1491
1602490 1491
1602500 1485
1602510 1483
1602520 1483
1602530 1480
1602540 1479
1602550 1479
1602560 1482
1602570 1484
1602580 1484
1602590 1486
1602600 1488
1602610 1494
1602620 1496
1602630 1499
1602640 1499
1602650 1501
1602660 1503
1602670 1503
1602680 1505
1602690 1507
1602700 1507
1602710 1509
1602720 1510
1602730 1512
1602740 1512
1602750 1514
1602760 1516
1602770 1516
1602780 1520
1602790 1523
1602800 1523
1602810 1524
1602820 1525
1602830 1525
1602840 1526
1602850 1526
1602860 1526
1602870 1525
1602880 1525
1602890 1525
1602900 1526
1602910 1527
1602920 1527
1602930 1527
1602940 1528
1602950 1528
1602960 1528
1602970 1529
1602980 1530
1602990 1530
1603000 1533
1603010 1533
1603020 1533
1603030 1532
1603040 1531
1603050 1531
1603060 1530
1603070 1530
1603080 1530
1603090 1530
1603100 1528
1603110 1528
1603120 1522
1603130 1517
1603140 1517
1603150 1512
1603160 1507
1603170 1507
1603180 1501
1603190 1495
1603200 1490
1603210 1490
1603220 1483
1603230 1476
1603240 1476
1603250 1471
1603260 1465
1603270 1465
1603280 1458
1603290 1452
1603300 1452
1603310 1447
1603320 1444
1603330 1444
1603340 1441
1603350 1437
1603360 1437
1603370 1430
1603380 1424
1603390 1424
1603400 1418
1603410 1413
1603420 1413
1603430 1409
1603440 1406
1603450 1403
1603460 1403
1603470 1399
1603480 1396
1603490 1396
1603500 1392
1603510 1389
1603520 1389
1603530 1386
1603540 1382
1603550 1382
1603560 1379
1603570 1376
1603580 1376
1603590 1372
1603600 1369
1603610 1369
1603620 1367
1603630 1365
1603640 1365
1603650 1362
1603660 1359
1603670 1357
1603680 1355
1603690 1352
1603700 1349
1603710 1349
1603720 1347
1603730 1345
1603740 1345
1603750 1343
1603760 1341
1603770 1341
1603780 1339
1603790 1336
1603800 1336
1603810 1335
1603820 1333
1603830 1333
1603840 1329
1603850 1326
1603860 1326
1603870 1323
1603880 1322
1603890 1322
1603900 1319
1603910 1317
1603920 1314
1603930 1314
1603940 1311
1603950 1308
1603960 1308
1603970 1306
1603980 1304
1603990 1304
1604000 1301
1604010 1298
1604020 1298
1604030 1296
1604040 1294
1604050 1294
1604060 1291
1604070 1287
1604080 1287
1604090 1283
1604100 1277
1604110 1277
1604120 1268
1604130 1263
1604140 1263
1604150 1254
1604160 1248
1604170 1243
1604180 1243
1604190 1239
1604200 1238
1604210 1238
1604220 1235
1604230 1232
1604240 1232
1604250 1229
1604260 1225
1604270 1225
1604280 1219
1604290 1211
1604300 1211
1604310 1205
1604320 1200
1604330 1200
1604340 1197
1604350 1193
1604360 1193
1604370 1190
1604380 1186
1604390 1183
1604400 1183
1604410 1181
1604420 1179
1604430 1179
1604440 1176
1604450 1173
1604460 1173
1604470 1170
1604480 1164
1604490 1164
1604500 1158
1604510 1153
1604520 1153
1604530 1146
1604540 1139
1604550 1139
1604560 1132
1604570 1126
1604580 1126
1604590 1120
1604600 1116
1604610 1116
1604620 1114
1604630 1109
1604640 1103
1604650 1103
1604660 1099
1604670 1096
1604680 1096
1604690 1093
1604700 1091
1604710 1091
1604720 1088
1604730 1086
1604740 1086
1604750 1082
1604760 1080
1604770 1080
1604780 1077
1604790 1073
1604800 1073
1604810 1065
1604820 1055
1604830 1055
1604840 1049
1604850 1044
1604860 1038
1604870 1038
1604880 1033
1604890 1027
1604900 1027
1604910 1022
1604920 1017
1604930 1017
1604940 1011
1604950 1007
1604960 1007
1604970 1001
1604980 996
1604990 996
1605000 992
1605010 988
1605020 988
1605030 985
1605040 981
1605050 981
1605060 977
1605070 970
1605080 970
1605090 960
1605100 957
1605110 952
1605120 952
1605130 947
1605140 942
1605150 942
1605160 935
1605170 926
1605180 926
1605190 917
1605200 906
1605210 906
1605220 899
1605230 892
1605240 892
1605250 885
1605260 880
1605270 880
1605280 875
1605290 869
1605300 869
1605310 866
1605320 862
1605330 862
1605340 858
1605350 853
1605360 850
1605370 850
1605380 849
1605390 844
1605400 844
1605410 840
1605420 836
1605430 836
1605440 832
1605450 828
1605460 828
1605470 824
1605480 819
1605490 819
1605500 812
1605510 808
1605520 808
1605530 804
1605540 796
1605550 796
1605560 786
1605570 788
1605580 791
1605590 791
1605600 782
1605610 774
1605620 774
1605630 766
1605640 760
1605650 760
1605660 756
1605670 754
1605680 754
1605690 752
1605700 751
1605710 751
1605720 750
1605730 749
1605740 749
1605750 748
1605760 747
1605770 747
1605780 745
1605790 744
1605800 745
1605810 744
1605820 743
1605830 742
1605840 742
1605850 741
1605860 740
1605870 740
1605880 739
1605890 738
1605900 738
1605910 736
1605920 735
1605930 735
1605940 733
1605950 732
1605960 732
1605970 731
1605980 730
1605990 730
1606000 727
1606010 726
1606020 726
1606030 726
1606040 726
1606050 726
1606060 726
1606070 726
1606080 726
1606090 726
1606100 726
1606110 727
1606120 727
1606130 726
1606140 725
1606150 725
1606160 725
1606170 725
1606180 725
1606190 725
1606200 725
1606210 725
1606220 727
1606230 727
1606240 727
1606250 726
1606260 726
1606270 726
1606280 726
1606290 726
1606300 726
1606310 726
1606320 726
1606330 726
1606340 726
1606350 726
1606360 726
1606370 726
1606380 726
1606390 726
1606400 726
1606410 726
1606420 726
1606430 726
1606440 726
1606450 726
1606460 726
1606470 725
1606480 725
1606490 725
1606500 725
1606510 725
1606520 725
1606530 726
1606540 726
1606550 726
1606560 726
1606570 726
1606580 727
1606590 727
1606600 727
1606610 727
1606620 727
1606630 727
1606640 727
1606650 727
1606660 728
1606670 729
1606680 729
1606690 732
1606700 734
1606710 734
1606720 733
1606730 736
1606740 736
1606750 742
1606760 750
1606770 750
1606780 753
1606790 756
1606800 762
1606810 762
1606820 768
1606830 771
1606840 772
1606850 775
1606860 780
1606870 780
1606880 786
1606890 790
1606900 790
1606910 796
1606920 801
1606930 801
1606940 807
1606950 812
1606960 812
1606970 818
1606980 823
1606990 823
1607000 828
1607010 832
1607020 837
1607030 837
1607040 841
1607050 843
1607060 843
1607070 846
1607080 849
1607090 849
1607100 853
1607110 857
1607120 857
1607130 860
1607140 863
1607150 863
1607160 864
1607170 867
1607180 867
1607190 870
1607200 873
1607210 873
1607220 876
1607230 881
1607240 881
1607250 887
1607260 890
1607270 894
1607280 894
1607290 899
1607300 905
1607310 905
1607320 912
1607330 918
1607340 918
1607350 923
1607360 929
1607370 929
1607380 934
1607390 940
1607400 940
1607410 948
1607420 955
1607430 955
1607440 963
1607450 971
1607460 971
1607470 979
1607480 985
1607490 992
1607500 992
1607510 998
1607520 1003
1607530 1003
1607540 1012
1607550 1020
1607560 1020
1607570 1026
1607580 1033
1607590 1033
1607600 1040
1607610 1048
1607620 1048
1607630 1055
1607640 1063
1607650 1063
1607660 1071
1607670 1079
1607680 1079
1607690 1087
1607700 1094
1607710 1094
1607720 1102
1607730 1106
1607740 1111
1607750 1111
1607760 1115
1607770 1119
1607780 1119
1607790 1121
1607800 1123
1607810 1123
1607820 1125
1607830 1127
1607840 1127
1607850 1128
1607860 1130
1607870 1130
1607880 1131
1607890 1134
1607900 1134
1607910 1139
1607920 1144
1607930 1144
1607940 1150
1607950 1157
1607960 1157
1607970 1165
1607980 1170
1607990 1175
1608000 1175
1608010 1179
1608020 1183
1608030 1183
1608040 1188
1608050 1193
1608060 1193
1608070 1198
1608080 1204
1608090 1204
1608100 1210
1608110 1217
1608120 1217
1608130 1222
1608140 1228
1608150 1228
1608160 1236
1608170 1242
1608180 1242
1608190 1246
1608200 1248
1608210 1250
1608220 1250
1608230 1252
1608240 1255
1608250 1255
1608260 1259
1608270 1266
1608280 1266
1608290 1272
1608300 1277
1608310 1277
1608320 1281
1608330 1283
1608340 1283
1608350 1284
1608360 1285
1608370 1285
1608380 1287
1608390 1287
1608400 1287
1608410 1286
1608420 1284
1608430 1284
1608440 1282
1608450 1280
1608460 1278
1608470 1278
1608480 1275
1608490 1273
1608500 1273
1608510 1270
1608520 1268
1608530 1268
1608540 1267
1608550 1268
1608560 1268
1608570 1269
1608580 1271
1608590 1271
1608600 1273
1608610 1276
1608620 1276
1608630 1277
1608640 1278
1608650 1278
1608660 1279
1608670 1280
1608680 1280
1608690 1281
1608700 1283
1608710 1285
1608720 1285
1608730 1286
1608740 1287
1608750 1287
1608760 1288
1608770 1289
1608780 1289
1608790 1291
1608800 1292
1608810 1292
1608820 1291
1608830 1291
1608840 1291
1608850 1292
1608860 1292
1608870 1292
1608880 1291
1608890 1292
1608900 1292
1608910 1289
1608920 1292
1608930 1296
1608940 1296
1608950 1299
1608960 1304
1608970 1304
1608980 1309
1608990 1312
1609000 1312
1609010 1315
1609020 1319
1609030 1319
1609040 1323
1609050 1326
1609060 1326
1609070 1330
1609080 1333
1609090 1333
1609100 1336
1609110 1338
1609120 1338
1609130 1339
1609140 1341
1609150 1341
1609160 1341
1609170 1341
1609180 1339
1609190 1339
1609200 1338
1609210 1338
1609220 1338
1609230 1338
1609240 1338
1609250 1338
1609260 1339
1609270 1340
1609280 1340
1609290 1342
1609300 1339
1609310 1339
1609320 1336
1609330 1331
1609340 1331
1609350 1327
1609360 1324
1609370 1324
1609380 1322
1609390 1320
1609400 1320
1609410 1319
1609420 1318
1609430 1317
1609440 1317
1609450 1317
1609460 1317
1609470 1317
1609480 1318
1609490 1320
1609500 1320
1609510 1322
1609520 1324
1609530 1324
1609540 1326
1609550 1329
1609560 1329
1609570 1332
1609580 1334
1609590 1334
1609600 1336
1609610 1339
1609620 1339
1609630 1342
1609640 1345
1609650 1348
1609660 1348
1609670 1351
1609680 1354
1609690 1354
1609700 1357
1609710 1361
1609720 1361
1609730 1364
1609740 1368
1609750 1368
1609760 1371
1609770 1373
1609780 1373
1609790 1377
1609800 1380
1609810 1380
1609820 1384
1609830 1387
1609840 1387
1609850 1390
1609860 1393
1609870 1393
1609880 1397
1609890 1400
1609900 1403
1609910 1403
1609920 1403
1609930 1406
1609940 1406
1609950 1410
1609960 1413
1609970 1413
1609980 1417
1609990 1421
1610000 1421
1610010 1425
1610020 1428
1610030 1428
1610040 1432
1610050 1435
1610060 1435
1610070 1438
1610080 1442
1610090 1442
1610100 1445
1610110 1449
1610120 1453
1610130 1453
1610140 1457
1610150 1462
1610160 1462
1610170 1466
1610180 1470
1610190 1470
1610200 1473
1610210 1477
1610220 1477
1610230 1481
1610240 1484
1610250 1484
1610260 1486
1610270 1487
1610280 1487
1610290 1488
1610300 1488
1610310 1488
1610320 1488
1610330 1488
1610340 1488
1610350 1487
1610360 1490
1610370 1492
1610380 1492
1610390 1494
1610400 1496
1610410 1496
1610420 1495
1610430 1495
1610440 1495
1610450 1495
1610460 1495
1610470 1495
1610480 1496
1610490 1496
1610500 1496
1610510 1497
1610520 1500
1610530 1500
1610540 1504
1610550 1509
1610560 1509
1610570 1511
1610580 1516
1610590 1516
1610600 1519
1610610 1524
1610620 1528
1610630 1528
1610640 1534
1610650 1541
1610660 1541
1610670 1552
1610680 1561
1610690 1561
1610700 1567
1610710 1573
1610720 1573
1610730 1578
1610740 1582
1610750 1582
1610760 1586
1610770 1584
1610780 1584
1610790 1582
1610800 1579
1610810 1579
1610820 1577
1610830 1575
1610840 1573
1610850 1573
1610860 1571
1610870 1569
1610880 1569
1610890 1567
1610900 1566
1610910 1566
1610920 1565
1610930 1558
1610940 1558
1610950 1557
1610960 1556
1610970 1556
1610980 1555
1610990 1554
1611000 1554
1611010 1552
1611020 1550
1611030 1550
1611040 1549
1611050 1548
1611060 1548
1611070 1546
1611080 1545
1611090 1544
1611100 1544
1611110 1543
1611120 1541
1611130 1541
1611140 1539
1611150 1537
1611160 1537
1611170 1537
1611180 1536
1611190 1536
1611200 1536
1611210 1536
1611220 1536
1611230 1535
1611240 1535
1611250 1535
1611260 1534
1611270 1533
1611280 1533
1611290 1533
1611300 1532
1611310 1532
1611320 1532
1611330 1533
1611340 1533
1611350 1533
1611360 1529
1611370 1525
1611380 1525
1611390 1520
1611400 1514
1611410 1514
1611420 1510
1611430 1505
1611440 1505
1611450 1500
1611460 1496
1611470 1496
1611480 1491
1611490 1488
1611500 1488
1611510 1484
1611520 1481
1611530 1481
1611540 1477
1611550 1474
1611560 1471
1611570 1471
1611580 1466
1611590 1464
1611600 1464
1611610 1459
1611620 1454
1611630 1454
1611640 1450
1611650 1445
1611660 1445
1611670 1440
1611680 1435
1611690 1435
1611700 1430
1611710 1427
1611720 1427
1611730 1424
1611740 1422
1611750 1422
1611760 1419
1611770 1417
1611780 1417
1611790 1414
1611800 1411
1611810 1405
1611820 1405
1611830 1399
1611840 1393
1611850 1393
1611860 1386
1611870 1379
1611880 1379
1611890 1374
1611900 1367
1611910 1367
1611920 1360
1611930 1353
1611940 1358
1611950 1351
1611960 1345
1611970 1345
1611980 1339
1611990 1334
1612000 1334
1612010 1328
1612020 1322
1612030 1322
1612040 1317
1612050 1312
1612060 1307
1612070 1307
1612080 1305
1612090 1301
1612100 1301
1612110 1296
1612120 1291
1612130 1291
1612140 1287
1612150 1286
1612160 1286
1612170 1285
1612180 1284
1612190 1284
1612200 1282
1612210 1281
1612220 1281
1612230 1280
1612240 1279
1612250 1279
1612260 1280
1612270 1276
1612280 1271
1612290 1271
1612300 1268
1612310 1266
1612320 1266
1612330 1265
1612340 1265
1612350 1265
1612360 1267
1612370 1270
1612380 1270
1612390 1270
1612400 1270
1612410 1270
1612420 1268
1612430 1266
1612440 1266
1612450 1266
1612460 1266
1612470 1266
1612480 1267
1612490 1267
1612500 1267
1612510 1265
1612520 1261
1612530 1254
1612540 1254
1612550 1248
1612560 1242
1612570 1242
1612580 1235
1612590 1227
1612600 1227
1612610 1220
1612620 1215
1612630 1215
1612640 1210
1612650 1206
1612660 1206
1612670 1203
1612680 1201
1612690 1201
1612700 1197
1612710 1194
1612720 1194
1612730 1190
1612740 1186
1612750 1182
1612760 1182
1612770 1177
1612780 1172
1612790 1172
1612800 1168
1612810 1163
1612820 1163
1612830 1160
1612840 1157
1612850 1157
1612860 1156
1612870 1154
1612880 1154
1612890 1151
1612900 1148
1612910 1148
1612920 1143
1612930 1144
1612940 1144
1612950 1143
1612960 1139
1612970 1139
1612980 1132
1612990 1125
1613000 1120
1613010 1120
1613020 1116
1613030 1112
1613040 1112
1613050 1109
1613060 1108
1613070 1108
1613080 1107
1613090 1108
1613100 1108
1613110 1110
1613120 1111
1613130 1111
1613140 1112
1613150 1114
1613160 1114
1613170 1116
1613180 1118
1613190 1118
1613200 1120
1613210 1123
1613220 1123
1613230 1126
1613240 1129
1613250 1131
1613260 1131
1613270 1128
1613280 1125
1613290 1125
1613300 1121
1613310 1119
1613320 1119
1613330 1116
1613340 1113
1613350 1113
1613360 1109
1613370 1106
1613380 1106
1613390 1100
1613400 1093
1613410 1093
1613420 1090
1613430 1091
1613440 1091
1613450 1096
1613460 1102
1613470 1107
1613480 1107
1613490 1113
1613500 1119
1613510 1119
1613520 1125
1613530 1131
1613540 1131
1613550 1135
1613560 1140
1613570 1140
1613580 1145
1613590 1151
1613600 1151
1613610 1156
1613620 1161
1613630 1161
1613640 1167
1613650 1171
1613660 1171
1613670 1176
1613680 1182
1613690 1182
1613700 1187
1613710 1193
1613720 1198
1613730 1198
1613740 1201
1613750 1204
1613760 1204
1613770 1206
1613780 1208
1613790 1208
1613800 1211
1613810 1213
1613820 1213
1613830 1215
1613840 1217
1613850 1217
1613860 1219
1613870 1221
1613880 1221
1613890 1223
1613900 1226
1613910 1226
1613920 1232
1613930 1234
1613940 1234
1613950 1236
1613960 1238
1613970 1241
1613980 1241
1613990 1243
1614000 1246
1614010 1246
1614020 1248
1614030 1251
1614040 1251
1614050 1254
1614060 1256
1614070 1256
1614080 1259
1614090 1261
1614100 1261
1614110 1264
1614120 1267
1614130 1267
1614140 1269
1614150 1272
1614160 1272
1614170 1275
1614180 1278
1614190 1282
1614200 1282
1614210 1285
1614220 1287
1614230 1287
1614240 1291
1614250 1293
1614260 1293
1614270 1298
1614280 1301
1614290 1301
1614300 1305
1614310 1309
1614320 1309
1614330 1312
1614340 1315
1614350 1315
1614360 1318
1614370 1322
1614380 1322
1614390 1325
1614400 1329
1614410 1329
1614420 1333
1614430 1336
1614440 1339
1614450 1339
1614460 1342
1614470 1346
1614480 1346
1614490 1349
1614500 1352
1614510 1352
1614520 1354
1614530 1358
1614540 1358
1614550 1361
1614560 1364
1614570 1364
1614580 1363
1614590 1360
1614600 1360
1614610 1357
1614620 1353
1614630 1353
1614640 1348
1614650 1343
1614660 1343
1614670 1338
1614680 1331
1614690 1325
1614700 1325
1614710 1320
1614720 1316
1614730 1316
1614740 1314
1614750 1311
1614760 1311
1614770 1309
1614780 1306
1614790 1306
1614800 1302
1614810 1297
1614820 1297
1614830 1295
1614840 1293
1614850 1293
1614860 1292
1614870 1290
1614880 1290
1614890 1289
1614900 1285
1614910 1283
1614920 1283
1614930 1280
1614940 1276
1614950 1276
1614960 1272
1614970 1269
1614980 1269
1614990 1266
1615000 1264
1615010 1264
1615020 1263
1615030 1261
1615040 1261
1615050 1258
1615060 1255
1615070 1255
1615080 1248
1615090 1242
1615100 1242
1615110 1238
1615120 1243
1615130 1243
1615140 1247
1615150 1250
1615160 1253
1615170 1253
1615180 1257
1615190 1260
1615200 1260
1615210 1263
1615220 1265
1615230 1265
1615240 1270
1615250 1274
1615260 1274
1615270 1277
1615280 1279
1615290 1279
1615300 1282
1615310 1284
1615320 1284
1615330 1284
1615340 1283
1615350 1283
1615360 1282
1615370 1279
1615380 1279
1615390 1277
1615400 1276
1615410 1276
1615420 1276
1615430 1278
1615440 1279
1615450 1279
1615460 1282
1615470 1285
1615480 1285
1615490 1289
1615500 1292
1615510 1292
1615520 1296
1615530 1300
1615540 1300
1615550 1304
1615560 1308
1615570 1308
1615580 1312
1615590 1315
1615600 1315
1615610 1318
1615620 1321
1615630 1325
1615640 1325
1615650 1329
1615660 1333
1615670 1333
1615680 1337
1615690 1340
1615700 1340
1615710 1344
1615720 1348
1615730 1348
1615740 1351
1615750 1355
1615760 1355
1615770 1359
1615780 1363
1615790 1363
1615800 1368
1615810 1371
1615820 1371
1615830 1368
1615840 1362
1615850 1362
1615860 1356
1615870 1356
1615880 1349
1615890 1349
1615900 1341
1615910 1334
1615920 1334
1615930 1327
1615940 1323
1615950 1323
1615960 1319
1615970 1315
1615980 1315
1615990 1312
1616000 1309
1616010 1309
1616020 1309
1616030 1309
1616040 1309
1616050 1310
1616060 1312
1616070 1312
1616080 1314
1616090 1316
1616100 1316
1616110 1318
1616120 1319
1616130 1319
1616140 1319
1616150 1316
1616160 1311
1616170 1311
1616180 1307
1616190 1303
1616200 1303
1616210 1299
1616220 1297
1616230 1297
1616240 1294
1616250 1290
1616260 1290
1616270 1285
1616280 1282
1616290 1282
1616300 1276
1616310 1271
1616320 1271
1616330 1267
1616340 1261
1616350 1255
1616360 1255
1616370 1250
1616380 1246
1616390 1246
1616400 1242
1616410 1238
1616420 1238
1616430 1234
1616440 1230
1616450 1230
1616460 1226
1616470 1222
1616480 1222
1616490 1218
1616500 1211
1616510 1211
1616520 1207
1616530 1206
1616540 1206
1616550 1201
1616560 1195
1616570 1195
1616580 1190
1616590 1186
1616600 1181
1616610 1181
1616620 1177
1616630 1174
1616640 1174
1616650 1169
1616660 1164
1616670 1164
1616680 1160
1616690 1155
1616700 1155
1616710 1149
1616720 1143
1616730 1143
1616740 1137
1616750 1131
1616760 1131
1616770 1125
1616780 1119
1616790 1119
1616800 1114
1616810 1108
1616820 1101
1616830 1105
1616840 1098
1616850 1091
1616860 1091
1616870 1085
1616880 1079
1616890 1079
1616900 1075
1616910 1069
1616920 1069
1616930 1067
1616940 1063
1616950 1063
1616960 1057
1616970 1051
1616980 1051
1616990 1046
1617000 1043
1617010 1043
1617020 1041
1617030 1037
1617040 1037
1617050 1031
1617060 1026
1617070 1021
1617080 1021
1617090 1016
1617100 1012
1617110 1012
1617120 1009
1617130 1006
1617140 1006
1617150 1007
1617160 1011
1617170 1011
1617180 1011
1617190 1012
1617200 1012
1617210 1011
1617220 1008
1617230 1008
1617240 1004
1617250 1000
1617260 1000
1617270 998
1617280 1000
1617290 1000
1617300 1001
1617310 1005
1617320 1009
1617330 1009
1617340 1011
1617350 1013
1617360 1013
1617370 1016
1617380 1018
1617390 1018
1617400 1020
1617410 1022
1617420 1022
1617430 1025
1617440 1028
1617450 1028
1617460 1032
1617470 1035
1617480 1035
1617490 1037
1617500 1040
1617510 1040
1617520 1043
1617530 1048
1617540 1055
1617550 1055
1617560 1061
1617570 1068
1617580 1068
1617590 1074
1617600 1080
1617610 1080
1617620 1086
1617630 1092
1617640 1092
1617650 1098
1617660 1102
1617670 1102
1617680 1105
1617690 1108
1617700 1108
1617710 1111
1617720 1115
1617730 1115
1617740 1118
1617750 1122
1617760 1122
1617770 1125
1617780 1128
1617790 1137
1617800 1137
1617810 1140
1617820 1141
1617830 1141
1617840 1142
1617850 1143
1617860 1143
1617870 1144
1617880 1146
1617890 1146
1617900 1148
1617910 1153
1617920 1153
1617930 1156
1617940 1158
1617950 1158
1617960 1161
1617970 1164
1617980 1164
1617990 1169
1618000 1174
1618010 1174
1618020 1180
1618030 1186
1618040 1190
1618050 1190
1618060 1195
1618070 1198
1618080 1198
1618090 1202
1618100 1206
1618110 1206
1618120 1211
1618130 1215
1618140 1215
1618150 1220
1618160 1224
1618170 1224
1618180 1229
1618190 1233
1618200 1233
1618210 1238
1618220 1242
1618230 1242
1618240 1248
1618250 1253
1618260 1258
1618270 1258
1618280 1264
1618290 1269
1618300 1269
1618310 1275
1618320 1279
1618330 1279
1618340 1284
1618350 1289
1618360 1289
1618370 1296
1618380 1302
1618390 1302
1618400 1307
1618410 1312
1618420 1312
1618430 1316
1618440 1321
1618450 1321
1618460 1328
1618470 1333
1618480 1333
1618490 1340
1618500 1345
1618510 1350
1618520 1350
1618530 1355
1618540 1360
1618550 1360
1618560 1362
1618570 1367
1618580 1367
1618590 1370
1618600 1375
1618610 1375
1618620 1381
1618630 1386
1618640 1386
1618650 1390
1618660 1392
1618670 1392
1618680 1390
1618690 1386
1618700 1386
1618710 1384
1618720 1383
1618730 1383
1618740 1374
1618750 1372
1618760 1369
1618770 1369
1618780 1365
1618790 1363
1618800 1363
1618810 1361
1618820 1359
1618830 1359
1618840 1357
1618850 1357
1618860 1357
1618870 1357
1618880 1358
1618890 1358
1618900 1362
1618910 1367
1618920 1367
1618930 1371
1618940 1377
1618950 1377
1618960 1383
1618970 1388
1618980 1393
1618990 1393
1619000 1398
1619010 1401
1619020 1401
1619030 1406
1619040 1408
1619050 1408
1619060 1410
1619070 1412
1619080 1412
1619090 1413
1619100 1414
1619110 1414
1619120 1415
1619130 1415
1619140 1415
1619150 1414
1619160 1412
1619170 1412
1619180 1411
1619190 1411
1619200 1411
1619210 1411
1619220 1410
1619230 1409
1619240 1409
1619250 1410
1619260 1411
1619270 1411
1619280 1413
1619290 1414
1619300 1414
1619310 1418
1619320 1422
1619330 1422
1619340 1426
1619350 1429
1619360 1429
1619370 1431
1619380 1433
1619390 1433
1619400 1436
1619410 1438
1619420 1438
1619430 1440
1619440 1437
1619450 1437
1619460 1430
1619470 1424
1619480 1421
1619490 1421
1619500 1418
1619510 1413
1619520 1413
1619530 1407
1619540 1401
1619550 1401
1619560 1396
1619570 1389
1619580 1389
1619590 1382
1619600 1376
1619610 1376
1619620 1370
1619630 1363
1619640 1363
1619650 1358
1619660 1351
1619670 1351
1619680 1344
1619690 1337
1619700 1330
1619710 1330
1619720 1324
1619730 1319
1619740 1319
1619750 1315
1619760 1311
1619770 1311
1619780 1306
1619790 1301
1619800 1301
1619810 1295
1619820 1291
1619830 1291
1619840 1285
1619850 1278
1619860 1278
1619870 1274
1619880 1270
1619890 1270
1619900 1265
1619910 1259
1619920 1259
1619930 1254
1619940 1248
1619950 1243
1619960 1243
1619970 1238
1619980 1232
1619990 1232
