1600000 1297
1600010 1300
1600020 1300
1600030 1304
1600040 1309
1600050 1309
1600060 1313
1600070 1317
1600080 1317
1600090 1321
1600100 1326
1600110 1329
1600120 1329
1600130 1333
1600140 1336
1600150 1336
1600160 1339
1600170 1343
1600180 1343
1600190 1347
1600200 1351
1600210 1351
1600220 1355
1600230 1359
1600240 1359
1600250 1363
1600260 1367
1600270 1367
1600280 1370
1600290 1373
1600300 1373
1600310 1377
1600320 1380
1600330 1380
1600340 1384
1600350 1389
1600360 1391
1600370 1391
1600380 1394
1600390 1396
1600400 1396
1600410 1398
1600420 1401
1600430 1401
1600440 1404
1600450 1408
1600460 1408
1600470 1412
1600480 1416
1600490 1416
1600500 1419
1600510 1422
1600520 1422
1600530 1424
1600540 1427
1600550 1427
1600560 1429
1600570 1429
1600580 1431
1600590 1431
1600600 1432
1600610 1433
1600620 1433
1600630 1434
1600640 1434
1600650 1434
1600660 1434
1600670 1434
1600680 1434
1600690 1435
1600700 1435
1600710 1435
1600720 1435
1600730 1435
1600740 1435
1600750 1435
1600760 1433
1600770 1433
1600780 1432
1600790 1432
1600800 1432
1600810 1431
1600820 1431
1600830 1431
1600840 1431
1600850 1430
1600860 1428
1600870 1428
1600880 1427
1600890 1426
1600900 1426
1600910 1427
1600920 1430
1600930 1430
1600940 1430
1600950 1429
1600960 1429
1600970 1428
1600980 1428
1600990 1428
1601000 1427
1601010 1426
1601020 1426
1601030 1425
1601040 1422
1601050 1422
1601060 1417
1601070 1413
1601080 1414
1601090 1414
1601100 1413
1601110 1411
1601120 1411
1601130 1410
1601140 1409
1601150 1409
1601160 1410
1601170 1415
1601180 1415
1601190 1419
1601200 1421
1601210 1421
1601220 1418
1601230 1421
1601240 1421
1601250 1426
1601260 1431
1601270 1431
1601280 1435
1601290 1439
1601300 1444
1601310 1444
1601320 1449
1601330 1454
1601340 1454
1601350 1457
1601360 1461
1601370 1461
1601380 1464
1601390 1467
1601400 1467
1601410 1471
1601420 1475
1601430 1475
1601440 1478
1601450 1482
1601460 1482
1601470 1485
1601480 1488
1601490 1488
1601500 1490
1601510 1493
1601520 1493
1601530 1496
1601540 1499
1601550 1501
1601560 1501
1601570 1504
1601580 1507
1601590 1507
1601600 1508
1601610 1514
1601620 1514
1601630 1517
1601640 1520
1601650 1520
1601660 1523
1601670 1528
1601680 1528
1601690 1532
1601700 1535
1601710 1535
1601720 1539
1601730 1542
1601740 1542
1601750 1546
1601760 1549
1601770 1549
1601780 1551
1601790 1554
1601800 1556
1601810 1556
1601820 1560
1601830 1564
1601840 1564
1601850 1567
1601860 1570
1601870 1570
1601880 1571
1601890 1572
1601900 1572
1601910 1571
1601920 1570
1601930 1570
1601940 1568
1601950 1567
1601960 1567
1601970 1567
1601980 1568
1601990 1568
1602000 1565
1602010 1565
1602020 1564
1602030 1564
1602040 1564
1602050 1558
1602060 1558
1602070 1549
1602080 1540
1602090 1540
1602100 1530
1602110 1524
1602120 1524
1602130 1520
1602140 1516
1602150 1516
1602160 1513
1602170 1510
1602180 1510
1602190 1509
1602200 1509
1602210 1509
1602220 1509
1602230 1507
1602240 1507
1602250 1506
1602260 1504
1602270 1501
1602280 1501
1602290 1498
1602300 1495
1602310 1495
1602320 1492
1602330 1487
1602340 1487
1602350 1486
1602360 1483
1602370 1483
1602380 1481
1602390 1479
1602400 1479
1602410 1477
1602420 1473
1602430 1473
1602440 1469
1602450 1466
1602460 1466
1602470 1463
1602480 1461
1602490 1461
1602500 1461
1602510 1463
1602520 1464
1602530 1464
1602540 1466
1602550 1466
1602560 1466
1602570 1466
1602580 1465
1602590 1465
1602600 1467
1602610 1468
1602620 1468
1602630 1469
1602640 1470
1602650 1470
1602660 1472
1602670 1474
1602680 1474
1602690 1476
1602700 1477
1602710 1477
1602720 1478
1602730 1479
1602740 1479
1602750 1479
1602760 1479
1602770 1479
1602780 1479
1602790 1477
1602800 1476
1602810 1476
1602820 1473
1602830 1470
1602840 1470
1602850 1466
1602860 1462
1602870 1462
1602880 1459
1602890 1457
1602900 1457
1602910 1454
1602920 1453
1602930 1453
1602940 1452
1602950 1451
1602960 1451
1602970 1451
1602980 1451
1602990 1452
1603000 1452
1603010 1453
1603020 1454
1603030 1454
1603040 1455
1603050 1457
1603060 1457
1603070 1459
1603080 1455
1603090 1455
1603100 1458
1603110 1460
1603120 1460
1603130 1461
1603140 1464
1603150 1464
1603160 1466
1603170 1468
1603180 1468
1603190 1469
1603200 1470
1603210 1470
1603220 1471
1603230 1471
1603240 1471
1603250 1471
1603260 1471
1603270 1472
1603280 1472
1603290 1473
1603300 1474
1603310 1474
1603320 1476
1603330 1477
1603340 1477
1603350 1476
1603360 1474
1603370 1474
1603380 1471
1603390 1468
1603400 1468
1603410 1466
1603420 1460
1603430 1460
1603440 1454
1603450 1450
1603460 1445
1603470 1445
1603480 1440
1603490 1435
1603500 1435
1603510 1430
1603520 1425
1603530 1425
1603540 1421
1603550 1416
1603560 1416
1603570 1411
1603580 1406
1603590 1406
1603600 1402
1603610 1397
1603620 1397
1603630 1392
1603640 1386
1603650 1386
1603660 1380
1603670 1375
1603680 1375
1603690 1369
1603700 1364
1603710 1360
1603720 1360
1603730 1356
1603740 1351
1603750 1351
1603760 1346
1603770 1340
1603780 1340
1603790 1336
1603800 1333
1603810 1333
1603820 1328
1603830 1323
1603840 1323
1603850 1317
1603860 1311
1603870 1311
1603880 1306
1603890 1301
1603900 1301
1603910 1294
1603920 1289
1603930 1289
1603940 1283
1603950 1277
1603960 1272
1603970 1272
1603980 1268
1603990 1265
1604000 1265
1604010 1262
1604020 1259
1604030 1259
1604040 1256
1604050 1253
1604060 1253
1604070 1249
1604080 1247
1604090 1247
1604100 1245
1604110 1245
1604120 1245
1604130 1244
1604140 1244
1604150 1249
1604160 1249
1604170 1248
1604180 1248
1604190 1248
1604200 1247
1604210 1247
1604220 1247
1604230 1246
1604240 1246
1604250 1246
1604260 1245
1604270 1245
1604280 1245
1604290 1243
1604300 1242
1604310 1242
1604320 1240
1604330 1238
1604340 1238
1604350 1235
1604360 1234
1604370 1234
1604380 1233
1604390 1232
1604400 1232
1604410 1231
1604420 1230
1604430 1230
1604440 1230
1604450 1229
1604460 1229
1604470 1229
1604480 1228
1604490 1229
1604500 1229
1604510 1229
1604520 1229
1604530 1229
1604540 1229
1604550 1229
1604560 1229
1604570 1230
1604580 1231
1604590 1231
1604600 1231
1604610 1230
1604620 1230
1604630 1222
1604640 1215
1604650 1215
1604660 1208
1604670 1199
1604680 1189
1604690 1189
1604700 1182
1604710 1176
1604720 1176
1604730 1169
1604740 1161
1604750 1161
1604760 1155
1604770 1152
1604780 1152
1604790 1147
1604800 1141
1604810 1141
1604820 1135
1604830 1127
1604840 1127
1604850 1123
1604860 1120
1604870 1120
1604880 1118
1604890 1115
1604900 1111
1604910 1111
1604920 1104
1604930 1100
1604940 1100
1604950 1095
1604960 1089
1604970 1089
1604980 1083
1604990 1076
1605000 1076
1605010 1069
1605020 1065
1605030 1065
1605040 1061
1605050 1059
1605060 1059
1605070 1054
1605080 1049
1605090 1049
1605100 1043
1605110 1037
1605120 1037
1605130 1028
1605140 1022
1605150 1015
1605160 1015
1605170 1009
1605180 1002
1605190 1002
1605200 997
1605210 989
1605220 989
1605230 983
1605240 978
1605250 978
1605260 972
1605270 966
1605280 966
1605290 960
1605300 952
1605310 952
1605320 946
1605330 939
1605340 939
1605350 931
1605360 926
1605370 926
1605380 919
1605390 910
1605400 901
1605410 901
1605420 893
1605430 886
1605440 886
1605450 879
1605460 873
1605470 873
1605480 867
1605490 861
1605500 861
1605510 855
1605520 850
1605530 850
1605540 845
1605550 840
1605560 840
1605570 835
1605580 831
1605590 831
1605600 827
1605610 823
1605620 819
1605630 819
1605640 813
1605650 808
1605660 808
1605670 803
1605680 797
1605690 797
1605700 791
1605710 787
1605720 787
1605730 784
1605740 780
1605750 780
1605760 776
1605770 773
1605780 773
1605790 768
1605800 764
1605810 764
1605820 760
1605830 755
1605840 755
1605850 751
1605860 747
1605870 744
1605880 744
1605890 741
1605900 739
1605910 739
1605920 736
1605930 733
1605940 733
1605950 731
1605960 727
1605970 727
1605980 726
1605990 726
1606000 726
1606010 726
1606020 726
1606030 726
1606040 726
1606050 726
1606060 726
1606070 726
1606080 726
1606090 726
1606100 726
1606110 726
1606120 726
1606130 726
1606140 726
1606150 726
1606160 726
1606170 726
1606180 726
1606190 726
1606200 726
1606210 726
1606220 726
1606230 726
1606240 727
1606250 727
1606260 727
1606270 726
1606280 726
1606290 726
1606300 725
1606310 725
1606320 725
1606330 726
1606340 726
1606350 726
1606360 726
1606370 726
1606380 726
1606390 726
1606400 726
1606410 726
1606420 726
1606430 725
1606440 725
1606450 725
1606460 725
1606470 725
1606480 725
1606490 725
1606500 725
1606510 725
1606520 725
1606530 725
1606540 725
1606550 725
1606560 725
1606570 725
1606580 725
1606590 725
1606600 725
1606610 725
1606620 725
1606630 725
1606640 725
1606650 725
1606660 725
1606670 725
1606680 725
1606690 725
1606700 725
1606710 725
1606720 725
1606730 725
1606740 725
1606750 725
1606760 726
1606770 726
1606780 726
1606790 725
1606800 725
1606810 725
1606820 725
1606830 725
1606840 726
1606850 726
1606860 728
1606870 732
1606880 732
1606890 739
1606900 751
1606910 751
1606920 757
1606930 763
1606940 763
1606950 768
1606960 772
1606970 772
1606980 776
1606990 781
1607000 781
1607010 786
1607020 789
1607030 789
1607040 789
1607050 786
1607060 785
1607070 785
1607080 784
1607090 785
1607100 785
1607110 786
1607120 787
1607130 787
1607140 790
1607150 792
1607160 792
1607170 794
1607180 795
1607190 795
1607200 797
1607210 798
1607220 798
1607230 799
1607240 800
1607250 800
1607260 801
1607270 802
1607280 802
1607290 805
1607300 805
1607310 807
1607320 807
1607330 808
1607340 810
1607350 810
1607360 812
1607370 815
1607380 815
1607390 819
1607400 822
1607410 822
1607420 826
1607430 830
1607440 830
1607450 834
1607460 837
1607470 837
1607480 841
1607490 845
1607500 845
1607510 849
1607520 854
1607530 854
1607540 858
1607550 863
1607560 869
1607570 869
1607580 874
1607590 881
1607600 881
1607610 889
1607620 898
1607630 898
1607640 905
1607650 911
1607660 911
1607670 916
1607680 921
1607690 921
1607700 926
1607710 930
1607720 930
1607730 933
1607740 937
1607750 937
1607760 940
1607770 944
1607780 947
1607790 947
1607800 951
1607810 957
1607820 957
1607830 963
1607840 968
1607850 968
1607860 974
1607870 980
1607880 980
1607890 985
1607900 990
1607910 990
1607920 995
1607930 1001
1607940 1001
1607950 1007
1607960 1012
1607970 1012
1607980 1017
1607990 1021
1608000 1021
1608010 1026
1608020 1029
1608030 1033
1608040 1033
1608050 1037
1608060 1042
1608070 1042
1608080 1047
1608090 1053
1608100 1053
1608110 1059
1608120 1063
1608130 1063
1608140 1067
1608150 1073
1608160 1073
1608170 1082
1608180 1089
1608190 1089
1608200 1095
1608210 1099
1608220 1099
1608230 1102
1608240 1105
1608250 1105
1608260 1106
1608270 1108
1608280 1109
1608290 1109
1608300 1110
1608310 1109
1608320 1109
1608330 1107
1608340 1104
1608350 1104
1608360 1103
1608370 1102
1608380 1102
1608390 1102
1608400 1102
1608410 1102
1608420 1102
1608430 1102
1608440 1102
1608450 1102
1608460 1103
1608470 1103
1608480 1103
1608490 1102
1608500 1099
1608510 1099
1608520 1097
1608530 1092
1608540 1092
1608550 1088
1608560 1081
1608570 1081
1608580 1073
1608590 1067
1608600 1067
1608610 1064
1608620 1055
1608630 1055
1608640 1048
1608650 1053
1608660 1053
1608670 1061
1608680 1067
1608690 1067
1608700 1070
1608710 1074
1608720 1074
1608730 1078
1608740 1079
1608750 1079
1608760 1079
1608770 1081
1608780 1081
1608790 1081
1608800 1082
1608810 1085
1608820 1085
1608830 1088
1608840 1090
1608850 1090
1608860 1092
1608870 1094
1608880 1094
1608890 1096
1608900 1098
1608910 1098
1608920 1100
1608930 1101
1608940 1101
1608950 1102
1608960 1102
1608970 1102
1608980 1102
1608990 1101
1609000 1100
1609010 1100
1609020 1099
1609030 1102
1609040 1102
1609050 1106
1609060 1109
1609070 1109
1609080 1113
1609090 1116
1609100 1116
1609110 1119
1609120 1121
1609130 1121
1609140 1123
1609150 1126
1609160 1126
1609170 1127
1609180 1129
1609190 1129
1609200 1131
1609210 1132
1609220 1133
1609230 1133
1609240 1135
1609250 1138
1609260 1138
1609270 1142
1609280 1145
1609290 1145
1609300 1149
1609310 1152
1609320 1152
1609330 1156
1609340 1161
1609350 1162
1609360 1168
1609370 1172
1609380 1172
1609390 1175
1609400 1178
1609410 1178
1609420 1181
1609430 1186
1609440 1186
1609450 1192
1609460 1195
1609470 1198
1609480 1198
1609490 1200
1609500 1201
1609510 1201
1609520 1203
1609530 1206
1609540 1206
1609550 1208
1609560 1210
1609570 1210
1609580 1212
1609590 1215
1609600 1215
1609610 1217
1609620 1220
1609630 1220
1609640 1222
1609650 1225
1609660 1225
1609670 1227
1609680 1231
1609690 1231
1609700 1232
1609710 1235
1609720 1237
1609730 1237
1609740 1239
1609750 1240
1609760 1240
1609770 1242
1609780 1244
1609790 1244
1609800 1248
1609810 1252
1609820 1252
1609830 1254
1609840 1256
1609850 1256
1609860 1260
1609870 1263
1609880 1263
1609890 1267
1609900 1272
1609910 1272
1609920 1278
1609930 1284
1609940 1292
1609950 1292
1609960 1299
1609970 1307
1609980 1307
1609990 1316
1610000 1324
1610010 1324
1610020 1332
1610030 1339
1610040 1339
1610050 1346
1610060 1353
1610070 1353
1610080 1359
1610090 1366
1610100 1366
1610110 1372
1610120 1379
1610130 1379
1610140 1385
1610150 1387
1610160 1387
1610170 1389
1610180 1390
1610190 1392
1610200 1392
1610210 1393
1610220 1394
1610230 1394
1610240 1395
1610250 1394
1610260 1394
1610270 1394
1610280 1392
1610290 1392
1610300 1393
1610310 1394
1610320 1394
1610330 1398
1610340 1403
1610350 1403
1610360 1408
1610370 1408
1610380 1408
1610390 1414
1610400 1418
1610410 1418
1610420 1424
1610430 1428
1610440 1434
1610450 1434
1610460 1440
1610470 1444
1610480 1444
1610490 1449
1610500 1455
1610510 1455
1610520 1461
1610530 1467
1610540 1467
1610550 1473
1610560 1478
1610570 1478
1610580 1482
1610590 1488
1610600 1488
1610610 1491
1610620 1493
1610630 1493
1610640 1492
1610650 1489
1610660 1485
1610670 1485
1610680 1482
1610690 1479
1610700 1479
1610710 1476
1610720 1472
1610730 1472
1610740 1468
1610750 1464
1610760 1464
1610770 1459
1610780 1453
1610790 1453
1610800 1448
1610810 1444
1610820 1444
1610830 1439
1610840 1434
1610850 1434
1610860 1430
1610870 1426
1610880 1426
1610890 1421
1610900 1417
1610910 1413
1610920 1413
1610930 1409
1610940 1405
1610950 1405
1610960 1400
1610970 1396
1610980 1396
1610990 1391
1611000 1387
1611010 1387
1611020 1382
1611030 1378
1611040 1378
1611050 1373
1611060 1368
1611070 1368
1611080 1364
1611090 1359
1611100 1359
1611110 1354
1611120 1349
1611130 1349
1611140 1344
1611150 1339
1611160 1336
1611170 1336
1611180 1332
1611190 1328
1611200 1328
1611210 1324
1611220 1322
1611230 1322
1611240 1320
1611250 1317
1611260 1317
1611270 1314
1611280 1311
1611290 1311
1611300 1308
1611310 1304
1611320 1304
1611330 1301
1611340 1299
1611350 1299
1611360 1298
1611370 1289
1611380 1287
1611390 1287
1611400 1286
1611410 1282
1611420 1282
1611430 1278
1611440 1273
1611450 1273
1611460 1268
1611470 1263
1611480 1263
1611490 1259
1611500 1256
1611510 1256
1611520 1251
1611530 1248
1611540 1248
1611550 1246
1611560 1245
1611570 1245
1611580 1243
1611590 1241
1611600 1241
1611610 1237
1611620 1234
1611630 1233
1611640 1233
1611650 1234
1611660 1234
1611670 1234
1611680 1233
1611690 1232
1611700 1232
1611710 1231
1611720 1232
1611730 1232
1611740 1233
1611750 1230
1611760 1230
1611770 1225
1611780 1221
1611790 1221
1611800 1218
1611810 1220
1611820 1220
1611830 1224
1611840 1227
1611850 1227
1611860 1230
1611870 1234
1611880 1239
1611890 1239
1611900 1243
1611910 1248
1611920 1248
1611930 1253
1611940 1258
1611950 1258
1611960 1260
1611970 1263
1611980 1263
1611990 1263
1612000 1260
1612010 1260
1612020 1260
1612030 1263
1612040 1263
1612050 1266
1612060 1261
1612070 1261
1612080 1257
1612090 1256
1612100 1256
1612110 1256
1612120 1254
1612130 1252
1612140 1252
1612150 1250
1612160 1247
1612170 1247
1612180 1245
1612190 1243
1612200 1243
1612210 1240
1612220 1238
1612230 1238
1612240 1237
1612250 1239
1612260 1239
1612270 1241
1612280 1242
1612290 1242
1612300 1243
1612310 1246
1612320 1246
1612330 1251
1612340 1256
1612350 1260
1612360 1260
1612370 1262
1612380 1268
1612390 1268
1612400 1269
1612410 1274
1612420 1274
1612430 1277
1612440 1279
1612450 1279
1612460 1281
1612470 1282
1612480 1282
1612490 1285
1612500 1287
1612510 1287
1612520 1289
1612530 1291
1612540 1291
1612550 1293
1612560 1294
1612570 1294
1612580 1294
1612590 1297
1612600 1295
1612610 1295
1612620 1288
1612630 1282
1612640 1282
1612650 1275
1612660 1269
1612670 1269
1612680 1263
1612690 1257
1612700 1257
1612710 1247
1612720 1238
1612730 1238
1612740 1230
1612750 1220
1612760 1220
1612770 1210
1612780 1204
1612790 1204
1612800 1195
1612810 1185
1612820 1176
1612830 1176
1612840 1168
1612850 1162
1612860 1162
1612870 1157
1612880 1152
1612890 1152
1612900 1148
1612910 1143
1612920 1143
1612930 1139
1612940 1134
1612950 1134
1612960 1128
1612970 1124
1612980 1124
1612990 1119
1613000 1112
1613010 1112
1613020 1105
1613030 1099
1613040 1099
1613050 1093
1613060 1087
1613070 1080
1613080 1080
1613090 1075
1613100 1075
1613110 1075
1613120 1079
1613130 1081
1613140 1081
1613150 1086
1613160 1085
1613170 1085
1613180 1078
1613190 1069
1613200 1069
1613210 1060
1613220 1052
1613230 1052
1613240 1045
1613250 1039
1613260 1039
1613270 1040
1613280 1043
1613290 1043
1613300 1048
1613310 1052
1613320 1054
1613330 1054
1613340 1058
1613350 1062
1613360 1064
1613370 1067
1613380 1069
1613390 1069
1613400 1071
1613410 1074
1613420 1074
1613430 1078
1613440 1083
1613450 1083
1613460 1086
1613470 1090
1613480 1090
1613490 1094
1613500 1098
1613510 1098
1613520 1103
1613530 1108
1613540 1108
1613550 1113
1613560 1118
1613570 1122
1613580 1122
1613590 1126
1613600 1127
1613610 1127
1613620 1133
1613630 1136
1613640 1136
1613650 1141
1613660 1144
1613670 1144
1613680 1147
1613690 1152
1613700 1152
1613710 1156
1613720 1160
1613730 1160
1613740 1165
1613750 1170
1613760 1170
1613770 1177
1613780 1182
1613790 1188
1613800 1188
1613810 1193
1613820 1198
1613830 1198
1613840 1203
1613850 1208
1613860 1208
1613870 1212
1613880 1217
1613890 1217
1613900 1221
1613910 1225
1613920 1225
1613930 1230
1613940 1234
1613950 1234
1613960 1238
1613970 1243
1613980 1243
1613990 1248
1614000 1252
1614010 1252
1614020 1257
1614030 1262
1614040 1265
1614050 1265
1614060 1269
1614070 1273
1614080 1273
1614090 1277
1614100 1281
1614110 1281
1614120 1286
1614130 1290
1614140 1290
1614150 1295
1614160 1299
1614170 1299
1614180 1303
1614190 1307
1614200 1307
1614210 1312
1614220 1316
1614230 1316
1614240 1319
1614250 1322
1614260 1322
1614270 1325
1614280 1330
1614290 1332
1614300 1332
1614310 1329
1614320 1324
1614330 1324
1614340 1320
1614350 1311
1614360 1311
1614370 1307
1614380 1301
1614390 1301
1614400 1296
1614410 1293
1614420 1293
1614430 1290
1614440 1286
1614450 1286
1614460 1283
1614470 1281
1614480 1281
1614490 1280
1614500 1279
1614510 1276
1614520 1276
1614530 1273
1614540 1269
1614550 1269
1614560 1266
1614570 1262
1614580 1262
1614590 1257
1614600 1253
1614610 1253
1614620 1249
1614630 1244
1614640 1244
1614650 1239
1614660 1233
1614670 1233
1614680 1227
1614690 1220
1614700 1220
1614710 1214
1614720 1208
1614730 1208
1614740 1202
1614750 1196
1614760 1189
1614770 1189
1614780 1183
1614790 1180
1614800 1180
1614810 1174
1614820 1170
1614830 1170
1614840 1166
1614850 1162
1614860 1162
1614870 1158
1614880 1154
1614890 1154
1614900 1151
1614910 1148
1614920 1148
1614930 1146
1614940 1144
1614950 1144
1614960 1142
1614970 1141
1614980 1141
1614990 1139
1615000 1138
1615010 1136
1615020 1136
1615030 1135
1615040 1133
1615050 1133
1615060 1132
1615070 1131
1615080 1131
1615090 1130
1615100 1129
1615110 1129
1615120 1127
1615130 1127
1615140 1127
1615150 1128
1615160 1129
1615170 1129
1615180 1128
1615190 1126
1615200 1126
1615210 1124
1615220 1124
1615230 1124
1615240 1124
1615250 1124
1615260 1125
1615270 1125
1615280 1125
1615290 1126
1615300 1126
1615310 1126
1615320 1127
1615330 1127
1615340 1127
1615350 1129
1615360 1129
1615370 1130
1615380 1132
1615390 1132
1615400 1133
1615410 1135
1615420 1135
1615430 1136
1615440 1137
1615450 1137
1615460 1139
1615470 1141
1615480 1142
1615490 1142
1615500 1144
1615510 1145
1615520 1145
1615530 1147
1615540 1149
1615550 1149
1615560 1151
1615570 1155
1615580 1155
1615590 1157
1615600 1161
1615610 1161
1615620 1164
1615630 1169
1615640 1169
1615650 1172
1615660 1176
1615670 1176
1615680 1180
1615690 1184
1615700 1184
1615710 1188
1615720 1192
1615730 1197
1615740 1197
1615750 1201
1615760 1206
1615770 1206
1615780 1210
1615790 1215
1615800 1215
1615810 1220
1615820 1223
1615830 1223
1615840 1227
1615850 1231
1615860 1231
1615870 1234
1615880 1238
1615890 1238
1615900 1241
1615910 1245
1615920 1245
1615930 1249
1615940 1253
1615950 1257
1615960 1257
1615970 1261
1615980 1266
1615990 1266
1616000 1271
1616010 1276
1616020 1276
1616030 1281
1616040 1285
1616050 1285
1616060 1288
1616070 1290
1616080 1290
1616090 1284
1616100 1276
1616110 1276
1616120 1268
1616130 1260
1616140 1260
1616150 1252
1616160 1244
1616170 1244
1616180 1236
1616190 1227
1616200 1218
1616210 1218
1616220 1211
1616230 1203
1616240 1203
1616250 1196
1616260 1190
1616270 1190
1616280 1183
1616290 1175
1616300 1175
1616310 1169
1616320 1163
1616330 1163
1616340 1157
1616350 1151
1616360 1151
1616370 1145
1616380 1140
1616390 1140
1616400 1134
1616410 1128
1616420 1128
1616430 1122
1616440 1116
1616450 1111
1616460 1111
1616470 1105
1616480 1099
1616490 1099
1616500 1092
1616510 1085
1616520 1085
1616530 1080
1616540 1075
1616550 1075
1616560 1072
1616570 1070
1616580 1070
1616590 1069
1616600 1068
1616610 1068
1616620 1068
1616630 1067
1616640 1067
1616650 1064
1616660 1061
1616670 1057
1616680 1057
1616690 1054
1616700 1052
1616710 1052
1616720 1049
1616730 1046
1616740 1046
1616750 1045
1616760 1042
1616770 1042
1616780 1040
1616790 1037
1616800 1037
1616810 1035
1616820 1033
1616830 1033
1616840 1029
1616850 1024
1616860 1024
1616870 1019
1616880 1014
1616890 1014
1616900 1010
1616910 1007
1616920 1002
1616930 1002
1616940 999
1616950 996
1616960 996
1616970 993
1616980 990
1616990 990
1617000 984
1617010 980
1617020 980
1617030 973
1617040 967
1617050 967
1617060 962
1617070 959
1617080 959
1617090 955
1617100 951
1617110 951
1617120 947
1617130 943
1617140 943
1617150 939
1617160 937
1617170 938
1617180 938
1617190 934
1617200 938
1617210 938
1617220 945
1617230 951
1617240 951
1617250 960
1617260 965
1617270 965
1617280 971
1617290 976
1617300 976
1617310 982
1617320 988
1617330 988
1617340 993
1617350 998
1617360 998
1617370 1004
1617380 1009
1617390 1014
1617400 1014
1617410 1018
1617420 1022
1617430 1022
1617440 1025
1617450 1029
1617460 1029
1617470 1032
1617480 1035
1617490 1035
1617500 1039
1617510 1041
1617520 1041
1617530 1044
1617540 1047
1617550 1047
1617560 1050
1617570 1055
1617580 1055
1617590 1060
1617600 1065
1617610 1065
1617620 1070
1617630 1076
1617640 1082
1617650 1082
1617660 1088
1617670 1095
1617680 1095
1617690 1103
1617700 1108
1617710 1108
1617720 1113
1617730 1119
1617740 1119
1617750 1126
1617760 1134
1617770 1134
1617780 1140
1617790 1148
1617800 1148
1617810 1155
1617820 1160
1617830 1160
1617840 1164
1617850 1168
1617860 1168
1617870 1171
1617880 1174
1617890 1177
1617900 1177
1617910 1180
1617920 1182
1617930 1182
1617940 1185
1617950 1187
1617960 1187
1617970 1191
1617980 1196
1617990 1196
1618000 1203
1618010 1209
1618020 1209
1618030 1213
1618040 1215
1618050 1215
1618060 1219
1618070 1224
1618080 1224
1618090 1229
1618100 1234
1618110 1236
1618120 1236
1618130 1236
1618140 1236
1618150 1236
1618160 1237
1618170 1238
1618180 1238
1618190 1241
1618200 1242
1618210 1229
1618220 1229
1618230 1227
1618240 1227
1618250 1225
1618260 1223
1618270 1223
1618280 1219
1618290 1212
1618300 1212
1618310 1206
1618320 1204
1618330 1204
1618340 1198
1618350 1188
1618360 1181
1618370 1181
1618380 1176
1618390 1171
1618400 1171
1618410 1166
1618420 1160
1618430 1160
1618440 1156
1618450 1153
1618460 1153
1618470 1152
1618480 1155
1618490 1155
1618500 1157
1618510 1156
1618520 1156
1618530 1155
1618540 1153
1618550 1153
1618560 1150
1618570 1147
1618580 1147
1618590 1141
1618600 1137
1618610 1137
1618620 1137
1618630 1134
1618640 1134
1618650 1134
1618660 1138
1618670 1145
1618680 1145
1618690 1152
1618700 1159
1618710 1159
1618720 1165
1618730 1172
1618740 1172
1618750 1178
1618760 1186
1618770 1186
1618780 1197
1618790 1203
1618800 1203
1618810 1207
1618820 1207
1618830 1207
1618840 1207
1618850 1208
1618860 1210
1618870 1210
1618880 1214
1618890 1217
1618900 1217
1618910 1223
1618920 1228
1618930 1228
1618940 1233
1618950 1239
1618960 1239
1618970 1244
1618980 1248
1618990 1248
1619000 1254
1619010 1259
1619020 1259
1619030 1264
1619040 1270
1619050 1270
1619060 1275
1619070 1280
1619080 1284
1619090 1284
1619100 1288
1619110 1291
1619120 1291
1619130 1294
1619140 1293
1619150 1293
1619160 1285
1619170 1280
1619180 1280
1619190 1278
1619200 1276
1619210 1276
1619220 1274
1619230 1271
1619240 1271
1619250 1267
1619260 1264
1619270 1264
1619280 1259
1619290 1258
1619300 1258
1619310 1256
1619320 1256
1619330 1254
1619340 1254
1619350 1254
1619360 1256
1619370 1256
1619380 1256
1619390 1254
1619400 1254
1619410 1253
1619420 1251
1619430 1251
1619440 1249
1619450 1244
1619460 1244
1619470 1239
1619480 1235
1619490 1235
1619500 1230
1619510 1225
1619520 1225
1619530 1220
1619540 1215
1619550 1215
1619560 1210
1619570 1205
1619580 1199
1619590 1199
1619600 1192
1619610 1186
1619620 1186
1619630 1179
1619640 1173
1619650 1173
1619660 1166
1619670 1162
1619680 1162
1619690 1157
1619700 1150
1619710 1150
1619720 1143
1619730 1141
1619740 1141
1619750 1142
1619760 1148
1619770 1148
1619780 1151
1619790 1155
1619800 1157
1619810 1157
1619820 1160
1619830 1164
1619840 1164
1619850 1166
1619860 1166
1619870 1166
1619880 1167
1619890 1167
1619900 1167
1619910 1167
1619920 1168
1619930 1168
1619940 1168
1619950 1168
1619960 1168
1619970 1166
1619980 1162
1619990 1162
