1600000 1492
1600010 1493
1600020 1493
1600030 1495
1600040 1497
1600050 1497
1600060 1500
1600070 1504
1600080 1504
1600090 1507
1600100 1510
1600110 1510
1600120 1513
1600130 1515
1600140 1515
1600150 1517
1600160 1518
1600170 1518
1600180 1521
1600190 1522
1600200 1525
1600210 1525
1600220 1527
1600230 1529
1600240 1529
1600250 1532
1600260 1534
1600270 1534
1600280 1536
1600290 1538
1600300 1538
1600310 1540
1600320 1542
1600330 1542
1600340 1543
1600350 1545
1600360 1545
1600370 1546
1600380 1548
1600390 1548
1600400 1549
1600410 1550
1600420 1551
1600430 1551
1600440 1552
1600450 1555
1600460 1555
1600470 1557
1600480 1559
1600490 1559
1600500 1561
1600510 1562
1600520 1562
1600530 1564
1600540 1565
1600550 1565
1600560 1566
1600570 1567
1600580 1567
1600590 1568
1600600 1569
1600610 1569
1600620 1570
1600630 1571
1600640 1571
1600650 1571
1600660 1570
1600670 1569
1600680 1569
1600690 1566
1600700 1563
1600710 1563
1600720 1559
1600730 1556
1600740 1556
1600750 1554
1600760 1553
1600770 1553
1600780 1552
1600790 1552
1600800 1552
1600810 1551
1600820 1550
1600830 1550
1600840 1547
1600850 1542
1600860 1542
1600870 1537
1600880 1531
1600890 1531
1600900 1525
1600910 1519
1600920 1515
1600930 1515
1600940 1511
1600950 1506
1600960 1506
1600970 1502
1600980 1497
1600990 1497
1601000 1494
1601010 1490
1601020 1490
1601030 1488
1601040 1486
1601050 1486
1601060 1484
1601070 1481
1601080 1481
1601090 1478
1601100 1475
1601110 1475
1601120 1472
1601130 1470
1601140 1470
1601150 1469
1601160 1467
1601170 1465
1601180 1465
1601190 1464
1601200 1463
1601210 1463
1601220 1461
1601230 1460
1601240 1460
1601250 1459
1601260 1457
1601270 1457
1601280 1456
1601290 1451
1601300 1451
1601310 1450
1601320 1449
1601330 1449
1601340 1447
1601350 1446
1601360 1446
1601370 1445
1601380 1444
1601390 1444
1601400 1442
1601410 1440
1601420 1438
1601430 1438
1601440 1435
1601450 1432
1601460 1432
1601470 1429
1601480 1424
1601490 1424
1601500 1420
1601510 1415
1601520 1415
1601530 1412
1601540 1408
1601550 1408
1601560 1404
1601570 1400
1601580 1400
1601590 1395
1601600 1389
1601610 1389
1601620 1385
1601630 1380
1601640 1380
1601650 1377
1601660 1372
1601670 1368
1601680 1368
1601690 1364
1601700 1361
1601710 1361
1601720 1358
1601730 1356
1601740 1356
1601750 1353
1601760 1349
1601770 1349
1601780 1346
1601790 1343
1601800 1343
1601810 1341
1601820 1339
1601830 1339
1601840 1337
1601850 1335
1601860 1335
1601870 1334
1601880 1332
1601890 1331
1601900 1331
1601910 1330
1601920 1329
1601930 1329
1601940 1329
1601950 1330
1601960 1330
1601970 1330
1601980 1330
1601990 1330
1602000 1330
1602010 1328
1602020 1328
1602030 1329
1602040 1330
1602050 1330
1602060 1333
1602070 1336
1602080 1336
1602090 1337
1602100 1337
1602110 1337
1602120 1337
1602130 1336
1602140 1337
1602150 1337
1602160 1337
1602170 1338
1602180 1338
1602190 1338
1602200 1338
1602210 1338
1602220 1339
1602230 1339
1602240 1339
1602250 1340
1602260 1341
1602270 1341
1602280 1342
1602290 1343
1602300 1343
1602310 1344
1602320 1345
1602330 1345
1602340 1346
1602350 1347
1602360 1347
1602370 1351
1602380 1354
1602390 1356
1602400 1356
1602410 1358
1602420 1359
1602430 1359
1602440 1360
1602450 1361
1602460 1361
1602470 1363
1602480 1364
1602490 1364
1602500 1366
1602510 1368
1602520 1368
1602530 1369
1602540 1370
1602550 1370
1602560 1372
1602570 1373
1602580 1373
1602590 1372
1602600 1372
1602610 1372
1602620 1373
1602630 1374
1602640 1375
1602650 1375
1602660 1376
1602670 1379
1602680 1379
1602690 1382
1602700 1385
1602710 1385
1602720 1390
1602730 1395
1602740 1395
1602750 1400
1602760 1404
1602770 1404
1602780 1408
1602790 1410
1602800 1410
1602810 1412
1602820 1414
1602830 1414
1602840 1415
1602850 1416
1602860 1416
1602870 1417
1602880 1418
1602890 1419
1602900 1419
1602910 1419
1602920 1418
1602930 1418
1602940 1417
1602950 1417
1602960 1417
1602970 1418
1602980 1418
1602990 1418
1603000 1419
1603010 1420
1603020 1420
1603030 1421
1603040 1420
1603050 1420
1603060 1419
1603070 1419
1603080 1419
1603090 1420
1603100 1420
1603110 1420
1603120 1420
1603130 1420
1603140 1421
1603150 1421
1603160 1421
1603170 1422
1603180 1422
1603190 1423
1603200 1425
1603210 1425
1603220 1426
1603230 1428
1603240 1428
1603250 1430
1603260 1432
1603270 1432
1603280 1433
1603290 1433
1603300 1433
1603310 1433
1603320 1432
1603330 1432
1603340 1432
1603350 1431
1603360 1431
1603370 1431
1603380 1430
1603390 1429
1603400 1429
1603410 1427
1603420 1424
1603430 1424
1603440 1421
1603450 1421
1603460 1421
1603470 1418
1603480 1415
1603490 1415
1603500 1411
1603510 1408
1603520 1408
1603530 1407
1603540 1405
1603550 1405
1603560 1400
1603570 1397
1603580 1397
1603590 1398
1603600 1401
1603610 1404
1603620 1404
1603630 1406
1603640 1406
1603650 1406
1603660 1405
1603670 1406
1603680 1406
1603690 1407
1603700 1408
1603710 1408
1603720 1409
1603730 1411
1603740 1411
1603750 1412
1603760 1414
1603770 1414
1603780 1414
1603790 1414
1603800 1414
1603810 1415
1603820 1416
1603830 1416
1603840 1417
1603850 1420
1603860 1421
1603870 1421
1603880 1425
1603890 1427
1603900 1427
1603910 1430
1603920 1433
1603930 1433
1603940 1435
1603950 1436
1603960 1436
1603970 1437
1603980 1436
1603990 1436
1604000 1436
1604010 1435
1604020 1435
1604030 1434
1604040 1434
1604050 1434
1604060 1434
1604070 1436
1604080 1436
1604090 1437
1604100 1438
1604110 1439
1604120 1439
1604130 1442
1604140 1444
1604150 1444
1604160 1447
1604170 1449
1604180 1449
1604190 1451
1604200 1454
1604210 1454
1604220 1456
1604230 1457
1604240 1457
1604250 1458
1604260 1459
1604270 1459
1604280 1461
1604290 1463
1604300 1463
1604310 1464
1604320 1464
1604330 1464
1604340 1463
1604350 1463
1604360 1462
1604370 1462
1604380 1461
1604390 1460
1604400 1460
1604410 1459
1604420 1458
1604430 1458
1604440 1457
1604450 1456
1604460 1456
1604470 1455
1604480 1454
1604490 1454
1604500 1452
1604510 1456
1604520 1456
1604530 1455
1604540 1454
1604550 1454
1604560 1454
1604570 1453
1604580 1453
1604590 1453
1604600 1454
1604610 1455
1604620 1455
1604630 1456
1604640 1457
1604650 1457
1604660 1460
1604670 1461
1604680 1461
1604690 1462
1604700 1462
1604710 1462
1604720 1462
1604730 1461
1604740 1461
1604750 1459
1604760 1458
1604770 1458
1604780 1456
1604790 1452
1604800 1452
1604810 1449
1604820 1445
1604830 1441
1604840 1441
1604850 1437
1604860 1435
1604870 1435
1604880 1434
1604890 1435
1604900 1435
1604910 1435
1604920 1434
1604930 1434
1604940 1433
1604950 1431
1604960 1431
1604970 1428
1604980 1425
1604990 1425
1605000 1422
1605010 1419
1605020 1419
1605030 1417
1605040 1414
1605050 1414
1605060 1411
1605070 1408
1605080 1405
1605090 1405
1605100 1402
1605110 1399
1605120 1399
1605130 1394
1605140 1387
1605150 1387
1605160 1380
1605170 1374
1605180 1374
1605190 1367
1605200 1361
1605210 1361
1605220 1356
1605230 1351
1605240 1351
1605250 1347
1605260 1342
1605270 1342
1605280 1338
1605290 1333
1605300 1333
1605310 1328
1605320 1324
1605330 1322
1605340 1322
1605350 1318
1605360 1315
1605370 1315
1605380 1311
1605390 1308
1605400 1308
1605410 1305
1605420 1302
1605430 1302
1605440 1297
1605450 1292
1605460 1292
1605470 1289
1605480 1285
1605490 1285
1605500 1280
1605510 1275
1605520 1275
1605530 1269
1605540 1263
1605550 1263
1605560 1258
1605570 1250
1605580 1244
1605590 1244
1605600 1237
1605610 1231
1605620 1231
1605630 1225
1605640 1221
1605650 1221
1605660 1217
1605670 1212
1605680 1212
1605690 1209
1605700 1204
1605710 1204
1605720 1200
1605730 1194
1605740 1194
1605750 1191
1605760 1188
1605770 1188
1605780 1185
1605790 1182
1605800 1182
1605810 1179
1605820 1176
1605830 1172
1605840 1172
1605850 1167
1605860 1162
1605870 1162
1605880 1157
1605890 1153
1605900 1153
1605910 1150
1605920 1146
1605930 1146
1605940 1142
1605950 1139
1605960 1139
1605970 1135
1605980 1132
1605990 1132
1606000 1128
1606010 1125
1606020 1125
1606030 1121
1606040 1117
1606050 1113
1606060 1113
1606070 1109
1606080 1105
1606090 1105
1606100 1100
1606110 1097
1606120 1097
1606130 1096
1606140 1095
1606150 1095
1606160 1095
1606170 1090
1606180 1090
1606190 1083
1606200 1075
1606210 1075
1606220 1068
1606230 1061
1606240 1061
1606250 1056
1606260 1052
1606270 1052
1606280 1046
1606290 1043
1606300 1038
1606310 1038
1606320 1033
1606330 1027
1606340 1027
1606350 1020
1606360 1014
1606370 1014
1606380 1008
1606390 1002
1606400 1002
1606410 995
1606420 990
1606430 990
1606440 985
1606450 982
1606460 982
1606470 979
1606480 977
1606490 977
1606500 977
1606510 975
1606520 975
1606530 973
1606540 971
1606550 968
1606560 968
1606570 966
1606580 964
1606590 964
1606600 961
1606610 957
1606620 953
1606630 949
1606640 943
1606650 943
1606660 938
1606670 931
1606680 931
1606690 923
1606700 918
1606710 918
1606720 918
1606730 917
1606740 917
1606750 916
1606760 915
1606770 915
1606780 911
1606790 906
1606800 899
1606810 899
1606820 893
1606830 886
1606840 886
1606850 879
1606860 872
1606870 872
1606880 866
1606890 860
1606900 860
1606910 858
1606920 850
1606930 850
1606940 845
1606950 843
1606960 843
1606970 842
1606980 846
1606990 846
1607000 849
1607010 851
1607020 851
1607030 851
1607040 850
1607050 853
1607060 853
1607070 860
1607080 868
1607090 868
1607100 873
1607110 879
1607120 879
1607130 886
1607140 893
1607150 893
1607160 898
1607170 902
1607180 902
1607190 904
1607200 906
1607210 906
1607220 906
1607230 904
1607240 904
1607250 902
1607260 899
1607270 899
1607280 895
1607290 890
1607300 885
1607310 885
1607320 879
1607330 875
1607340 875
1607350 872
1607360 868
1607370 868
1607380 864
1607390 860
1607400 860
1607410 857
1607420 854
1607430 854
1607440 849
1607450 845
1607460 845
1607470 840
1607480 834
1607490 834
1607500 828
1607510 822
1607520 818
1607530 818
1607540 811
1607550 804
1607560 804
1607570 800
1607580 797
1607590 797
1607600 792
1607610 787
1607620 787
1607630 782
1607640 778
1607650 782
1607660 777
1607670 774
1607680 774
1607690 773
1607700 773
1607710 773
1607720 772
1607730 770
1607740 770
1607750 769
1607760 768
1607770 766
1607780 766
1607790 765
1607800 764
1607810 764
1607820 763
1607830 761
1607840 761
1607850 761
1607860 760
1607870 760
1607880 759
1607890 759
1607900 759
1607910 758
1607920 758
1607930 758
1607940 757
1607950 756
1607960 756
1607970 756
1607980 755
1607990 755
1608000 754
1608010 753
1608020 752
1608030 752
1608040 751
1608050 750
1608060 750
1608070 750
1608080 749
1608090 749
1608100 748
1608110 748
1608120 748
1608130 747
1608140 747
1608150 747
1608160 747
1608170 746
1608180 746
1608190 745
1608200 745
1608210 745
1608220 744
1608230 743
1608240 743
1608250 743
1608260 742
1608270 742
1608280 742
1608290 741
1608300 741
1608310 741
1608320 740
1608330 740
1608340 740
1608350 739
1608360 739
1608370 739
1608380 738
1608390 738
1608400 738
1608410 738
1608420 737
1608430 737
1608440 737
1608450 737
1608460 737
1608470 736
1608480 736
1608490 736
1608500 736
1608510 735
1608520 735
1608530 735
1608540 734
1608550 734
1608560 734
1608570 734
1608580 733
1608590 733
1608600 733
1608610 732
1608620 732
1608630 732
1608640 732
1608650 732
1608660 731
1608670 731
1608680 731
1608690 731
1608700 730
1608710 730
1608720 730
1608730 730
1608740 730
1608750 730
1608760 730
1608770 729
1608780 729
1608790 729
1608800 729
1608810 729
1608820 729
1608830 728
1608840 728
1608850 728
1608860 728
1608870 728
1608880 728
1608890 728
1608900 728
1608910 727
1608920 727
1608930 727
1608940 727
1608950 728
1608960 728
1608970 727
1608980 727
1608990 726
1609000 726
1609010 726
1609020 725
1609030 725
1609040 724
1609050 724
1609060 724
1609070 723
1609080 723
1609090 723
1609100 722
1609110 719
1609120 719
1609130 718
1609140 718
1609150 718
1609160 718
1609170 718
1609180 718
1609190 718
1609200 718
1609210 718
1609220 716
1609230 715
1609240 715
1609250 715
1609260 715
1609270 715
1609280 715
1609290 715
1609300 717
1609310 717
1609320 720
1609330 721
1609340 721
1609350 722
1609360 722
1609370 722
1609380 722
1609390 722
1609400 722
1609410 722
1609420 723
1609430 723
1609440 723
1609450 724
1609460 724
1609470 726
1609480 727
1609490 727
1609500 727
1609510 728
1609520 728
1609530 728
1609540 729
1609550 729
1609560 729
1609570 729
1609580 729
1609590 729
1609600 730
1609610 731
1609620 731
1609630 732
1609640 732
1609650 732
1609660 732
1609670 733
1609680 733
1609690 733
1609700 733
1609710 733
1609720 734
1609730 734
1609740 734
1609750 734
1609760 734
1609770 734
1609780 734
1609790 734
1609800 734
1609810 734
1609820 735
1609830 735
1609840 735
1609850 735
1609860 735
1609870 735
1609880 735
1609890 735
1609900 735
1609910 735
1609920 735
1609930 735
1609940 736
1609950 736
1609960 736
1609970 737
1609980 738
1609990 738
1610000 738
1610010 740
1610020 741
1610030 741
1610040 744
1610050 747
1610060 747
1610070 751
1610080 754
1610090 754
1610100 757
1610110 760
1610120 760
1610130 762
1610140 764
1610150 764
1610160 767
1610170 768
1610180 768
1610190 772
1610200 775
1610210 775
1610220 777
1610230 778
1610240 780
1610250 780
1610260 782
1610270 785
1610280 785
1610290 788
1610300 792
1610310 792
1610320 796
1610330 800
1610340 800
1610350 803
1610360 806
1610370 806
1610380 807
1610390 807
1610400 807
1610410 808
1610420 809
1610430 809
1610440 810
1610450 811
1610460 813
1610470 813
1610480 814
1610490 814
1610500 814
1610510 815
1610520 816
1610530 816
1610540 818
1610550 821
1610560 821
1610570 821
1610580 821
1610590 821
1610600 822
1610610 822
1610620 822
1610630 822
1610640 825
1610650 825
1610660 827
1610670 828
1610680 828
1610690 831
1610700 832
1610710 832
1610720 824
1610730 824
1610740 823
1610750 823
1610760 823
1610770 821
1610780 821
1610790 820
1610800 820
1610810 820
1610820 818
1610830 818
1610840 818
1610850 819
1610860 819
1610870 819
1610880 820
1610890 823
1610900 823
1610910 825
1610920 826
1610930 826
1610940 826
1610950 825
1610960 823
1610970 823
1610980 822
1610990 821
1611000 821
1611010 820
1611020 818
1611030 818
1611040 816
1611050 814
1611060 814
1611070 811
1611080 809
1611090 809
1611100 808
1611110 806
1611120 806
1611130 804
1611140 802
1611150 802
1611160 801
1611170 800
1611180 800
1611190 800
1611200 800
1611210 800
1611220 800
1611230 800
1611240 801
1611250 801
1611260 802
1611270 802
1611280 802
1611290 803
1611300 803
1611310 803
1611320 802
1611330 801
1611340 801
1611350 799
1611360 798
1611370 798
1611380 797
1611390 797
1611400 797
1611410 796
1611420 796
1611430 796
1611440 794
1611450 792
1611460 790
1611470 790
1611480 788
1611490 786
1611500 786
1611510 785
1611520 784
1611530 784
1611540 784
1611550 783
1611560 783
1611570 782
1611580 781
1611590 781
1611600 780
1611610 780
1611620 780
1611630 782
1611640 784
1611650 784
1611660 786
1611670 787
1611680 787
1611690 785
1611700 783
1611710 781
1611720 776
1611730 776
1611740 775
1611750 775
1611760 776
1611770 776
1611780 776
1611790 776
1611800 775
1611810 775
1611820 775
1611830 774
1611840 774
1611850 773
1611860 770
1611870 770
1611880 768
1611890 767
1611900 767
1611910 767
1611920 766
1611930 766
1611940 766
1611950 765
1611960 765
1611970 765
1611980 763
1611990 762
1612000 762
1612010 761
1612020 759
1612030 759
1612040 758
1612050 756
1612060 756
1612070 755
1612080 754
1612090 754
1612100 754
1612110 754
1612120 754
1612130 754
1612140 752
1612150 752
1612160 751
1612170 750
1612180 749
1612190 749
1612200 748
1612210 747
1612220 747
1612230 745
1612240 744
1612250 744
1612260 744
1612270 744
1612280 744
1612290 744
1612300 744
1612310 744
1612320 744
1612330 743
1612340 743
1612350 740
1612360 738
1612370 738
1612380 736
1612390 734
1612400 734
1612410 733
1612420 731
1612430 728
1612440 728
1612450 727
1612460 725
1612470 725
1612480 721
1612490 718
1612500 718
1612510 716
1612520 715
1612530 715
1612540 716
1612550 716
1612560 716
1612570 716
1612580 716
1612590 716
1612600 716
1612610 716
1612620 716
1612630 718
1612640 721
1612650 721
1612660 726
1612670 731
1612680 736
1612690 736
1612700 736
1612710 737
1612720 729
1612730 733
1612740 737
1612750 737
1612760 738
1612770 738
1612780 738
1612790 737
1612800 736
1612810 736
1612820 737
1612830 736
1612840 736
1612850 734
1612860 732
1612870 732
1612880 726
1612890 727
1612900 727
1612910 726
1612920 725
1612930 722
1612940 722
1612950 719
1612960 715
1612970 715
1612980 714
1612990 713
1613000 713
1613010 713
1613020 715
1613030 715
1613040 718
1613050 720
1613060 720
1613070 723
1613080 725
1613090 725
1613100 728
1613110 729
1613120 729
1613130 731
1613140 731
1613150 731
1613160 732
1613170 732
1613180 731
1613190 731
1613200 731
1613210 732
1613220 732
1613230 733
1613240 733
1613250 733
1613260 733
1613270 733
1613280 733
1613290 734
1613300 733
1613310 733
1613320 731
1613330 731
1613340 731
1613350 731
1613360 731
1613370 731
1613380 733
1613390 732
1613400 730
1613410 730
1613420 730
1613430 730
1613440 730
1613450 730
1613460 730
1613470 730
1613480 730
1613490 731
1613500 731
1613510 731
1613520 731
1613530 731
1613540 731
1613550 731
1613560 731
1613570 731
1613580 731
1613590 731
1613600 730
1613610 730
1613620 730
1613630 730
1613640 729
1613650 729
1613660 729
1613670 729
1613680 729
1613690 729
1613700 729
1613710 728
1613720 728
1613730 729
1613740 729
1613750 729
1613760 729
1613770 729
1613780 729
1613790 729
1613800 729
1613810 729
1613820 729
1613830 728
1613840 728
1613850 728
1613860 728
1613870 728
1613880 728
1613890 728
1613900 728
1613910 728
1613920 728
1613930 728
1613940 728
1613950 728
1613960 728
1613970 728
1613980 728
1613990 728
1614000 728
1614010 728
1614020 728
1614030 728
1614040 726
1614050 726
1614060 726
1614070 726
1614080 726
1614090 726
1614100 727
1614110 726
1614120 726
1614130 726
1614140 726
1614150 726
1614160 726
1614170 726
1614180 726
1614190 726
1614200 726
1614210 725
1614220 725
1614230 725
1614240 725
1614250 725
1614260 724
1614270 724
1614280 724
1614290 724
1614300 723
1614310 723
1614320 723
1614330 723
1614340 723
1614350 723
1614360 723
1614370 723
1614380 722
1614390 722
1614400 722
1614410 722
1614420 721
1614430 720
1614440 720
1614450 719
1614460 719
1614470 719
1614480 718
1614490 717
1614500 717
1614510 717
1614520 717
1614530 717
1614540 716
1614550 716
1614560 716
1614570 715
1614580 715
1614590 715
1614600 714
1614610 714
1614620 714
1614630 714
1614640 714
1614650 713
1614660 713
1614670 713
1614680 713
1614690 713
1614700 713
1614710 713
1614720 713
1614730 713
1614740 713
1614750 713
1614760 713
1614770 713
1614780 713
1614790 713
1614800 712
1614810 712
1614820 711
1614830 711
1614840 711
1614850 711
1614860 711
1614870 711
1614880 711
1614890 711
1614900 711
1614910 711
1614920 711
1614930 711
1614940 711
1614950 711
1614960 711
1614970 711
1614980 711
1614990 711
1615000 711
1615010 711
1615020 711
1615030 711
1615040 711
1615050 711
1615060 711
1615070 711
1615080 711
1615090 711
1615100 710
1615110 710
1615120 710
1615130 710
1615140 710
1615150 710
1615160 710
1615170 710
1615180 710
1615190 710
1615200 710
1615210 710
1615220 710
1615230 710
1615240 710
1615250 710
1615260 710
1615270 710
1615280 710
1615290 710
1615300 710
1615310 710
1615320 710
1615330 710
1615340 710
1615350 710
1615360 710
1615370 709
1615380 709
1615390 709
1615400 709
1615410 709
1615420 710
1615430 710
1615440 710
1615450 710
1615460 710
1615470 710
1615480 710
1615490 710
1615500 710
1615510 709
1615520 710
1615530 710
1615540 709
1615550 709
1615560 709
1615570 709
1615580 709
1615590 709
1615600 709
1615610 709
1615620 709
1615630 709
1615640 708
1615650 708
1615660 709
1615670 709
1615680 709
1615690 709
1615700 709
1615710 709
1615720 709
1615730 709
1615740 709
1615750 709
1615760 709
1615770 709
1615780 709
1615790 709
1615800 709
1615810 709
1615820 709
1615830 709
1615840 709
1615850 708
1615860 707
1615870 706
1615880 706
1615890 706
1615900 707
1615910 707
1615920 708
1615930 710
1615940 710
1615950 711
1615960 711
1615970 711
1615980 710
1615990 710
1616000 710
1616010 710
1616020 710
1616030 710
1616040 710
1616050 709
1616060 709
1616070 709
1616080 709
1616090 709
1616100 709
1616110 709
1616120 709
1616130 709
1616140 709
1616150 709
1616160 709
1616170 709
1616180 709
1616190 709
1616200 709
1616210 708
1616220 708
1616230 708
1616240 708
1616250 708
1616260 708
1616270 708
1616280 708
1616290 708
1616300 708
1616310 708
1616320 708
1616330 708
1616340 708
1616350 708
1616360 708
1616370 708
1616380 708
1616390 708
1616400 708
1616410 708
1616420 708
1616430 708
1616440 708
1616450 708
1616460 708
1616470 708
1616480 708
1616490 708
1616500 708
1616510 708
1616520 708
1616530 708
1616540 708
1616550 708
1616560 708
1616570 708
1616580 708
1616590 708
1616600 708
1616610 708
1616620 708
1616630 708
1616640 707
1616650 707
1616660 707
1616670 707
1616680 708
1616690 708
1616700 707
1616710 707
1616720 707
1616730 707
1616740 707
1616750 707
1616760 707
1616770 707
1616780 707
1616790 707
1616800 706
1616810 706
1616820 706
1616830 706
1616840 706
1616850 706
1616860 706
1616870 706
1616880 706
1616890 706
1616900 706
1616910 706
1616920 706
1616930 706
1616940 706
1616950 706
1616960 706
1616970 706
1616980 706
1616990 707
1617000 707
1617010 707
1617020 707
1617030 707
1617040 707
1617050 706
1617060 706
1617070 704
1617080 704
1617090 704
1617100 704
1617110 704
1617120 704
1617130 704
1617140 704
1617150 706
1617160 706
1617170 706
1617180 706
1617190 706
1617200 706
1617210 706
1617220 706
1617230 706
1617240 706
1617250 706
1617260 706
1617270 706
1617280 706
1617290 706
1617300 706
1617310 706
1617320 706
1617330 706
1617340 705
1617350 705
1617360 705
1617370 705
1617380 705
1617390 706
1617400 706
1617410 706
1617420 707
1617430 707
1617440 707
1617450 707
1617460 707
1617470 707
1617480 706
1617490 706
1617500 706
1617510 706
1617520 706
1617530 706
1617540 706
1617550 706
1617560 706
1617570 706
1617580 706
1617590 706
1617600 706
1617610 706
1617620 706
1617630 706
1617640 706
1617650 706
1617660 706
1617670 706
1617680 707
1617690 707
1617700 707
1617710 707
1617720 707
1617730 706
1617740 705
1617750 705
1617760 705
1617770 705
1617780 705
1617790 705
1617800 705
1617810 704
1617820 704
1617830 703
1617840 703
1617850 703
1617860 703
1617870 703
1617880 703
1617890 703
1617900 703
1617910 703
1617920 703
1617930 703
1617940 703
1617950 703
1617960 703
1617970 703
1617980 703
1617990 703
1618000 703
1618010 703
1618020 703
1618030 703
1618040 703
1618050 703
1618060 703
1618070 703
1618080 703
1618090 703
1618100 703
1618110 703
1618120 703
1618130 703
1618140 703
1618150 703
1618160 703
1618170 703
1618180 703
1618190 703
1618200 704
1618210 705
1618220 705
1618230 705
1618240 705
1618250 705
1618260 705
1618270 705
1618280 705
1618290 705
1618300 705
1618310 705
1618320 705
1618330 705
1618340 705
1618350 705
1618360 705
1618370 705
1618380 705
1618390 705
1618400 705
1618410 705
1618420 705
1618430 705
1618440 705
1618450 705
1618460 705
1618470 705
1618480 705
1618490 705
1618500 705
1618510 705
1618520 705
1618530 705
1618540 705
1618550 705
1618560 705
1618570 705
1618580 705
1618590 705
1618600 705
1618610 705
1618620 705
1618630 705
1618640 705
1618650 704
1618660 704
1618670 704
1618680 704
1618690 704
1618700 704
1618710 704
1618720 704
1618730 704
1618740 704
1618750 704
1618760 704
1618770 704
1618780 704
1618790 704
1618800 704
1618810 704
1618820 704
1618830 704
1618840 704
1618850 704
1618860 704
1618870 704
1618880 704
1618890 704
1618900 704
1618910 704
1618920 704
1618930 704
1618940 704
1618950 704
1618960 704
1618970 704
1618980 704
1618990 704
1619000 704
1619010 704
1619020 704
1619030 704
1619040 704
1619050 704
1619060 704
1619070 704
1619080 704
1619090 704
1619100 704
1619110 704
1619120 703
1619130 703
1619140 703
1619150 703
1619160 703
1619170 703
1619180 704
1619190 704
1619200 704
1619210 704
1619220 704
1619230 704
1619240 704
1619250 704
1619260 704
1619270 704
1619280 704
1619290 704
1619300 703
1619310 702
1619320 702
1619330 702
1619340 702
1619350 702
1619360 702
1619370 702
1619380 702
1619390 702
1619400 704
1619410 704
1619420 704
1619430 704
1619440 704
1619450 704
1619460 704
1619470 704
1619480 704
1619490 703
1619500 703
1619510 703
1619520 703
1619530 703
1619540 703
1619550 703
1619560 703
1619570 703
1619580 703
1619590 703
1619600 703
1619610 703
1619620 703
1619630 703
1619640 703
1619650 703
1619660 703
1619670 703
1619680 703
1619690 703
1619700 703
1619710 703
1619720 703
1619730 703
1619740 703
1619750 703
1619760 703
1619770 703
1619780 703
1619790 703
1619800 703
1619810 703
1619820 703
1619830 703
1619840 703
1619850 703
1619860 703
1619870 703
1619880 703
1619890 703
1619900 703
1619910 703
1619920 703
1619930 703
1619940 703
1619950 703
1619960 703
1619970 703
1619980 703
1619990 703
