1600000 1383
1600010 1383
1600020 1388
1600030 1392
1600040 1392
1600050 1397
1600060 1400
1600070 1400
1600080 1402
1600090 1403
1600100 1403
1600110 1404
1600120 1406
1600130 1406
1600140 1407
1600150 1408
1600160 1408
1600170 1408
1600180 1408
1600190 1409
1600200 1409
1600210 1410
1600220 1411
1600230 1411
1600240 1413
1600250 1415
1600260 1415
1600270 1417
1600280 1420
1600290 1420
1600300 1422
1600310 1422
1600320 1422
1600330 1424
1600340 1425
1600350 1425
1600360 1427
1600370 1430
1600380 1430
1600390 1432
1600400 1435
1600410 1435
1600420 1438
1600430 1441
1600440 1441
1600450 1441
1600460 1438
1600470 1437
1600480 1437
1600490 1442
1600500 1448
1600510 1448
1600520 1454
1600530 1459
1600540 1459
1600550 1465
1600560 1472
1600570 1472
1600580 1478
1600590 1483
1600600 1483
1600610 1487
1600620 1491
1600630 1491
1600640 1493
1600650 1496
1600660 1496
1600670 1500
1600680 1506
1600690 1510
1600700 1510
1600710 1514
1600720 1520
1600730 1520
1600740 1524
1600750 1527
1600760 1527
1600770 1530
1600780 1533
1600790 1533
1600800 1536
1600810 1539
1600820 1539
1600830 1543
1600840 1547
1600850 1547
1600860 1551
1600870 1553
1600880 1553
1600890 1554
1600900 1557
1600910 1557
1600920 1561
1600930 1565
1600940 1568
1600950 1568
1600960 1571
1600970 1576
1600980 1576
1600990 1580
1601000 1583
1601010 1583
1601020 1586
1601030 1590
1601040 1590
1601050 1593
1601060 1597
1601070 1597
1601080 1599
1601090 1603
1601100 1603
1601110 1608
1601120 1612
1601130 1612
1601140 1615
1601150 1619
1601160 1619
1601170 1622
1601180 1627
1601190 1632
1601200 1632
1601210 1637
1601220 1641
1601230 1641
1601240 1644
1601250 1647
1601260 1647
1601270 1650
1601280 1654
1601290 1654
1601300 1658
1601310 1662
1601320 1662
1601330 1665
1601340 1669
1601350 1669
1601360 1672
1601370 1675
1601380 1675
1601390 1678
1601400 1680
1601410 1680
1601420 1683
1601430 1685
1601440 1687
1601450 1687
1601460 1688
1601470 1689
1601480 1689
1601490 1689
1601500 1686
1601510 1686
1601520 1681
1601530 1675
1601540 1675
1601550 1668
1601560 1661
1601570 1661
1601580 1655
1601590 1649
1601600 1649
1601610 1644
1601620 1638
1601630 1638
1601640 1632
1601650 1627
1601660 1627
1601670 1623
1601680 1619
1601690 1616
1601700 1616
1601710 1612
1601720 1608
1601730 1608
1601740 1603
1601750 1600
1601760 1600
1601770 1596
1601780 1592
1601790 1592
1601800 1587
1601810 1583
1601820 1583
1601830 1579
1601840 1576
1601850 1576
1601860 1573
1601870 1569
1601880 1569
1601890 1566
1601900 1564
1601910 1560
1601920 1560
1601930 1558
1601940 1557
1601950 1557
1601960 1559
1601970 1560
1601980 1564
1601990 1565
1602000 1567
1602010 1567
1602020 1569
1602030 1571
1602040 1571
1602050 1574
1602060 1577
1602070 1577
1602080 1580
1602090 1583
1602100 1583
1602110 1587
1602120 1590
1602130 1590
1602140 1593
1602150 1597
1602160 1601
1602170 1601
1602180 1604
1602190 1608
1602200 1608
1602210 1611
1602220 1615
1602230 1615
1602240 1619
1602250 1621
1602260 1621
1602270 1623
1602280 1624
1602290 1624
1602300 1626
1602310 1627
1602320 1627
1602330 1628
1602340 1629
1602350 1629
1602360 1630
1602370 1632
1602380 1632
1602390 1634
1602400 1636
1602410 1639
1602420 1639
1602430 1640
1602440 1641
1602450 1641
1602460 1642
1602470 1643
1602480 1643
1602490 1644
1602500 1644
1602510 1644
1602520 1645
1602530 1646
1602540 1646
1602550 1647
1602560 1648
1602570 1648
1602580 1649
1602590 1651
1602600 1651
1602610 1653
1602620 1655
1602630 1655
1602640 1657
1602650 1659
1602660 1661
1602670 1661
1602680 1663
1602690 1665
1602700 1665
1602710 1667
1602720 1669
1602730 1669
1602740 1671
1602750 1673
1602760 1673
1602770 1675
1602780 1677
1602790 1677
1602800 1679
1602810 1682
1602820 1682
1602830 1684
1602840 1687
1602850 1687
1602860 1689
1602870 1692
1602880 1692
1602890 1694
1602900 1697
1602910 1698
1602920 1698
1602930 1698
1602940 1697
1602950 1697
1602960 1693
1602970 1689
1602980 1689
1602990 1685
1603000 1681
1603010 1681
1603020 1678
1603030 1674
1603040 1674
1603050 1670
1603060 1664
1603070 1664
1603080 1660
1603090 1656
1603100 1656
1603110 1653
1603120 1650
1603130 1650
1603140 1648
1603150 1647
1603160 1645
1603170 1645
1603180 1644
1603190 1643
1603200 1643
1603210 1641
1603220 1640
1603230 1640
1603240 1640
1603250 1640
1603260 1640
1603270 1640
1603280 1641
1603290 1641
1603300 1641
1603310 1640
1603320 1640
1603330 1640
1603340 1640
1603350 1640
1603360 1639
1603370 1638
1603380 1638
1603390 1637
1603400 1635
1603410 1633
1603420 1633
1603430 1631
1603440 1628
1603450 1628
1603460 1625
1603470 1622
1603480 1622
1603490 1620
1603500 1616
1603510 1616
1603520 1612
1603530 1607
1603540 1607
1603550 1603
1603560 1599
1603570 1599
1603580 1595
1603590 1590
1603600 1590
1603610 1585
1603620 1580
1603630 1580
1603640 1575
1603650 1570
1603660 1565
1603670 1565
1603680 1559
1603690 1554
1603700 1554
1603710 1547
1603720 1542
1603730 1542
1603740 1534
1603750 1528
1603760 1528
1603770 1523
1603780 1517
1603790 1517
1603800 1512
1603810 1508
1603820 1508
1603830 1503
1603840 1497
1603850 1497
1603860 1489
1603870 1483
1603880 1483
1603890 1477
1603900 1472
1603910 1468
1603920 1468
1603930 1463
1603940 1459
1603950 1459
1603960 1455
1603970 1450
1603980 1450
1603990 1446
1604000 1442
1604010 1442
1604020 1436
1604030 1429
1604040 1429
1604050 1425
1604060 1419
1604070 1419
1604080 1414
1604090 1409
1604100 1409
1604110 1405
1604120 1400
1604130 1397
1604140 1393
1604150 1389
1604160 1384
1604170 1384
1604180 1380
1604190 1376
1604200 1376
1604210 1372
1604220 1368
1604230 1368
1604240 1364
1604250 1359
1604260 1359
1604270 1355
1604280 1353
1604290 1353
1604300 1351
1604310 1348
1604320 1348
1604330 1344
1604340 1341
1604350 1341
1604360 1335
1604370 1331
1604380 1326
1604390 1326
1604400 1320
1604410 1316
1604420 1316
1604430 1312
1604440 1306
1604450 1306
1604460 1301
1604470 1295
1604480 1295
1604490 1288
1604500 1282
1604510 1282
1604520 1275
1604530 1269
1604540 1269
1604550 1263
1604560 1257
1604570 1257
1604580 1251
1604590 1247
1604600 1247
1604610 1245
1604620 1241
1604630 1237
1604640 1237
1604650 1231
1604660 1223
1604670 1223
1604680 1216
1604690 1211
1604700 1211
1604710 1206
1604720 1201
1604730 1201
1604740 1197
1604750 1193
1604760 1193
1604770 1187
1604780 1181
1604790 1181
1604800 1175
1604810 1171
1604820 1171
1604830 1165
1604840 1160
1604850 1160
1604860 1154
1604870 1151
1604880 1152
1604890 1152
1604900 1154
1604910 1159
1604920 1159
1604930 1162
1604940 1164
1604950 1164
1604960 1164
1604970 1170
1604980 1170
1604990 1173
1605000 1171
1605010 1171
1605020 1171
1605030 1175
1605040 1175
1605050 1179
1605060 1180
1605070 1180
1605080 1179
1605090 1177
1605100 1177
1605110 1176
1605120 1176
1605130 1176
1605140 1176
1605150 1175
1605160 1174
1605170 1174
1605180 1174
1605190 1176
1605200 1176
1605210 1174
1605220 1171
1605230 1171
1605240 1170
1605250 1169
1605260 1169
1605270 1166
1605280 1166
1605290 1166
1605300 1166
1605310 1165
1605320 1165
1605330 1164
1605340 1163
1605350 1163
1605360 1161
1605370 1158
1605380 1157
1605390 1157
1605400 1157
1605410 1156
1605420 1156
1605430 1156
1605440 1156
1605450 1156
1605460 1155
1605470 1154
1605480 1154
1605490 1154
1605500 1155
1605510 1155
1605520 1155
1605530 1155
1605540 1155
1605550 1155
1605560 1155
1605570 1155
1605580 1155
1605590 1155
1605600 1155
1605610 1155
1605620 1155
1605630 1154
1605640 1154
1605650 1153
1605660 1152
1605670 1152
1605680 1150
1605690 1149
1605700 1149
1605710 1151
1605720 1153
1605730 1153
1605740 1156
1605750 1157
1605760 1157
1605770 1158
1605780 1159
1605790 1159
1605800 1157
1605810 1160
1605820 1160
1605830 1162
1605840 1164
1605850 1164
1605860 1165
1605870 1165
1605880 1166
1605890 1166
1605900 1166
1605910 1166
1605920 1166
1605930 1165
1605940 1165
1605950 1165
1605960 1166
1605970 1168
1605980 1168
1605990 1169
1606000 1169
1606010 1169
1606020 1168
1606030 1168
1606040 1168
1606050 1168
1606060 1168
1606070 1168
1606080 1167
1606090 1167
1606100 1167
1606110 1166
1606120 1166
1606130 1166
1606140 1166
1606150 1164
1606160 1162
1606170 1162
1606180 1159
1606190 1155
1606200 1155
1606210 1149
1606220 1143
1606230 1143
1606240 1141
1606250 1135
1606260 1135
1606270 1134
1606280 1138
1606290 1138
1606300 1139
1606310 1139
1606320 1139
1606330 1139
1606340 1141
1606350 1141
1606360 1144
1606370 1147
1606380 1149
1606390 1149
1606400 1152
1606410 1153
1606420 1153
1606430 1155
1606440 1158
1606450 1158
1606460 1160
1606470 1159
1606480 1159
1606490 1159
1606500 1158
1606510 1158
1606520 1158
1606530 1158
1606540 1158
1606550 1159
1606560 1155
1606570 1155
1606580 1151
1606590 1148
1606600 1148
1606610 1154
1606620 1157
1606630 1160
1606640 1160
1606650 1160
1606660 1160
1606670 1160
1606680 1160
1606690 1161
1606700 1161
1606710 1164
1606720 1170
1606730 1170
1606740 1175
1606750 1181
1606760 1181
1606770 1185
1606780 1188
1606790 1188
1606800 1191
1606810 1194
1606820 1194
1606830 1197
1606840 1199
1606850 1200
1606860 1200
1606870 1200
1606880 1203
1606890 1203
1606900 1204
1606910 1205
1606920 1205
1606930 1206
1606940 1206
1606950 1206
1606960 1207
1606970 1207
1606980 1207
1606990 1208
1607000 1208
1607010 1208
1607020 1209
1607030 1208
1607040 1208
1607050 1207
1607060 1207
1607070 1207
1607080 1207
1607090 1207
1607100 1206
1607110 1206
1607120 1206
1607130 1205
1607140 1205
1607150 1204
1607160 1204
1607170 1204
1607180 1205
1607190 1206
1607200 1206
1607210 1206
1607220 1207
1607230 1207
1607240 1206
1607250 1205
1607260 1205
1607270 1204
1607280 1207
1607290 1207
1607300 1206
1607310 1205
1607320 1205
1607330 1203
1607340 1202
1607350 1202
1607360 1202
1607370 1202
1607380 1203
1607390 1203
1607400 1204
1607410 1203
1607420 1203
1607430 1204
1607440 1204
1607450 1204
1607460 1202
1607470 1198
1607480 1198
1607490 1193
1607500 1190
1607510 1190
1607520 1186
1607530 1178
1607540 1178
1607550 1170
1607560 1163
1607570 1163
1607580 1157
1607590 1152
1607600 1147
1607610 1147
1607620 1143
1607630 1139
1607640 1139
1607650 1136
1607660 1132
1607670 1132
1607680 1128
1607690 1124
1607700 1124
1607710 1120
1607720 1116
1607730 1116
1607740 1112
1607750 1108
1607760 1108
1607770 1104
1607780 1098
1607790 1098
1607800 1093
1607810 1088
1607820 1088
1607830 1084
1607840 1081
1607850 1076
1607860 1076
1607870 1074
1607880 1069
1607890 1069
1607900 1064
1607910 1059
1607920 1059
1607930 1054
1607940 1049
1607950 1049
1607960 1044
1607970 1039
1607980 1039
1607990 1034
1608000 1029
1608010 1029
1608020 1023
1608030 1017
1608040 1017
1608050 1010
1608060 1003
1608070 1003
1608080 995
1608090 991
1608100 993
1608110 993
1608120 993
1608130 992
1608140 992
1608150 990
1608160 989
1608170 989
1608180 986
1608190 982
1608200 982
1608210 981
1608220 978
1608230 978
1608240 974
1608250 970
1608260 970
1608270 967
1608280 966
1608290 966
1608300 964
1608310 967
1608320 967
1608330 963
1608340 959
1608350 954
1608360 954
1608370 948
1608380 943
1608390 943
1608400 937
1608410 929
1608420 929
1608430 921
1608440 913
1608450 913
1608460 917
1608470 922
1608480 922
1608490 924
1608500 924
1608510 924
1608520 922
1608530 920
1608540 920
1608550 919
1608560 918
1608570 918
1608580 917
1608590 917
1608600 917
1608610 917
1608620 918
1608630 917
1608640 917
1608650 916
1608660 914
1608670 914
1608680 912
1608690 909
1608700 909
1608710 906
1608720 904
1608730 904
1608740 904
1608750 902
1608760 902
1608770 902
1608780 902
1608790 902
1608800 902
1608810 903
1608820 903
1608830 902
1608840 901
1608850 899
1608860 899
1608870 896
1608880 894
1608890 894
1608900 892
1608910 889
1608920 889
1608930 887
1608940 884
1608950 884
1608960 882
1608970 879
1608980 879
1608990 877
1609000 875
1609010 875
1609020 873
1609030 871
1609040 871
1609050 869
1609060 868
1609070 866
1609080 866
1609090 866
1609100 865
1609110 865
1609120 864
1609130 863
1609140 863
1609150 860
1609160 858
1609170 858
1609180 855
1609190 853
1609200 853
1609210 851
1609220 848
1609230 848
1609240 846
1609250 843
1609260 843
1609270 841
1609280 838
1609290 838
1609300 836
1609310 833
1609320 829
1609330 829
1609340 824
1609350 826
1609360 826
1609370 830
1609380 832
1609390 832
1609400 834
1609410 837
1609420 837
1609430 840
1609440 838
1609450 838
1609460 833
1609470 827
1609480 827
1609490 822
1609500 818
1609510 818
1609520 816
1609530 813
1609540 813
1609550 809
1609560 807
1609570 805
1609580 805
1609590 808
1609600 811
1609610 811
1609620 813
1609630 815
1609640 815
1609650 818
1609660 820
1609670 820
1609680 822
1609690 824
1609700 824
1609710 829
1609720 832
1609730 832
1609740 834
1609750 834
1609760 834
1609770 832
1609780 830
1609790 830
1609800 829
1609810 828
1609820 829
1609830 829
1609840 832
1609850 834
1609860 834
1609870 835
1609880 835
1609890 835
1609900 834
1609910 831
1609920 831
1609930 827
1609940 825
1609950 825
1609960 823
1609970 822
1609980 822
1609990 819
1610000 816
1610010 816
1610020 813
1610030 810
1610040 810
1610050 807
1610060 802
1610070 798
1610080 798
1610090 795
1610100 791
1610110 791
1610120 790
1610130 788
1610140 788
1610150 786
1610160 786
1610170 786
1610180 785
1610190 785
1610200 785
1610210 786
1610220 786
1610230 786
1610240 784
1610250 784
1610260 784
1610270 783
1610280 783
1610290 783
1610300 783
1610310 784
1610320 783
1610330 783
1610340 780
1610350 783
1610360 783
1610370 780
1610380 779
1610390 779
1610400 777
1610410 776
1610420 776
1610430 775
1610440 775
1610450 775
1610460 776
1610470 776
1610480 776
1610490 776
1610500 776
1610510 776
1610520 777
1610530 777
1610540 777
1610550 778
1610560 778
1610570 779
1610580 779
1610590 777
1610600 775
1610610 775
1610620 779
1610630 780
1610640 780
1610650 779
1610660 779
1610670 779
1610680 778
1610690 777
1610700 777
1610710 776
1610720 776
1610730 776
1610740 775
1610750 775
1610760 775
1610770 775
1610780 775
1610790 775
1610800 775
1610810 774
1610820 774
1610830 774
1610840 774
1610850 774
1610860 774
1610870 774
1610880 774
1610890 774
1610900 774
1610910 775
1610920 775
1610930 777
1610940 778
1610950 778
1610960 779
1610970 781
1610980 781
1610990 783
1611000 786
1611010 786
1611020 787
1611030 788
1611040 788
1611050 791
1611060 794
1611070 796
1611080 796
1611090 799
1611100 800
1611110 800
1611120 800
1611130 801
1611140 801
1611150 803
1611160 804
1611170 804
1611180 805
1611190 806
1611200 806
1611210 807
1611220 809
1611230 809
1611240 812
1611250 815
1611260 815
1611270 817
1611280 820
1611290 820
1611300 824
1611310 825
1611320 826
1611330 826
1611340 826
1611350 826
1611360 828
1611370 826
1611380 826
1611390 826
1611400 826
1611410 825
1611420 825
1611430 825
1611440 824
1611450 824
1611460 821
1611470 818
1611480 818
1611490 814
1611500 811
1611510 811
1611520 799
1611530 785
1611540 778
1611550 778
1611560 774
1611570 772
1611580 772
1611590 771
1611600 770
1611610 770
1611620 769
1611630 769
1611640 769
1611650 770
1611660 770
1611670 770
1611680 772
1611690 773
1611700 773
1611710 773
1611720 774
1611730 774
1611740 774
1611750 774
1611760 774
1611770 774
1611780 774
1611790 774
1611800 774
1611810 773
1611820 773
1611830 773
1611840 773
1611850 774
1611860 774
1611870 776
1611880 778
1611890 778
1611900 778
1611910 779
1611920 779
1611930 779
1611940 779
1611950 779
1611960 779
1611970 778
1611980 778
1611990 778
1612000 778
1612010 778
1612020 777
1612030 776
1612040 776
1612050 776
1612060 775
1612070 775
1612080 775
1612090 774
1612100 773
1612110 773
1612120 772
1612130 772
1612140 772
1612150 771
1612160 771
1612170 771
1612180 770
1612190 769
1612200 769
1612210 768
1612220 767
1612230 767
1612240 766
1612250 766
1612260 766
1612270 766
1612280 766
1612290 766
1612300 766
1612310 766
1612320 766
1612330 766
1612340 767
1612350 767
1612360 768
1612370 769
1612380 769
1612390 769
1612400 769
1612410 770
1612420 770
1612430 771
1612440 771
1612450 771
1612460 772
1612470 771
1612480 771
1612490 771
1612500 770
1612510 770
1612520 770
1612530 770
1612540 770
1612550 770
1612560 770
1612570 770
1612580 770
1612590 770
1612600 769
1612610 769
1612620 768
1612630 767
1612640 767
1612650 766
1612660 765
1612670 765
1612680 764
1612690 764
1612700 764
1612710 762
1612720 761
1612730 761
1612740 761
1612750 761
1612760 761
1612770 761
1612780 762
1612790 759
1612800 759
1612810 758
1612820 757
1612830 757
1612840 756
1612850 755
1612860 755
1612870 755
1612880 756
1612890 756
1612900 756
1612910 756
1612920 756
1612930 756
1612940 756
1612950 756
1612960 756
1612970 756
1612980 756
1612990 755
1613000 754
1613010 754
1613020 754
1613030 754
1613040 754
1613050 754
1613060 753
1613070 752
1613080 752
1613090 752
1613100 753
1613110 753
1613120 755
1613130 756
1613140 756
1613150 757
1613160 758
1613170 758
1613180 759
1613190 760
1613200 760
1613210 760
1613220 760
1613230 760
1613240 760
1613250 760
1613260 760
1613270 761
1613280 762
1613290 763
1613300 763
1613310 765
1613320 765
1613330 765
1613340 766
1613350 775
1613360 775
1613370 774
1613380 773
1613390 773
1613400 773
1613410 773
1613420 773
1613430 774
1613440 775
1613450 775
1613460 775
1613470 775
1613480 775
1613490 775
1613500 777
1613510 777
1613520 779
1613530 779
1613540 779
1613550 779
1613560 780
1613570 780
1613580 780
1613590 781
1613600 782
1613610 782
1613620 783
1613630 785
1613640 785
1613650 786
1613660 787
1613670 787
1613680 788
1613690 789
1613700 789
1613710 790
1613720 791
1613730 791
1613740 792
1613750 793
1613760 793
1613770 793
1613780 794
1613790 795
1613800 795
1613810 796
1613820 796
1613830 796
1613840 796
1613850 796
1613860 796
1613870 797
1613880 797
1613890 797
1613900 798
1613910 798
1613920 798
1613930 798
1613940 799
1613950 799
1613960 800
1613970 800
1613980 800
1613990 801
1614000 802
1614010 802
1614020 802
1614030 803
1614040 803
1614050 803
1614060 804
1614070 804
1614080 804
1614090 803
1614100 803
1614110 803
1614120 802
1614130 804
1614140 804
1614150 806
1614160 807
1614170 807
1614180 807
1614190 807
1614200 807
1614210 808
1614220 808
1614230 808
1614240 809
1614250 809
1614260 809
1614270 809
1614280 810
1614290 811
1614300 811
1614310 812
1614320 814
1614330 814
1614340 817
1614350 818
1614360 818
1614370 819
1614380 819
1614390 819
1614400 819
1614410 819
1614420 819
1614430 822
1614440 824
1614450 824
1614460 826
1614470 828
1614480 828
1614490 829
1614500 830
1614510 831
1614520 831
1614530 833
1614540 836
1614550 836
1614560 838
1614570 842
1614580 842
1614590 848
1614600 854
1614610 854
1614620 859
1614630 863
1614640 863
1614650 867
1614660 871
1614670 871
1614680 876
1614690 879
1614700 879
1614710 881
1614720 884
1614730 884
1614740 887
1614750 888
1614760 890
1614770 890
1614780 893
1614790 894
1614800 894
1614810 896
1614820 900
1614830 900
1614840 902
1614850 904
1614860 904
1614870 907
1614880 910
1614890 910
1614900 913
1614910 914
1614920 914
1614930 916
1614940 917
1614950 917
1614960 918
1614970 918
1614980 918
1614990 919
1615000 919
1615010 920
1615020 920
1615030 921
1615040 923
1615050 923
1615060 925
1615070 930
1615080 930
1615090 934
1615100 938
1615110 938
1615120 941
1615130 944
1615140 944
1615150 946
1615160 949
1615170 949
1615180 952
1615190 952
1615200 952
1615210 953
1615220 953
1615230 953
1615240 954
1615250 955
1615260 956
1615270 956
1615280 957
1615290 959
1615300 959
1615310 967
1615320 969
1615330 969
1615340 972
1615350 978
1615360 978
1615370 982
1615380 988
1615390 988
1615400 995
1615410 1000
1615420 1000
1615430 1000
1615440 999
1615450 999
1615460 998
1615470 997
1615480 997
1615490 996
1615500 995
1615510 994
1615520 994
1615530 992
1615540 989
1615550 989
1615560 987
1615570 984
1615580 984
1615590 983
1615600 982
1615610 982
1615620 981
1615630 982
1615640 982
1615650 982
1615660 981
1615670 981
1615680 979
1615690 977
1615700 977
1615710 975
1615720 972
1615730 972
1615740 970
1615750 966
1615760 965
1615770 965
1615780 964
1615790 962
1615800 962
1615810 961
1615820 960
1615830 960
1615840 959
1615850 958
1615860 958
1615870 956
1615880 955
1615890 955
1615900 953
1615910 952
1615920 952
1615930 950
1615940 949
1615950 949
1615960 948
1615970 947
1615980 947
1615990 944
1616000 942
1616010 939
1616020 939
1616030 937
1616040 933
1616050 933
1616060 930
1616070 930
1616080 930
1616090 928
1616100 920
1616110 920
1616120 914
1616130 919
1616140 919
1616150 926
1616160 928
1616170 928
1616180 930
1616190 931
1616200 931
1616210 932
1616220 934
1616230 934
1616240 935
1616250 936
1616260 937
1616270 937
1616280 940
1616290 939
1616300 939
1616310 935
1616320 937
1616330 937
1616340 943
1616350 950
1616360 950
1616370 952
1616380 954
1616390 954
1616400 956
1616410 959
1616420 959
1616430 961
1616440 963
1616450 963
1616460 965
1616470 968
1616480 968
1616490 970
1616500 972
1616510 973
1616520 973
1616530 975
1616540 977
1616550 977
1616560 978
1616570 981
1616580 981
1616590 984
1616600 986
1616610 986
1616620 988
1616630 990
1616640 990
1616650 990
1616660 990
1616670 990
1616680 988
1616690 986
1616700 986
1616710 984
1616720 982
1616730 982
1616740 981
1616750 980
1616760 980
1616770 980
1616780 981
1616790 980
1616800 980
1616810 979
1616820 977
1616830 977
1616840 975
1616850 973
1616860 973
1616870 971
1616880 970
1616890 970
1616900 969
1616910 968
1616920 968
1616930 967
1616940 965
1616950 965
1616960 962
1616970 959
1616980 955
1616990 955
1617000 952
1617010 948
1617020 948
1617030 944
1617040 939
1617050 939
1617060 933
1617070 928
1617080 928
1617090 921
1617100 914
1617110 914
1617120 911
1617130 915
1617140 915
1617150 922
1617160 929
1617170 929
1617180 936
1617190 943
1617200 943
1617210 949
1617220 956
1617230 962
1617240 964
1617250 971
1617260 978
1617270 978
1617280 984
1617290 988
1617300 988
1617310 988
1617320 985
1617330 985
1617340 983
1617350 981
1617360 981
1617370 978
1617380 976
1617390 976
1617400 973
1617410 971
1617420 971
1617430 970
1617440 969
1617450 969
1617460 968
1617470 967
1617480 966
1617490 966
1617500 964
1617510 962
1617520 962
1617530 961
1617540 960
1617550 960
1617560 960
1617570 961
1617580 961
1617590 962
1617600 962
1617610 962
1617620 958
1617630 953
1617640 953
1617650 952
1617660 949
1617670 949
1617680 944
1617690 936
1617700 936
1617710 928
1617720 920
1617730 912
1617740 912
1617750 910
1617760 912
1617770 912
1617780 919
1617790 924
1617800 924
1617810 928
1617820 929
1617830 929
1617840 929
1617850 930
1617860 930
1617870 936
1617880 945
1617890 945
1617900 952
1617910 958
1617920 958
1617930 962
1617940 968
1617950 968
1617960 973
1617970 979
1617980 984
1617990 984
1618000 989
1618010 994
1618020 994
1618030 1000
1618040 1006
1618050 1006
1618060 1012
1618070 1017
1618080 1017
1618090 1023
1618100 1027
1618110 1027
1618120 1030
1618130 1032
1618140 1032
1618150 1033
1618160 1035
1618170 1035
1618180 1036
1618190 1037
1618200 1038
1618210 1038
1618220 1037
1618230 1036
1618240 1036
1618250 1035
1618260 1031
1618270 1031
1618280 1027
1618290 1023
1618300 1023
1618310 1017
1618320 1012
1618330 1012
1618340 1008
1618350 1003
1618360 1003
1618370 1000
1618380 995
1618390 995
1618400 989
1618410 984
1618420 984
1618430 979
1618440 974
1618450 974
1618460 969
1618470 964
1618480 961
1618490 961
1618500 957
1618510 954
1618520 954
1618530 950
1618540 948
1618550 948
1618560 946
1618570 944
1618580 944
1618590 942
1618600 941
1618610 941
1618620 940
1618630 943
1618640 943
1618650 946
1618660 951
1618670 951
1618680 956
1618690 962
1618700 962
1618710 965
1618720 966
1618730 966
1618740 966
1618750 965
1618760 965
1618770 965
1618780 965
1618790 965
1618800 965
1618810 966
1618820 967
1618830 967
1618840 969
1618850 972
1618860 972
1618870 974
1618880 978
1618890 978
1618900 981
1618910 983
1618920 983
1618930 985
1618940 985
1618950 985
1618960 985
1618970 986
1618980 988
1618990 988
1619000 991
1619010 990
1619020 990
1619030 988
1619040 985
1619050 985
1619060 983
1619070 981
1619080 981
1619090 980
1619100 979
1619110 979
1619120 979
1619130 978
1619140 978
1619150 980
1619160 980
1619170 980
1619180 980
1619190 980
1619200 980
1619210 981
1619220 980
1619230 979
1619240 979
1619250 978
1619260 976
1619270 976
1619280 973
1619290 969
1619300 969
1619310 965
1619320 960
1619330 960
1619340 956
1619350 952
1619360 952
1619370 949
1619380 946
1619390 946
1619400 941
1619410 934
1619420 934
1619430 929
1619440 923
1619450 920
1619460 920
1619470 919
1619480 917
1619490 917
1619500 916
1619510 914
1619520 914
1619530 911
1619540 910
1619550 910
1619560 906
1619570 902
1619580 902
1619590 900
1619600 897
1619610 897
1619620 894
1619630 891
1619640 891
1619650 889
1619660 888
1619670 888
1619680 888
1619690 887
1619700 886
1619710 886
1619720 885
1619730 884
1619740 884
1619750 883
1619760 882
1619770 882
1619780 880
1619790 877
1619800 877
1619810 874
1619820 872
1619830 872
1619840 870
1619850 867
1619860 867
1619870 863
1619880 859
1619890 859
1619900 855
1619910 850
1619920 850
1619930 846
1619940 843
1619950 840
1619960 840
1619970 838
1619980 837
1619990 837
