1600000 1452
1600010 1455
1600020 1455
1600030 1457
1600040 1459
1600050 1461
1600060 1461
1600070 1465
1600080 1469
1600090 1469
1600100 1473
1600110 1477
1600120 1477
1600130 1480
1600140 1482
1600150 1482
1600160 1484
1600170 1486
1600180 1486
1600190 1487
1600200 1489
1600210 1489
1600220 1491
1600230 1493
1600240 1493
1600250 1494
1600260 1495
1600270 1495
1600280 1497
1600290 1499
1600300 1501
1600310 1501
1600320 1505
1600330 1508
1600340 1508
1600350 1512
1600360 1514
1600370 1514
1600380 1517
1600390 1520
1600400 1520
1600410 1524
1600420 1527
1600430 1527
1600440 1529
1600450 1532
1600460 1532
1600470 1535
1600480 1539
1600490 1539
1600500 1542
1600510 1545
1600520 1545
1600530 1548
1600540 1550
1600550 1553
1600560 1553
1600570 1557
1600580 1560
1600590 1560
1600600 1563
1600610 1565
1600620 1565
1600630 1568
1600640 1571
1600650 1571
1600660 1574
1600670 1578
1600680 1578
1600690 1581
1600700 1585
1600710 1585
1600720 1588
1600730 1592
1600740 1592
1600750 1595
1600760 1598
1600770 1598
1600780 1602
1600790 1605
1600800 1608
1600810 1608
1600820 1612
1600830 1615
1600840 1615
1600850 1618
1600860 1620
1600870 1620
1600880 1623
1600890 1625
1600900 1625
1600910 1627
1600920 1629
1600930 1629
1600940 1631
1600950 1633
1600960 1636
1600970 1638
1600980 1640
1600990 1640
1601000 1643
1601010 1646
1601020 1646
1601030 1648
1601040 1650
1601050 1653
1601060 1653
1601070 1656
1601080 1658
1601090 1658
1601100 1660
1601110 1661
1601120 1661
1601130 1663
1601140 1664
1601150 1664
1601160 1665
1601170 1666
1601180 1666
1601190 1668
1601200 1671
1601210 1671
1601220 1672
1601230 1675
1601240 1675
1601250 1677
1601260 1680
1601270 1680
1601280 1682
1601290 1683
1601300 1685
1601310 1685
1601320 1687
1601330 1689
1601340 1689
1601350 1690
1601360 1692
1601370 1692
1601380 1694
1601390 1697
1601400 1697
1601410 1698
1601420 1700
1601430 1700
1601440 1701
1601450 1702
1601460 1702
1601470 1702
1601480 1702
1601490 1702
1601500 1702
1601510 1703
1601520 1703
1601530 1705
1601540 1707
1601550 1708
1601560 1708
1601570 1709
1601580 1711
1601590 1711
1601600 1714
1601610 1718
1601620 1718
1601630 1716
1601640 1712
1601650 1712
1601660 1710
1601670 1709
1601680 1709
1601690 1707
1601700 1706
1601710 1706
1601720 1705
1601730 1705
1601740 1705
1601750 1703
1601760 1701
1601770 1701
1601780 1698
1601790 1695
1601800 1694
1601810 1694
1601820 1693
1601830 1692
1601840 1692
1601850 1691
1601860 1690
1601870 1690
1601880 1688
1601890 1685
1601900 1685
1601910 1685
1601920 1684
1601930 1684
1601940 1683
1601950 1682
1601960 1682
1601970 1682
1601980 1680
1601990 1680
1602000 1679
1602010 1680
1602020 1680
1602030 1680
1602040 1680
1602050 1682
1602060 1682
1602070 1683
1602080 1684
1602090 1684
1602100 1685
1602110 1685
1602120 1685
1602130 1687
1602140 1688
1602150 1688
1602160 1688
1602170 1690
1602180 1690
1602190 1693
1602200 1696
1602210 1696
1602220 1698
1602230 1700
1602240 1700
1602250 1701
1602260 1703
1602270 1703
1602280 1704
1602290 1704
1602300 1705
1602310 1705
1602320 1706
1602330 1706
1602340 1706
1602350 1706
1602360 1704
1602370 1704
1602380 1701
1602390 1698
1602400 1698
1602410 1694
1602420 1690
1602430 1690
1602440 1687
1602450 1685
1602460 1685
1602470 1681
1602480 1677
1602490 1677
1602500 1672
1602510 1667
1602520 1667
1602530 1663
1602540 1661
1602550 1658
1602560 1658
1602570 1652
1602580 1648
1602590 1648
1602600 1645
1602610 1643
1602620 1643
1602630 1640
1602640 1638
1602650 1638
1602660 1634
1602670 1630
1602680 1630
1602690 1626
1602700 1622
1602710 1622
1602720 1617
1602730 1613
1602740 1613
1602750 1608
1602760 1603
1602770 1599
1602780 1599
1602790 1596
1602800 1594
1602810 1594
1602820 1590
1602830 1588
1602840 1588
1602850 1586
1602860 1583
1602870 1583
1602880 1580
1602890 1577
1602900 1577
1602910 1573
1602920 1569
1602930 1569
1602940 1566
1602950 1563
1602960 1563
1602970 1560
1602980 1556
1602990 1556
1603000 1554
1603010 1550
1603020 1547
1603030 1547
1603040 1544
1603050 1542
1603060 1542
1603070 1540
1603080 1537
1603090 1537
1603100 1535
1603110 1532
1603120 1532
1603130 1526
1603140 1522
1603150 1522
1603160 1520
1603170 1519
1603180 1519
1603190 1518
1603200 1517
1603210 1517
1603220 1516
1603230 1515
1603240 1515
1603250 1513
1603260 1511
1603270 1509
1603280 1509
1603290 1505
1603300 1502
1603310 1502
1603320 1499
1603330 1496
1603340 1496
1603350 1493
1603360 1489
1603370 1489
1603380 1486
1603390 1482
1603400 1482
1603410 1480
1603420 1476
1603430 1476
1603440 1474
1603450 1471
1603460 1471
1603470 1468
1603480 1466
1603490 1466
1603500 1465
1603510 1464
1603520 1462
1603530 1462
1603540 1459
1603550 1457
1603560 1457
1603570 1455
1603580 1452
1603590 1452
1603600 1449
1603610 1447
1603620 1447
1603630 1444
1603640 1442
1603650 1442
1603660 1439
1603670 1437
1603680 1437
1603690 1436
1603700 1434
1603710 1434
1603720 1431
1603730 1428
1603740 1428
1603750 1426
1603760 1424
1603770 1422
1603780 1422
1603790 1421
1603800 1419
1603810 1419
1603820 1416
1603830 1414
1603840 1414
1603850 1411
1603860 1407
1603870 1407
1603880 1404
1603890 1401
1603900 1401
1603910 1397
1603920 1392
1603930 1392
1603940 1390
1603950 1386
1603960 1386
1603970 1383
1603980 1379
1603990 1379
1604000 1376
1604010 1374
1604020 1371
1604030 1371
1604040 1368
1604050 1366
1604060 1366
1604070 1363
1604080 1360
1604090 1360
1604100 1358
1604110 1355
1604120 1355
1604130 1351
1604140 1346
1604150 1346
1604160 1342
1604170 1335
1604180 1335
1604190 1332
1604200 1342
1604210 1342
1604220 1344
1604230 1346
1604240 1346
1604250 1348
1604260 1349
1604270 1349
1604280 1349
1604290 1349
1604300 1347
1604310 1347
1604320 1345
1604330 1343
1604340 1343
1604350 1341
1604360 1339
1604370 1339
1604380 1337
1604390 1333
1604400 1333
1604410 1328
1604420 1326
1604430 1326
1604440 1325
1604450 1324
1604460 1324
1604470 1326
1604480 1326
1604490 1326
1604500 1326
1604510 1323
1604520 1320
1604530 1320
1604540 1320
1604550 1319
1604560 1319
1604570 1320
1604580 1322
1604590 1322
1604600 1324
1604610 1326
1604620 1326
1604630 1327
1604640 1328
1604650 1328
1604660 1327
1604670 1326
1604680 1326
1604690 1326
1604700 1326
1604710 1326
1604720 1326
1604730 1327
1604740 1327
1604750 1328
1604760 1328
1604770 1328
1604780 1328
1604790 1329
1604800 1329
1604810 1329
1604820 1329
1604830 1329
1604840 1329
1604850 1329
1604860 1331
1604870 1331
1604880 1333
1604890 1334
1604900 1334
1604910 1335
1604920 1335
1604930 1335
1604940 1336
1604950 1336
1604960 1336
1604970 1336
1604980 1336
1604990 1336
1605000 1336
1605010 1336
1605020 1337
1605030 1337
1605040 1338
1605050 1340
1605060 1340
1605070 1341
1605080 1341
1605090 1341
1605100 1342
1605110 1343
1605120 1343
1605130 1344
1605140 1344
1605150 1344
1605160 1346
1605170 1349
1605180 1349
1605190 1351
1605200 1354
1605210 1354
1605220 1353
1605230 1349
1605240 1349
1605250 1346
1605260 1349
1605270 1348
1605280 1348
1605290 1346
1605300 1344
1605310 1344
1605320 1344
1605330 1345
1605340 1345
1605350 1345
1605360 1345
1605370 1345
1605380 1346
1605390 1346
1605400 1346
1605410 1346
1605420 1346
1605430 1346
1605440 1346
1605450 1347
1605460 1347
1605470 1348
1605480 1348
1605490 1348
1605500 1348
1605510 1347
1605520 1345
1605530 1345
1605540 1342
1605550 1340
1605560 1340
1605570 1339
1605580 1338
1605590 1338
1605600 1336
1605610 1332
1605620 1332
1605630 1330
1605640 1327
1605650 1327
1605660 1324
1605670 1323
1605680 1323
1605690 1321
1605700 1320
1605710 1320
1605720 1318
1605730 1317
1605740 1317
1605750 1317
1605760 1317
1605770 1316
1605780 1316
1605790 1315
1605800 1313
1605810 1313
1605820 1312
1605830 1312
1605840 1312
1605850 1311
1605860 1309
1605870 1309
1605880 1308
1605890 1308
1605900 1308
1605910 1309
1605920 1309
1605930 1309
1605940 1310
1605950 1310
1605960 1310
1605970 1310
1605980 1311
1605990 1310
1606000 1310
1606010 1308
1606020 1304
1606030 1304
1606040 1303
1606050 1304
1606060 1304
1606070 1305
1606080 1306
1606090 1306
1606100 1306
1606110 1306
1606120 1306
1606130 1304
1606140 1305
1606150 1305
1606160 1305
1606170 1303
1606180 1303
1606190 1302
1606200 1303
1606210 1303
1606220 1301
1606230 1300
1606240 1299
1606250 1299
1606260 1298
1606270 1297
1606280 1297
1606290 1297
1606300 1298
1606310 1301
1606320 1301
1606330 1300
1606340 1300
1606350 1299
1606360 1299
1606370 1299
1606380 1299
1606390 1299
1606400 1299
1606410 1299
1606420 1299
1606430 1299
1606440 1300
1606450 1302
1606460 1302
1606470 1304
1606480 1306
1606490 1308
1606500 1308
1606510 1310
1606520 1312
1606530 1312
1606540 1315
1606550 1317
1606560 1317
1606570 1318
1606580 1318
1606590 1318
1606600 1318
1606610 1319
1606620 1319
1606630 1318
1606640 1318
1606650 1318
1606660 1318
1606670 1318
1606680 1318
1606690 1318
1606700 1319
1606710 1319
1606720 1320
1606730 1321
1606740 1322
1606750 1322
1606760 1322
1606770 1322
1606780 1322
1606790 1323
1606800 1323
1606810 1323
1606820 1323
1606830 1323
1606840 1323
1606850 1322
1606860 1320
1606870 1320
1606880 1319
1606890 1319
1606900 1319
1606910 1320
1606920 1320
1606930 1320
1606940 1321
1606950 1323
1606960 1323
1606970 1324
1606980 1325
1606990 1325
1607000 1325
1607010 1324
1607020 1323
1607030 1323
1607040 1322
1607050 1319
1607060 1319
1607070 1316
1607080 1314
1607090 1314
1607100 1312
1607110 1310
1607120 1310
1607130 1308
1607140 1306
1607150 1306
1607160 1303
1607170 1300
1607180 1300
1607190 1298
1607200 1295
1607210 1295
1607220 1291
1607230 1287
1607240 1282
1607250 1282
1607260 1280
1607270 1278
1607280 1278
1607290 1276
1607300 1274
1607310 1274
1607320 1274
1607330 1272
1607340 1272
1607350 1272
1607360 1269
1607370 1269
1607380 1265
1607390 1261
1607400 1261
1607410 1257
1607420 1253
1607430 1253
1607440 1250
1607450 1249
1607460 1249
1607470 1247
1607480 1245
1607490 1244
1607500 1244
1607510 1243
1607520 1241
1607530 1241
1607540 1237
1607550 1233
1607560 1233
1607570 1232
1607580 1229
1607590 1229
1607600 1225
1607610 1221
1607620 1221
1607630 1219
1607640 1217
1607650 1217
1607660 1218
1607670 1215
1607680 1215
1607690 1211
1607700 1210
1607710 1210
1607720 1213
1607730 1214
1607740 1215
1607750 1215
1607760 1216
1607770 1217
1607780 1217
1607790 1218
1607800 1220
1607810 1220
1607820 1220
1607830 1220
1607840 1220
1607850 1220
1607860 1220
1607870 1220
1607880 1221
1607890 1220
1607900 1220
1607910 1217
1607920 1214
1607930 1214
1607940 1211
1607950 1208
1607960 1208
1607970 1204
1607980 1200
1607990 1197
1608000 1197
1608010 1193
1608020 1191
1608030 1191
1608040 1187
1608050 1183
1608060 1183
1608070 1180
1608080 1176
1608090 1176
1608100 1171
1608110 1166
1608120 1166
1608130 1162
1608140 1156
1608150 1156
1608160 1151
1608170 1145
1608180 1145
1608190 1140
1608200 1134
1608210 1134
1608220 1129
1608230 1123
1608240 1118
1608250 1118
1608260 1111
1608270 1105
1608280 1105
1608290 1099
1608300 1093
1608310 1093
1608320 1087
1608330 1081
1608340 1081
1608350 1075
1608360 1069
1608370 1069
1608380 1066
1608390 1062
1608400 1062
1608410 1067
1608420 1072
1608430 1072
1608440 1076
1608450 1081
1608460 1081
1608470 1086
1608480 1089
1608490 1091
1608500 1091
1608510 1093
1608520 1094
1608530 1094
1608540 1095
1608550 1095
1608560 1095
1608570 1095
1608580 1094
1608590 1094
1608600 1094
1608610 1092
1608620 1092
1608630 1092
1608640 1091
1608650 1091
1608660 1090
1608670 1088
1608680 1088
1608690 1085
1608700 1081
1608710 1081
1608720 1077
1608730 1072
1608740 1066
1608750 1066
1608760 1061
1608770 1058
1608780 1058
1608790 1055
1608800 1052
1608810 1052
1608820 1048
1608830 1044
1608840 1044
1608850 1039
1608860 1033
1608870 1033
1608880 1026
1608890 1021
1608900 1021
1608910 1017
1608920 1013
1608930 1013
1608940 1009
1608950 1005
1608960 1001
1608970 1001
1608980 997
1608990 993
1609000 993
1609010 988
1609020 985
1609030 985
1609040 979
1609050 974
1609060 974
1609070 971
1609080 968
1609090 968
1609100 965
1609110 958
1609120 958
1609130 949
1609140 940
1609150 940
1609160 932
1609170 933
1609180 933
1609190 934
1609200 939
1609210 944
1609220 944
1609230 946
1609240 947
1609250 947
1609260 949
1609270 944
1609280 944
1609290 939
1609300 939
1609310 939
1609320 941
1609330 940
1609340 940
1609350 940
1609360 939
1609370 939
1609380 937
1609390 935
1609400 942
1609410 938
1609420 936
1609430 936
1609440 933
1609450 931
1609460 928
1609470 928
1609480 927
1609490 926
1609500 926
1609510 926
1609520 921
1609530 921
1609540 913
1609550 906
1609560 906
1609570 904
1609580 905
1609590 905
1609600 905
1609610 906
1609620 906
1609630 908
1609640 905
1609650 905
1609660 900
1609670 896
1609680 896
1609690 891
1609700 885
1609710 890
1609720 890
1609730 898
1609740 905
1609750 905
1609760 912
1609770 919
1609780 919
1609790 927
1609800 935
1609810 935
1609820 940
1609830 947
1609840 947
1609850 954
1609860 961
1609870 961
1609880 968
1609890 976
1609900 976
1609910 984
1609920 991
1609930 991
1609940 997
1609950 1002
1609960 1007
1609970 1007
1609980 1009
1609990 1010
1610000 1010
1610010 1011
1610020 1010
1610030 1010
1610040 1007
1610050 1006
1610060 1006
1610070 1004
1610080 1002
1610090 1002
1610100 999
1610110 997
1610120 997
1610130 994
1610140 991
1610150 991
1610160 987
1610170 984
1610180 984
1610190 983
1610200 981
1610210 979
1610220 979
1610230 977
1610240 975
1610250 975
1610260 971
1610270 969
1610280 969
1610290 968
1610300 967
1610310 967
1610320 965
1610330 965
1610340 965
1610350 963
1610360 961
1610370 961
1610380 958
1610390 953
1610400 953
1610410 946
1610420 945
1610430 945
1610440 941
1610450 938
1610460 934
1610470 934
1610480 932
1610490 929
1610500 929
1610510 926
1610520 923
1610530 923
1610540 921
1610550 917
1610560 917
1610570 912
1610580 907
1610590 907
1610600 899
1610610 891
1610620 891
1610630 883
1610640 877
1610650 877
1610660 871
1610670 865
1610680 865
1610690 860
1610700 855
1610710 859
1610720 859
1610730 867
1610740 874
1610750 874
1610760 877
1610770 878
1610780 878
1610790 878
1610800 880
1610810 880
1610820 879
1610830 883
1610840 883
1610850 888
1610860 894
1610870 894
1610880 896
1610890 896
1610900 896
1610910 899
1610920 904
1610930 904
1610940 912
1610950 920
1610960 926
1610970 926
1610980 932
1610990 938
1611000 938
1611010 944
1611020 949
1611030 949
1611040 955
1611050 961
1611060 961
1611070 965
1611080 966
1611090 966
1611100 968
1611110 969
1611120 969
1611130 968
1611140 968
1611150 968
1611160 967
1611170 965
1611180 965
1611190 964
1611200 962
1611210 961
1611220 961
1611230 960
1611240 959
1611250 959
1611260 958
1611270 958
1611280 958
1611290 959
1611300 961
1611310 961
1611320 963
1611330 964
1611340 964
1611350 965
1611360 966
1611370 966
1611380 967
1611390 968
1611400 968
1611410 970
1611420 976
1611430 976
1611440 977
1611450 978
1611460 979
1611470 979
1611480 979
1611490 979
1611500 979
1611510 979
1611520 981
1611530 981
1611540 981
1611550 979
1611560 979
1611570 973
1611580 966
1611590 966
1611600 961
1611610 957
1611620 957
1611630 955
1611640 952
1611650 952
1611660 950
1611670 948
1611680 948
1611690 947
1611700 941
1611710 935
1611720 935
1611730 930
1611740 924
1611750 924
1611760 920
1611770 915
1611780 915
1611790 912
1611800 906
1611810 906
1611820 902
1611830 901
1611840 901
1611850 898
1611860 896
1611870 896
1611880 894
1611890 893
1611900 893
1611910 892
1611920 890
1611930 890
1611940 889
1611950 886
1611960 879
1611970 879
1611980 871
1611990 863
1612000 863
1612010 857
1612020 848
1612030 848
1612040 845
1612050 853
1612060 853
1612070 861
1612080 868
1612090 868
1612100 875
1612110 881
1612120 881
1612130 888
1612140 896
1612150 896
1612160 904
1612170 911
1612180 913
1612190 913
1612200 914
1612210 915
1612220 915
1612230 912
1612240 914
1612250 914
1612260 917
1612270 918
1612280 918
1612290 920
1612300 922
1612310 922
1612320 920
1612330 917
1612340 917
1612350 913
1612360 909
1612370 909
1612380 904
1612390 900
1612400 900
1612410 898
1612420 902
1612430 899
1612440 899
1612450 896
1612460 894
1612470 894
1612480 895
1612490 895
1612500 895
1612510 894
1612520 892
1612530 892
1612540 888
1612550 878
1612560 878
1612570 872
1612580 870
1612590 870
1612600 867
1612610 871
1612620 871
1612630 877
1612640 884
1612650 884
1612660 893
1612670 901
1612680 907
1612690 907
1612700 912
1612710 914
1612720 914
1612730 916
1612740 917
1612750 917
1612760 918
1612770 919
1612780 919
1612790 920
1612800 923
1612810 923
1612820 925
1612830 926
1612840 926
1612850 924
1612860 921
1612870 921
1612880 920
1612890 920
1612900 920
1612910 920
1612920 925
1612930 929
1612940 929
1612950 930
1612960 932
1612970 932
1612980 935
1612990 938
1613000 938
1613010 939
1613020 941
1613030 941
1613040 942
1613050 942
1613060 942
1613070 942
1613080 944
1613090 944
1613100 945
1613110 947
1613120 947
1613130 948
1613140 948
1613150 948
1613160 948
1613170 947
1613180 946
1613190 946
1613200 947
1613210 948
1613220 948
1613230 949
1613240 951
1613250 951
1613260 954
1613270 956
1613280 956
1613290 958
1613300 961
1613310 961
1613320 964
1613330 967
1613340 967
1613350 967
1613360 965
1613370 965
1613380 962
1613390 957
1613400 957
1613410 953
1613420 955
1613430 952
1613440 952
1613450 950
1613460 947
1613470 947
1613480 945
1613490 942
1613500 942
1613510 940
1613520 939
1613530 939
1613540 939
1613550 939
1613560 939
1613570 941
1613580 945
1613590 945
1613600 949
1613610 950
1613620 950
1613630 948
1613640 945
1613650 945
1613660 942
1613670 938
1613680 933
1613690 933
1613700 927
1613710 922
1613720 922
1613730 919
1613740 917
1613750 917
1613760 915
1613770 914
1613780 914
1613790 912
1613800 910
1613810 910
1613820 908
1613830 906
1613840 906
1613850 903
1613860 900
1613870 900
1613880 895
1613890 890
1613900 890
1613910 885
1613920 880
1613930 873
1613940 873
1613950 864
1613960 859
1613970 859
1613980 865
1613990 865
1614000 865
1614010 860
1614020 856
1614030 856
1614040 855
1614050 858
1614060 858
1614070 864
1614080 871
1614090 871
1614100 872
1614110 872
1614120 872
1614130 870
1614140 867
1614150 867
1614160 866
1614170 868
1614180 871
1614190 871
1614200 875
1614210 879
1614220 879
1614230 884
1614240 887
1614250 887
1614260 890
1614270 894
1614280 894
1614290 898
1614300 903
1614310 903
1614320 908
1614330 916
1614340 916
1614350 920
1614360 924
1614370 924
1614380 929
1614390 934
1614400 935
1614410 940
1614420 945
1614430 950
1614440 950
1614450 952
1614460 953
1614470 953
1614480 954
1614490 957
1614500 957
1614510 960
1614520 962
1614530 962
1614540 967
1614550 973
1614560 973
1614570 975
1614580 976
1614590 976
1614600 977
1614610 979
1614620 979
1614630 981
1614640 984
1614650 984
1614660 988
1614670 993
1614680 995
1614690 995
1614700 996
1614710 997
1614720 997
1614730 998
1614740 1000
1614750 1000
1614760 1001
1614770 1003
1614780 1003
1614790 1005
1614800 1008
1614810 1008
1614820 1013
1614830 1019
1614840 1019
1614850 1023
1614860 1025
1614870 1025
1614880 1026
1614890 1028
1614900 1028
1614910 1032
1614920 1034
1614930 1037
1614940 1037
1614950 1039
1614960 1044
1614970 1044
1614980 1049
1614990 1048
1615000 1048
1615010 1049
1615020 1052
1615030 1052
1615040 1056
1615050 1059
1615060 1059
1615070 1064
1615080 1068
1615090 1068
1615100 1071
1615110 1072
1615120 1072
1615130 1073
1615140 1074
1615150 1074
1615160 1075
1615170 1077
1615180 1079
1615190 1079
1615200 1080
1615210 1080
1615220 1080
1615230 1080
1615240 1080
1615250 1080
1615260 1080
1615270 1082
1615280 1082
1615290 1085
1615300 1088
1615310 1088
1615320 1090
1615330 1092
1615340 1092
1615350 1092
1615360 1093
1615370 1093
1615380 1096
1615390 1097
1615400 1097
1615410 1099
1615420 1099
1615430 1099
1615440 1099
1615450 1098
1615460 1095
1615470 1095
1615480 1092
1615490 1089
1615500 1089
1615510 1087
1615520 1085
1615530 1085
1615540 1082
1615550 1079
1615560 1079
1615570 1076
1615580 1074
1615590 1074
1615600 1072
1615610 1072
1615620 1072
1615630 1068
1615640 1068
1615650 1068
1615660 1069
1615670 1069
1615680 1068
1615690 1068
1615700 1066
1615710 1063
1615720 1063
1615730 1062
1615740 1061
1615750 1061
1615760 1060
1615770 1057
1615780 1057
1615790 1055
1615800 1052
1615810 1052
1615820 1050
1615830 1047
1615840 1047
1615850 1046
1615860 1045
1615870 1045
1615880 1042
1615890 1042
1615900 1041
1615910 1041
1615920 1040
1615930 1039
1615940 1039
1615950 1038
1615960 1037
1615970 1037
1615980 1036
1615990 1033
1616000 1033
1616010 1030
1616020 1027
1616030 1027
1616040 1019
1616050 1013
1616060 1013
1616070 1010
1616080 1007
1616090 1007
1616100 1003
1616110 999
1616120 999
1616130 998
1616140 998
1616150 997
1616160 997
1616170 997
1616180 998
1616190 998
1616200 999
1616210 1001
1616220 1001
1616230 1003
1616240 1005
1616250 1005
1616260 1008
1616270 1011
1616280 1011
1616290 1014
1616300 1017
1616310 1017
1616320 1020
1616330 1021
1616340 1024
1616350 1026
1616360 1028
1616370 1028
1616380 1030
1616390 1031
1616400 1035
1616410 1035
1616420 1039
1616430 1042
1616440 1042
1616450 1043
1616460 1044
1616470 1044
1616480 1046
1616490 1047
1616500 1047
1616510 1049
1616520 1051
1616530 1051
1616540 1053
1616550 1056
1616560 1056
1616570 1058
1616580 1060
1616590 1060
1616600 1062
1616610 1063
1616620 1063
1616630 1065
1616640 1068
1616650 1071
1616660 1071
1616670 1074
1616680 1077
1616690 1077
1616700 1080
1616710 1082
1616720 1082
1616730 1083
1616740 1084
1616750 1084
1616760 1084
1616770 1084
1616780 1084
1616790 1084
1616800 1082
1616810 1082
1616820 1080
1616830 1077
1616840 1077
1616850 1074
1616860 1071
1616870 1071
1616880 1065
1616890 1060
1616900 1055
1616910 1055
1616920 1049
1616930 1044
1616940 1044
1616950 1041
1616960 1040
1616970 1040
1616980 1044
1616990 1046
1617000 1046
1617010 1049
1617020 1052
1617030 1052
1617040 1055
1617050 1055
1617060 1055
1617070 1054
1617080 1053
1617090 1053
1617100 1052
1617110 1055
1617120 1055
1617130 1062
1617140 1067
1617150 1073
1617160 1073
1617170 1077
1617180 1077
1617190 1077
1617200 1082
1617210 1088
1617220 1088
1617230 1093
1617240 1098
1617250 1098
1617260 1103
1617270 1108
1617280 1108
1617290 1111
1617300 1114
1617310 1117
1617320 1120
1617330 1124
1617340 1124
1617350 1127
1617360 1130
1617370 1130
1617380 1131
1617390 1130
1617400 1128
1617410 1128
1617420 1126
1617430 1124
1617440 1124
1617450 1122
1617460 1120
1617470 1120
1617480 1118
1617490 1116
1617500 1116
1617510 1112
1617520 1109
1617530 1109
1617540 1106
1617550 1104
1617560 1104
1617570 1099
1617580 1095
1617590 1095
1617600 1093
1617610 1091
1617620 1091
1617630 1089
1617640 1087
1617650 1083
1617660 1083
1617670 1081
1617680 1079
1617690 1079
1617700 1078
1617710 1078
1617720 1078
1617730 1077
1617740 1076
1617750 1076
1617760 1077
1617770 1081
1617780 1081
1617790 1083
1617800 1086
1617810 1086
1617820 1090
1617830 1095
1617840 1095
1617850 1099
1617860 1103
1617870 1103
1617880 1107
1617890 1112
1617900 1117
1617910 1117
1617920 1122
1617930 1127
1617940 1127
1617950 1133
1617960 1134
1617970 1134
1617980 1135
1617990 1137
1618000 1137
1618010 1142
1618020 1146
1618030 1146
1618040 1151
1618050 1158
1618060 1158
1618070 1165
1618080 1173
1618090 1173
1618100 1182
1618110 1189
1618120 1189
1618130 1195
1618140 1200
1618150 1206
1618160 1206
1618170 1212
1618180 1216
1618190 1216
1618200 1218
1618210 1217
1618220 1217
1618230 1210
1618240 1200
1618250 1200
1618260 1198
1618270 1191
1618280 1191
1618290 1185
1618300 1179
1618310 1179
1618320 1174
1618330 1169
1618340 1169
1618350 1165
1618360 1163
1618370 1163
1618380 1160
1618390 1157
1618400 1154
1618410 1154
1618420 1151
1618430 1149
1618440 1149
1618450 1145
1618460 1142
1618470 1142
1618480 1138
1618490 1135
1618500 1135
1618510 1134
1618520 1134
1618530 1134
1618540 1133
1618550 1132
1618560 1132
1618570 1129
1618580 1124
1618590 1124
1618600 1119
1618610 1114
1618620 1114
1618630 1109
1618640 1103
1618650 1096
1618660 1096
1618670 1088
1618680 1081
1618690 1081
1618700 1074
1618710 1068
1618720 1068
1618730 1063
1618740 1060
1618750 1060
1618760 1057
1618770 1053
1618780 1053
1618790 1050
1618800 1045
1618810 1045
1618820 1040
1618830 1035
1618840 1035
1618850 1030
1618860 1025
1618870 1025
1618880 1022
1618890 1020
1618900 1018
1618910 1018
1618920 1018
1618930 1017
1618940 1017
1618950 1017
1618960 1017
1618970 1017
1618980 1018
1618990 1018
1619000 1018
1619010 1019
1619020 1020
1619030 1020
1619040 1021
1619050 1023
1619060 1023
1619070 1026
1619080 1030
1619090 1030
1619100 1034
1619110 1039
1619120 1039
1619130 1044
1619140 1049
1619150 1053
1619160 1053
1619170 1048
1619180 1043
1619190 1043
1619200 1036
1619210 1036
1619220 1036
1619230 1030
1619240 1026
1619250 1026
1619260 1021
1619270 1017
1619280 1017
1619290 1013
1619300 1009
1619310 1009
1619320 1005
1619330 1001
1619340 1001
1619350 997
1619360 994
1619370 994
1619380 992
1619390 990
1619400 987
1619410 987
1619420 983
1619430 980
1619440 980
1619450 976
1619460 974
1619470 974
1619480 972
1619490 969
1619500 969
1619510 967
1619520 964
1619530 964
1619540 960
1619550 956
1619560 956
1619570 952
1619580 949
1619590 949
1619600 947
1619610 946
1619620 946
1619630 946
1619640 947
1619650 949
1619660 949
1619670 951
1619680 954
1619690 954
1619700 956
1619710 956
1619720 956
1619730 952
1619740 946
1619750 946
1619760 943
1619770 941
1619780 941
1619790 940
1619800 936
1619810 936
1619820 924
1619830 916
1619840 916
1619850 911
1619860 905
1619870 900
1619880 900
1619890 894
1619900 889
1619910 889
1619920 884
1619930 878
1619940 878
1619950 872
1619960 867
1619970 867
1619980 862
1619990 858
