1600000 1480
1600010 1483
1600020 1483
1600030 1485
1600040 1488
1600050 1488
1600060 1491
1600070 1494
1600080 1494
1600090 1494
1600100 1496
1600110 1496
1600120 1498
1600130 1500
1600140 1500
1600150 1503
1600160 1507
1600170 1507
1600180 1509
1600190 1511
1600200 1514
1600210 1514
1600220 1519
1600230 1524
1600240 1524
1600250 1527
1600260 1530
1600270 1530
1600280 1532
1600290 1535
1600300 1535
1600310 1537
1600320 1540
1600330 1540
1600340 1543
1600350 1544
1600360 1544
1600370 1546
1600380 1547
1600390 1547
1600400 1549
1600410 1550
1600420 1550
1600430 1552
1600440 1554
1600450 1556
1600460 1556
1600470 1559
1600480 1561
1600490 1561
1600500 1563
1600510 1565
1600520 1565
1600530 1567
1600540 1570
1600550 1570
1600560 1572
1600570 1576
1600580 1576
1600590 1579
1600600 1582
1600610 1582
1600620 1586
1600630 1589
1600640 1589
1600650 1593
1600660 1597
1600670 1597
1600680 1601
1600690 1605
1600700 1609
1600710 1609
1600720 1612
1600730 1615
1600740 1615
1600750 1618
1600760 1621
1600770 1621
1600780 1625
1600790 1629
1600800 1629
1600810 1632
1600820 1636
1600830 1636
1600840 1639
1600850 1643
1600860 1643
1600870 1646
1600880 1650
1600890 1650
1600900 1653
1600910 1657
1600920 1657
1600930 1660
1600940 1662
1600950 1664
1600960 1664
1600970 1666
1600980 1668
1600990 1668
1601000 1670
1601010 1672
1601020 1672
1601030 1674
1601040 1676
1601050 1676
1601060 1678
1601070 1680
1601080 1680
1601090 1681
1601100 1683
1601110 1683
1601120 1684
1601130 1686
1601140 1686
1601150 1687
1601160 1688
1601170 1688
1601180 1689
1601190 1689
1601200 1690
1601210 1690
1601220 1692
1601230 1695
1601240 1695
1601250 1697
1601260 1699
1601270 1699
1601280 1701
1601290 1704
1601300 1704
1601310 1707
1601320 1709
1601330 1709
1601340 1712
1601350 1714
1601360 1714
1601370 1716
1601380 1718
1601390 1718
1601400 1720
1601410 1721
1601420 1721
1601430 1722
1601440 1723
1601450 1724
1601460 1724
1601470 1725
1601480 1726
1601490 1726
1601500 1728
1601510 1731
1601520 1731
1601530 1734
1601540 1736
1601550 1736
1601560 1739
1601570 1742
1601580 1742
1601590 1745
1601600 1748
1601610 1748
1601620 1749
1601630 1750
1601640 1750
1601650 1750
1601660 1750
1601670 1750
1601680 1749
1601690 1748
1601700 1748
1601710 1748
1601720 1746
1601730 1744
1601740 1744
1601750 1742
1601760 1741
1601770 1741
1601780 1741
1601790 1741
1601800 1741
1601810 1741
1601820 1740
1601830 1740
1601840 1740
1601850 1740
1601860 1740
1601870 1738
1601880 1736
1601890 1736
1601900 1734
1601910 1730
1601920 1730
1601930 1727
1601940 1725
1601950 1723
1601960 1723
1601970 1722
1601980 1720
1601990 1720
1602000 1720
1602010 1719
1602020 1719
1602030 1719
1602040 1720
1602050 1720
1602060 1721
1602070 1721
1602080 1721
1602090 1721
1602100 1721
1602110 1721
1602120 1722
1602130 1724
1602140 1726
1602150 1728
1602160 1729
1602170 1729
1602180 1730
1602190 1731
1602200 1732
1602210 1732
1602220 1732
1602230 1733
1602240 1733
1602250 1733
1602260 1733
1602270 1733
1602280 1733
1602290 1733
1602300 1733
1602310 1733
1602320 1733
1602330 1733
1602340 1733
1602350 1732
1602360 1732
1602370 1729
1602380 1726
1602390 1726
1602400 1721
1602410 1716
1602420 1716
1602430 1712
1602440 1708
1602450 1704
1602460 1704
1602470 1699
1602480 1694
1602490 1694
1602500 1689
1602510 1685
1602520 1685
1602530 1681
1602540 1677
1602550 1677
1602560 1673
1602570 1668
1602580 1668
1602590 1666
1602600 1663
1602610 1663
1602620 1657
1602630 1653
1602640 1653
1602650 1651
1602660 1647
1602670 1647
1602680 1644
1602690 1639
1602700 1633
1602710 1633
1602720 1628
1602730 1627
1602740 1627
1602750 1624
1602760 1621
1602770 1621
1602780 1617
1602790 1612
1602800 1612
1602810 1608
1602820 1603
1602830 1603
1602840 1600
1602850 1595
1602860 1595
1602870 1591
1602880 1588
1602890 1588
1602900 1585
1602910 1583
1602920 1583
1602930 1581
1602940 1578
1602950 1575
1602960 1575
1602970 1572
1602980 1568
1602990 1568
1603000 1565
1603010 1560
1603020 1560
1603030 1557
1603040 1553
1603050 1553
1603060 1549
1603070 1545
1603080 1545
1603090 1541
1603100 1537
1603110 1537
1603120 1533
1603130 1530
1603140 1530
1603150 1527
1603160 1524
1603170 1520
1603180 1520
1603190 1517
1603200 1516
1603210 1516
1603220 1513
1603230 1510
1603240 1510
1603250 1507
1603260 1505
1603270 1505
1603280 1502
1603290 1500
1603300 1500
1603310 1496
1603320 1493
1603330 1493
1603340 1491
1603350 1487
1603360 1487
1603370 1484
1603380 1481
1603390 1481
1603400 1477
1603410 1474
1603420 1471
1603430 1471
1603440 1468
1603450 1464
1603460 1464
1603470 1461
1603480 1457
1603490 1457
1603500 1453
1603510 1451
1603520 1451
1603530 1448
1603540 1445
1603550 1445
1603560 1442
1603570 1439
1603580 1439
1603590 1438
1603600 1437
1603610 1437
1603620 1435
1603630 1431
1603640 1431
1603650 1428
1603660 1426
1603670 1423
1603680 1423
1603690 1421
1603700 1420
1603710 1420
1603720 1417
1603730 1416
1603740 1416
1603750 1415
1603760 1414
1603770 1414
1603780 1411
1603790 1408
1603800 1408
1603810 1406
1603820 1404
1603830 1404
1603840 1401
1603850 1399
1603860 1399
1603870 1399
1603880 1401
1603890 1401
1603900 1400
1603910 1399
1603920 1398
1603930 1398
1603940 1398
1603950 1397
1603960 1397
1603970 1397
1603980 1397
1603990 1397
1604000 1397
1604010 1398
1604020 1398
1604030 1399
1604040 1399
1604050 1399
1604060 1399
1604070 1398
1604080 1398
1604090 1398
1604100 1399
1604110 1399
1604120 1399
1604130 1400
1604140 1400
1604150 1400
1604160 1402
1604170 1405
1604180 1405
1604190 1406
1604200 1407
1604210 1407
1604220 1409
1604230 1411
1604240 1411
1604250 1412
1604260 1414
1604270 1414
1604280 1415
1604290 1422
1604300 1422
1604310 1423
1604320 1423
1604330 1423
1604340 1422
1604350 1419
1604360 1419
1604370 1416
1604380 1413
1604390 1413
1604400 1411
1604410 1409
1604420 1407
1604430 1407
1604440 1406
1604450 1406
1604460 1406
1604470 1406
1604480 1406
1604490 1406
1604500 1406
1604510 1406
1604520 1406
1604530 1405
1604540 1405
1604550 1405
1604560 1405
1604570 1405
1604580 1405
1604590 1405
1604600 1406
1604610 1406
1604620 1406
1604630 1407
1604640 1407
1604650 1408
1604660 1409
1604670 1410
1604680 1410
1604690 1411
1604700 1412
1604710 1412
1604720 1412
1604730 1413
1604740 1413
1604750 1414
1604760 1416
1604770 1416
1604780 1418
1604790 1420
1604800 1420
1604810 1421
1604820 1422
1604830 1422
1604840 1423
1604850 1423
1604860 1423
1604870 1422
1604880 1421
1604890 1421
1604900 1421
1604910 1421
1604920 1421
1604930 1421
1604940 1422
1604950 1422
1604960 1422
1604970 1423
1604980 1423
1604990 1423
1605000 1423
1605010 1422
1605020 1422
1605030 1422
1605040 1422
1605050 1422
1605060 1422
1605070 1421
1605080 1421
1605090 1420
1605100 1418
1605110 1418
1605120 1416
1605130 1413
1605140 1413
1605150 1411
1605160 1410
1605170 1408
1605180 1408
1605190 1407
1605200 1406
1605210 1406
1605220 1406
1605230 1406
1605240 1406
1605250 1405
1605260 1404
1605270 1404
1605280 1404
1605290 1403
1605300 1403
1605310 1403
1605320 1402
1605330 1402
1605340 1402
1605350 1404
1605360 1404
1605370 1403
1605380 1402
1605390 1402
1605400 1401
1605410 1400
1605420 1399
1605430 1399
1605440 1396
1605450 1394
1605460 1394
1605470 1392
1605480 1390
1605490 1390
1605500 1387
1605510 1385
1605520 1385
1605530 1384
1605540 1383
1605550 1383
1605560 1380
1605570 1378
1605580 1378
1605590 1377
1605600 1375
1605610 1375
1605620 1374
1605630 1374
1605640 1374
1605650 1374
1605660 1374
1605670 1374
1605680 1374
1605690 1373
1605700 1373
1605710 1373
1605720 1372
1605730 1372
1605740 1372
1605750 1372
1605760 1372
1605770 1372
1605780 1372
1605790 1372
1605800 1372
1605810 1372
1605820 1371
1605830 1371
1605840 1370
1605850 1369
1605860 1369
1605870 1369
1605880 1368
1605890 1368
1605900 1368
1605910 1367
1605920 1366
1605930 1366
1605940 1366
1605950 1365
1605960 1365
1605970 1363
1605980 1362
1605990 1362
1606000 1360
1606010 1359
1606020 1359
1606030 1359
1606040 1359
1606050 1359
1606060 1359
1606070 1358
1606080 1358
1606090 1358
1606100 1357
1606110 1357
1606120 1356
1606130 1356
1606140 1356
1606150 1355
1606160 1354
1606170 1353
1606180 1353
1606190 1353
1606200 1351
1606210 1351
1606220 1349
1606230 1347
1606240 1347
1606250 1346
1606260 1347
1606270 1347
1606280 1347
1606290 1347
1606300 1347
1606310 1347
1606320 1346
1606330 1346
1606340 1345
1606350 1345
1606360 1345
1606370 1344
1606380 1344
1606390 1344
1606400 1347
1606410 1349
1606420 1351
1606430 1351
1606440 1352
1606450 1352
1606460 1352
1606470 1353
1606480 1353
1606490 1353
1606500 1354
1606510 1354
1606520 1354
1606530 1355
1606540 1356
1606550 1356
1606560 1357
1606570 1358
1606580 1358
1606590 1359
1606600 1360
1606610 1360
1606620 1361
1606630 1362
1606640 1362
1606650 1363
1606660 1365
1606670 1367
1606680 1367
1606690 1369
1606700 1371
1606710 1371
1606720 1372
1606730 1373
1606740 1373
1606750 1375
1606760 1376
1606770 1376
1606780 1379
1606790 1380
1606800 1380
1606810 1383
1606820 1385
1606830 1385
1606840 1386
1606850 1385
1606860 1385
1606870 1386
1606880 1388
1606890 1389
1606900 1389
1606910 1389
1606920 1388
1606930 1388
1606940 1387
1606950 1385
1606960 1385
1606970 1383
1606980 1380
1606990 1380
1607000 1378
1607010 1374
1607020 1374
1607030 1371
1607040 1367
1607050 1367
1607060 1364
1607070 1360
1607080 1360
1607090 1356
1607100 1352
1607110 1352
1607120 1348
1607130 1344
1607140 1341
1607150 1341
1607160 1338
1607170 1335
1607180 1335
1607190 1332
1607200 1329
1607210 1329
1607220 1328
1607230 1328
1607240 1328
1607250 1326
1607260 1324
1607270 1324
1607280 1321
1607290 1319
1607300 1319
1607310 1316
1607320 1313
1607330 1313
1607340 1309
1607350 1304
1607360 1304
1607370 1301
1607380 1300
1607390 1298
1607400 1298
1607410 1296
1607420 1294
1607430 1297
1607440 1296
1607450 1294
1607460 1294
1607470 1294
1607480 1292
1607490 1292
1607500 1291
1607510 1290
1607520 1290
1607530 1289
1607540 1288
1607550 1288
1607560 1286
1607570 1283
1607580 1283
1607590 1280
1607600 1279
1607610 1279
1607620 1278
1607630 1277
1607640 1278
1607650 1278
1607660 1279
1607670 1279
1607680 1279
1607690 1280
1607700 1280
1607710 1280
1607720 1279
1607730 1280
1607740 1280
1607750 1280
1607760 1280
1607770 1280
1607780 1279
1607790 1278
1607800 1278
1607810 1276
1607820 1274
1607830 1274
1607840 1273
1607850 1271
1607860 1271
1607870 1269
1607880 1266
1607890 1264
1607900 1264
1607910 1260
1607920 1256
1607930 1256
1607940 1252
1607950 1248
1607960 1248
1607970 1243
1607980 1238
1607990 1238
1608000 1234
1608010 1230
1608020 1230
1608030 1224
1608040 1218
1608050 1218
1608060 1212
1608070 1208
1608080 1208
1608090 1204
1608100 1200
1608110 1200
1608120 1196
1608130 1190
1608140 1184
1608150 1184
1608160 1177
1608170 1171
1608180 1171
1608190 1163
1608200 1156
1608210 1156
1608220 1150
1608230 1144
1608240 1144
1608250 1138
1608260 1133
1608270 1133
1608280 1127
1608290 1121
1608300 1121
1608310 1118
1608320 1119
1608330 1119
1608340 1123
1608350 1126
1608360 1126
1608370 1128
1608380 1131
1608390 1133
1608400 1133
1608410 1136
1608420 1139
1608430 1139
1608440 1142
1608450 1144
1608460 1148
1608470 1151
1608480 1154
1608490 1154
1608500 1156
1608510 1158
1608520 1158
1608530 1159
1608540 1160
1608550 1160
1608560 1160
1608570 1158
1608580 1158
1608590 1155
1608600 1152
1608610 1152
1608620 1149
1608630 1146
1608640 1142
1608650 1142
1608660 1138
1608670 1133
1608680 1133
1608690 1128
1608700 1123
1608710 1123
1608720 1119
1608730 1114
1608740 1114
1608750 1108
1608760 1103
1608770 1103
1608780 1099
1608790 1093
1608800 1093
1608810 1088
1608820 1082
1608830 1082
1608840 1078
1608850 1074
1608860 1074
1608870 1069
1608880 1064
1608890 1060
1608900 1060
1608910 1056
1608920 1053
1608930 1053
1608940 1050
1608950 1042
1608960 1042
1608970 1033
1608980 1028
1608990 1028
1609000 1027
1609010 1024
1609020 1024
1609030 1022
1609040 1020
1609050 1020
1609060 1018
1609070 1017
1609080 1017
1609090 1013
1609100 1011
1609110 1011
1609120 1009
1609130 1003
1609140 997
1609150 997
1609160 1001
1609170 1009
1609180 1009
1609190 1016
1609200 1022
1609210 1022
1609220 1024
1609230 1025
1609240 1025
1609250 1024
1609260 1023
1609270 1023
1609280 1021
1609290 1020
1609300 1020
1609310 1017
1609320 1014
1609330 1014
1609340 1013
1609350 1011
1609360 1011
1609370 1008
1609380 1007
1609390 1005
1609400 1005
1609410 1002
1609420 1000
1609430 1000
1609440 998
1609450 991
1609460 991
1609470 982
1609480 982
1609490 988
1609500 989
1609510 988
1609520 988
1609530 986
1609540 984
1609550 984
1609560 981
1609570 978
1609580 978
1609590 975
1609600 971
1609610 971
1609620 967
1609630 962
1609640 957
1609650 957
1609660 950
1609670 946
1609680 946
1609690 943
1609700 941
1609710 941
1609720 934
1609730 935
1609740 935
1609750 942
1609760 948
1609770 948
1609780 951
1609790 955
1609800 955
1609810 960
1609820 964
1609830 964
1609840 968
1609850 973
1609860 973
1609870 976
1609880 981
1609890 986
1609900 986
1609910 991
1609920 997
1609930 997
1609940 1003
1609950 1010
1609960 1010
1609970 1016
1609980 1024
1609990 1024
1610000 1031
1610010 1039
1610020 1039
1610030 1047
1610040 1051
1610050 1051
1610060 1055
1610070 1056
1610080 1056
1610090 1056
1610100 1055
1610110 1055
1610120 1052
1610130 1049
1610140 1047
1610150 1047
1610160 1044
1610170 1042
1610180 1042
1610190 1040
1610200 1038
1610210 1038
1610220 1037
1610230 1035
1610240 1035
1610250 1032
1610260 1030
1610270 1030
1610280 1028
1610290 1026
1610300 1026
1610310 1023
1610320 1019
1610330 1019
1610340 1015
1610350 1013
1610360 1012
1610370 1012
1610380 1012
1610390 1012
1610400 1012
1610410 1012
1610420 1012
1610430 1012
1610440 1008
1610450 1002
1610460 1002
1610470 997
1610480 993
1610490 993
1610500 991
1610510 987
1610520 987
1610530 984
1610540 981
1610550 981
1610560 977
1610570 973
1610580 973
1610590 969
1610600 966
1610610 962
1610620 962
1610630 960
1610640 958
1610650 958
1610660 955
1610670 953
1610680 953
1610690 950
1610700 948
1610710 948
1610720 942
1610730 935
1610740 935
1610750 929
1610760 922
1610770 922
1610780 918
1610790 914
1610800 914
1610810 912
1610820 915
1610830 915
1610840 922
1610850 931
1610860 939
1610870 939
1610880 947
1610890 955
1610900 955
1610910 964
1610920 971
1610930 971
1610940 977
1610950 984
1610960 984
1610970 989
1610980 993
1610990 993
1611000 996
1611010 998
1611020 998
1611030 1001
1611040 999
1611050 999
1611060 997
1611070 999
1611080 999
1611090 1000
1611100 1001
1611110 1001
1611120 1001
1611130 1002
1611140 1002
1611150 1002
1611160 1002
1611170 1002
1611180 1002
1611190 1001
1611200 1000
1611210 1000
1611220 998
1611230 997
1611240 997
1611250 996
1611260 996
1611270 996
1611280 996
1611290 995
1611300 995
1611310 993
1611320 992
1611330 992
1611340 992
1611350 992
1611360 992
1611370 992
1611380 992
1611390 991
1611400 991
1611410 989
1611420 987
1611430 987
1611440 986
1611450 985
1611460 985
1611470 983
1611480 983
1611490 983
1611500 982
1611510 982
1611520 982
1611530 980
1611540 979
1611550 979
1611560 978
1611570 976
1611580 976
1611590 975
1611600 974
1611610 973
1611620 973
1611630 971
1611640 968
1611650 968
1611660 968
1611670 966
1611680 966
1611690 964
1611700 963
1611710 963
1611720 962
1611730 960
1611740 960
1611750 959
1611760 957
1611770 957
1611780 956
1611790 955
1611800 955
1611810 954
1611820 952
1611830 952
1611840 951
1611850 950
1611860 949
1611870 949
1611880 947
1611890 946
1611900 946
1611910 943
1611920 940
1611930 940
1611940 935
1611950 932
1611960 932
1611970 930
1611980 926
1611990 926
1612000 919
1612010 911
1612020 911
1612030 904
1612040 898
1612050 898
1612060 890
1612070 885
1612080 885
1612090 886
1612100 895
1612110 904
1612120 904
1612130 913
1612140 921
1612150 921
1612160 928
1612170 935
1612180 935
1612190 942
1612200 949
1612210 949
1612220 953
1612230 956
1612240 956
1612250 958
1612260 959
1612270 959
1612280 961
1612290 962
1612300 962
1612310 963
1612320 963
1612330 963
1612340 963
1612350 964
1612360 964
1612370 964
1612380 964
1612390 965
1612400 965
1612410 964
1612420 965
1612430 965
1612440 965
1612450 965
1612460 965
1612470 965
1612480 964
1612490 964
1612500 964
1612510 968
1612520 968
1612530 967
1612540 967
1612550 967
1612560 966
1612570 965
1612580 965
1612590 963
1612600 961
1612610 957
1612620 957
1612630 954
1612640 949
1612650 949
1612660 946
1612670 944
1612680 944
1612690 943
1612700 943
1612710 943
1612720 942
1612730 940
1612740 940
1612750 937
1612760 931
1612770 931
1612780 928
1612790 924
1612800 924
1612810 921
1612820 922
1612830 922
1612840 928
1612850 933
1612860 938
1612870 938
1612880 944
1612890 950
1612900 950
1612910 956
1612920 961
1612930 961
1612940 966
1612950 972
1612960 972
1612970 977
1612980 981
1612990 981
1613000 984
1613010 986
1613020 986
1613030 989
1613040 992
1613050 992
1613060 995
1613070 998
1613080 998
1613090 1001
1613100 1004
1613110 1007
1613120 1007
1613130 1010
1613140 1012
1613150 1012
1613160 1014
1613170 1018
1613180 1018
1613190 1022
1613200 1024
1613210 1024
1613220 1025
1613230 1026
1613240 1026
1613250 1028
1613260 1030
1613270 1030
1613280 1030
1613290 1030
1613300 1030
1613310 1032
1613320 1034
1613330 1034
1613340 1037
1613350 1039
1613360 1040
1613370 1040
1613380 1042
1613390 1042
1613400 1042
1613410 1040
1613420 1033
1613430 1033
1613440 1027
1613450 1022
1613460 1022
1613470 1017
1613480 1013
1613490 1013
1613500 1012
1613510 1009
1613520 1009
1613530 1004
1613540 1002
1613550 1002
1613560 1001
1613570 1000
1613580 1000
1613590 998
1613600 995
1613610 992
1613620 992
1613630 990
1613640 987
1613650 987
1613660 983
1613670 979
1613680 979
1613690 975
1613700 967
1613710 967
1613720 956
1613730 949
1613740 949
1613750 942
1613760 935
1613770 935
1613780 927
1613790 921
1613800 921
1613810 913
1613820 905
1613830 905
1613840 898
1613850 900
1613860 907
1613870 907
1613880 912
1613890 915
1613900 915
1613910 916
1613920 916
1613930 916
1613940 915
1613950 914
1613960 914
1613970 911
1613980 907
1613990 907
1614000 903
1614010 899
1614020 899
1614030 897
1614040 898
1614050 898
1614060 902
1614070 903
1614080 903
1614090 902
1614100 901
1614110 899
1614120 899
1614130 899
1614140 895
1614150 895
1614160 894
1614170 899
1614180 899
1614190 902
1614200 905
1614210 905
1614220 908
1614230 910
1614240 910
1614250 914
1614260 917
1614270 917
1614280 919
1614290 920
1614300 920
1614310 921
1614320 923
1614330 924
1614340 924
1614350 924
1614360 924
1614370 924
1614380 921
1614390 921
1614400 921
1614410 922
1614420 924
1614430 924
1614440 926
1614450 929
1614460 929
1614470 932
1614480 938
1614490 938
1614500 941
1614510 945
1614520 945
1614530 949
1614540 953
1614550 953
1614560 956
1614570 961
1614580 966
1614590 966
1614600 971
1614610 975
1614620 975
1614630 979
1614640 984
1614650 984
1614660 986
1614670 989
1614680 989
1614690 994
1614700 998
1614710 998
1614720 1001
1614730 1004
1614740 1004
1614750 1007
1614760 1010
1614770 1010
1614780 1014
1614790 1018
1614800 1018
1614810 1022
1614820 1026
1614830 1030
1614840 1030
1614850 1036
1614860 1041
1614870 1041
1614880 1046
1614890 1051
1614900 1051
1614910 1056
1614920 1062
1614930 1062
1614940 1067
1614950 1074
1614960 1074
1614970 1082
1614980 1088
1614990 1088
1615000 1093
1615010 1096
1615020 1096
1615030 1100
1615040 1103
1615050 1103
1615060 1107
1615070 1112
1615080 1116
1615090 1116
1615100 1119
1615110 1122
1615120 1122
1615130 1124
1615140 1124
1615150 1124
1615160 1123
1615170 1121
1615180 1121
1615190 1119
1615200 1119
1615210 1119
1615220 1121
1615230 1124
1615240 1124
1615250 1127
1615260 1132
1615270 1132
1615280 1138
1615290 1138
1615300 1138
1615310 1137
1615320 1135
1615330 1135
1615340 1135
1615350 1134
1615360 1133
1615370 1133
1615380 1132
1615390 1131
1615400 1131
1615410 1130
1615420 1128
1615430 1128
1615440 1125
1615450 1121
1615460 1129
1615470 1124
1615480 1121
1615490 1121
1615500 1120
1615510 1119
1615520 1119
1615530 1118
1615540 1116
1615550 1116
1615560 1116
1615570 1117
1615580 1116
1615590 1116
1615600 1115
1615610 1114
1615620 1114
1615630 1114
1615640 1112
1615650 1112
1615660 1111
1615670 1109
1615680 1109
1615690 1106
1615700 1101
1615710 1101
1615720 1099
1615730 1103
1615740 1103
1615750 1103
1615760 1102
1615770 1102
1615780 1101
1615790 1100
1615800 1100
1615810 1099
1615820 1097
1615830 1096
1615840 1096
1615850 1095
1615860 1093
1615870 1093
1615880 1092
1615890 1090
1615900 1090
1615910 1089
1615920 1087
1615930 1087
1615940 1085
1615950 1084
1615960 1084
1615970 1080
1615980 1075
1615990 1075
1616000 1071
1616010 1071
1616020 1071
1616030 1073
1616040 1073
1616050 1073
1616060 1071
1616070 1070
1616080 1070
1616090 1070
1616100 1070
1616110 1072
1616120 1072
1616130 1073
1616140 1074
1616150 1074
1616160 1075
1616170 1076
1616180 1076
1616190 1077
1616200 1078
1616210 1078
1616220 1077
1616230 1074
1616240 1074
1616250 1070
1616260 1066
1616270 1066
1616280 1066
1616290 1068
1616300 1068
1616310 1072
1616320 1076
1616330 1081
1616340 1081
1616350 1085
1616360 1089
1616370 1089
1616380 1092
1616390 1096
1616400 1096
1616410 1101
1616420 1106
1616430 1108
1616440 1111
1616450 1113
1616460 1113
1616470 1116
1616480 1118
1616490 1118
1616500 1120
1616510 1121
1616520 1121
1616530 1122
1616540 1122
1616550 1122
1616560 1122
1616570 1122
1616580 1123
1616590 1123
1616600 1122
1616610 1122
1616620 1122
1616630 1121
1616640 1120
1616650 1120
1616660 1119
1616670 1118
1616680 1118
1616690 1117
1616700 1115
1616710 1115
1616720 1113
1616730 1112
1616740 1112
1616750 1112
1616760 1114
1616770 1114
1616780 1114
1616790 1111
1616800 1111
1616810 1108
1616820 1112
1616830 1114
1616840 1114
1616850 1114
1616860 1116
1616870 1116
1616880 1117
1616890 1120
1616900 1120
1616910 1121
1616920 1121
1616930 1121
1616940 1121
1616950 1120
1616960 1120
1616970 1118
1616980 1116
1616990 1116
1617000 1115
1617010 1115
1617020 1115
1617030 1116
1617040 1118
1617050 1118
1617060 1123
1617070 1128
1617080 1133
1617090 1133
1617100 1137
1617110 1140
1617120 1140
1617130 1143
1617140 1146
1617150 1146
1617160 1148
1617170 1150
1617180 1150
1617190 1153
1617200 1155
1617210 1155
1617220 1157
1617230 1158
1617240 1158
1617250 1161
1617260 1163
1617270 1163
1617280 1166
1617290 1169
1617300 1169
1617310 1171
1617320 1173
1617330 1173
1617340 1173
1617350 1173
1617360 1172
1617370 1172
1617380 1170
1617390 1172
1617400 1172
1617410 1170
1617420 1169
1617430 1169
1617440 1168
1617450 1166
1617460 1166
1617470 1165
1617480 1163
1617490 1163
1617500 1161
1617510 1159
1617520 1159
1617530 1156
1617540 1154
1617550 1154
1617560 1152
1617570 1149
1617580 1147
1617590 1147
1617600 1146
1617610 1145
1617620 1145
1617630 1143
1617640 1143
1617650 1143
1617660 1142
1617670 1140
1617680 1140
1617690 1139
1617700 1137
1617710 1137
1617720 1136
1617730 1135
1617740 1135
1617750 1134
1617760 1132
1617770 1132
1617780 1131
1617790 1130
1617800 1130
1617810 1129
1617820 1129
1617830 1128
1617840 1128
1617850 1128
1617860 1129
1617870 1129
1617880 1131
1617890 1134
1617900 1134
1617910 1137
1617920 1139
1617930 1139
1617940 1140
1617950 1140
1617960 1140
1617970 1142
1617980 1145
1617990 1145
1618000 1149
1618010 1153
1618020 1153
1618030 1158
1618040 1161
1618050 1161
1618060 1166
1618070 1170
1618080 1174
1618090 1174
1618100 1178
1618110 1182
1618120 1182
1618130 1186
1618140 1191
1618150 1191
1618160 1196
1618170 1201
1618180 1201
1618190 1203
1618200 1206
1618210 1206
1618220 1206
1618230 1205
1618240 1205
1618250 1202
1618260 1196
1618270 1196
1618280 1189
1618290 1179
1618300 1179
1618310 1171
1618320 1164
1618330 1157
1618340 1154
1618350 1148
1618360 1143
1618370 1143
1618380 1138
1618390 1132
1618400 1132
1618410 1127
1618420 1122
1618430 1122
1618440 1117
1618450 1113
1618460 1113
1618470 1110
1618480 1105
1618490 1105
1618500 1100
1618510 1094
1618520 1094
1618530 1088
1618540 1082
1618550 1082
1618560 1077
1618570 1074
1618580 1075
1618590 1075
1618600 1075
1618610 1074
1618620 1074
1618630 1074
1618640 1073
1618650 1073
1618660 1072
1618670 1070
1618680 1070
1618690 1068
1618700 1067
1618710 1067
1618720 1062
1618730 1059
1618740 1059
1618750 1055
1618760 1051
1618770 1051
1618780 1046
1618790 1041
1618800 1036
1618810 1036
1618820 1031
1618830 1028
1618840 1028
1618850 1026
1618860 1023
1618870 1023
1618880 1020
1618890 1017
1618900 1017
1618910 1015
1618920 1014
1618930 1014
1618940 1011
1618950 1011
1618960 1011
1618970 1014
1618980 1018
1618990 1018
1619000 1021
1619010 1020
1619020 1020
1619030 1017
1619040 1015
1619050 1015
1619060 1015
1619070 1015
1619080 1013
1619090 1013
1619100 1011
1619110 1009
1619120 1009
1619130 1006
1619140 1004
1619150 1004
1619160 1002
1619170 1001
1619180 1001
1619190 999
1619200 997
1619210 997
1619220 994
1619230 994
1619240 994
1619250 996
1619260 998
1619270 998
1619280 1000
1619290 994
1619300 994
1619310 994
1619320 992
1619330 985
1619340 985
1619350 979
1619360 971
1619370 971
1619380 963
1619390 957
1619400 957
1619410 951
1619420 948
1619430 948
1619440 946
1619450 945
1619460 945
1619470 944
1619480 944
1619490 944
1619500 944
1619510 942
1619520 942
1619530 939
1619540 937
1619550 936
1619560 936
1619570 931
1619580 926
1619590 926
1619600 921
1619610 916
1619620 916
1619630 911
1619640 905
1619650 905
1619660 900
1619670 896
1619680 896
1619690 893
1619700 890
1619710 890
1619720 886
1619730 883
1619740 883
1619750 879
1619760 876
1619770 876
1619780 873
1619790 869
1619800 864
1619810 864
1619820 858
1619830 851
1619840 851
1619850 845
1619860 840
1619870 840
1619880 837
1619890 835
1619900 835
1619910 835
1619920 834
1619930 834
1619940 834
1619950 834
1619960 834
1619970 834
1619980 835
1619990 835
