1600000 1347
1600010 1348
1600020 1348
1600030 1350
1600040 1352
1600050 1352
1600060 1354
1600070 1355
1600080 1355
1600090 1356
1600100 1357
1600110 1357
1600120 1357
1600130 1357
1600140 1355
1600150 1355
1600160 1353
1600170 1352
1600180 1352
1600190 1354
1600200 1355
1600210 1355
1600220 1356
1600230 1357
1600240 1357
1600250 1358
1600260 1359
1600270 1359
1600280 1360
1600290 1360
1600300 1360
1600310 1360
1600320 1362
1600330 1362
1600340 1365
1600350 1367
1600360 1369
1600370 1369
1600380 1371
1600390 1372
1600400 1372
1600410 1374
1600420 1376
1600430 1376
1600440 1377
1600450 1378
1600460 1378
1600470 1378
1600480 1378
1600490 1378
1600500 1377
1600510 1376
1600520 1376
1600530 1376
1600540 1376
1600550 1376
1600560 1376
1600570 1376
1600580 1376
1600590 1377
1600600 1377
1600610 1378
1600620 1378
1600630 1380
1600640 1381
1600650 1381
1600660 1382
1600670 1385
1600680 1385
1600690 1388
1600700 1390
1600710 1390
1600720 1391
1600730 1391
1600740 1391
1600750 1391
1600760 1392
1600770 1392
1600780 1392
1600790 1392
1600800 1392
1600810 1392
1600820 1392
1600830 1392
1600840 1391
1600850 1390
1600860 1390
1600870 1390
1600880 1390
1600890 1390
1600900 1390
1600910 1389
1600920 1390
1600930 1390
1600940 1391
1600950 1391
1600960 1391
1600970 1392
1600980 1390
1600990 1390
1601000 1389
1601010 1387
1601020 1387
1601030 1386
1601040 1392
1601050 1392
1601060 1391
1601070 1390
1601080 1390
1601090 1391
1601100 1391
1601110 1391
1601120 1391
1601130 1391
1601140 1391
1601150 1391
1601160 1391
1601170 1391
1601180 1391
1601190 1390
1601200 1388
1601210 1388
1601220 1386
1601230 1385
1601240 1385
1601250 1384
1601260 1383
1601270 1383
1601280 1386
1601290 1389
1601300 1389
1601310 1392
1601320 1394
1601330 1394
1601340 1395
1601350 1394
1601360 1394
1601370 1394
1601380 1392
1601390 1390
1601400 1390
1601410 1389
1601420 1387
1601430 1387
1601440 1386
1601450 1384
1601460 1384
1601470 1383
1601480 1383
1601490 1383
1601500 1383
1601510 1384
1601520 1384
1601530 1383
1601540 1381
1601550 1381
1601560 1379
1601570 1379
1601580 1379
1601590 1376
1601600 1375
1601610 1375
1601620 1373
1601630 1371
1601640 1370
1601650 1370
1601660 1369
1601670 1367
1601680 1367
1601690 1368
1601700 1369
1601710 1369
1601720 1369
1601730 1369
1601740 1369
1601750 1368
1601760 1365
1601770 1365
1601780 1362
1601790 1359
1601800 1359
1601810 1355
1601820 1351
1601830 1351
1601840 1347
1601850 1347
1601860 1347
1601870 1348
1601880 1348
1601890 1348
1601900 1348
1601910 1348
1601920 1347
1601930 1347
1601940 1349
1601950 1351
1601960 1351
1601970 1351
1601980 1351
1601990 1351
1602000 1353
1602010 1355
1602020 1355
1602030 1356
1602040 1356
1602050 1356
1602060 1356
1602070 1355
1602080 1355
1602090 1352
1602100 1350
1602110 1350
1602120 1348
1602130 1353
1602140 1351
1602150 1351
1602160 1349
1602170 1348
1602180 1348
1602190 1347
1602200 1346
1602210 1346
1602220 1346
1602230 1346
1602240 1346
1602250 1345
1602260 1344
1602270 1344
1602280 1342
1602290 1341
1602300 1341
1602310 1341
1602320 1341
1602330 1341
1602340 1341
1602350 1343
1602360 1343
1602370 1343
1602380 1342
1602390 1341
1602400 1341
1602410 1341
1602420 1340
1602430 1340
1602440 1338
1602450 1336
1602460 1336
1602470 1332
1602480 1328
1602490 1328
1602500 1325
1602510 1323
1602520 1323
1602530 1320
1602540 1318
1602550 1318
1602560 1316
1602570 1313
1602580 1313
1602590 1313
1602600 1314
1602610 1314
1602620 1317
1602630 1317
1602640 1320
1602650 1320
1602660 1322
1602670 1324
1602680 1324
1602690 1326
1602700 1327
1602710 1327
1602720 1327
1602730 1326
1602740 1326
1602750 1325
1602760 1325
1602770 1325
1602780 1325
1602790 1326
1602800 1326
1602810 1327
1602820 1328
1602830 1328
1602840 1328
1602850 1326
1602860 1326
1602870 1324
1602880 1322
1602890 1320
1602900 1320
1602910 1319
1602920 1319
1602930 1319
1602940 1320
1602950 1321
1602960 1321
1602970 1323
1602980 1324
1602990 1324
1603000 1323
1603010 1322
1603020 1322
1603030 1319
1603040 1317
1603050 1317
1603060 1315
1603070 1314
1603080 1314
1603090 1313
1603100 1316
1603110 1316
1603120 1320
1603130 1321
1603140 1319
1603150 1319
1603160 1321
1603170 1326
1603180 1326
1603190 1327
1603200 1328
1603210 1329
1603220 1328
1603230 1329
1603240 1329
1603250 1329
1603260 1331
1603270 1331
1603280 1332
1603290 1333
1603300 1333
1603310 1334
1603320 1335
1603330 1335
1603340 1336
1603350 1337
1603360 1337
1603370 1336
1603380 1336
1603390 1335
1603400 1335
1603410 1334
1603420 1333
1603430 1333
1603440 1331
1603450 1330
1603460 1330
1603470 1328
1603480 1328
1603490 1328
1603500 1326
1603510 1327
1603520 1327
1603530 1328
1603540 1330
1603550 1330
1603560 1331
1603570 1333
1603580 1333
1603590 1333
1603600 1332
1603610 1332
1603620 1330
1603630 1330
1603640 1329
1603650 1329
1603660 1328
1603670 1327
1603680 1327
1603690 1327
1603700 1326
1603710 1326
1603720 1326
1603730 1326
1603740 1326
1603750 1325
1603760 1325
1603770 1325
1603780 1324
1603790 1323
1603800 1323
1603810 1324
1603820 1326
1603830 1326
1603840 1327
1603850 1327
1603860 1327
1603870 1327
1603880 1325
1603890 1322
1603900 1322
1603910 1320
1603920 1319
1603930 1319
1603940 1319
1603950 1321
1603960 1321
1603970 1324
1603980 1326
1603990 1326
1604000 1328
1604010 1329
1604020 1329
1604030 1330
1604040 1330
1604050 1330
1604060 1330
1604070 1330
1604080 1330
1604090 1331
1604100 1333
1604110 1333
1604120 1334
1604130 1335
1604140 1336
1604150 1336
1604160 1337
1604170 1338
1604180 1338
1604190 1340
1604200 1341
1604210 1341
1604220 1343
1604230 1345
1604240 1345
1604250 1347
1604260 1348
1604270 1348
1604280 1354
1604290 1354
1604300 1354
1604310 1354
1604320 1354
1604330 1354
1604340 1354
1604350 1354
1604360 1354
1604370 1354
1604380 1356
1604390 1359
1604400 1359
1604410 1361
1604420 1363
1604430 1363
1604440 1364
1604450 1365
1604460 1365
1604470 1365
1604480 1367
1604490 1367
1604500 1368
1604510 1370
1604520 1370
1604530 1372
1604540 1374
1604550 1374
1604560 1375
1604570 1376
1604580 1376
1604590 1377
1604600 1378
1604610 1378
1604620 1379
1604630 1380
1604640 1381
1604650 1381
1604660 1382
1604670 1382
1604680 1382
1604690 1381
1604700 1379
1604710 1379
1604720 1378
1604730 1376
1604740 1376
1604750 1374
1604760 1373
1604770 1373
1604780 1372
1604790 1372
1604800 1372
1604810 1372
1604820 1372
1604830 1372
1604840 1372
1604850 1372
1604860 1372
1604870 1373
1604880 1374
1604890 1375
1604900 1375
1604910 1375
1604920 1375
1604930 1375
1604940 1374
1604950 1373
1604960 1373
1604970 1374
1604980 1375
1604990 1375
1605000 1377
1605010 1378
1605020 1378
1605030 1379
1605040 1382
1605050 1382
1605060 1384
1605070 1385
1605080 1385
1605090 1387
1605100 1389
1605110 1389
1605120 1390
1605130 1391
1605140 1391
1605150 1391
1605160 1389
1605170 1388
1605180 1388
1605190 1386
1605200 1384
1605210 1384
1605220 1382
1605230 1381
1605240 1381
1605250 1379
1605260 1378
1605270 1378
1605280 1377
1605290 1377
1605300 1377
1605310 1376
1605320 1375
1605330 1375
1605340 1377
1605350 1376
1605360 1376
1605370 1373
1605380 1369
1605390 1367
1605400 1367
1605410 1366
1605420 1364
1605430 1364
1605440 1362
1605450 1361
1605460 1361
1605470 1359
1605480 1358
1605490 1358
1605500 1356
1605510 1355
1605520 1355
1605530 1354
1605540 1352
1605550 1352
1605560 1350
1605570 1349
1605580 1349
1605590 1347
1605600 1345
1605610 1345
1605620 1343
1605630 1342
1605640 1339
1605650 1339
1605660 1337
1605670 1336
1605680 1336
1605690 1335
1605700 1334
1605710 1334
1605720 1332
1605730 1331
1605740 1331
1605750 1330
1605760 1330
1605770 1330
1605780 1329
1605790 1327
1605800 1327
1605810 1325
1605820 1323
1605830 1323
1605840 1320
1605850 1317
1605860 1317
1605870 1315
1605880 1313
1605890 1311
1605900 1311
1605910 1310
1605920 1309
1605930 1309
1605940 1307
1605950 1305
1605960 1305
1605970 1302
1605980 1300
1605990 1300
1606000 1297
1606010 1295
1606020 1295
1606030 1293
1606040 1290
1606050 1290
1606060 1288
1606070 1287
1606080 1287
1606090 1284
1606100 1279
1606110 1279
1606120 1276
1606130 1273
1606140 1269
1606150 1269
1606160 1266
1606170 1263
1606180 1263
1606190 1260
1606200 1259
1606210 1259
1606220 1259
1606230 1257
1606240 1257
1606250 1254
1606260 1250
1606270 1250
1606280 1246
1606290 1242
1606300 1242
1606310 1239
1606320 1236
1606330 1236
1606340 1232
1606350 1229
1606360 1229
1606370 1225
1606380 1221
1606390 1220
1606400 1220
1606410 1218
1606420 1216
1606430 1216
1606440 1214
1606450 1212
1606460 1212
1606470 1209
1606480 1205
1606490 1205
1606500 1203
1606510 1198
1606520 1198
1606530 1192
1606540 1187
1606550 1187
1606560 1185
1606570 1185
1606580 1185
1606590 1185
1606600 1186
1606610 1186
1606620 1187
1606630 1186
1606640 1184
1606650 1184
1606660 1181
1606670 1179
1606680 1179
1606690 1176
1606700 1174
1606710 1174
1606720 1172
1606730 1171
1606740 1171
1606750 1170
1606760 1168
1606770 1168
1606780 1165
1606790 1161
1606800 1161
1606810 1157
1606820 1154
1606830 1154
1606840 1152
1606850 1150
1606860 1150
1606870 1148
1606880 1147
1606890 1144
1606900 1144
1606910 1142
1606920 1140
1606930 1140
1606940 1138
1606950 1135
1606960 1135
1606970 1134
1606980 1134
1606990 1134
1607000 1134
1607010 1134
1607020 1134
1607030 1132
1607040 1130
1607050 1130
1607060 1127
1607070 1124
1607080 1124
1607090 1122
1607100 1121
1607110 1121
1607120 1119
1607130 1116
1607140 1113
1607150 1113
1607160 1109
1607170 1106
1607180 1106
1607190 1102
1607200 1097
1607210 1097
1607220 1093
1607230 1088
1607240 1088
1607250 1084
1607260 1079
1607270 1079
1607280 1075
1607290 1071
1607300 1071
1607310 1064
1607320 1058
1607330 1058
1607340 1052
1607350 1048
1607360 1048
1607370 1045
1607380 1045
1607390 1045
1607400 1045
1607410 1045
1607420 1045
1607430 1045
1607440 1045
1607450 1047
1607460 1047
1607470 1047
1607480 1048
1607490 1048
1607500 1049
1607510 1051
1607520 1051
1607530 1053
1607540 1056
1607550 1056
1607560 1058
1607570 1059
1607580 1059
1607590 1061
1607600 1064
1607610 1064
1607620 1068
1607630 1073
1607640 1073
1607650 1077
1607660 1082
1607670 1087
1607680 1087
1607690 1091
1607700 1096
1607710 1096
1607720 1100
1607730 1103
1607740 1103
1607750 1106
1607760 1109
1607770 1109
1607780 1114
1607790 1119
1607800 1119
1607810 1125
1607820 1130
1607830 1130
1607840 1135
1607850 1139
1607860 1139
1607870 1144
1607880 1150
1607890 1150
1607900 1154
1607910 1160
1607920 1165
1607930 1165
1607940 1170
1607950 1176
1607960 1176
1607970 1181
1607980 1184
1607990 1184
1608000 1187
1608010 1191
1608020 1191
1608030 1195
1608040 1198
1608050 1198
1608060 1200
1608070 1203
1608080 1203
1608090 1205
1608100 1207
1608110 1207
1608120 1209
1608130 1211
1608140 1211
1608150 1213
1608160 1216
1608170 1220
1608180 1220
1608190 1223
1608200 1226
1608210 1226
1608220 1228
1608230 1230
1608240 1230
1608250 1232
1608260 1233
1608270 1233
1608280 1234
1608290 1236
1608300 1236
1608310 1237
1608320 1239
1608330 1239
1608340 1240
1608350 1240
1608360 1240
1608370 1241
1608380 1241
1608390 1241
1608400 1241
1608410 1241
1608420 1242
1608430 1242
1608440 1244
1608450 1245
1608460 1240
1608470 1243
1608480 1244
1608490 1244
1608500 1245
1608510 1246
1608520 1246
1608530 1248
1608540 1250
1608550 1250
1608560 1251
1608570 1253
1608580 1253
1608590 1255
1608600 1258
1608610 1258
1608620 1261
1608630 1264
1608640 1264
1608650 1268
1608660 1272
1608670 1276
1608680 1276
1608690 1281
1608700 1286
1608710 1286
1608720 1292
1608730 1298
1608740 1298
1608750 1304
1608760 1310
1608770 1310
1608780 1315
1608790 1320
1608800 1320
1608810 1325
1608820 1330
1608830 1330
1608840 1334
1608850 1337
1608860 1337
1608870 1338
1608880 1339
1608890 1339
1608900 1339
1608910 1339
1608920 1338
1608930 1338
1608940 1336
1608950 1334
1608960 1334
1608970 1333
1608980 1333
1608990 1333
1609000 1334
1609010 1335
1609020 1335
1609030 1337
1609040 1339
1609050 1339
1609060 1341
1609070 1343
1609080 1343
1609090 1344
1609100 1345
1609110 1345
1609120 1347
1609130 1351
1609140 1351
1609150 1356
1609160 1360
1609170 1362
1609180 1362
1609190 1365
1609200 1367
1609210 1367
1609220 1365
1609230 1363
1609240 1363
1609250 1362
1609260 1360
1609270 1360
1609280 1356
1609290 1354
1609300 1354
1609310 1354
1609320 1355
1609330 1355
1609340 1354
1609350 1356
1609360 1356
1609370 1361
1609380 1366
1609390 1366
1609400 1373
1609410 1377
1609420 1380
1609430 1380
1609440 1382
1609450 1384
1609460 1384
1609470 1387
1609480 1386
1609490 1386
1609500 1391
1609510 1396
1609520 1396
1609530 1401
1609540 1406
1609550 1406
1609560 1411
1609570 1416
1609580 1416
1609590 1420
1609600 1424
1609610 1424
1609620 1428
1609630 1431
1609640 1431
1609650 1434
1609660 1437
1609670 1441
1609680 1441
1609690 1444
1609700 1448
1609710 1448
1609720 1451
1609730 1455
1609740 1455
1609750 1458
1609760 1460
1609770 1460
1609780 1463
1609790 1464
1609800 1464
1609810 1463
1609820 1460
1609830 1460
1609840 1456
1609850 1452
1609860 1452
1609870 1448
1609880 1444
1609890 1444
1609900 1441
1609910 1437
1609920 1433
1609930 1433
1609940 1429
1609950 1426
1609960 1426
1609970 1424
1609980 1420
1609990 1420
1610000 1417
1610010 1414
1610020 1414
1610030 1412
1610040 1413
1610050 1413
1610060 1412
1610070 1411
1610080 1411
1610090 1410
1610100 1409
1610110 1409
1610120 1408
1610130 1408
1610140 1408
1610150 1408
1610160 1408
1610170 1408
1610180 1408
1610190 1409
1610200 1408
1610210 1408
1610220 1406
1610230 1403
1610240 1403
1610250 1402
1610260 1401
1610270 1401
1610280 1399
1610290 1397
1610300 1397
1610310 1395
1610320 1393
1610330 1393
1610340 1388
1610350 1383
1610360 1383
1610370 1383
1610380 1385
1610390 1385
1610400 1384
1610410 1383
1610420 1383
1610430 1383
1610440 1382
1610450 1382
1610460 1382
1610470 1382
1610480 1383
1610490 1383
1610500 1379
1610510 1381
1610520 1381
1610530 1383
1610540 1386
1610550 1386
1610560 1388
1610570 1391
1610580 1391
1610590 1394
1610600 1397
1610610 1397
1610620 1401
1610630 1404
1610640 1404
1610650 1407
1610660 1410
1610670 1414
1610680 1414
1610690 1419
1610700 1424
1610710 1424
1610720 1428
1610730 1431
1610740 1431
1610750 1434
1610760 1436
1610770 1436
1610780 1438
1610790 1439
1610800 1439
1610810 1439
1610820 1439
1610830 1439
1610840 1439
1610850 1440
1610860 1440
1610870 1441
1610880 1441
1610890 1441
1610900 1442
1610910 1444
1610920 1445
1610930 1445
1610940 1447
1610950 1449
1610960 1449
1610970 1451
1610980 1454
1610990 1454
1611000 1457
1611010 1460
1611020 1460
1611030 1463
1611040 1466
1611050 1466
1611060 1468
1611070 1471
1611080 1471
1611090 1473
1611100 1475
1611110 1475
1611120 1473
1611130 1468
1611140 1468
1611150 1465
1611160 1461
1611170 1457
1611180 1457
1611190 1453
1611200 1449
1611210 1449
1611220 1445
1611230 1441
1611240 1441
1611250 1437
1611260 1433
1611270 1433
1611280 1430
1611290 1427
1611300 1427
1611310 1424
1611320 1421
1611330 1421
1611340 1418
1611350 1414
1611360 1414
1611370 1411
1611380 1408
1611390 1408
1611400 1406
1611410 1404
1611420 1404
1611430 1404
1611440 1403
1611450 1402
1611460 1402
1611470 1401
1611480 1401
1611490 1401
1611500 1403
1611510 1402
1611520 1402
1611530 1401
1611540 1401
1611550 1401
1611560 1400
1611570 1399
1611580 1399
1611590 1398
1611600 1398
1611610 1398
1611620 1399
1611630 1400
1611640 1400
1611650 1401
1611660 1401
1611670 1401
1611680 1401
1611690 1400
1611700 1399
1611710 1399
1611720 1396
1611730 1394
1611740 1394
1611750 1391
1611760 1390
1611770 1390
1611780 1389
1611790 1388
1611800 1388
1611810 1387
1611820 1387
1611830 1387
1611840 1387
1611850 1389
1611860 1389
1611870 1390
1611880 1393
1611890 1393
1611900 1395
1611910 1397
1611920 1396
1611930 1396
1611940 1392
1611950 1389
1611960 1389
1611970 1386
1611980 1384
1611990 1384
1612000 1381
1612010 1378
1612020 1378
1612030 1375
1612040 1373
1612050 1373
1612060 1371
1612070 1369
1612080 1369
1612090 1367
1612100 1366
1612110 1366
1612120 1364
1612130 1363
1612140 1363
1612150 1361
1612160 1360
1612170 1358
1612180 1358
1612190 1357
1612200 1356
1612210 1356
1612220 1355
1612230 1353
1612240 1353
1612250 1352
1612260 1352
1612270 1352
1612280 1352
1612290 1353
1612300 1353
1612310 1354
1612320 1355
1612330 1355
1612340 1356
1612350 1357
1612360 1357
1612370 1358
1612380 1359
1612390 1359
1612400 1360
1612410 1362
1612420 1363
1612430 1363
1612440 1364
1612450 1364
1612460 1364
1612470 1364
1612480 1365
1612490 1365
1612500 1362
1612510 1361
1612520 1361
1612530 1362
1612540 1362
1612550 1362
1612560 1363
1612570 1363
1612580 1363
1612590 1365
1612600 1367
1612610 1367
1612620 1368
1612630 1369
1612640 1369
1612650 1371
1612660 1375
1612670 1378
1612680 1378
1612690 1381
1612700 1384
1612710 1384
1612720 1386
1612730 1388
1612740 1388
1612750 1391
1612760 1393
1612770 1393
1612780 1393
1612790 1390
1612800 1390
1612810 1387
1612820 1383
1612830 1383
1612840 1379
1612850 1375
1612860 1375
1612870 1371
1612880 1366
1612890 1366
1612900 1362
1612910 1358
1612920 1354
1612930 1354
1612940 1349
1612950 1345
1612960 1345
1612970 1341
1612980 1337
1612990 1337
1613000 1333
1613010 1328
1613020 1328
1613030 1325
1613040 1322
1613050 1322
1613060 1319
1613070 1316
1613080 1316
1613090 1313
1613100 1309
1613110 1309
1613120 1308
1613130 1308
1613140 1308
1613150 1309
1613160 1311
1613170 1312
1613180 1312
1613190 1313
1613200 1314
1613210 1314
1613220 1316
1613230 1319
1613240 1319
1613250 1321
1613260 1322
1613270 1322
1613280 1324
1613290 1326
1613300 1326
1613310 1328
1613320 1327
1613330 1327
1613340 1326
1613350 1325
1613360 1325
1613370 1324
1613380 1323
1613390 1323
1613400 1321
1613410 1321
1613420 1321
1613430 1321
1613440 1321
1613450 1321
1613460 1321
1613470 1320
1613480 1319
1613490 1314
1613500 1313
1613510 1312
1613520 1312
1613530 1311
1613540 1309
1613550 1309
1613560 1305
1613570 1304
1613580 1304
1613590 1304
1613600 1304
1613610 1304
1613620 1304
1613630 1305
1613640 1305
1613650 1307
1613660 1310
1613670 1314
1613680 1314
1613690 1319
1613700 1325
1613710 1325
1613720 1329
1613730 1332
1613740 1332
1613750 1335
1613760 1338
1613770 1338
1613780 1340
1613790 1341
1613800 1341
1613810 1343
1613820 1344
1613830 1344
1613840 1344
1613850 1347
1613860 1347
1613870 1350
1613880 1354
1613890 1354
1613900 1356
1613910 1359
1613920 1362
1613930 1362
1613940 1366
1613950 1371
1613960 1371
1613970 1375
1613980 1377
1613990 1377
1614000 1379
1614010 1381
1614020 1381
1614030 1385
1614040 1391
1614050 1391
1614060 1394
1614070 1398
1614080 1398
1614090 1400
1614100 1403
1614110 1403
1614120 1406
1614130 1406
1614140 1406
1614150 1406
1614160 1405
1614170 1399
1614180 1399
1614190 1391
1614200 1384
1614210 1384
1614220 1378
1614230 1376
1614240 1376
1614250 1375
1614260 1375
1614270 1375
1614280 1372
1614290 1367
1614300 1367
1614310 1363
1614320 1357
1614330 1357
1614340 1352
1614350 1348
1614360 1348
1614370 1343
1614380 1338
1614390 1338
1614400 1334
1614410 1331
1614420 1328
1614430 1328
1614440 1324
1614450 1321
1614460 1321
1614470 1316
1614480 1310
1614490 1310
1614500 1305
1614510 1299
1614520 1299
1614530 1296
1614540 1294
1614550 1294
1614560 1294
1614570 1295
1614580 1295
1614590 1295
1614600 1296
1614610 1296
1614620 1297
1614630 1297
1614640 1297
1614650 1297
1614660 1299
1614670 1301
1614680 1301
1614690 1303
1614700 1305
1614710 1305
1614720 1307
1614730 1309
1614740 1309
1614750 1312
1614760 1314
1614770 1314
1614780 1318
1614790 1322
1614800 1322
1614810 1324
1614820 1325
1614830 1325
1614840 1325
1614850 1326
1614860 1326
1614870 1327
1614880 1328
1614890 1328
1614900 1330
1614910 1331
1614920 1331
1614930 1330
1614940 1329
1614950 1329
1614960 1329
1614970 1329
1614980 1328
1614990 1328
1615000 1327
1615010 1325
1615020 1325
1615030 1323
1615040 1322
1615050 1322
1615060 1317
1615070 1312
1615080 1312
1615090 1309
1615100 1305
1615110 1305
1615120 1301
1615130 1297
1615140 1297
1615150 1292
1615160 1288
1615170 1288
1615180 1283
1615190 1278
1615200 1273
1615210 1273
1615220 1268
1615230 1263
1615240 1263
1615250 1259
1615260 1254
1615270 1254
1615280 1249
1615290 1245
1615300 1245
1615310 1240
1615320 1236
1615330 1236
1615340 1231
1615350 1227
1615360 1227
1615370 1222
1615380 1217
1615390 1217
1615400 1212
1615410 1209
1615420 1209
1615430 1205
1615440 1200
1615450 1202
1615460 1202
1615470 1198
1615480 1194
1615490 1194
1615500 1191
1615510 1189
1615520 1189
1615530 1186
1615540 1183
1615550 1183
1615560 1180
1615570 1178
1615580 1178
1615590 1175
1615600 1172
1615610 1172
1615620 1170
1615630 1168
1615640 1168
1615650 1166
1615660 1164
1615670 1164
1615680 1160
1615690 1157
1615700 1154
1615710 1154
1615720 1152
1615730 1149
1615740 1149
1615750 1146
1615760 1144
1615770 1144
1615780 1141
1615790 1137
1615800 1137
1615810 1134
1615820 1130
1615830 1130
1615840 1124
1615850 1118
1615860 1118
1615870 1111
1615880 1104
1615890 1104
1615900 1095
1615910 1086
1615920 1086
1615930 1079
1615940 1071
1615950 1066
1615960 1066
1615970 1062
1615980 1059
1615990 1059
1616000 1059
1616010 1061
1616020 1061
1616030 1063
1616040 1065
1616050 1065
1616060 1067
1616070 1069
1616080 1069
1616090 1071
1616100 1074
1616110 1074
1616120 1076
1616130 1078
1616140 1078
1616150 1081
1616160 1082
1616170 1082
1616180 1083
1616190 1083
1616200 1082
1616210 1082
1616220 1081
1616230 1079
1616240 1079
1616250 1077
1616260 1075
1616270 1075
1616280 1074
1616290 1073
1616300 1073
1616310 1072
1616320 1072
1616330 1072
1616340 1069
1616350 1063
1616360 1063
1616370 1058
1616380 1051
1616390 1051
1616400 1044
1616410 1037
1616420 1036
1616430 1027
1616440 1021
1616450 1014
1616460 1014
1616470 1009
1616480 1005
1616490 1005
1616500 1002
1616510 1000
1616520 1000
1616530 1000
1616540 998
1616550 998
1616560 994
1616570 989
1616580 989
1616590 984
1616600 980
1616610 980
1616620 980
1616630 983
1616640 983
1616650 988
1616660 995
1616670 995
1616680 1000
1616690 1007
1616700 1014
1616710 1014
1616720 1021
1616730 1027
1616740 1027
1616750 1034
1616760 1040
1616770 1040
1616780 1046
1616790 1054
1616800 1054
1616810 1061
1616820 1072
1616830 1072
1616840 1078
1616850 1082
1616860 1082
1616870 1087
1616880 1091
1616890 1091
1616900 1095
1616910 1099
1616920 1099
1616930 1103
1616940 1108
1616950 1111
1616960 1111
1616970 1113
1616980 1115
1616990 1115
1617000 1116
1617010 1115
1617020 1115
1617030 1112
1617040 1109
1617050 1109
1617060 1106
1617070 1103
1617080 1103
1617090 1100
1617100 1097
1617110 1097
1617120 1094
1617130 1090
1617140 1090
1617150 1087
1617160 1083
1617170 1083
1617180 1079
1617190 1076
1617200 1071
1617210 1071
1617220 1067
1617230 1063
1617240 1063
1617250 1057
1617260 1052
1617270 1052
1617280 1045
1617290 1038
1617300 1038
1617310 1032
1617320 1026
1617330 1026
1617340 1020
1617350 1016
1617360 1016
1617370 1011
1617380 1008
1617390 1008
1617400 1004
1617410 1000
1617420 1000
1617430 996
1617440 992
1617450 983
1617460 983
1617470 976
1617480 971
1617490 971
1617500 969
1617510 969
1617520 969
1617530 964
1617540 956
1617550 956
1617560 952
1617570 950
1617580 950
1617590 947
1617600 945
1617610 945
1617620 943
1617630 939
1617640 939
1617650 935
1617660 932
1617670 932
1617680 928
1617690 924
1617700 919
1617710 919
1617720 916
1617730 913
1617740 913
1617750 909
1617760 906
1617770 906
1617780 904
1617790 902
1617800 902
1617810 900
1617820 897
1617830 897
1617840 895
1617850 892
1617860 892
1617870 889
1617880 885
1617890 885
1617900 881
1617910 878
1617920 878
1617930 876
1617940 874
1617950 873
1617960 873
1617970 871
1617980 870
1617990 870
1618000 869
1618010 869
1618020 869
1618030 868
1618040 868
1618050 868
1618060 868
1618070 869
1618080 869
1618090 868
1618100 868
1618110 868
1618120 868
1618130 868
1618140 868
1618150 868
1618160 867
1618170 867
1618180 868
1618190 868
1618200 869
1618210 869
1618220 869
1618230 870
1618240 870
1618250 870
1618260 870
1618270 870
1618280 870
1618290 871
1618300 871
1618310 871
1618320 872
1618330 872
1618340 871
1618350 871
1618360 871
1618370 871
1618380 872
1618390 872
1618400 872
1618410 872
1618420 872
1618430 873
1618440 873
1618450 874
1618460 874
1618470 874
1618480 873
1618490 873
1618500 872
1618510 871
1618520 871
1618530 871
1618540 871
1618550 871
1618560 868
1618570 865
1618580 865
1618590 864
1618600 865
1618610 865
1618620 867
1618630 867
1618640 867
1618650 868
1618660 869
1618670 869
1618680 870
1618690 874
1618700 877
1618710 877
1618720 878
1618730 879
1618740 879
1618750 880
1618760 880
1618770 880
1618780 880
1618790 881
1618800 881
1618810 882
1618820 883
1618830 883
1618840 885
1618850 886
1618860 886
1618870 886
1618880 885
1618890 885
1618900 883
1618910 882
1618920 882
1618930 880
1618940 879
1618950 878
1618960 878
1618970 877
1618980 876
1618990 876
1619000 875
1619010 875
1619020 875
1619030 874
1619040 873
1619050 873
1619060 872
1619070 870
1619080 870
1619090 868
1619100 866
1619110 866
1619120 864
1619130 863
1619140 863
1619150 862
1619160 862
1619170 862
1619180 860
1619190 857
1619200 854
1619210 854
1619220 852
1619230 851
1619240 851
1619250 849
1619260 847
1619270 847
1619280 844
1619290 843
1619300 843
1619310 842
1619320 840
1619330 840
1619340 839
1619350 839
1619360 839
1619370 838
1619380 838
1619390 838
1619400 838
1619410 837
1619420 837
1619430 837
1619440 837
1619450 837
1619460 837
1619470 835
1619480 833
1619490 833
1619500 830
1619510 828
1619520 828
1619530 826
1619540 826
1619550 826
1619560 826
1619570 826
1619580 826
1619590 826
1619600 826
1619610 826
1619620 827
1619630 827
1619640 827
1619650 827
1619660 827
1619670 827
1619680 827
1619690 827
1619700 827
1619710 827
1619720 828
1619730 828
1619740 828
1619750 829
1619760 829
1619770 829
1619780 829
1619790 829
1619800 829
1619810 829
1619820 829
1619830 829
1619840 829
1619850 830
1619860 830
1619870 832
1619880 833
1619890 833
1619900 834
1619910 835
1619920 835
1619930 835
1619940 835
1619950 835
1619960 835
1619970 836
1619980 835
1619990 835
