1600000 1530
1600010 1533
1600020 1533
1600030 1535
1600040 1537
1600050 1537
1600060 1540
1600070 1542
1600080 1545
1600090 1545
1600100 1548
1600110 1556
1600120 1556
1600130 1561
1600140 1564
1600150 1564
1600160 1567
1600170 1569
1600180 1569
1600190 1571
1600200 1574
1600210 1574
1600220 1575
1600230 1577
1600240 1577
1600250 1579
1600260 1581
1600270 1581
1600280 1583
1600290 1586
1600300 1586
1600310 1589
1600320 1589
1600330 1590
1600340 1590
1600350 1591
1600360 1593
1600370 1593
1600380 1597
1600390 1598
1600400 1598
1600410 1600
1600420 1602
1600430 1602
1600440 1603
1600450 1604
1600460 1604
1600470 1606
1600480 1608
1600490 1608
1600500 1611
1600510 1613
1600520 1613
1600530 1614
1600540 1616
1600550 1616
1600560 1618
1600570 1620
1600580 1622
1600590 1622
1600600 1624
1600610 1626
1600620 1626
1600630 1628
1600640 1630
1600650 1630
1600660 1631
1600670 1632
1600680 1632
1600690 1633
1600700 1633
1600710 1633
1600720 1633
1600730 1633
1600740 1633
1600750 1633
1600760 1633
1600770 1633
1600780 1633
1600790 1633
1600800 1633
1600810 1634
1600820 1633
1600830 1633
1600840 1632
1600850 1631
1600860 1630
1600870 1630
1600880 1630
1600890 1631
1600900 1631
1600910 1631
1600920 1630
1600930 1630
1600940 1629
1600950 1628
1600960 1628
1600970 1627
1600980 1630
1600990 1630
1601000 1632
1601010 1631
1601020 1631
1601030 1629
1601040 1628
1601050 1628
1601060 1627
1601070 1627
1601080 1627
1601090 1628
1601100 1629
1601110 1628
1601120 1628
1601130 1625
1601140 1622
1601150 1622
1601160 1621
1601170 1620
1601180 1620
1601190 1619
1601200 1617
1601210 1620
1601220 1618
1601230 1617
1601240 1617
1601250 1615
1601260 1614
1601270 1614
1601280 1612
1601290 1611
1601300 1611
1601310 1610
1601320 1612
1601330 1612
1601340 1615
1601350 1616
1601360 1618
1601370 1618
1601380 1619
1601390 1620
1601400 1620
1601410 1621
1601420 1622
1601430 1622
1601440 1622
1601450 1621
1601460 1621
1601470 1620
1601480 1618
1601490 1618
1601500 1617
1601510 1616
1601520 1616
1601530 1615
1601540 1613
1601550 1613
1601560 1611
1601570 1608
1601580 1608
1601590 1608
1601600 1608
1601610 1607
1601620 1607
1601630 1607
1601640 1607
1601650 1607
1601660 1608
1601670 1608
1601680 1608
1601690 1607
1601700 1606
1601710 1606
1601720 1604
1601730 1603
1601740 1603
1601750 1603
1601760 1602
1601770 1602
1601780 1600
1601790 1599
1601800 1599
1601810 1599
1601820 1598
1601830 1598
1601840 1599
1601850 1599
1601860 1598
1601870 1598
1601880 1597
1601890 1597
1601900 1597
1601910 1597
1601920 1597
1601930 1597
1601940 1597
1601950 1598
1601960 1598
1601970 1599
1601980 1600
1601990 1600
1602000 1602
1602010 1603
1602020 1603
1602030 1603
1602040 1603
1602050 1603
1602060 1604
1602070 1605
1602080 1605
1602090 1606
1602100 1608
1602110 1610
1602120 1610
1602130 1612
1602140 1614
1602150 1614
1602160 1615
1602170 1614
1602180 1614
1602190 1614
1602200 1614
1602210 1614
1602220 1614
1602230 1614
1602240 1614
1602250 1614
1602260 1614
1602270 1614
1602280 1614
1602290 1614
1602300 1616
1602310 1616
1602320 1615
1602330 1615
1602340 1615
1602350 1614
1602360 1613
1602370 1613
1602380 1613
1602390 1613
1602400 1613
1602410 1612
1602420 1611
1602430 1611
1602440 1610
1602450 1609
1602460 1609
1602470 1607
1602480 1606
1602490 1606
1602500 1605
1602510 1606
1602520 1606
1602530 1606
1602540 1606
1602550 1606
1602560 1606
1602570 1608
1602580 1608
1602590 1608
1602600 1607
1602610 1603
1602620 1603
1602630 1598
1602640 1595
1602650 1595
1602660 1595
1602670 1593
1602680 1593
1602690 1590
1602700 1586
1602710 1586
1602720 1585
1602730 1582
1602740 1582
1602750 1578
1602760 1577
1602770 1577
1602780 1575
1602790 1572
1602800 1572
1602810 1570
1602820 1569
1602830 1569
1602840 1569
1602850 1567
1602860 1567
1602870 1567
1602880 1567
1602890 1569
1602900 1569
1602910 1570
1602920 1570
1602930 1570
1602940 1572
1602950 1575
1602960 1575
1602970 1576
1602980 1577
1602990 1577
1603000 1577
1603010 1576
1603020 1576
1603030 1574
1603040 1572
1603050 1572
1603060 1569
1603070 1568
1603080 1568
1603090 1569
1603100 1569
1603110 1570
1603120 1570
1603130 1571
1603140 1570
1603150 1570
1603160 1569
1603170 1568
1603180 1568
1603190 1567
1603200 1567
1603210 1567
1603220 1568
1603230 1568
1603240 1568
1603250 1568
1603260 1565
1603270 1565
1603280 1561
1603290 1561
1603300 1561
1603310 1562
1603320 1562
1603330 1562
1603340 1562
1603350 1562
1603360 1562
1603370 1567
1603380 1566
1603390 1565
1603400 1565
1603410 1564
1603420 1563
1603430 1563
1603440 1563
1603450 1563
1603460 1563
1603470 1563
1603480 1562
1603490 1562
1603500 1561
1603510 1562
1603520 1562
1603530 1563
1603540 1563
1603550 1563
1603560 1563
1603570 1563
1603580 1563
1603590 1564
1603600 1566
1603610 1566
1603620 1567
1603630 1569
1603640 1571
1603650 1571
1603660 1572
1603670 1573
1603680 1573
1603690 1574
1603700 1574
1603710 1574
1603720 1574
1603730 1576
1603740 1576
1603750 1577
1603760 1577
1603770 1577
1603780 1577
1603790 1578
1603800 1578
1603810 1578
1603820 1579
1603830 1579
1603840 1579
1603850 1579
1603860 1579
1603870 1578
1603880 1578
1603890 1577
1603900 1577
1603910 1576
1603920 1575
1603930 1575
1603940 1576
1603950 1576
1603960 1576
1603970 1576
1603980 1575
1603990 1575
1604000 1573
1604010 1573
1604020 1573
1604030 1574
1604040 1575
1604050 1575
1604060 1575
1604070 1575
1604080 1575
1604090 1574
1604100 1572
1604110 1572
1604120 1572
1604130 1571
1604140 1570
1604150 1570
1604160 1570
1604170 1571
1604180 1571
1604190 1571
1604200 1569
1604210 1569
1604220 1566
1604230 1564
1604240 1564
1604250 1561
1604260 1560
1604270 1560
1604280 1558
1604290 1558
1604300 1558
1604310 1557
1604320 1555
1604330 1555
1604340 1554
1604350 1554
1604360 1554
1604370 1555
1604380 1557
1604390 1560
1604400 1560
1604410 1562
1604420 1565
1604430 1565
1604440 1569
1604450 1572
1604460 1572
1604470 1574
1604480 1577
1604490 1577
1604500 1578
1604510 1578
1604520 1578
1604530 1578
1604540 1578
1604550 1578
1604560 1576
1604570 1576
1604580 1576
1604590 1576
1604600 1576
1604610 1576
1604620 1576
1604630 1577
1604640 1578
1604650 1578
1604660 1578
1604670 1579
1604680 1579
1604690 1580
1604700 1581
1604710 1581
1604720 1582
1604730 1584
1604740 1584
1604750 1585
1604760 1585
1604770 1585
1604780 1583
1604790 1582
1604800 1582
1604810 1581
1604820 1580
1604830 1580
1604840 1580
1604850 1582
1604860 1582
1604870 1585
1604880 1587
1604890 1589
1604900 1589
1604910 1591
1604920 1592
1604930 1592
1604940 1593
1604950 1595
1604960 1595
1604970 1595
1604980 1595
1604990 1595
1605000 1596
1605010 1597
1605020 1597
1605030 1597
1605040 1594
1605050 1594
1605060 1591
1605070 1590
1605080 1590
1605090 1590
1605100 1589
1605110 1589
1605120 1589
1605130 1589
1605140 1588
1605150 1588
1605160 1586
1605170 1585
1605180 1585
1605190 1584
1605200 1583
1605210 1583
1605220 1582
1605230 1583
1605240 1583
1605250 1583
1605260 1584
1605270 1584
1605280 1585
1605290 1586
1605300 1586
1605310 1586
1605320 1585
1605330 1585
1605340 1584
1605350 1583
1605360 1583
1605370 1583
1605380 1583
1605390 1582
1605400 1582
1605410 1582
1605420 1582
1605430 1582
1605440 1580
1605450 1579
1605460 1579
1605470 1578
1605480 1577
1605490 1577
1605500 1577
1605510 1575
1605520 1575
1605530 1573
1605540 1571
1605550 1571
1605560 1569
1605570 1567
1605580 1567
1605590 1567
1605600 1567
1605610 1567
1605620 1565
1605630 1564
1605640 1562
1605650 1562
1605660 1560
1605670 1559
1605680 1559
1605690 1558
1605700 1556
1605710 1556
1605720 1555
1605730 1553
1605740 1553
1605750 1551
1605760 1549
1605770 1549
1605780 1547
1605790 1544
1605800 1544
1605810 1542
1605820 1540
1605830 1540
1605840 1537
1605850 1535
1605860 1535
1605870 1533
1605880 1529
1605890 1525
1605900 1525
1605910 1521
1605920 1515
1605930 1515
1605940 1512
1605950 1509
1605960 1509
1605970 1507
1605980 1504
1605990 1504
1606000 1501
1606010 1498
1606020 1498
1606030 1495
1606040 1492
1606050 1492
1606060 1489
1606070 1485
1606080 1485
1606090 1482
1606100 1479
1606110 1479
1606120 1476
1606130 1473
1606140 1473
1606150 1471
1606160 1469
1606170 1468
1606180 1468
1606190 1466
1606200 1463
1606210 1463
1606220 1461
1606230 1459
1606240 1459
1606250 1457
1606260 1456
1606270 1456
1606280 1454
1606290 1451
1606300 1451
1606310 1448
1606320 1443
1606330 1443
1606340 1440
1606350 1439
1606360 1439
1606370 1436
1606380 1432
1606390 1432
1606400 1427
1606410 1423
1606420 1419
1606430 1419
1606440 1415
1606450 1410
1606460 1410
1606470 1404
1606480 1398
1606490 1398
1606500 1393
1606510 1387
1606520 1387
1606530 1382
1606540 1376
1606550 1378
1606560 1372
1606570 1368
1606580 1368
1606590 1365
1606600 1363
1606610 1363
1606620 1361
1606630 1357
1606640 1357
1606650 1353
1606660 1351
1606670 1351
1606680 1351
1606690 1350
1606700 1350
1606710 1350
1606720 1352
1606730 1353
1606740 1353
1606750 1353
1606760 1354
1606770 1354
1606780 1355
1606790 1356
1606800 1356
1606810 1355
1606820 1354
1606830 1354
1606840 1353
1606850 1352
1606860 1352
1606870 1348
1606880 1341
1606890 1341
1606900 1335
1606910 1330
1606920 1324
1606930 1324
1606940 1317
1606950 1311
1606960 1311
1606970 1305
1606980 1300
1606990 1300
1607000 1296
1607010 1290
1607020 1290
1607030 1284
1607040 1279
1607050 1279
1607060 1274
1607070 1269
1607080 1269
1607090 1265
1607100 1260
1607110 1260
1607120 1256
1607130 1249
1607140 1249
1607150 1242
1607160 1237
1607170 1232
1607180 1232
1607190 1228
1607200 1224
1607210 1224
1607220 1222
1607230 1221
1607240 1221
1607250 1218
1607260 1216
1607270 1216
1607280 1215
1607290 1213
1607300 1213
1607310 1212
1607320 1208
1607330 1208
1607340 1203
1607350 1199
1607360 1199
1607370 1196
1607380 1192
1607390 1192
1607400 1188
1607410 1185
1607420 1182
1607430 1182
1607440 1179
1607450 1176
1607460 1176
1607470 1172
1607480 1168
1607490 1168
1607500 1161
1607510 1156
1607520 1156
1607530 1151
1607540 1148
1607550 1148
1607560 1146
1607570 1145
1607580 1145
1607590 1148
1607600 1145
1607610 1145
1607620 1141
1607630 1138
1607640 1138
1607650 1136
1607660 1135
1607670 1133
1607680 1133
1607690 1131
1607700 1127
1607710 1127
1607720 1125
1607730 1123
1607740 1123
1607750 1123
1607760 1121
1607770 1121
1607780 1119
1607790 1115
1607800 1115
1607810 1110
1607820 1107
1607830 1107
1607840 1102
1607850 1097
1607860 1097
1607870 1092
1607880 1088
1607890 1088
1607900 1083
1607910 1080
1607920 1078
1607930 1078
1607940 1072
1607950 1066
1607960 1066
1607970 1061
1607980 1056
1607990 1056
1608000 1052
1608010 1047
1608020 1047
1608030 1042
1608040 1038
1608050 1038
1608060 1031
1608070 1023
1608080 1023
1608090 1018
1608100 1016
1608110 1016
1608120 1014
1608130 1015
1608140 1015
1608150 1019
1608160 1028
1608170 1036
1608180 1036
1608190 1035
1608200 1035
1608210 1035
1608220 1035
1608230 1035
1608240 1035
1608250 1036
1608260 1035
1608270 1035
1608280 1035
1608290 1035
1608300 1035
1608310 1036
1608320 1036
1608330 1036
1608340 1036
1608350 1037
1608360 1037
1608370 1037
1608380 1037
1608390 1037
1608400 1037
1608410 1037
1608420 1037
1608430 1037
1608440 1037
1608450 1037
1608460 1037
1608470 1037
1608480 1037
1608490 1037
1608500 1037
1608510 1039
1608520 1039
1608530 1041
1608540 1043
1608550 1043
1608560 1045
1608570 1047
1608580 1047
1608590 1050
1608600 1052
1608610 1052
1608620 1048
1608630 1052
1608640 1052
1608650 1057
1608660 1060
1608670 1065
1608680 1065
1608690 1070
1608700 1075
1608710 1075
1608720 1080
1608730 1084
1608740 1084
1608750 1088
1608760 1092
1608770 1092
1608780 1096
1608790 1100
1608800 1100
1608810 1106
1608820 1110
1608830 1110
1608840 1115
1608850 1118
1608860 1118
1608870 1121
1608880 1126
1608890 1126
1608900 1131
1608910 1136
1608920 1136
1608930 1140
1608940 1144
1608950 1147
1608960 1147
1608970 1150
1608980 1154
1608990 1154
1609000 1158
1609010 1161
1609020 1161
1609030 1165
1609040 1168
1609050 1168
1609060 1171
1609070 1175
1609080 1175
1609090 1178
1609100 1181
1609110 1181
1609120 1183
1609130 1185
1609140 1185
1609150 1187
1609160 1190
1609170 1190
1609180 1191
1609190 1193
1609200 1194
1609210 1194
1609220 1196
1609230 1199
1609240 1199
1609250 1202
1609260 1205
1609270 1205
1609280 1207
1609290 1210
1609300 1210
1609310 1214
1609320 1217
1609330 1217
1609340 1221
1609350 1225
1609360 1225
1609370 1230
1609380 1233
1609390 1233
1609400 1236
1609410 1240
1609420 1240
1609430 1245
1609440 1250
1609450 1255
1609460 1255
1609470 1260
1609480 1264
1609490 1264
1609500 1267
1609510 1269
1609520 1269
1609530 1272
1609540 1275
1609550 1275
1609560 1279
1609570 1282
1609580 1282
1609590 1286
1609600 1291
1609610 1291
1609620 1295
1609630 1300
1609640 1303
1609650 1307
1609660 1310
1609670 1310
1609680 1313
1609690 1313
1609700 1310
1609710 1310
1609720 1306
1609730 1298
1609740 1298
1609750 1290
1609760 1284
1609770 1284
1609780 1280
1609790 1276
1609800 1276
1609810 1273
1609820 1271
1609830 1271
1609840 1266
1609850 1260
1609860 1260
1609870 1254
1609880 1249
1609890 1249
1609900 1243
1609910 1238
1609920 1238
1609930 1232
1609940 1229
1609950 1228
1609960 1228
1609970 1224
1609980 1219
1609990 1219
1610000 1215
1610010 1211
1610020 1211
1610030 1208
1610040 1205
1610050 1205
1610060 1203
1610070 1200
1610080 1200
1610090 1196
1610100 1191
1610110 1191
1610120 1186
1610130 1181
1610140 1181
1610150 1176
1610160 1174
1610170 1174
1610180 1174
1610190 1174
1610200 1175
1610210 1175
1610220 1175
1610230 1174
1610240 1174
1610250 1172
1610260 1171
1610270 1171
1610280 1168
1610290 1162
1610300 1162
1610310 1157
1610320 1152
1610330 1152
1610340 1146
1610350 1140
1610360 1140
1610370 1136
1610380 1131
1610390 1131
1610400 1124
1610410 1121
1610420 1121
1610430 1129
1610440 1135
1610450 1139
1610460 1139
1610470 1143
1610480 1147
1610490 1147
1610500 1152
1610510 1157
1610520 1157
1610530 1162
1610540 1168
1610550 1168
1610560 1175
1610570 1181
1610580 1181
1610590 1187
1610600 1192
1610610 1192
1610620 1197
1610630 1202
1610640 1202
1610650 1203
1610660 1206
1610670 1206
1610680 1210
1610690 1215
1610700 1220
1610710 1220
1610720 1223
1610730 1224
1610740 1224
1610750 1220
1610760 1214
1610770 1214
1610780 1209
1610790 1205
1610800 1205
1610810 1199
1610820 1193
1610830 1193
1610840 1187
1610850 1182
1610860 1182
1610870 1177
1610880 1172
1610890 1172
1610900 1168
1610910 1162
1610920 1162
1610930 1157
1610940 1152
1610950 1147
1610960 1147
1610970 1140
1610980 1136
1610990 1136
1611000 1140
1611010 1146
1611020 1146
1611030 1151
1611040 1157
1611050 1157
1611060 1161
1611070 1164
1611080 1164
1611090 1169
1611100 1172
1611110 1172
1611120 1175
1611130 1179
1611140 1179
1611150 1183
1611160 1185
1611170 1185
1611180 1189
1611190 1192
1611200 1195
1611210 1195
1611220 1200
1611230 1204
1611240 1204
1611250 1208
1611260 1212
1611270 1212
1611280 1217
1611290 1222
1611300 1222
1611310 1226
1611320 1232
1611330 1232
1611340 1238
1611350 1244
1611360 1244
1611370 1249
1611380 1253
1611390 1253
1611400 1258
1611410 1263
1611420 1263
1611430 1267
1611440 1272
1611450 1276
1611460 1276
1611470 1280
1611480 1284
1611490 1284
1611500 1289
1611510 1294
1611520 1294
1611530 1299
1611540 1305
1611550 1305
1611560 1309
1611570 1311
1611580 1311
1611590 1314
1611600 1315
1611610 1315
1611620 1315
1611630 1314
1611640 1314
1611650 1312
1611660 1306
1611670 1306
1611680 1304
1611690 1302
1611700 1298
1611710 1298
1611720 1296
1611730 1298
1611740 1298
1611750 1301
1611760 1303
1611770 1303
1611780 1304
1611790 1303
1611800 1303
1611810 1302
1611820 1301
1611830 1301
1611840 1300
1611850 1298
1611860 1298
1611870 1296
1611880 1293
1611890 1293
1611900 1290
1611910 1287
1611920 1287
1611930 1284
1611940 1280
1611950 1280
1611960 1276
1611970 1271
1611980 1266
1611990 1266
1612000 1261
1612010 1256
1612020 1256
1612030 1254
1612040 1251
1612050 1251
1612060 1247
1612070 1244
1612080 1244
1612090 1238
1612100 1235
1612110 1235
1612120 1233
1612130 1229
1612140 1229
1612150 1224
1612160 1221
1612170 1221
1612180 1218
1612190 1215
1612200 1215
1612210 1211
1612220 1208
1612230 1205
1612240 1205
1612250 1204
1612260 1199
1612270 1199
1612280 1194
1612290 1190
1612300 1190
1612310 1185
1612320 1179
1612330 1179
1612340 1174
1612350 1166
1612360 1166
1612370 1158
1612380 1151
1612390 1151
1612400 1145
1612410 1138
1612420 1138
1612430 1132
1612440 1121
1612450 1121
1612460 1114
1612470 1107
1612480 1101
1612490 1101
1612500 1095
1612510 1090
1612520 1090
1612530 1084
1612540 1081
1612550 1081
1612560 1087
1612570 1091
1612580 1091
1612590 1095
1612600 1099
1612610 1099
1612620 1104
1612630 1110
1612640 1110
1612650 1116
1612660 1117
1612670 1117
1612680 1123
1612690 1128
1612700 1128
1612710 1133
1612720 1137
1612730 1141
1612740 1141
1612750 1144
1612760 1147
1612770 1147
1612780 1152
1612790 1156
1612800 1156
1612810 1160
1612820 1165
1612830 1165
1612840 1169
1612850 1174
1612860 1174
1612870 1179
1612880 1185
1612890 1185
1612900 1190
1612910 1195
1612920 1195
1612930 1199
1612940 1202
1612950 1202
1612960 1205
1612970 1207
1612980 1209
1612990 1209
1613000 1211
1613010 1215
1613020 1215
1613030 1218
1613040 1212
1613050 1212
1613060 1205
1613070 1199
1613080 1199
1613090 1192
1613100 1185
1613110 1185
1613120 1178
1613130 1171
1613140 1171
1613150 1163
1613160 1157
1613170 1157
1613180 1149
1613190 1140
1613200 1140
1613210 1132
1613220 1125
1613230 1118
1613240 1118
1613250 1111
1613260 1104
1613270 1104
1613280 1098
1613290 1093
1613300 1093
1613310 1089
1613320 1083
1613330 1083
1613340 1079
1613350 1081
1613360 1081
1613370 1084
1613380 1087
1613390 1087
1613400 1089
1613410 1092
1613420 1092
1613430 1095
1613440 1099
1613450 1099
1613460 1100
1613470 1103
1613480 1106
1613490 1106
1613500 1109
1613510 1112
1613520 1112
1613530 1115
1613540 1115
1613550 1115
1613560 1114
1613570 1114
1613580 1114
1613590 1114
1613600 1114
1613610 1114
1613620 1114
1613630 1115
1613640 1111
1613650 1112
1613660 1112
1613670 1112
1613680 1113
1613690 1114
1613700 1114
1613710 1115
1613720 1119
1613730 1123
1613740 1123
1613750 1129
1613760 1134
1613770 1134
1613780 1138
1613790 1142
1613800 1142
1613810 1146
1613820 1152
1613830 1152
1613840 1158
1613850 1163
1613860 1163
1613870 1170
1613880 1175
1613890 1175
1613900 1178
1613910 1181
1613920 1181
1613930 1186
1613940 1193
1613950 1193
1613960 1200
1613970 1207
1613980 1213
1613990 1213
1614000 1218
1614010 1225
1614020 1225
1614030 1231
1614040 1237
1614050 1237
1614060 1243
1614070 1249
1614080 1249
1614090 1255
1614100 1262
1614110 1262
1614120 1269
1614130 1276
1614140 1276
1614150 1283
1614160 1290
1614170 1290
1614180 1296
1614190 1303
1614200 1303
1614210 1308
1614220 1313
1614230 1314
1614240 1314
1614250 1311
1614260 1307
1614270 1307
1614280 1301
1614290 1296
1614300 1296
1614310 1292
1614320 1288
1614330 1288
1614340 1284
1614350 1279
1614360 1279
1614370 1274
1614380 1270
1614390 1270
1614400 1264
1614410 1258
1614420 1258
1614430 1253
1614440 1248
1614450 1248
1614460 1243
1614470 1239
1614480 1238
1614490 1238
1614500 1236
1614510 1233
1614520 1233
1614530 1231
1614540 1230
1614550 1230
1614560 1229
1614570 1227
1614580 1227
1614590 1226
1614600 1225
1614610 1225
1614620 1224
1614630 1218
1614640 1218
1614650 1217
1614660 1215
1614670 1215
1614680 1214
1614690 1213
1614700 1213
1614710 1212
1614720 1211
1614730 1211
1614740 1210
1614750 1210
1614760 1209
1614770 1209
1614780 1207
1614790 1207
1614800 1207
1614810 1207
1614820 1207
1614830 1207
1614840 1206
1614850 1205
1614860 1205
1614870 1204
1614880 1202
1614890 1202
1614900 1200
1614910 1197
1614920 1197
1614930 1193
1614940 1189
1614950 1189
1614960 1185
1614970 1180
1614980 1180
1614990 1173
1615000 1167
1615010 1162
1615020 1162
1615030 1156
1615040 1151
1615050 1151
1615060 1146
1615070 1140
1615080 1140
1615090 1133
1615100 1126
1615110 1126
1615120 1119
1615130 1111
1615140 1111
1615150 1105
1615160 1102
1615170 1102
1615180 1097
1615190 1091
1615200 1091
1615210 1084
1615220 1078
1615230 1078
1615240 1072
1615250 1064
1615260 1056
1615270 1056
1615280 1047
1615290 1040
1615300 1040
1615310 1033
1615320 1026
1615330 1026
1615340 1020
1615350 1016
1615360 1016
1615370 1010
1615380 1001
1615390 1001
1615400 1001
1615410 1010
1615420 1010
1615430 1015
1615440 1017
1615450 1017
1615460 1016
1615470 1017
1615480 1017
1615490 1018
1615500 1020
1615510 1023
1615520 1023
1615530 1024
1615540 1026
1615550 1026
1615560 1025
1615570 1023
1615580 1023
1615590 1021
1615600 1012
1615610 1012
1615620 1011
1615630 1011
1615640 1011
1615650 1012
1615660 1015
1615670 1015
1615680 1019
1615690 1022
1615700 1022
1615710 1026
1615720 1030
1615730 1030
1615740 1034
1615750 1038
1615760 1043
1615770 1043
1615780 1045
1615790 1048
1615800 1048
1615810 1049
1615820 1051
1615830 1051
1615840 1053
1615850 1055
1615860 1055
1615870 1057
1615880 1062
1615890 1062
1615900 1067
1615910 1074
1615920 1074
1615930 1081
1615940 1079
1615950 1079
1615960 1072
1615970 1065
1615980 1065
1615990 1059
1616000 1054
1616010 1048
1616020 1048
1616030 1042
1616040 1036
1616050 1036
1616060 1029
1616070 1023
1616080 1023
1616090 1017
1616100 1011
1616110 1011
1616120 1005
1616130 1001
1616140 1001
1616150 996
1616160 992
1616170 992
1616180 987
1616190 983
1616200 983
1616210 978
1616220 973
1616230 973
1616240 967
1616250 963
1616260 958
1616270 958
1616280 954
1616290 951
1616300 951
1616310 949
1616320 946
1616330 946
1616340 944
1616350 943
1616360 943
1616370 941
1616380 940
1616390 940
1616400 940
1616410 939
1616420 939
1616430 939
1616440 938
1616450 938
1616460 937
1616470 938
1616480 938
1616490 938
1616500 939
1616510 939
1616520 939
1616530 939
1616540 940
1616550 940
1616560 941
1616570 934
1616580 934
1616590 933
1616600 932
1616610 932
1616620 930
1616630 929
1616640 929
1616650 927
1616660 925
1616670 925
1616680 924
1616690 920
1616700 920
1616710 915
1616720 908
1616730 908
1616740 903
1616750 898
1616760 895
1616770 895
1616780 891
1616790 888
1616800 888
1616810 885
1616820 883
1616830 883
1616840 881
1616850 880
1616860 880
1616870 879
1616880 878
1616890 878
1616900 878
1616910 878
1616920 878
1616930 878
1616940 878
1616950 878
1616960 877
1616970 877
1616980 877
1616990 877
1617000 876
1617010 876
1617020 876
1617030 876
1617040 875
1617050 875
1617060 875
1617070 875
1617080 875
1617090 874
1617100 874
1617110 874
1617120 873
1617130 873
1617140 873
1617150 873
1617160 872
1617170 872
1617180 872
1617190 871
1617200 871
1617210 871
1617220 871
1617230 871
1617240 870
1617250 870
1617260 869
1617270 869
1617280 868
1617290 868
1617300 868
1617310 867
1617320 867
1617330 867
1617340 866
1617350 866
1617360 866
1617370 865
1617380 865
1617390 865
1617400 864
1617410 864
1617420 864
1617430 863
1617440 863
1617450 863
1617460 863
1617470 862
1617480 862
1617490 861
1617500 860
1617510 860
1617520 859
1617530 859
1617540 859
1617550 859
1617560 859
1617570 859
1617580 859
1617590 859
1617600 858
1617610 858
1617620 858
1617630 857
1617640 857
1617650 857
1617660 857
1617670 857
1617680 856
1617690 856
1617700 856
1617710 856
1617720 856
1617730 856
1617740 857
1617750 857
1617760 857
1617770 857
1617780 857
1617790 856
1617800 856
1617810 856
1617820 856
1617830 856
1617840 855
1617850 855
1617860 855
1617870 855
1617880 855
1617890 855
1617900 854
1617910 854
1617920 854
1617930 854
1617940 854
1617950 854
1617960 854
1617970 854
1617980 854
1617990 854
1618000 854
1618010 854
1618020 854
1618030 853
1618040 853
1618050 853
1618060 853
1618070 853
1618080 853
1618090 853
1618100 853
1618110 853
1618120 852
1618130 852
1618140 852
1618150 853
1618160 853
1618170 853
1618180 853
1618190 853
1618200 853
1618210 853
1618220 853
1618230 853
1618240 853
1618250 853
1618260 853
1618270 853
1618280 853
1618290 852
1618300 852
1618310 852
1618320 852
1618330 852
1618340 852
1618350 852
1618360 852
1618370 852
1618380 852
1618390 852
1618400 851
1618410 851
1618420 851
1618430 851
1618440 850
1618450 850
1618460 850
1618470 850
1618480 850
1618490 850
1618500 849
1618510 849
1618520 849
1618530 849
1618540 849
1618550 849
1618560 849
1618570 849
1618580 849
1618590 849
1618600 849
1618610 849
1618620 849
1618630 848
1618640 848
1618650 846
1618660 844
1618670 844
1618680 841
1618690 840
1618700 840
1618710 841
1618720 841
1618730 841
1618740 841
1618750 841
1618760 841
1618770 841
1618780 841
1618790 842
1618800 842
1618810 844
1618820 845
1618830 845
1618840 846
1618850 844
1618860 844
1618870 843
1618880 846
1618890 846
1618900 851
1618910 856
1618920 856
1618930 860
1618940 862
1618950 862
1618960 865
1618970 871
1618980 871
1618990 878
1619000 886
1619010 886
1619020 893
1619030 902
1619040 912
1619050 912
1619060 921
1619070 930
1619080 930
1619090 936
1619100 940
1619110 940
1619120 942
1619130 942
1619140 942
1619150 941
1619160 937
1619170 937
1619180 931
1619190 924
1619200 924
1619210 917
1619220 910
1619230 910
1619240 903
1619250 896
1619260 896
1619270 889
1619280 881
1619290 874
1619300 874
1619310 868
1619320 864
1619330 864
1619340 863
1619350 862
1619360 862
1619370 862
1619380 862
1619390 862
1619400 863
1619410 864
1619420 864
1619430 865
1619440 867
1619450 867
1619460 869
1619470 871
1619480 871
1619490 875
1619500 880
1619510 880
1619520 886
1619530 892
1619540 899
1619550 899
1619560 905
1619570 912
1619580 912
1619590 918
1619600 924
1619610 924
1619620 929
1619630 935
1619640 935
1619650 941
1619660 948
1619670 948
1619680 953
1619690 955
1619700 955
1619710 958
1619720 959
1619730 959
1619740 961
1619750 963
1619760 963
1619770 966
1619780 970
1619790 973
1619800 973
1619810 979
1619820 985
1619830 985
1619840 992
1619850 999
1619860 999
1619870 1004
1619880 1009
1619890 1009
1619900 1012
1619910 1011
1619920 1011
1619930 1008
1619940 1006
1619950 1006
1619960 1006
1619970 1006
1619980 1006
1619990 1006
