1600000 1621
1600010 1625
1600020 1627
1600030 1627
1600040 1629
1600050 1631
1600060 1631
1600070 1634
1600080 1636
1600090 1637
1600100 1637
1600110 1639
1600120 1643
1600130 1643
1600140 1647
1600150 1650
1600160 1650
1600170 1653
1600180 1655
1600190 1655
1600200 1658
1600210 1661
1600220 1661
1600230 1664
1600240 1665
1600250 1665
1600260 1667
1600270 1669
1600280 1669
1600290 1673
1600300 1675
1600310 1675
1600320 1677
1600330 1678
1600340 1680
1600350 1680
1600360 1682
1600370 1684
1600380 1684
1600390 1686
1600400 1688
1600410 1688
1600420 1691
1600430 1694
1600440 1694
1600450 1697
1600460 1699
1600470 1699
1600480 1701
1600490 1703
1600500 1703
1600510 1705
1600520 1707
1600530 1707
1600540 1711
1600550 1713
1600560 1713
1600570 1716
1600580 1719
1600590 1719
1600600 1723
1600610 1723
1600620 1726
1600630 1726
1600640 1728
1600650 1730
1600660 1730
1600670 1732
1600680 1734
1600690 1734
1600700 1735
1600710 1736
1600720 1736
1600730 1738
1600740 1740
1600750 1740
1600760 1742
1600770 1744
1600780 1744
1600790 1747
1600800 1749
1600810 1749
1600820 1749
1600830 1749
1600840 1749
1600850 1751
1600860 1752
1600870 1753
1600880 1753
1600890 1754
1600900 1753
1600910 1753
1600920 1753
1600930 1753
1600940 1753
1600950 1753
1600960 1753
1600970 1753
1600980 1753
1600990 1753
1601000 1753
1601010 1752
1601020 1751
1601030 1751
1601040 1749
1601050 1748
1601060 1748
1601070 1746
1601080 1744
1601090 1744
1601100 1742
1601110 1741
1601120 1739
1601130 1739
1601140 1739
1601150 1739
1601160 1739
1601170 1737
1601180 1736
1601190 1736
1601200 1736
1601210 1736
1601220 1736
1601230 1734
1601240 1734
1601250 1734
1601260 1734
1601270 1734
1601280 1734
1601290 1734
1601300 1734
1601310 1734
1601320 1735
1601330 1734
1601340 1734
1601350 1734
1601360 1734
1601370 1735
1601380 1735
1601390 1736
1601400 1740
1601410 1740
1601420 1740
1601430 1740
1601440 1740
1601450 1738
1601460 1737
1601470 1737
1601480 1736
1601490 1734
1601500 1734
1601510 1732
1601520 1731
1601530 1731
1601540 1729
1601550 1729
1601560 1729
1601570 1730
1601580 1728
1601590 1728
1601600 1726
1601610 1724
1601620 1721
1601630 1721
1601640 1719
1601650 1717
1601660 1717
1601670 1715
1601680 1714
1601690 1714
1601700 1711
1601710 1708
1601720 1708
1601730 1705
1601740 1701
1601750 1701
1601760 1697
1601770 1693
1601780 1693
1601790 1687
1601800 1685
1601810 1685
1601820 1682
1601830 1681
1601840 1681
1601850 1679
1601860 1677
1601870 1676
1601880 1676
1601890 1675
1601900 1674
1601910 1674
1601920 1673
1601930 1671
1601940 1671
1601950 1669
1601960 1669
1601970 1669
1601980 1668
1601990 1665
1602000 1665
1602010 1663
1602020 1661
1602030 1661
1602040 1658
1602050 1657
1602060 1657
1602070 1655
1602080 1653
1602090 1653
1602100 1652
1602110 1650
1602120 1647
1602130 1647
1602140 1646
1602150 1645
1602160 1645
1602170 1642
1602180 1641
1602190 1641
1602200 1639
1602210 1636
1602220 1636
1602230 1634
1602240 1631
1602250 1631
1602260 1629
1602270 1627
1602280 1627
1602290 1624
1602300 1620
1602310 1620
1602320 1617
1602330 1615
1602340 1615
1602350 1613
1602360 1611
1602370 1608
1602380 1608
1602390 1605
1602400 1603
1602410 1603
1602420 1601
1602430 1598
1602440 1598
1602450 1596
1602460 1594
1602470 1594
1602480 1588
1602490 1585
1602500 1585
1602510 1583
1602520 1581
1602530 1581
1602540 1580
1602550 1579
1602560 1579
1602570 1577
1602580 1576
1602590 1576
1602600 1575
1602610 1575
1602620 1575
1602630 1574
1602640 1575
1602650 1576
1602660 1576
1602670 1577
1602680 1577
1602690 1577
1602700 1578
1602710 1578
1602720 1578
1602730 1577
1602740 1577
1602750 1577
1602760 1577
1602770 1576
1602780 1576
1602790 1576
1602800 1577
1602810 1577
1602820 1577
1602830 1579
1602840 1579
1602850 1580
1602860 1580
1602870 1580
1602880 1580
1602890 1580
1602900 1578
1602910 1578
1602920 1576
1602930 1574
1602940 1574
1602950 1572
1602960 1570
1602970 1570
1602980 1567
1602990 1565
1603000 1565
1603010 1565
1603020 1566
1603030 1566
1603040 1566
1603050 1568
1603060 1568
1603070 1569
1603080 1571
1603090 1571
1603100 1575
1603110 1579
1603120 1579
1603130 1582
1603140 1584
1603150 1587
1603160 1587
1603170 1590
1603180 1593
1603190 1593
1603200 1597
1603210 1601
1603220 1601
1603230 1605
1603240 1608
1603250 1608
1603260 1609
1603270 1610
1603280 1610
1603290 1610
1603300 1612
1603310 1612
1603320 1615
1603330 1618
1603340 1618
1603350 1621
1603360 1624
1603370 1624
1603380 1626
1603390 1629
1603400 1631
1603410 1631
1603420 1632
1603430 1633
1603440 1633
1603450 1634
1603460 1635
1603470 1635
1603480 1635
1603490 1637
1603500 1637
1603510 1638
1603520 1638
1603530 1638
1603540 1638
1603550 1638
1603560 1635
1603570 1633
1603580 1629
1603590 1629
1603600 1626
1603610 1623
1603620 1623
1603630 1619
1603640 1616
1603650 1613
1603660 1613
1603670 1608
1603680 1606
1603690 1606
1603700 1603
1603710 1599
1603720 1599
1603730 1594
1603740 1590
1603750 1590
1603760 1586
1603770 1582
1603780 1582
1603790 1577
1603800 1574
1603810 1574
1603820 1568
1603830 1564
1603840 1564
1603850 1559
1603860 1555
1603870 1555
1603880 1551
1603890 1546
1603900 1542
1603910 1542
1603920 1538
1603930 1533
1603940 1533
1603950 1530
1603960 1528
1603970 1528
1603980 1526
1603990 1523
1604000 1523
1604010 1519
1604020 1516
1604030 1516
1604040 1514
1604050 1511
1604060 1511
1604070 1509
1604080 1506
1604090 1506
1604100 1503
1604110 1500
1604120 1500
1604130 1498
1604140 1494
1604150 1490
1604160 1490
1604170 1486
1604180 1483
1604190 1483
1604200 1481
1604210 1480
1604220 1480
1604230 1477
1604240 1473
1604250 1473
1604260 1471
1604270 1469
1604280 1469
1604290 1466
1604300 1462
1604310 1462
1604320 1462
1604330 1462
1604340 1462
1604350 1459
1604360 1458
1604370 1458
1604380 1457
1604390 1459
1604400 1460
1604410 1460
1604420 1460
1604430 1462
1604440 1462
1604450 1464
1604460 1465
1604470 1465
1604480 1466
1604490 1468
1604500 1468
1604510 1469
1604520 1469
1604530 1469
1604540 1470
1604550 1471
1604560 1471
1604570 1471
1604580 1472
1604590 1472
1604600 1472
1604610 1471
1604620 1467
1604630 1464
1604640 1459
1604650 1459
1604660 1453
1604670 1447
1604680 1439
1604690 1439
1604700 1436
1604710 1436
1604720 1436
1604730 1434
1604740 1434
1604750 1434
1604760 1433
1604770 1432
1604780 1432
1604790 1431
1604800 1429
1604810 1429
1604820 1425
1604830 1419
1604840 1419
1604850 1416
1604860 1411
1604870 1411
1604880 1407
1604890 1405
1604900 1405
1604910 1402
1604920 1401
1604930 1401
1604940 1401
1604950 1401
1604960 1400
1604970 1400
1604980 1399
1604990 1399
1605000 1399
1605010 1398
1605020 1398
1605030 1398
1605040 1400
1605050 1402
1605060 1402
1605070 1403
1605080 1405
1605090 1405
1605100 1408
1605110 1410
1605120 1410
1605130 1414
1605140 1418
1605150 1418
1605160 1421
1605170 1426
1605180 1431
1605190 1431
1605200 1437
1605210 1442
1605220 1442
1605230 1446
1605240 1451
1605250 1451
1605260 1457
1605270 1459
1605280 1459
1605290 1458
1605300 1454
1605310 1454
1605320 1447
1605330 1440
1605340 1440
1605350 1434
1605360 1429
1605370 1429
1605380 1424
1605390 1419
1605400 1419
1605410 1416
1605420 1414
1605430 1410
1605440 1410
1605450 1406
1605460 1403
1605470 1403
1605480 1400
1605490 1395
1605500 1395
1605510 1396
1605520 1402
1605530 1402
1605540 1404
1605550 1405
1605560 1405
1605570 1407
1605580 1408
1605590 1408
1605600 1411
1605610 1414
1605620 1414
1605630 1417
1605640 1421
1605650 1421
1605660 1425
1605670 1429
1605680 1427
1605690 1427
1605700 1431
1605710 1427
1605720 1427
1605730 1422
1605740 1415
1605750 1415
1605760 1408
1605770 1403
1605780 1403
1605790 1399
1605800 1395
1605810 1395
1605820 1392
1605830 1387
1605840 1387
1605850 1382
1605860 1377
1605870 1377
1605880 1370
1605890 1364
1605900 1364
1605910 1366
1605920 1366
1605930 1365
1605940 1365
1605950 1363
1605960 1360
1605970 1360
1605980 1361
1605990 1365
1606000 1365
1606010 1369
1606020 1372
1606030 1372
1606040 1375
1606050 1377
1606060 1377
1606070 1381
1606080 1385
1606090 1385
1606100 1389
1606110 1393
1606120 1393
1606130 1396
1606140 1397
1606150 1397
1606160 1396
1606170 1395
1606180 1392
1606190 1392
1606200 1389
1606210 1387
1606220 1387
1606230 1382
1606240 1377
1606250 1377
1606260 1372
1606270 1366
1606280 1366
1606290 1360
1606300 1354
1606310 1354
1606320 1348
1606330 1343
1606340 1343
1606350 1338
1606360 1333
1606370 1333
1606380 1329
1606390 1325
1606400 1325
1606410 1319
1606420 1315
1606430 1315
1606440 1311
1606450 1308
1606460 1303
1606470 1303
1606480 1299
1606490 1296
1606500 1296
1606510 1293
1606520 1296
1606530 1296
1606540 1298
1606550 1299
1606560 1299
1606570 1300
1606580 1301
1606590 1301
1606600 1302
1606610 1303
1606620 1303
1606630 1304
1606640 1306
1606650 1306
1606660 1307
1606670 1309
1606680 1309
1606690 1310
1606700 1313
1606710 1314
1606720 1314
1606730 1311
1606740 1313
1606750 1313
1606760 1314
1606770 1316
1606780 1316
1606790 1318
1606800 1319
1606810 1319
1606820 1320
1606830 1321
1606840 1321
1606850 1321
1606860 1320
1606870 1320
1606880 1317
1606890 1314
1606900 1314
1606910 1310
1606920 1305
1606930 1305
1606940 1301
1606950 1296
1606960 1291
1606970 1291
1606980 1286
1606990 1279
1607000 1279
1607010 1276
1607020 1275
1607030 1275
1607040 1269
1607050 1264
1607060 1264
1607070 1259
1607080 1254
1607090 1254
1607100 1248
1607110 1242
1607120 1242
1607130 1237
1607140 1232
1607150 1232
1607160 1227
1607170 1221
1607180 1221
1607190 1217
1607200 1213
1607210 1209
1607220 1209
1607230 1206
1607240 1203
1607250 1203
1607260 1201
1607270 1198
1607280 1198
1607290 1197
1607300 1195
1607310 1195
1607320 1198
1607330 1201
1607340 1201
1607350 1203
1607360 1207
1607370 1207
1607380 1211
1607390 1216
1607400 1216
1607410 1218
1607420 1220
1607430 1220
1607440 1222
1607450 1222
1607460 1225
1607470 1225
1607480 1229
1607490 1231
1607500 1231
1607510 1234
1607520 1237
1607530 1237
1607540 1241
1607550 1245
1607560 1245
1607570 1249
1607580 1253
1607590 1253
1607600 1256
1607610 1259
1607620 1259
1607630 1263
1607640 1268
1607650 1268
1607660 1271
1607670 1270
1607680 1270
1607690 1269
1607700 1269
1607710 1267
1607720 1267
1607730 1264
1607740 1262
1607750 1262
1607760 1254
1607770 1252
1607780 1252
1607790 1250
1607800 1249
1607810 1249
1607820 1247
1607830 1245
1607840 1245
1607850 1242
1607860 1239
1607870 1239
1607880 1235
1607890 1231
1607900 1231
1607910 1227
1607920 1222
1607930 1222
1607940 1218
1607950 1212
1607960 1209
1607970 1209
1607980 1202
1607990 1197
1608000 1197
1608010 1192
1608020 1186
1608030 1186
1608040 1181
1608050 1175
1608060 1175
1608070 1170
1608080 1164
1608090 1164
1608100 1157
1608110 1150
1608120 1150
1608130 1143
1608140 1138
1608150 1138
1608160 1133
1608170 1128
1608180 1128
1608190 1123
1608200 1117
1608210 1111
1608220 1111
1608230 1106
1608240 1100
1608250 1100
1608260 1095
1608270 1089
1608280 1089
1608290 1082
1608300 1076
1608310 1076
1608320 1070
1608330 1066
1608340 1066
1608350 1063
1608360 1060
1608370 1060
1608380 1056
1608390 1051
1608400 1051
1608410 1047
1608420 1042
1608430 1042
1608440 1039
1608450 1033
1608460 1033
1608470 1029
1608480 1026
1608490 1022
1608500 1022
1608510 1018
1608520 1013
1608530 1013
1608540 1008
1608550 1003
1608560 1003
1608570 1000
1608580 998
1608590 998
1608600 997
1608610 996
1608620 996
1608630 994
1608640 994
1608650 994
1608660 996
1608670 1000
1608680 1000
1608690 1002
1608700 1003
1608710 1003
1608720 1004
1608730 1006
1608740 1009
1608750 1009
1608760 1010
1608770 1013
1608780 1013
1608790 1017
1608800 1021
1608810 1021
1608820 1024
1608830 1028
1608840 1028
1608850 1032
1608860 1034
1608870 1034
1608880 1039
1608890 1045
1608900 1045
1608910 1052
1608920 1057
1608930 1057
1608940 1064
1608950 1071
1608960 1071
1608970 1077
1608980 1083
1608990 1090
1609000 1090
1609010 1098
1609020 1106
1609030 1106
1609040 1113
1609050 1120
1609060 1120
1609070 1126
1609080 1132
1609090 1132
1609100 1137
1609110 1143
1609120 1143
1609130 1147
1609140 1151
1609150 1151
1609160 1152
1609170 1151
1609180 1151
1609190 1149
1609200 1148
1609210 1148
1609220 1145
1609230 1143
1609240 1141
1609250 1141
1609260 1140
1609270 1139
1609280 1139
1609290 1137
1609300 1135
1609310 1135
1609320 1132
1609330 1130
1609340 1130
1609350 1130
1609360 1129
1609370 1129
1609380 1128
1609390 1127
1609400 1127
1609410 1133
1609420 1140
1609430 1140
1609440 1146
1609450 1151
1609460 1151
1609470 1157
1609480 1163
1609490 1170
1609500 1170
1609510 1176
1609520 1182
1609530 1182
1609540 1188
1609550 1193
1609560 1193
1609570 1198
1609580 1203
1609590 1203
1609600 1208
1609610 1212
1609620 1212
1609630 1217
1609640 1218
1609650 1218
1609660 1220
1609670 1220
1609680 1220
1609690 1220
1609700 1219
1609710 1219
1609720 1218
1609730 1219
1609740 1219
1609750 1219
1609760 1220
1609770 1221
1609780 1221
1609790 1223
1609800 1225
1609810 1220
1609820 1223
1609830 1227
1609840 1227
1609850 1229
1609860 1233
1609870 1233
1609880 1236
1609890 1239
1609900 1239
1609910 1241
1609920 1242
1609930 1242
1609940 1243
1609950 1242
1609960 1242
1609970 1239
1609980 1234
1609990 1228
1610000 1228
1610010 1222
1610020 1217
1610030 1217
1610040 1212
1610050 1207
1610060 1207
1610070 1203
1610080 1198
1610090 1198
1610100 1194
1610110 1190
1610120 1190
1610130 1186
1610140 1182
1610150 1182
1610160 1178
1610170 1174
1610180 1174
1610190 1170
1610200 1165
1610210 1165
1610220 1161
1610230 1156
1610240 1152
1610250 1152
1610260 1147
1610270 1142
1610280 1142
1610290 1137
1610300 1131
1610310 1131
1610320 1126
1610330 1121
1610340 1121
1610350 1116
1610360 1111
1610370 1111
1610380 1105
1610390 1100
1610400 1100
1610410 1095
1610420 1090
1610430 1090
1610440 1085
1610450 1081
1610460 1081
1610470 1077
1610480 1073
1610490 1073
1610500 1069
1610510 1066
1610520 1062
1610530 1062
1610540 1058
1610550 1054
1610560 1054
1610570 1053
1610580 1049
1610590 1049
1610600 1045
1610610 1040
1610620 1040
1610630 1036
1610640 1035
1610650 1035
1610660 1034
1610670 1035
1610680 1035
1610690 1037
1610700 1039
1610710 1039
1610720 1043
1610730 1048
1610740 1048
1610750 1053
1610760 1058
1610770 1062
1610780 1062
1610790 1066
1610800 1071
1610810 1071
1610820 1075
1610830 1078
1610840 1078
1610850 1082
1610860 1087
1610870 1087
1610880 1091
1610890 1094
1610900 1094
1610910 1099
1610920 1103
1610930 1103
1610940 1107
1610950 1110
1610960 1110
1610970 1114
1610980 1117
1610990 1117
1611000 1122
1611010 1127
1611020 1131
1611030 1131
1611040 1135
1611050 1139
1611060 1139
1611070 1142
1611080 1146
1611090 1146
1611100 1150
1611110 1154
1611120 1154
1611130 1158
1611140 1164
1611150 1164
1611160 1169
1611170 1173
1611180 1173
1611190 1178
1611200 1182
1611210 1182
1611220 1187
1611230 1191
1611240 1191
1611250 1195
1611260 1199
1611270 1202
1611280 1202
1611290 1204
1611300 1203
1611310 1203
1611320 1201
1611330 1197
1611340 1197
1611350 1192
1611360 1187
1611370 1187
1611380 1181
1611390 1175
1611400 1175
1611410 1169
1611420 1165
1611430 1165
1611440 1162
1611450 1159
1611460 1159
1611470 1156
1611480 1153
1611490 1153
1611500 1149
1611510 1145
1611520 1142
1611530 1142
1611540 1141
1611550 1140
1611560 1140
1611570 1138
1611580 1136
1611590 1136
1611600 1134
1611610 1131
1611620 1131
1611630 1128
1611640 1126
1611650 1126
1611660 1123
1611670 1120
1611680 1120
1611690 1117
1611700 1114
1611710 1114
1611720 1110
1611730 1107
1611740 1107
1611750 1101
1611760 1096
1611770 1090
1611780 1090
1611790 1085
1611800 1079
1611810 1079
1611820 1073
1611830 1067
1611840 1067
1611850 1064
1611860 1060
1611870 1060
1611880 1053
1611890 1046
1611900 1046
1611910 1047
1611920 1054
1611930 1054
1611940 1061
1611950 1068
1611960 1068
1611970 1074
1611980 1079
1611990 1079
1612000 1082
1612010 1085
1612020 1088
1612030 1088
1612040 1091
1612050 1095
1612060 1095
1612070 1100
1612080 1106
1612090 1106
1612100 1110
1612110 1115
1612120 1115
1612130 1122
1612140 1127
1612150 1127
1612160 1133
1612170 1138
1612180 1138
1612190 1142
1612200 1147
1612210 1147
1612220 1152
1612230 1155
1612240 1155
1612250 1157
1612260 1157
1612270 1154
1612280 1154
1612290 1150
1612300 1148
1612310 1148
1612320 1145
1612330 1142
1612340 1142
1612350 1142
1612360 1140
1612370 1140
1612380 1139
1612390 1139
1612400 1139
1612410 1139
1612420 1139
1612430 1139
1612440 1139
1612450 1139
1612460 1139
1612470 1138
1612480 1137
1612490 1137
1612500 1136
1612510 1132
1612520 1132
1612530 1127
1612540 1122
1612550 1117
1612560 1117
1612570 1113
1612580 1108
1612590 1108
1612600 1104
1612610 1100
1612620 1100
1612630 1095
1612640 1091
1612650 1091
1612660 1086
1612670 1081
1612680 1081
1612690 1076
1612700 1073
1612710 1073
1612720 1068
1612730 1062
1612740 1062
1612750 1055
1612760 1049
1612770 1049
1612780 1044
1612790 1039
1612800 1035
1612810 1035
1612820 1031
1612830 1030
1612840 1030
1612850 1026
1612860 1023
1612870 1023
1612880 1020
1612890 1017
1612900 1017
1612910 1013
1612920 1010
1612930 1010
1612940 1008
1612950 1005
1612960 1005
1612970 1002
1612980 998
1612990 998
1613000 996
1613010 994
1613020 994
1613030 992
1613040 991
1613050 988
1613060 988
1613070 989
1613080 992
1613090 992
1613100 993
1613110 994
1613120 994
1613130 996
1613140 1000
1613150 1000
1613160 1004
1613170 1008
1613180 1008
1613190 1011
1613200 1015
1613210 1015
1613220 1019
1613230 1024
1613240 1024
1613250 1027
1613260 1030
1613270 1030
1613280 1033
1613290 1037
1613300 1040
1613310 1040
1613320 1042
1613330 1044
1613340 1044
1613350 1045
1613360 1045
1613370 1045
1613380 1046
1613390 1047
1613400 1047
1613410 1048
1613420 1049
1613430 1049
1613440 1049
1613450 1049
1613460 1049
1613470 1050
1613480 1049
1613490 1049
1613500 1048
1613510 1048
1613520 1048
1613530 1048
1613540 1049
1613550 1049
1613560 1049
1613570 1050
1613580 1050
1613590 1050
1613600 1051
1613610 1052
1613620 1052
1613630 1053
1613640 1055
1613650 1055
1613660 1056
1613670 1058
1613680 1058
1613690 1059
1613700 1063
1613710 1063
1613720 1068
1613730 1072
1613740 1072
1613750 1077
1613760 1082
1613770 1082
1613780 1087
1613790 1093
1613800 1099
1613810 1099
1613820 1104
1613830 1110
1613840 1110
1613850 1116
1613860 1122
1613870 1122
1613880 1128
1613890 1134
1613900 1134
1613910 1140
1613920 1146
1613930 1146
1613940 1151
1613950 1156
1613960 1156
1613970 1161
1613980 1167
1613990 1167
1614000 1172
1614010 1177
1614020 1177
1614030 1182
1614040 1187
1614050 1192
1614060 1192
1614070 1198
1614080 1205
1614090 1205
1614100 1212
1614110 1218
1614120 1218
1614130 1224
1614140 1231
1614150 1231
1614160 1239
1614170 1246
1614180 1246
1614190 1253
1614200 1261
1614210 1261
1614220 1270
1614230 1275
1614240 1275
1614250 1280
1614260 1284
1614270 1284
1614280 1288
1614290 1290
1614300 1290
1614310 1285
1614320 1278
1614330 1270
1614340 1270
1614350 1263
1614360 1254
1614370 1254
1614380 1243
1614390 1232
1614400 1232
1614410 1222
1614420 1217
1614430 1217
1614440 1208
1614450 1200
1614460 1200
1614470 1193
1614480 1186
1614490 1186
1614500 1179
1614510 1172
1614520 1172
1614530 1165
1614540 1157
1614550 1157
1614560 1152
1614570 1146
1614580 1139
1614590 1139
1614600 1132
1614610 1125
1614620 1125
1614630 1119
1614640 1113
1614650 1113
1614660 1107
1614670 1101
1614680 1101
1614690 1096
1614700 1090
1614710 1090
1614720 1086
1614730 1082
1614740 1082
1614750 1078
1614760 1075
1614770 1075
1614780 1073
1614790 1066
1614800 1066
1614810 1063
1614820 1061
1614830 1058
1614840 1058
1614850 1056
1614860 1052
1614870 1052
1614880 1049
1614890 1046
1614900 1046
1614910 1044
1614920 1041
1614930 1041
1614940 1037
1614950 1031
1614960 1031
1614970 1026
1614980 1022
1614990 1022
1615000 1018
1615010 1015
1615020 1015
1615030 1011
1615040 1008
1615050 1008
1615060 1004
1615070 1000
1615080 995
1615090 995
1615100 992
1615110 990
1615120 990
1615130 990
1615140 990
1615150 990
1615160 991
1615170 991
1615180 991
1615190 989
1615200 988
1615210 988
1615220 988
1615230 987
1615240 987
1615250 987
1615260 987
1615270 987
1615280 987
1615290 987
1615300 987
1615310 988
1615320 989
1615330 990
1615340 990
1615350 991
1615360 992
1615370 992
1615380 993
1615390 996
1615400 996
1615410 999
1615420 1002
1615430 1002
1615440 1004
1615450 1007
1615460 1007
1615470 1011
1615480 1014
1615490 1014
1615500 1016
1615510 1020
1615520 1020
1615530 1021
1615540 1022
1615550 1022
1615560 1021
1615570 1019
1615580 1016
1615590 1016
1615600 1012
1615610 1007
1615620 1007
1615630 1003
1615640 997
1615650 997
1615660 992
1615670 987
1615680 987
1615690 981
1615700 976
1615710 976
1615720 971
1615730 966
1615740 966
1615750 962
1615760 957
1615770 959
1615780 955
1615790 951
1615800 951
1615810 947
1615820 943
1615830 939
1615840 939
1615850 934
1615860 928
1615870 928
1615880 923
1615890 919
1615900 919
1615910 917
1615920 914
1615930 914
1615940 912
1615950 911
1615960 911
1615970 911
1615980 910
1615990 910
1616000 909
1616010 908
1616020 908
1616030 907
1616040 906
1616050 906
1616060 905
1616070 905
1616080 904
1616090 904
1616100 902
1616110 902
1616120 902
1616130 902
1616140 902
1616150 902
1616160 901
1616170 900
1616180 900
1616190 899
1616200 898
1616210 898
1616220 897
1616230 896
1616240 896
1616250 895
1616260 894
1616270 894
1616280 893
1616290 892
1616300 892
1616310 891
1616320 891
1616330 891
1616340 890
1616350 889
1616360 887
1616370 887
1616380 887
1616390 886
1616400 886
1616410 885
1616420 884
1616430 884
1616440 883
1616450 883
1616460 883
1616470 882
1616480 881
1616490 881
1616500 881
1616510 880
1616520 880
1616530 879
1616540 878
1616550 878
1616560 877
1616570 877
1616580 877
1616590 876
1616600 876
1616610 875
1616620 875
1616630 875
1616640 875
1616650 875
1616660 874
1616670 874
1616680 874
1616690 873
1616700 873
1616710 873
1616720 872
1616730 872
1616740 872
1616750 872
1616760 871
1616770 871
1616780 871
1616790 871
1616800 871
1616810 870
1616820 870
1616830 870
1616840 870
1616850 870
1616860 870
1616870 870
1616880 870
1616890 870
1616900 870
1616910 870
1616920 870
1616930 870
1616940 869
1616950 869
1616960 869
1616970 869
1616980 868
1616990 868
1617000 868
1617010 868
1617020 868
1617030 868
1617040 867
1617050 867
1617060 867
1617070 867
1617080 867
1617090 867
1617100 866
1617110 866
1617120 866
1617130 866
1617140 865
1617150 865
1617160 865
1617170 865
1617180 865
1617190 865
1617200 865
1617210 865
1617220 865
1617230 864
1617240 864
1617250 865
1617260 864
1617270 864
1617280 864
1617290 864
1617300 864
1617310 864
1617320 863
1617330 863
1617340 863
1617350 863
1617360 863
1617370 863
1617380 863
1617390 863
1617400 863
1617410 863
1617420 863
1617430 863
1617440 863
1617450 863
1617460 863
1617470 863
1617480 863
1617490 863
1617500 863
1617510 862
1617520 862
1617530 862
1617540 862
1617550 862
1617560 862
1617570 862
1617580 862
1617590 862
1617600 862
1617610 862
1617620 862
1617630 862
1617640 862
1617650 862
1617660 862
1617670 862
1617680 862
1617690 861
1617700 861
1617710 861
1617720 860
1617730 860
1617740 860
1617750 860
1617760 860
1617770 860
1617780 860
1617790 860
1617800 860
1617810 859
1617820 858
1617830 858
1617840 855
1617850 852
1617860 850
1617870 850
1617880 849
1617890 849
1617900 849
1617910 850
1617920 851
1617930 851
1617940 850
1617950 850
1617960 850
1617970 850
1617980 851
1617990 851
1618000 851
1618010 851
1618020 851
1618030 852
1618040 853
1618050 853
1618060 857
1618070 862
1618080 862
1618090 866
1618100 869
1618110 872
1618120 872
1618130 876
1618140 878
1618150 878
1618160 881
1618170 883
1618180 883
1618190 884
1618200 885
1618210 885
1618220 888
1618230 893
1618240 893
1618250 900
1618260 907
1618270 907
1618280 913
1618290 919
1618300 919
1618310 925
1618320 931
1618330 931
1618340 935
1618350 941
1618360 948
1618370 948
1618380 954
1618390 961
1618400 961
1618410 967
1618420 974
1618430 974
1618440 980
1618450 985
1618460 985
1618470 989
1618480 992
1618490 992
1618500 995
1618510 996
1618520 996
1618530 998
1618540 1000
1618550 1000
1618560 1003
1618570 1006
1618580 1006
1618590 1010
1618600 1013
1618610 1013
1618620 1016
1618630 1018
1618640 1022
1618650 1027
1618660 1029
1618670 1031
1618680 1031
1618690 1033
1618700 1035
1618710 1035
1618720 1034
1618730 1031
1618740 1031
1618750 1030
1618760 1029
1618770 1029
1618780 1029
1618790 1029
1618800 1029
1618810 1030
1618820 1031
1618830 1031
1618840 1032
1618850 1031
1618860 1031
1618870 1030
1618880 1027
1618890 1023
1618900 1023
1618910 1020
1618920 1020
1618930 1020
1618940 1020
1618950 1023
1618960 1023
1618970 1026
1618980 1029
1618990 1029
1619000 1032
1619010 1036
1619020 1036
1619030 1039
1619040 1043
1619050 1043
1619060 1048
1619070 1052
1619080 1052
1619090 1056
1619100 1060
1619110 1060
1619120 1064
1619130 1068
1619140 1069
1619150 1069
1619160 1067
1619170 1062
1619180 1062
1619190 1057
1619200 1050
1619210 1050
1619220 1045
1619230 1038
1619240 1038
1619250 1033
1619260 1026
1619270 1026
1619280 1020
1619290 1015
1619300 1015
1619310 1008
1619320 1001
1619330 1001
1619340 995
1619350 989
1619360 989
1619370 982
1619380 976
1619390 971
1619400 971
1619410 966
1619420 963
1619430 963
1619440 959
1619450 955
1619460 955
1619470 952
1619480 948
1619490 948
1619500 944
1619510 941
1619520 941
1619530 937
1619540 934
1619550 934
1619560 930
1619570 927
1619580 927
1619590 929
1619600 926
1619610 926
1619620 923
1619630 920
1619640 916
1619650 916
1619660 913
1619670 909
1619680 909
1619690 906
1619700 903
1619710 903
1619720 900
1619730 899
1619740 899
1619750 898
1619760 898
1619770 898
1619780 899
1619790 901
1619800 901
1619810 905
1619820 909
1619830 909
1619840 916
1619850 922
1619860 922
1619870 928
1619880 934
1619890 939
1619900 939
1619910 945
1619920 950
1619930 950
1619940 955
1619950 960
1619960 960
1619970 965
1619980 970
1619990 970
