1600000 1627
1600010 1630
1600020 1631
1600030 1631
1600040 1633
1600050 1634
1600060 1634
1600070 1636
1600080 1638
1600090 1638
1600100 1640
1600110 1642
1600120 1645
1600130 1645
1600140 1649
1600150 1652
1600160 1652
1600170 1654
1600180 1657
1600190 1657
1600200 1660
1600210 1663
1600220 1663
1600230 1666
1600240 1669
1600250 1669
1600260 1672
1600270 1672
1600280 1672
1600290 1674
1600300 1676
1600310 1676
1600320 1679
1600330 1680
1600340 1680
1600350 1682
1600360 1685
1600370 1688
1600380 1688
1600390 1690
1600400 1692
1600410 1692
1600420 1694
1600430 1696
1600440 1696
1600450 1698
1600460 1701
1600470 1701
1600480 1703
1600490 1706
1600500 1706
1600510 1709
1600520 1711
1600530 1711
1600540 1713
1600550 1716
1600560 1716
1600570 1718
1600580 1721
1600590 1721
1600600 1724
1600610 1727
1600620 1730
1600630 1730
1600640 1732
1600650 1735
1600660 1735
1600670 1737
1600680 1739
1600690 1739
1600700 1740
1600710 1742
1600720 1742
1600730 1744
1600740 1746
1600750 1746
1600760 1747
1600770 1749
1600780 1749
1600790 1751
1600800 1753
1600810 1753
1600820 1755
1600830 1756
1600840 1756
1600850 1757
1600860 1758
1600870 1758
1600880 1760
1600890 1761
1600900 1761
1600910 1761
1600920 1762
1600930 1760
1600940 1760
1600950 1759
1600960 1759
1600970 1759
1600980 1759
1600990 1758
1601000 1758
1601010 1757
1601020 1756
1601030 1756
1601040 1755
1601050 1753
1601060 1753
1601070 1751
1601080 1749
1601090 1749
1601100 1749
1601110 1747
1601120 1747
1601130 1746
1601140 1745
1601150 1743
1601160 1743
1601170 1742
1601180 1742
1601190 1742
1601200 1742
1601210 1742
1601220 1742
1601230 1742
1601240 1742
1601250 1742
1601260 1741
1601270 1741
1601280 1741
1601290 1742
1601300 1742
1601310 1742
1601320 1742
1601330 1742
1601340 1742
1601350 1742
1601360 1742
1601370 1742
1601380 1742
1601390 1742
1601400 1742
1601410 1742
1601420 1741
1601430 1739
1601440 1739
1601450 1738
1601460 1736
1601470 1736
1601480 1735
1601490 1733
1601500 1733
1601510 1732
1601520 1731
1601530 1731
1601540 1730
1601550 1730
1601560 1730
1601570 1729
1601580 1727
1601590 1727
1601600 1725
1601610 1724
1601620 1724
1601630 1721
1601640 1719
1601650 1716
1601660 1716
1601670 1713
1601680 1709
1601690 1709
1601700 1705
1601710 1699
1601720 1699
1601730 1696
1601740 1692
1601750 1692
1601760 1688
1601770 1684
1601780 1684
1601790 1680
1601800 1675
1601810 1675
1601820 1673
1601830 1671
1601840 1671
1601850 1669
1601860 1666
1601870 1666
1601880 1663
1601890 1662
1601900 1660
1601910 1660
1601920 1658
1601930 1656
1601940 1656
1601950 1654
1601960 1653
1601970 1653
1601980 1651
1601990 1648
1602000 1648
1602010 1645
1602020 1643
1602030 1643
1602040 1642
1602050 1640
1602060 1640
1602070 1638
1602080 1636
1602090 1636
1602100 1635
1602110 1634
1602120 1634
1602130 1633
1602140 1632
1602150 1630
1602160 1630
1602170 1629
1602180 1628
1602190 1628
1602200 1626
1602210 1624
1602220 1624
1602230 1621
1602240 1618
1602250 1618
1602260 1616
1602270 1614
1602280 1614
1602290 1612
1602300 1610
1602310 1610
1602320 1607
1602330 1604
1602340 1604
1602350 1602
1602360 1600
1602370 1600
1602380 1598
1602390 1595
1602400 1593
1602410 1593
1602420 1590
1602430 1587
1602440 1587
1602450 1584
1602460 1582
1602470 1582
1602480 1579
1602490 1577
1602500 1577
1602510 1575
1602520 1573
1602530 1573
1602540 1572
1602550 1571
1602560 1571
1602570 1569
1602580 1569
1602590 1569
1602600 1569
1602610 1569
1602620 1569
1602630 1569
1602640 1567
1602650 1566
1602660 1566
1602670 1567
1602680 1567
1602690 1567
1602700 1567
1602710 1566
1602720 1566
1602730 1565
1602740 1564
1602750 1564
1602760 1564
1602770 1564
1602780 1564
1602790 1558
1602800 1558
1602810 1558
1602820 1559
1602830 1560
1602840 1560
1602850 1561
1602860 1562
1602870 1562
1602880 1562
1602890 1561
1602900 1561
1602910 1561
1602920 1560
1602930 1558
1602940 1558
1602950 1556
1602960 1554
1602970 1554
1602980 1551
1602990 1550
1603000 1550
1603010 1549
1603020 1550
1603030 1550
1603040 1552
1603050 1555
1603060 1555
1603070 1558
1603080 1561
1603090 1561
1603100 1564
1603110 1568
1603120 1568
1603130 1572
1603140 1575
1603150 1575
1603160 1578
1603170 1581
1603180 1584
1603190 1584
1603200 1587
1603210 1591
1603220 1591
1603230 1594
1603240 1597
1603250 1597
1603260 1600
1603270 1604
1603280 1604
1603290 1609
1603300 1613
1603310 1613
1603320 1616
1603330 1617
1603340 1617
1603350 1617
1603360 1618
1603370 1618
1603380 1620
1603390 1621
1603400 1621
1603410 1622
1603420 1623
1603430 1622
1603440 1622
1603450 1620
1603460 1619
1603470 1619
1603480 1620
1603490 1620
1603500 1620
1603510 1620
1603520 1620
1603530 1620
1603540 1620
1603550 1619
1603560 1619
1603570 1618
1603580 1618
1603590 1618
1603600 1615
1603610 1613
1603620 1613
1603630 1610
1603640 1607
1603650 1607
1603660 1605
1603670 1603
1603680 1599
1603690 1599
1603700 1595
1603710 1591
1603720 1591
1603730 1588
1603740 1584
1603750 1584
1603760 1581
1603770 1576
1603780 1576
1603790 1573
1603800 1568
1603810 1568
1603820 1564
1603830 1559
1603840 1559
1603850 1555
1603860 1550
1603870 1547
1603880 1542
1603890 1538
1603900 1538
1603910 1534
1603920 1531
1603930 1529
1603940 1529
1603950 1526
1603960 1521
1603970 1521
1603980 1516
1603990 1515
1604000 1515
1604010 1511
1604020 1507
1604030 1507
1604040 1503
1604050 1501
1604060 1501
1604070 1497
1604080 1492
1604090 1492
1604100 1489
1604110 1484
1604120 1484
1604130 1481
1604140 1480
1604150 1480
1604160 1477
1604170 1475
1604180 1470
1604190 1470
1604200 1467
1604210 1465
1604220 1465
1604230 1462
1604240 1459
1604250 1459
1604260 1457
1604270 1454
1604280 1454
1604290 1452
1604300 1449
1604310 1449
1604320 1447
1604330 1447
1604340 1447
1604350 1445
1604360 1443
1604370 1443
1604380 1443
1604390 1444
1604400 1444
1604410 1444
1604420 1443
1604430 1444
1604440 1444
1604450 1447
1604460 1449
1604470 1449
1604480 1451
1604490 1452
1604500 1452
1604510 1451
1604520 1452
1604530 1452
1604540 1452
1604550 1453
1604560 1453
1604570 1455
1604580 1456
1604590 1456
1604600 1456
1604610 1457
1604620 1457
1604630 1457
1604640 1454
1604650 1454
1604660 1449
1604670 1443
1604680 1443
1604690 1437
1604700 1430
1604710 1422
1604720 1422
1604730 1418
1604740 1419
1604750 1419
1604760 1419
1604770 1418
1604780 1418
1604790 1418
1604800 1417
1604810 1417
1604820 1416
1604830 1412
1604840 1412
1604850 1407
1604860 1403
1604870 1403
1604880 1399
1604890 1396
1604900 1396
1604910 1394
1604920 1392
1604930 1387
1604940 1387
1604950 1387
1604960 1386
1604970 1386
1604980 1386
1604990 1386
1605000 1386
1605010 1386
1605020 1386
1605030 1386
1605040 1387
1605050 1389
1605060 1389
1605070 1390
1605080 1390
1605090 1390
1605100 1392
1605110 1397
1605120 1397
1605130 1399
1605140 1404
1605150 1404
1605160 1409
1605170 1414
1605180 1414
1605190 1419
1605200 1424
1605210 1429
1605220 1429
1605230 1434
1605240 1438
1605250 1438
1605260 1442
1605270 1444
1605280 1444
1605290 1445
1605300 1445
1605310 1445
1605320 1443
1605330 1437
1605340 1437
1605350 1430
1605360 1423
1605370 1423
1605380 1415
1605390 1409
1605400 1409
1605410 1404
1605420 1399
1605430 1399
1605440 1395
1605450 1393
1605460 1390
1605470 1390
1605480 1385
1605490 1382
1605500 1382
1605510 1384
1605520 1387
1605530 1387
1605540 1389
1605550 1391
1605560 1391
1605570 1392
1605580 1393
1605590 1393
1605600 1393
1605610 1395
1605620 1395
1605630 1398
1605640 1402
1605650 1402
1605660 1406
1605670 1410
1605680 1410
1605690 1414
1605700 1419
1605710 1421
1605720 1421
1605730 1417
1605740 1411
1605750 1411
1605760 1405
1605770 1400
1605780 1400
1605790 1396
1605800 1391
1605810 1391
1605820 1388
1605830 1384
1605840 1384
1605850 1378
1605860 1372
1605870 1372
1605880 1365
1605890 1357
1605900 1357
1605910 1351
1605920 1352
1605930 1352
1605940 1351
1605950 1350
1605960 1350
1605970 1350
1605980 1348
1605990 1350
1606000 1350
1606010 1354
1606020 1358
1606030 1358
1606040 1361
1606050 1364
1606060 1364
1606070 1368
1606080 1371
1606090 1371
1606100 1374
1606110 1378
1606120 1378
1606130 1379
1606140 1380
1606150 1380
1606160 1383
1606170 1384
1606180 1384
1606190 1383
1606200 1379
1606210 1375
1606220 1375
1606230 1370
1606240 1365
1606250 1365
1606260 1361
1606270 1355
1606280 1355
1606290 1350
1606300 1345
1606310 1345
1606320 1340
1606330 1334
1606340 1334
1606350 1329
1606360 1325
1606370 1325
1606380 1321
1606390 1317
1606400 1317
1606410 1313
1606420 1310
1606430 1310
1606440 1307
1606450 1304
1606460 1299
1606470 1299
1606480 1294
1606490 1288
1606500 1288
1606510 1284
1606520 1281
1606530 1281
1606540 1283
1606550 1286
1606560 1286
1606570 1286
1606580 1287
1606590 1287
1606600 1288
1606610 1289
1606620 1289
1606630 1290
1606640 1290
1606650 1290
1606660 1291
1606670 1293
1606680 1293
1606690 1295
1606700 1297
1606710 1297
1606720 1299
1606730 1301
1606740 1303
1606750 1303
1606760 1304
1606770 1306
1606780 1306
1606790 1309
1606800 1310
1606810 1310
1606820 1311
1606830 1312
1606840 1312
1606850 1313
1606860 1313
1606870 1313
1606880 1311
1606890 1308
1606900 1308
1606910 1302
1606920 1298
1606930 1298
1606940 1296
1606950 1292
1606960 1292
1606970 1286
1606980 1281
1606990 1276
1607000 1276
1607010 1272
1607020 1268
1607030 1265
1607040 1261
1607050 1256
1607060 1256
1607070 1252
1607080 1248
1607090 1248
1607100 1243
1607110 1237
1607120 1237
1607130 1231
1607140 1226
1607150 1226
1607160 1221
1607170 1214
1607180 1214
1607190 1210
1607200 1205
1607210 1205
1607220 1201
1607230 1197
1607240 1194
1607250 1194
1607260 1189
1607270 1186
1607280 1186
1607290 1184
1607300 1185
1607310 1185
1607320 1188
1607330 1192
1607340 1192
1607350 1197
1607360 1201
1607370 1201
1607380 1205
1607390 1208
1607400 1208
1607410 1210
1607420 1211
1607430 1211
1607440 1212
1607450 1212
1607460 1212
1607470 1214
1607480 1217
1607490 1221
1607500 1221
1607510 1225
1607520 1227
1607530 1227
1607540 1230
1607550 1234
1607560 1234
1607570 1238
1607580 1242
1607590 1242
1607600 1246
1607610 1250
1607620 1250
1607630 1254
1607640 1258
1607650 1258
1607660 1260
1607670 1260
1607680 1260
1607690 1259
1607700 1258
1607710 1258
1607720 1256
1607730 1253
1607740 1249
1607750 1249
1607760 1246
1607770 1244
1607780 1244
1607790 1242
1607800 1241
1607810 1241
1607820 1241
1607830 1242
1607840 1242
1607850 1242
1607860 1240
1607870 1240
1607880 1237
1607890 1233
1607900 1233
1607910 1230
1607920 1225
1607930 1225
1607940 1221
1607950 1216
1607960 1216
1607970 1211
1607980 1204
1607990 1199
1608000 1199
1608010 1193
1608020 1188
1608030 1188
1608040 1182
1608050 1175
1608060 1177
1608070 1170
1608080 1163
1608090 1163
1608100 1157
1608110 1150
1608120 1150
1608130 1144
1608140 1139
1608150 1139
1608160 1134
1608170 1128
1608180 1128
1608190 1125
1608200 1120
1608210 1120
1608220 1113
1608230 1108
1608240 1103
1608250 1103
1608260 1097
1608270 1092
1608280 1092
1608290 1087
1608300 1082
1608310 1082
1608320 1076
1608330 1071
1608340 1071
1608350 1066
1608360 1061
1608370 1061
1608380 1056
1608390 1050
1608400 1050
1608410 1046
1608420 1041
1608430 1041
1608440 1037
1608450 1036
1608460 1036
1608470 1031
1608480 1025
1608490 1025
1608500 1021
1608510 1016
1608520 1011
1608530 1011
1608540 1007
1608550 1004
1608560 1004
1608570 1002
1608580 1000
1608590 1000
1608600 998
1608610 995
1608620 995
1608630 994
1608640 993
1608650 993
1608660 994
1608670 998
1608680 998
1608690 1001
1608700 1002
1608710 1002
1608720 1003
1608730 1003
1608740 1003
1608750 1004
1608760 1008
1608770 1013
1608780 1013
1608790 1015
1608800 1018
1608810 1018
1608820 1021
1608830 1024
1608840 1024
1608850 1027
1608860 1030
1608870 1030
1608880 1034
1608890 1040
1608900 1040
1608910 1046
1608920 1053
1608930 1053
1608940 1060
1608950 1066
1608960 1066
1608970 1073
1608980 1079
1608990 1079
1609000 1086
1609010 1093
1609020 1100
1609030 1100
1609040 1107
1609050 1114
1609060 1114
1609070 1121
1609080 1127
1609090 1124
1609100 1129
1609110 1133
1609120 1133
1609130 1136
1609140 1137
1609150 1137
1609160 1136
1609170 1135
1609180 1135
1609190 1134
1609200 1132
1609210 1132
1609220 1130
1609230 1128
1609240 1128
1609250 1126
1609260 1124
1609270 1122
1609280 1122
1609290 1120
1609300 1119
1609310 1119
1609320 1117
1609330 1114
1609340 1114
1609350 1113
1609360 1113
1609370 1113
1609380 1117
1609390 1122
1609400 1122
1609410 1125
1609420 1132
1609430 1132
1609440 1137
1609450 1143
1609460 1143
1609470 1150
1609480 1155
1609490 1155
1609500 1161
1609510 1167
1609520 1172
1609530 1172
1609540 1178
1609550 1184
1609560 1184
1609570 1189
1609580 1194
1609590 1194
1609600 1200
1609610 1205
1609620 1205
1609630 1209
1609640 1211
1609650 1211
1609660 1210
1609670 1207
1609680 1207
1609690 1205
1609700 1204
1609710 1204
1609720 1204
1609730 1205
1609740 1205
1609750 1205
1609760 1206
1609770 1207
1609780 1207
1609790 1209
1609800 1210
1609810 1210
1609820 1213
1609830 1216
1609840 1216
1609850 1220
1609860 1223
1609870 1223
1609880 1226
1609890 1229
1609900 1229
1609910 1231
1609920 1233
1609930 1233
1609940 1234
1609950 1235
1609960 1235
1609970 1236
1609980 1236
1609990 1236
1610000 1232
1610010 1226
1610020 1220
1610030 1220
1610040 1215
1610050 1210
1610060 1210
1610070 1205
1610080 1201
1610090 1201
1610100 1196
1610110 1193
1610120 1193
1610130 1189
1610140 1185
1610150 1185
1610160 1181
1610170 1176
1610180 1176
1610190 1172
1610200 1169
1610210 1169
1610220 1164
1610230 1159
1610240 1159
1610250 1155
1610260 1149
1610270 1144
1610280 1144
1610290 1139
1610300 1134
1610310 1134
1610320 1128
1610330 1122
1610340 1122
1610350 1116
1610360 1110
1610370 1110
1610380 1104
1610390 1099
1610400 1099
1610410 1094
1610420 1088
1610430 1088
1610440 1083
1610450 1079
1610460 1079
1610470 1074
1610480 1070
1610490 1070
1610500 1066
1610510 1061
1610520 1061
1610530 1058
1610540 1054
1610550 1052
1610560 1052
1610570 1051
1610580 1048
1610590 1048
1610600 1044
1610610 1043
1610620 1043
1610630 1038
1610640 1035
1610650 1035
1610660 1031
1610670 1029
1610680 1029
1610690 1030
1610700 1032
1610710 1032
1610720 1038
1610730 1043
1610740 1043
1610750 1047
1610760 1051
1610770 1051
1610780 1057
1610790 1062
1610800 1066
1610810 1066
1610820 1072
1610830 1077
1610840 1077
1610850 1081
1610860 1086
1610870 1086
1610880 1090
1610890 1094
1610900 1094
1610910 1099
1610920 1103
1610930 1103
1610940 1107
1610950 1111
1610960 1111
1610970 1114
1610980 1118
1610990 1118
1611000 1122
1611010 1127
1611020 1127
1611030 1131
1611040 1135
1611050 1139
1611060 1139
1611070 1142
1611080 1145
1611090 1145
1611100 1149
1611110 1154
1611120 1154
1611130 1158
1611140 1161
1611150 1161
1611160 1166
1611170 1170
1611180 1170
1611190 1174
1611200 1179
1611210 1179
1611220 1183
1611230 1186
1611240 1186
1611250 1190
1611260 1193
1611270 1193
1611280 1196
1611290 1198
1611300 1195
1611310 1195
1611320 1192
1611330 1188
1611340 1188
1611350 1185
1611360 1181
1611370 1181
1611380 1177
1611390 1172
1611400 1172
1611410 1167
1611420 1163
1611430 1163
1611440 1158
1611450 1155
1611460 1155
1611470 1151
1611480 1147
1611490 1147
1611500 1142
1611510 1139
1611520 1139
1611530 1136
1611540 1134
1611550 1131
1611560 1131
1611570 1129
1611580 1127
1611590 1127
1611600 1125
1611610 1123
1611620 1123
1611630 1121
1611640 1118
1611650 1118
1611660 1115
1611670 1112
1611680 1112
1611690 1109
1611700 1106
1611710 1106
1611720 1103
1611730 1099
1611740 1099
1611750 1094
1611760 1087
1611770 1087
1611780 1083
1611790 1077
1611800 1072
1611810 1072
1611820 1067
1611830 1062
1611840 1062
1611850 1057
1611860 1053
1611870 1053
1611880 1049
1611890 1042
1611900 1042
1611910 1041
1611920 1047
1611930 1047
1611940 1054
1611950 1061
1611960 1061
1611970 1066
1611980 1068
1611990 1068
1612000 1071
1612010 1074
1612020 1074
1612030 1080
1612040 1086
1612050 1092
1612060 1092
1612070 1098
1612080 1103
1612090 1103
1612100 1109
1612110 1112
1612120 1110
1612130 1114
1612140 1120
1612150 1120
1612160 1125
1612170 1131
1612180 1131
1612190 1136
1612200 1141
1612210 1141
1612220 1145
1612230 1147
1612240 1147
1612250 1146
1612260 1144
1612270 1144
1612280 1140
1612290 1135
1612300 1129
1612310 1129
1612320 1124
1612330 1119
1612340 1119
1612350 1117
1612360 1116
1612370 1116
1612380 1116
1612390 1117
1612400 1117
1612410 1118
1612420 1118
1612430 1118
1612440 1119
1612450 1119
1612460 1119
1612470 1120
1612480 1119
1612490 1119
1612500 1118
1612510 1118
1612520 1118
1612530 1117
1612540 1116
1612550 1116
1612560 1116
1612570 1116
1612580 1113
1612590 1113
1612600 1111
1612610 1109
1612620 1109
1612630 1106
1612640 1102
1612650 1102
1612660 1098
1612670 1093
1612680 1093
1612690 1087
1612700 1082
1612710 1082
1612720 1077
1612730 1074
1612740 1074
1612750 1068
1612760 1063
1612770 1063
1612780 1058
1612790 1053
1612800 1053
1612810 1048
1612820 1043
1612830 1039
1612840 1039
1612850 1035
1612860 1031
1612870 1031
1612880 1027
1612890 1024
1612900 1024
1612910 1020
1612920 1016
1612930 1016
1612940 1012
1612950 1008
1612960 1008
1612970 1004
1612980 1001
1612990 1001
1613000 996
1613010 993
1613020 993
1613030 992
1613040 989
1613050 989
1613060 988
1613070 985
1613080 989
1613090 989
1613100 990
1613110 988
1613120 988
1613130 989
1613140 992
1613150 992
1613160 994
1613170 998
1613180 998
1613190 1002
1613200 1006
1613210 1006
1613220 1011
1613230 1015
1613240 1015
1613250 1017
1613260 1020
1613270 1020
1613280 1023
1613290 1026
1613300 1026
1613310 1029
1613320 1030
1613330 1030
1613340 1030
1613350 1031
1613360 1032
1613370 1032
1613380 1032
1613390 1033
1613400 1033
1613410 1033
1613420 1033
1613430 1033
1613440 1034
1613450 1034
1613460 1034
1613470 1034
1613480 1033
1613490 1033
1613500 1032
1613510 1032
1613520 1032
1613530 1033
1613540 1033
1613550 1033
1613560 1034
1613570 1035
1613580 1038
1613590 1038
1613600 1040
1613610 1042
1613620 1042
1613630 1044
1613640 1048
1613650 1048
1613660 1049
1613670 1055
1613680 1055
1613690 1059
1613700 1063
1613710 1063
1613720 1067
1613730 1071
1613740 1071
1613750 1076
1613760 1081
1613770 1081
1613780 1086
1613790 1092
1613800 1092
1613810 1097
1613820 1103
1613830 1109
1613840 1109
1613850 1115
1613860 1120
1613870 1120
1613880 1126
1613890 1131
1613900 1131
1613910 1137
1613920 1143
1613930 1143
1613940 1148
1613950 1154
1613960 1154
1613970 1159
1613980 1164
1613990 1164
1614000 1170
1614010 1174
1614020 1174
1614030 1179
1614040 1184
1614050 1184
1614060 1191
1614070 1198
1614080 1205
1614090 1205
1614100 1210
1614110 1216
1614120 1216
1614130 1222
1614140 1229
1614150 1229
1614160 1235
1614170 1241
1614180 1241
1614190 1247
1614200 1255
1614210 1255
1614220 1263
1614230 1271
1614240 1271
1614250 1273
1614260 1275
1614270 1275
1614280 1277
1614290 1276
1614300 1276
1614310 1275
1614320 1275
1614330 1275
1614340 1273
1614350 1267
1614360 1259
1614370 1259
1614380 1252
1614390 1242
1614400 1242
1614410 1224
1614420 1216
1614430 1216
1614440 1210
1614450 1201
1614460 1201
1614470 1193
1614480 1188
1614490 1188
1614500 1185
1614510 1181
1614520 1181
1614530 1175
1614540 1169
1614550 1169
1614560 1161
1614570 1153
1614580 1153
1614590 1147
1614600 1139
1614610 1132
1614620 1132
1614630 1126
1614640 1119
1614650 1119
1614660 1111
1614670 1105
1614680 1105
1614690 1098
1614700 1093
1614710 1093
1614720 1087
1614730 1081
1614740 1081
1614750 1077
1614760 1072
1614770 1072
1614780 1068
1614790 1063
1614800 1063
1614810 1059
1614820 1056
1614830 1056
1614840 1052
1614850 1048
1614860 1045
1614870 1045
1614880 1042
1614890 1039
1614900 1039
1614910 1036
1614920 1033
1614930 1033
1614940 1029
1614950 1025
1614960 1025
1614970 1021
1614980 1017
1614990 1017
1615000 1014
1615010 1012
1615020 1012
1615030 1008
1615040 1005
1615050 1005
1615060 1002
1615070 999
1615080 998
1615090 996
1615100 993
1615110 989
1615120 989
1615130 986
1615140 983
1615150 983
1615160 981
1615170 979
1615180 979
1615190 978
1615200 978
1615210 978
1615220 977
1615230 976
1615240 976
1615250 975
1615260 975
1615270 975
1615280 975
1615290 976
1615300 976
1615310 976
1615320 977
1615330 977
1615340 978
1615350 979
1615360 981
1615370 981
1615380 982
1615390 985
1615400 985
1615410 988
1615420 991
1615430 991
1615440 994
1615450 997
1615460 997
1615470 1000
1615480 1003
1615490 1003
1615500 1005
1615510 1007
1615520 1007
1615530 1008
1615540 1009
1615550 1009
1615560 1009
1615570 1009
1615580 1009
1615590 1014
1615600 1014
1615610 1010
1615620 1010
1615630 1006
1615640 1002
1615650 1002
1615660 997
1615670 992
1615680 992
1615690 987
1615700 982
1615710 982
1615720 977
1615730 973
1615740 973
1615750 968
1615760 964
1615770 964
1615780 961
1615790 958
1615800 958
1615810 954
1615820 951
1615830 951
1615840 947
1615850 943
1615860 938
1615870 938
1615880 931
1615890 925
1615900 925
1615910 920
1615920 916
1615930 916
1615940 913
1615950 912
1615960 912
1615970 910
1615980 908
1615990 908
1616000 907
1616010 907
1616020 907
1616030 905
1616040 904
1616050 904
1616060 902
1616070 902
1616080 902
1616090 902
1616100 901
1616110 901
1616120 901
1616130 900
1616140 898
1616150 898
1616160 897
1616170 897
1616180 897
1616190 897
1616200 897
1616210 897
1616220 896
1616230 895
1616240 895
1616250 895
1616260 894
1616270 894
1616280 892
1616290 891
1616300 891
1616310 890
1616320 890
1616330 890
1616340 889
1616350 888
1616360 888
1616370 887
1616380 886
1616390 886
1616400 886
1616410 885
1616420 884
1616430 884
1616440 884
1616450 883
1616460 883
1616470 882
1616480 881
1616490 881
1616500 881
1616510 879
1616520 879
1616530 879
1616540 878
1616550 878
1616560 878
1616570 877
1616580 877
1616590 877
1616600 876
1616610 876
1616620 875
1616630 875
1616640 875
1616650 875
1616660 874
1616670 874
1616680 874
1616690 873
1616700 873
1616710 873
1616720 873
1616730 872
1616740 872
1616750 872
1616760 872
1616770 872
1616780 871
1616790 871
1616800 871
1616810 871
1616820 871
1616830 871
1616840 871
1616850 871
1616860 871
1616870 871
1616880 870
1616890 870
1616900 870
1616910 870
1616920 869
1616930 869
1616940 869
1616950 869
1616960 869
1616970 869
1616980 869
1616990 869
1617000 868
1617010 868
1617020 868
1617030 868
1617040 867
1617050 867
1617060 867
1617070 867
1617080 867
1617090 867
1617100 866
1617110 866
1617120 866
1617130 866
1617140 866
1617150 866
1617160 865
1617170 865
1617180 865
1617190 865
1617200 865
1617210 865
1617220 864
1617230 864
1617240 864
1617250 864
1617260 865
1617270 865
1617280 864
1617290 865
1617300 865
1617310 864
1617320 864
1617330 864
1617340 864
1617350 864
1617360 864
1617370 864
1617380 864
1617390 864
1617400 864
1617410 864
1617420 863
1617430 863
1617440 864
1617450 863
1617460 863
1617470 863
1617480 863
1617490 863
1617500 863
1617510 862
1617520 862
1617530 862
1617540 862
1617550 862
1617560 862
1617570 862
1617580 862
1617590 862
1617600 862
1617610 862
1617620 862
1617630 862
1617640 862
1617650 862
1617660 862
1617670 862
1617680 862
1617690 861
1617700 861
1617710 861
1617720 861
1617730 861
1617740 861
1617750 861
1617760 860
1617770 860
1617780 859
1617790 858
1617800 858
1617810 856
1617820 853
1617830 853
1617840 852
1617850 850
1617860 850
1617870 849
1617880 849
1617890 850
1617900 850
1617910 852
1617920 851
1617930 851
1617940 851
1617950 851
1617960 851
1617970 852
1617980 854
1617990 854
1618000 858
1618010 862
1618020 862
1618030 865
1618040 867
1618050 867
1618060 872
1618070 877
1618080 877
1618090 880
1618100 882
1618110 882
1618120 885
1618130 888
1618140 890
1618150 890
1618160 892
1618170 896
1618180 896
1618190 900
1618200 903
1618210 903
1618220 905
1618230 910
1618240 910
1618250 910
1618260 913
1618270 913
1618280 921
1618290 929
1618300 929
1618310 937
1618320 946
1618330 946
1618340 953
1618350 960
1618360 960
1618370 965
1618380 971
1618390 971
1618400 978
1618410 984
1618420 990
1618430 990
1618440 994
1618450 1000
1618460 1000
1618470 1004
1618480 1008
1618490 1008
1618500 1009
1618510 1011
1618520 1011
1618530 1013
1618540 1016
1618550 1016
1618560 1019
1618570 1022
1618580 1022
1618590 1025
1618600 1027
1618610 1027
1618620 1031
1618630 1034
1618640 1034
1618650 1036
1618660 1039
1618670 1041
1618680 1041
1618690 1043
1618700 1043
1618710 1043
1618720 1043
1618730 1042
1618740 1042
1618750 1041
1618760 1041
1618770 1041
1618780 1041
1618790 1041
1618800 1041
1618810 1041
1618820 1042
1618830 1042
1618840 1042
1618850 1042
1618860 1042
1618870 1040
1618880 1037
1618890 1037
1618900 1032
1618910 1029
1618920 1033
1618930 1033
1618940 1033
1618950 1036
1618960 1036
1618970 1039
1618980 1042
1618990 1042
1619000 1045
1619010 1048
1619020 1048
1619030 1052
1619040 1055
1619050 1055
1619060 1058
1619070 1062
1619080 1062
1619090 1065
1619100 1069
1619110 1069
1619120 1072
1619130 1075
1619140 1075
1619150 1077
1619160 1074
1619170 1069
1619180 1069
1619190 1064
1619200 1057
1619210 1057
1619220 1051
1619230 1045
1619240 1045
1619250 1038
1619260 1032
1619270 1032
1619280 1026
1619290 1020
1619300 1020
1619310 1013
1619320 1006
1619330 1006
1619340 1000
1619350 995
1619360 995
1619370 991
1619380 987
1619390 987
1619400 983
1619410 979
1619420 975
1619430 975
1619440 972
1619450 969
1619460 969
1619470 965
1619480 962
1619490 962
1619500 958
1619510 955
1619520 955
1619530 951
1619540 947
1619550 947
1619560 944
1619570 940
1619580 940
1619590 937
1619600 934
1619610 934
1619620 930
1619630 926
1619640 926
1619650 922
1619660 919
1619670 915
1619680 915
1619690 912
1619700 908
1619710 908
1619720 905
1619730 901
1619740 901
1619750 901
1619760 901
1619770 901
1619780 900
1619790 900
1619800 900
1619810 902
1619820 906
1619830 906
1619840 910
1619850 917
1619860 917
1619870 920
1619880 926
1619890 926
1619900 931
1619910 935
1619920 941
1619930 941
1619940 945
1619950 950
1619960 950
1619970 956
1619980 962
1619990 962
