1600000 1077
1600010 1076
1600020 1076
1600030 1076
1600040 1074
1600050 1074
1600060 1076
1600070 1076
1600080 1076
1600090 1076
1600100 1077
1600110 1077
1600120 1079
1600130 1082
1600140 1082
1600150 1087
1600160 1091
1600170 1091
1600180 1094
1600190 1097
1600200 1097
1600210 1100
1600220 1101
1600230 1101
1600240 1102
1600250 1102
1600260 1101
1600270 1101
1600280 1100
1600290 1100
1600300 1100
1600310 1100
1600320 1102
1600330 1102
1600340 1105
1600350 1109
1600360 1109
1600370 1112
1600380 1116
1600390 1116
1600400 1122
1600410 1127
1600420 1127
1600430 1133
1600440 1140
1600450 1140
1600460 1146
1600470 1153
1600480 1153
1600490 1160
1600500 1166
1600510 1166
1600520 1175
1600530 1180
1600540 1184
1600550 1184
1600560 1192
1600570 1195
1600580 1195
1600590 1196
1600600 1197
1600610 1197
1600620 1197
1600630 1192
1600640 1192
1600650 1185
1600660 1178
1600670 1178
1600680 1170
1600690 1163
1600700 1163
1600710 1158
1600720 1156
1600730 1156
1600740 1162
1600750 1169
1600760 1169
1600770 1176
1600780 1181
1600790 1187
1600800 1187
1600810 1193
1600820 1199
1600830 1199
1600840 1205
1600850 1211
1600860 1211
1600870 1219
1600880 1227
1600890 1227
1600900 1234
1600910 1241
1600920 1241
1600930 1249
1600940 1256
1600950 1256
1600960 1263
1600970 1272
1600980 1272
1600990 1281
1601000 1290
1601010 1290
1601020 1302
1601030 1313
1601040 1313
1601050 1322
1601060 1327
1601070 1333
1601080 1333
1601090 1336
1601100 1337
1601110 1337
1601120 1338
1601130 1339
1601140 1339
1601150 1340
1601160 1340
1601170 1340
1601180 1338
1601190 1342
1601200 1342
1601210 1341
1601220 1340
1601230 1340
1601240 1339
1601250 1337
1601260 1337
1601270 1336
1601280 1335
1601290 1335
1601300 1335
1601310 1335
1601320 1335
1601330 1335
1601340 1336
1601350 1337
1601360 1337
1601370 1337
1601380 1338
1601390 1338
1601400 1339
1601410 1342
1601420 1342
1601430 1347
1601440 1348
1601450 1348
1601460 1345
1601470 1342
1601480 1342
1601490 1343
1601500 1348
1601510 1348
1601520 1351
1601530 1355
1601540 1355
1601550 1359
1601560 1364
1601570 1364
1601580 1369
1601590 1372
1601600 1374
1601610 1374
1601620 1375
1601630 1377
1601640 1377
1601650 1381
1601660 1384
1601670 1384
1601680 1387
1601690 1389
1601700 1389
1601710 1391
1601720 1393
1601730 1393
1601740 1395
1601750 1397
1601760 1397
1601770 1399
1601780 1400
1601790 1400
1601800 1401
1601810 1402
1601820 1402
1601830 1403
1601840 1400
1601850 1400
1601860 1392
1601870 1384
1601880 1377
1601890 1377
1601900 1370
1601910 1363
1601920 1363
1601930 1357
1601940 1351
1601950 1351
1601960 1345
1601970 1339
1601980 1339
1601990 1333
1602000 1328
1602010 1328
1602020 1329
1602030 1336
1602040 1336
1602050 1341
1602060 1347
1602070 1347
1602080 1352
1602090 1358
1602100 1358
1602110 1364
1602120 1369
1602130 1369
1602140 1375
1602150 1380
1602160 1384
1602170 1384
1602180 1388
1602190 1392
1602200 1392
1602210 1397
1602220 1401
1602230 1401
1602240 1406
1602250 1410
1602260 1410
1602270 1414
1602280 1421
1602290 1421
1602300 1424
1602310 1427
1602320 1427
1602330 1431
1602340 1434
1602350 1434
1602360 1437
1602370 1439
1602380 1439
1602390 1440
1602400 1439
1602410 1437
1602420 1437
1602430 1436
1602440 1435
1602450 1435
1602460 1436
1602470 1438
1602480 1438
1602490 1441
1602500 1444
1602510 1444
1602520 1446
1602530 1447
1602540 1447
1602550 1448
1602560 1450
1602570 1450
1602580 1451
1602590 1451
1602600 1451
1602610 1449
1602620 1446
1602630 1446
1602640 1441
1602650 1435
1602660 1435
1602670 1430
1602680 1425
1602690 1419
1602700 1419
1602710 1413
1602720 1407
1602730 1407
1602740 1402
1602750 1397
1602760 1397
1602770 1388
1602780 1381
1602790 1381
1602800 1374
1602810 1367
1602820 1367
1602830 1359
1602840 1350
1602850 1350
1602860 1343
1602870 1345
1602880 1345
1602890 1350
1602900 1354
1602910 1354
1602920 1358
1602930 1363
1602940 1363
1602950 1366
1602960 1371
1602970 1374
1602980 1374
1602990 1375
1603000 1375
1603010 1375
1603020 1374
1603030 1374
1603040 1374
1603050 1373
1603060 1374
1603070 1374
1603080 1380
1603090 1380
1603100 1380
1603110 1379
1603120 1379
1603130 1379
1603140 1381
1603150 1383
1603160 1383
1603170 1384
1603180 1386
1603190 1386
1603200 1389
1603210 1394
1603220 1399
1603230 1399
1603240 1404
1603250 1409
1603260 1409
1603270 1413
1603280 1418
1603290 1418
1603300 1422
1603310 1425
1603320 1425
1603330 1429
1603340 1433
1603350 1433
1603360 1440
1603370 1445
1603380 1445
1603390 1450
1603400 1455
1603410 1455
1603420 1460
1603430 1465
1603440 1465
1603450 1470
1603460 1474
1603470 1474
1603480 1479
1603490 1484
1603500 1489
1603510 1489
1603520 1495
1603530 1498
1603540 1498
1603550 1503
1603560 1507
1603570 1507
1603580 1511
1603590 1515
1603600 1515
1603610 1520
1603620 1523
1603630 1523
1603640 1526
1603650 1529
1603660 1529
1603670 1530
1603680 1530
1603690 1530
1603700 1529
1603710 1528
1603720 1528
1603730 1526
1603740 1525
1603750 1525
1603760 1523
1603770 1521
1603780 1521
1603790 1521
1603800 1520
1603810 1520
1603820 1520
1603830 1522
1603840 1525
1603850 1525
1603860 1528
1603870 1531
1603880 1531
1603890 1533
1603900 1535
1603910 1535
1603920 1539
1603930 1542
1603940 1542
1603950 1546
1603960 1549
1603970 1549
1603980 1552
1603990 1556
1604000 1556
1604010 1560
1604020 1564
1604030 1567
1604040 1567
1604050 1570
1604060 1574
1604070 1574
1604080 1577
1604090 1580
1604100 1580
1604110 1583
1604120 1587
1604130 1587
1604140 1589
1604150 1590
1604160 1590
1604170 1591
1604180 1591
1604190 1591
1604200 1591
1604210 1591
1604220 1591
1604230 1591
1604240 1591
1604250 1591
1604260 1591
1604270 1590
1604280 1590
1604290 1589
1604300 1587
1604310 1585
1604320 1585
1604330 1581
1604340 1578
1604350 1578
1604360 1574
1604370 1571
1604380 1571
1604390 1570
1604400 1568
1604410 1568
1604420 1565
1604430 1568
1604440 1568
1604450 1565
1604460 1562
1604470 1562
1604480 1559
1604490 1557
1604500 1557
1604510 1554
1604520 1552
1604530 1552
1604540 1550
1604550 1549
1604560 1549
1604570 1546
1604580 1545
1604590 1546
1604600 1546
1604610 1545
1604620 1543
1604630 1543
1604640 1541
1604650 1540
1604660 1540
1604670 1538
1604680 1538
1604690 1538
1604700 1537
1604710 1537
1604720 1537
1604730 1538
1604740 1539
1604750 1539
1604760 1540
1604770 1542
1604780 1542
1604790 1542
1604800 1543
1604810 1543
1604820 1544
1604830 1544
1604840 1544
1604850 1543
1604860 1541
1604870 1538
1604880 1538
1604890 1536
1604900 1533
1604910 1533
1604920 1530
1604930 1528
1604940 1528
1604950 1527
1604960 1526
1604970 1526
1604980 1524
1604990 1520
1605000 1520
1605010 1516
1605020 1513
1605030 1513
1605040 1510
1605050 1507
1605060 1507
1605070 1503
1605080 1500
1605090 1500
1605100 1498
1605110 1496
1605120 1493
1605130 1493
1605140 1490
1605150 1486
1605160 1486
1605170 1482
1605180 1480
1605190 1480
1605200 1478
1605210 1476
1605220 1476
1605230 1474
1605240 1472
1605250 1472
1605260 1470
1605270 1467
1605280 1467
1605290 1465
1605300 1464
1605310 1464
1605320 1464
1605330 1463
1605340 1463
1605350 1461
1605360 1459
1605370 1459
1605380 1458
1605390 1456
1605400 1455
1605410 1455
1605420 1455
1605430 1455
1605440 1455
1605450 1455
1605460 1454
1605470 1454
1605480 1453
1605490 1446
1605500 1446
1605510 1445
1605520 1444
1605530 1444
1605540 1445
1605550 1447
1605560 1447
1605570 1448
1605580 1449
1605590 1449
1605600 1450
1605610 1451
1605620 1451
1605630 1452
1605640 1453
1605650 1453
1605660 1453
1605670 1452
1605680 1452
1605690 1452
1605700 1450
1605710 1449
1605720 1449
1605730 1447
1605740 1446
1605750 1446
1605760 1444
1605770 1440
1605780 1440
1605790 1438
1605800 1435
1605810 1435
1605820 1433
1605830 1431
1605840 1431
1605850 1427
1605860 1423
1605870 1423
1605880 1420
1605890 1417
1605900 1417
1605910 1414
1605920 1411
1605930 1408
1605940 1408
1605950 1405
1605960 1403
1605970 1403
1605980 1401
1605990 1398
1606000 1398
1606010 1395
1606020 1392
1606030 1392
1606040 1390
1606050 1387
1606060 1387
1606070 1384
1606080 1382
1606090 1382
1606100 1380
1606110 1378
1606120 1378
1606130 1376
1606140 1374
1606150 1374
1606160 1372
1606170 1369
1606180 1369
1606190 1367
1606200 1366
1606210 1363
1606220 1363
1606230 1361
1606240 1357
1606250 1357
1606260 1354
1606270 1351
1606280 1351
1606290 1349
1606300 1346
1606310 1346
1606320 1344
1606330 1341
1606340 1341
1606350 1339
1606360 1336
1606370 1336
1606380 1334
1606390 1331
1606400 1331
1606410 1328
1606420 1325
1606430 1325
1606440 1323
1606450 1319
1606460 1319
1606470 1316
1606480 1311
1606490 1308
1606500 1308
1606510 1304
1606520 1300
1606530 1300
1606540 1295
1606550 1292
1606560 1292
1606570 1289
1606580 1286
1606590 1286
1606600 1283
1606610 1279
1606620 1279
1606630 1276
1606640 1273
1606650 1273
1606660 1270
1606670 1268
1606680 1268
1606690 1266
1606700 1264
1606710 1264
1606720 1261
1606730 1258
1606740 1256
1606750 1256
1606760 1254
1606770 1251
1606780 1251
1606790 1249
1606800 1245
1606810 1245
1606820 1243
1606830 1240
1606840 1240
1606850 1237
1606860 1233
1606870 1233
1606880 1230
1606890 1227
1606900 1227
1606910 1224
1606920 1221
1606930 1221
1606940 1218
1606950 1215
1606960 1215
1606970 1212
1606980 1208
1606990 1208
1607000 1204
1607010 1200
1607020 1197
1607030 1197
1607040 1192
1607050 1188
1607060 1188
1607070 1184
1607080 1179
1607090 1179
1607100 1175
1607110 1173
1607120 1173
1607130 1172
1607140 1170
1607150 1170
1607160 1167
1607170 1165
1607180 1165
1607190 1163
1607200 1160
1607210 1160
1607220 1157
1607230 1155
1607240 1155
1607250 1152
1607260 1151
1607270 1151
1607280 1150
1607290 1147
1607300 1145
1607310 1145
1607320 1141
1607330 1137
1607340 1137
1607350 1134
1607360 1130
1607370 1130
1607380 1127
1607390 1124
1607400 1124
1607410 1121
1607420 1119
1607430 1119
1607440 1116
1607450 1114
1607460 1114
1607470 1112
1607480 1109
1607490 1109
1607500 1105
1607510 1101
1607520 1101
1607530 1097
1607540 1092
1607550 1089
1607560 1089
1607570 1084
1607580 1075
1607590 1075
1607600 1071
1607610 1067
1607620 1067
1607630 1061
1607640 1057
1607650 1057
1607660 1054
1607670 1051
1607680 1051
1607690 1049
1607700 1046
1607710 1046
1607720 1043
1607730 1039
1607740 1039
1607750 1035
1607760 1031
1607770 1031
1607780 1027
1607790 1023
1607800 1023
1607810 1020
1607820 1019
1607830 1019
1607840 1019
1607850 1019
1607860 1019
1607870 1019
1607880 1019
1607890 1018
1607900 1018
1607910 1019
1607920 1019
1607930 1019
1607940 1020
1607950 1022
1607960 1022
1607970 1024
1607980 1025
1607990 1025
1608000 1024
1608010 1024
1608020 1024
1608030 1023
1608040 1023
1608050 1023
1608060 1024
1608070 1024
1608080 1024
1608090 1026
1608100 1027
1608110 1027
1608120 1027
1608130 1024
1608140 1019
1608150 1019
1608160 1015
1608170 1011
1608180 1011
1608190 1008
1608200 1005
1608210 1005
1608220 1002
1608230 999
1608240 999
1608250 996
1608260 993
1608270 993
1608280 989
1608290 984
1608300 984
1608310 979
1608320 973
1608330 973
1608340 968
1608350 962
1608360 960
1608370 960
1608380 960
1608390 959
1608400 959
1608410 959
1608420 959
1608430 959
1608440 959
1608450 959
1608460 959
1608470 959
1608480 959
1608490 959
1608500 958
1608510 958
1608520 958
1608530 957
1608540 957
1608550 957
1608560 956
1608570 956
1608580 956
1608590 956
1608600 955
1608610 955
1608620 954
1608630 954
1608640 955
1608650 955
1608660 955
1608670 956
1608680 956
1608690 958
1608700 962
1608710 962
1608720 967
1608730 973
1608740 973
1608750 978
1608760 984
1608770 984
1608780 989
1608790 994
1608800 994
1608810 998
1608820 1001
1608830 1001
1608840 1005
1608850 1010
1608860 1010
1608870 1015
1608880 1019
1608890 1019
1608900 1024
1608910 1030
1608920 1035
1608930 1035
1608940 1040
1608950 1046
1608960 1046
1608970 1051
1608980 1057
1608990 1057
1609000 1062
1609010 1068
1609020 1068
1609030 1073
1609040 1077
1609050 1077
1609060 1080
1609070 1084
1609080 1084
1609090 1086
1609100 1088
1609110 1088
1609120 1088
1609130 1089
1609140 1089
1609150 1092
1609160 1095
1609170 1095
1609180 1099
1609190 1103
1609200 1108
1609210 1108
1609220 1112
1609230 1115
1609240 1115
1609250 1116
1609260 1117
1609270 1117
1609280 1117
1609290 1118
1609300 1118
1609310 1122
1609320 1127
1609330 1127
1609340 1133
1609350 1139
1609360 1139
1609370 1146
1609380 1151
1609390 1151
1609400 1160
1609410 1172
1609420 1172
1609430 1179
1609440 1186
1609450 1192
1609460 1192
1609470 1200
1609480 1207
1609490 1207
1609500 1211
1609510 1212
1609520 1212
1609530 1216
1609540 1221
1609550 1221
1609560 1227
1609570 1233
1609580 1233
1609590 1239
1609600 1245
1609610 1245
1609620 1251
1609630 1259
1609640 1259
1609650 1265
1609660 1270
1609670 1270
1609680 1276
1609690 1281
1609700 1281
1609710 1285
1609720 1288
1609730 1289
1609740 1289
1609750 1290
1609760 1289
1609770 1289
1609780 1288
1609790 1286
1609800 1286
1609810 1284
1609820 1283
1609830 1283
1609840 1281
1609850 1279
1609860 1279
1609870 1277
1609880 1274
1609890 1274
1609900 1271
1609910 1268
1609920 1268
1609930 1265
1609940 1261
1609950 1261
1609960 1257
1609970 1253
1609980 1253
1609990 1249
1610000 1245
1610010 1242
1610020 1242
1610030 1239
1610040 1237
1610050 1237
1610060 1234
1610070 1233
1610080 1233
1610090 1231
1610100 1229
1610110 1229
1610120 1228
1610130 1226
1610140 1226
1610150 1224
1610160 1222
1610170 1222
1610180 1220
1610190 1222
1610200 1222
1610210 1226
1610220 1230
1610230 1230
1610240 1235
1610250 1239
1610260 1244
1610270 1244
1610280 1249
1610290 1254
1610300 1254
1610310 1259
1610320 1264
1610330 1264
1610340 1269
1610350 1273
1610360 1273
1610370 1277
1610380 1281
1610390 1281
1610400 1284
1610410 1285
1610420 1285
1610430 1286
1610440 1284
1610450 1284
1610460 1284
1610470 1283
1610480 1283
1610490 1283
1610500 1282
1610510 1282
1610520 1282
1610530 1283
1610540 1285
1610550 1285
1610560 1290
1610570 1294
1610580 1294
1610590 1298
1610600 1303
1610610 1303
1610620 1308
1610630 1312
1610640 1313
1610650 1317
1610660 1321
1610670 1321
1610680 1326
1610690 1331
1610700 1331
1610710 1335
1610720 1340
1610730 1340
1610740 1344
1610750 1349
1610760 1349
1610770 1354
1610780 1358
1610790 1358
1610800 1362
1610810 1366
1610820 1371
1610830 1371
1610840 1375
1610850 1377
1610860 1377
1610870 1375
1610880 1370
1610890 1370
1610900 1365
1610910 1360
1610920 1360
1610930 1353
1610940 1347
1610950 1347
1610960 1341
1610970 1334
1610980 1334
1610990 1328
1611000 1323
1611010 1323
1611020 1317
1611030 1311
1611040 1311
1611050 1305
1611060 1298
1611070 1294
1611080 1294
1611090 1287
1611100 1281
1611110 1281
1611120 1275
1611130 1270
1611140 1270
1611150 1264
1611160 1258
1611170 1258
1611180 1252
1611190 1247
1611200 1247
1611210 1242
1611220 1237
1611230 1237
1611240 1233
1611250 1229
1611260 1229
1611270 1225
1611280 1222
1611290 1222
1611300 1218
1611310 1215
1611320 1215
1611330 1212
1611340 1210
1611350 1207
1611360 1207
1611370 1205
1611380 1202
1611390 1202
1611400 1199
1611410 1196
1611420 1196
1611430 1193
1611440 1189
1611450 1189
1611460 1185
1611470 1181
1611480 1181
1611490 1177
1611500 1174
1611510 1174
1611520 1172
1611530 1168
1611540 1168
1611550 1162
1611560 1158
1611570 1158
1611580 1153
1611590 1147
1611600 1147
1611610 1140
1611620 1131
1611630 1123
1611640 1123
1611650 1127
1611660 1127
1611670 1127
1611680 1128
1611690 1130
1611700 1130
1611710 1133
1611720 1135
1611730 1135
1611740 1132
1611750 1127
1611760 1127
1611770 1123
1611780 1120
1611790 1120
1611800 1117
1611810 1113
1611820 1113
1611830 1111
1611840 1110
1611850 1110
1611860 1110
1611870 1109
1611880 1109
1611890 1109
1611900 1103
1611910 1091
1611920 1091
1611930 1076
1611940 1066
1611950 1066
1611960 1056
1611970 1049
1611980 1049
1611990 1043
1612000 1035
1612010 1035
1612020 1026
1612030 1015
1612040 1015
1612050 1006
1612060 999
1612070 999
1612080 992
1612090 985
1612100 985
1612110 977
1612120 971
1612130 971
1612140 965
1612150 961
1612160 961
1612170 961
1612180 961
1612190 961
1612200 961
1612210 961
1612220 961
1612230 961
1612240 960
1612250 960
1612260 960
1612270 959
1612280 959
1612290 959
1612300 960
1612310 959
1612320 959
1612330 959
1612340 961
1612350 961
1612360 962
1612370 963
1612380 963
1612390 963
1612400 963
1612410 963
1612420 963
1612430 964
1612440 964
1612450 964
1612460 964
1612470 964
1612480 964
1612490 964
1612500 965
1612510 965
1612520 968
1612530 971
1612540 971
1612550 974
1612560 977
1612570 977
1612580 979
1612590 982
1612600 982
1612610 984
1612620 987
1612630 987
1612640 989
1612650 991
1612660 991
1612670 992
1612680 994
1612690 994
1612700 994
1612710 994
1612720 994
1612730 994
1612740 995
1612750 994
1612760 994
1612770 994
1612780 991
1612790 991
1612800 988
1612810 987
1612820 987
1612830 987
1612840 987
1612850 987
1612860 990
1612870 992
1612880 992
1612890 994
1612900 996
1612910 996
1612920 998
1612930 1000
1612940 1000
1612950 1002
1612960 1005
1612970 1008
1612980 1008
1612990 1010
1613000 1012
1613010 1012
1613020 1014
1613030 1016
1613040 1016
1613050 1018
1613060 1020
1613070 1020
1613080 1022
1613090 1025
1613100 1025
1613110 1027
1613120 1028
1613130 1028
1613140 1029
1613150 1030
1613160 1030
1613170 1031
1613180 1032
1613190 1032
1613200 1034
1613210 1035
1613220 1035
1613230 1037
1613240 1039
1613250 1040
1613260 1040
1613270 1041
1613280 1042
1613290 1042
1613300 1044
1613310 1046
1613320 1046
1613330 1047
1613340 1049
1613350 1049
1613360 1051
1613370 1054
1613380 1054
1613390 1056
1613400 1059
1613410 1059
1613420 1061
1613430 1063
1613440 1063
1613450 1065
1613460 1068
1613470 1068
1613480 1071
1613490 1074
1613500 1074
1613510 1077
1613520 1081
1613530 1085
1613540 1085
1613550 1089
1613560 1095
1613570 1095
1613580 1101
1613590 1102
1613600 1102
1613610 1107
1613620 1117
1613630 1117
1613640 1120
1613650 1125
1613660 1125
1613670 1130
1613680 1134
1613690 1134
1613700 1138
1613710 1142
1613720 1142
1613730 1145
1613740 1149
1613750 1149
1613760 1152
1613770 1154
1613780 1157
1613790 1157
1613800 1159
1613810 1162
1613820 1162
1613830 1165
1613840 1168
1613850 1168
1613860 1171
1613870 1174
1613880 1174
1613890 1178
1613900 1183
1613910 1183
1613920 1187
1613930 1192
1613940 1192
1613950 1197
1613960 1202
1613970 1202
1613980 1207
1613990 1211
1614000 1211
1614010 1212
1614020 1213
1614030 1213
1614040 1213
1614050 1213
1614060 1214
1614070 1214
1614080 1213
1614090 1214
1614100 1214
1614110 1211
1614120 1205
1614130 1205
1614140 1200
1614150 1195
1614160 1195
1614170 1191
1614180 1187
1614190 1187
1614200 1183
1614210 1178
1614220 1178
1614230 1172
1614240 1167
1614250 1167
1614260 1163
1614270 1158
1614280 1158
1614290 1154
1614300 1149
1614310 1149
1614320 1144
1614330 1140
1614340 1136
1614350 1136
1614360 1132
1614370 1129
1614380 1129
1614390 1126
1614400 1124
1614410 1124
1614420 1120
1614430 1117
1614440 1117
1614450 1113
1614460 1110
1614470 1110
1614480 1107
1614490 1105
1614500 1105
1614510 1103
1614520 1100
1614530 1100
1614540 1099
1614550 1097
1614560 1097
1614570 1095
1614580 1095
1614590 1095
1614600 1095
1614610 1095
1614620 1100
1614630 1100
1614640 1101
1614650 1100
1614660 1100
1614670 1100
1614680 1101
1614690 1101
1614700 1102
1614710 1102
1614720 1102
1614730 1104
1614740 1104
1614750 1104
1614760 1106
1614770 1107
1614780 1107
1614790 1107
1614800 1109
1614810 1109
1614820 1112
1614830 1118
1614840 1118
1614850 1123
1614860 1128
1614870 1132
1614880 1132
1614890 1137
1614900 1139
1614910 1139
1614920 1140
1614930 1141
1614940 1141
1614950 1144
1614960 1146
1614970 1146
1614980 1147
1614990 1149
1615000 1149
1615010 1150
1615020 1151
1615030 1151
1615040 1153
1615050 1155
1615060 1155
1615070 1158
1615080 1159
1615090 1159
1615100 1161
1615110 1163
1615120 1163
1615130 1164
1615140 1165
1615150 1166
1615160 1166
1615170 1167
1615180 1169
1615190 1169
1615200 1171
1615210 1173
1615220 1173
1615230 1174
1615240 1175
1615250 1175
1615260 1175
1615270 1176
1615280 1176
1615290 1176
1615300 1175
1615310 1175
1615320 1174
1615330 1179
1615340 1179
1615350 1184
1615360 1188
1615370 1188
1615380 1192
1615390 1196
1615400 1196
1615410 1199
1615420 1203
1615430 1207
1615440 1207
1615450 1211
1615460 1215
1615470 1215
1615480 1219
1615490 1224
1615500 1224
1615510 1229
1615520 1234
1615530 1234
1615540 1237
1615550 1241
1615560 1241
1615570 1245
1615580 1250
1615590 1250
1615600 1249
1615610 1254
1615620 1254
1615630 1260
1615640 1267
1615650 1267
1615660 1274
1615670 1281
1615680 1288
1615690 1288
1615700 1295
1615710 1303
1615720 1303
1615730 1308
1615740 1314
1615750 1314
1615760 1320
1615770 1325
1615780 1325
1615790 1331
1615800 1336
1615810 1336
1615820 1342
1615830 1349
1615840 1349
1615850 1355
1615860 1361
1615870 1361
1615880 1368
1615890 1374
1615900 1374
1615910 1379
1615920 1380
1615930 1380
1615940 1381
1615950 1383
1615960 1383
1615970 1383
1615980 1384
1615990 1384
1616000 1384
1616010 1384
1616020 1384
1616030 1384
1616040 1385
1616050 1386
1616060 1386
1616070 1388
1616080 1390
1616090 1390
1616100 1391
1616110 1392
1616120 1392
1616130 1392
1616140 1391
1616150 1391
1616160 1391
1616170 1390
1616180 1390
1616190 1390
1616200 1389
1616210 1389
1616220 1387
1616230 1386
1616240 1384
1616250 1384
1616260 1383
1616270 1382
1616280 1382
1616290 1381
1616300 1381
1616310 1381
1616320 1383
1616330 1386
1616340 1386
1616350 1388
1616360 1388
1616370 1388
1616380 1390
1616390 1390
1616400 1390
1616410 1391
1616420 1392
1616430 1392
1616440 1393
1616450 1394
1616460 1394
1616470 1395
1616480 1395
1616490 1395
1616500 1395
1616510 1395
1616520 1394
1616530 1394
1616540 1395
1616550 1395
1616560 1395
1616570 1389
1616580 1388
1616590 1388
1616600 1384
1616610 1379
1616620 1379
1616630 1373
1616640 1368
1616650 1368
1616660 1363
1616670 1364
1616680 1364
1616690 1368
1616700 1372
1616710 1372
1616720 1377
1616730 1384
1616740 1384
1616750 1389
1616760 1396
1616770 1402
1616780 1402
1616790 1405
1616800 1408
1616810 1408
1616820 1411
1616830 1413
1616840 1413
1616850 1416
1616860 1419
1616870 1419
1616880 1422
1616890 1425
1616900 1425
1616910 1429
1616920 1432
1616930 1432
1616940 1435
1616950 1438
1616960 1438
1616970 1440
1616980 1443
1616990 1443
1617000 1445
1617010 1448
1617020 1448
1617030 1452
1617040 1455
1617050 1458
1617060 1458
1617070 1460
1617080 1463
1617090 1463
1617100 1465
1617110 1467
1617120 1467
1617130 1469
1617140 1470
1617150 1470
1617160 1470
1617170 1469
1617180 1469
1617190 1472
1617200 1478
1617210 1478
1617220 1484
1617230 1487
1617240 1487
1617250 1489
1617260 1490
1617270 1490
1617280 1491
1617290 1491
1617300 1494
1617310 1494
1617320 1497
1617330 1499
1617340 1499
1617350 1500
1617360 1501
1617370 1501
1617380 1501
1617390 1500
1617400 1500
1617410 1500
1617420 1499
1617430 1499
1617440 1499
1617450 1500
1617460 1500
1617470 1501
1617480 1502
1617490 1502
1617500 1503
1617510 1502
1617520 1502
1617530 1496
1617540 1496
1617550 1496
1617560 1497
1617570 1497
1617580 1498
1617590 1498
1617600 1499
1617610 1499
1617620 1499
1617630 1500
1617640 1503
1617650 1503
1617660 1506
1617670 1509
1617680 1509
1617690 1511
1617700 1514
1617710 1514
1617720 1516
1617730 1518
1617740 1518
1617750 1520
1617760 1521
1617770 1521
1617780 1522
1617790 1525
1617800 1525
1617810 1527
1617820 1529
1617830 1529
1617840 1532
1617850 1534
1617860 1533
1617870 1533
1617880 1533
1617890 1535
1617900 1535
1617910 1537
1617920 1541
1617930 1541
1617940 1544
1617950 1551
1617960 1551
1617970 1556
1617980 1560
1617990 1560
1618000 1567
1618010 1571
1618020 1571
1618030 1574
1618040 1580
1618050 1580
1618060 1585
1618070 1589
1618080 1589
1618090 1594
1618100 1599
1618110 1599
1618120 1605
1618130 1608
1618140 1613
1618150 1613
1618160 1619
1618170 1624
1618180 1624
1618190 1631
1618200 1638
1618210 1638
1618220 1646
1618230 1654
1618240 1654
1618250 1661
1618260 1667
1618270 1667
1618280 1672
1618290 1680
1618300 1680
1618310 1687
1618320 1694
1618330 1694
1618340 1702
1618350 1708
1618360 1708
1618370 1715
1618380 1721
1618390 1727
1618400 1727
1618410 1733
1618420 1739
1618430 1739
1618440 1746
1618450 1754
1618460 1754
1618470 1761
1618480 1766
1618490 1766
1618500 1773
1618510 1781
1618520 1781
1618530 1787
1618540 1795
1618550 1795
1618560 1802
1618570 1808
1618580 1808
1618590 1816
1618600 1823
1618610 1823
1618620 1831
1618630 1839
1618640 1839
1618650 1846
1618660 1854
1618670 1861
1618680 1861
1618690 1868
1618700 1876
1618710 1876
1618720 1882
1618730 1891
1618740 1891
1618750 1900
1618760 1907
1618770 1907
1618780 1914
1618790 1920
1618800 1920
1618810 1926
1618820 1933
1618830 1933
1618840 1939
1618850 1943
1618860 1943
1618870 1944
1618880 1942
1618890 1942
1618900 1939
1618910 1935
1618920 1935
1618930 1931
1618940 1926
1618950 1921
1618960 1921
1618970 1916
1618980 1911
1618990 1911
1619000 1905
1619010 1900
1619020 1900
1619030 1895
1619040 1890
1619050 1890
1619060 1885
1619070 1880
1619080 1880
1619090 1876
1619100 1874
1619110 1874
1619120 1874
1619130 1873
1619140 1873
1619150 1872
1619160 1872
1619170 1872
1619180 1872
1619190 1872
1619200 1872
1619210 1872
1619220 1872
1619230 1872
1619240 1872
1619250 1872
1619260 1872
1619270 1872
1619280 1872
1619290 1872
1619300 1872
1619310 1870
1619320 1869
1619330 1869
1619340 1866
1619350 1861
1619360 1861
1619370 1855
1619380 1851
1619390 1851
1619400 1846
1619410 1842
1619420 1842
1619430 1837
1619440 1832
1619450 1832
1619460 1827
1619470 1820
1619480 1812
1619490 1812
1619500 1805
1619510 1797
1619520 1797
1619530 1789
1619540 1781
1619550 1781
1619560 1773
1619570 1766
1619580 1766
1619590 1761
1619600 1756
1619610 1756
1619620 1751
1619630 1746
1619640 1746
1619650 1740
1619660 1735
1619670 1735
1619680 1729
1619690 1724
1619700 1724
1619710 1718
1619720 1713
1619730 1713
1619740 1709
1619750 1704
1619760 1699
1619770 1699
1619780 1694
1619790 1690
1619800 1690
1619810 1687
1619820 1684
1619830 1684
1619840 1682
1619850 1681
1619860 1681
1619870 1680
1619880 1677
1619890 1677
1619900 1674
1619910 1674
1619920 1674
1619930 1674
1619940 1673
1619950 1673
1619960 1669
1619970 1664
1619980 1664
1619990 1659
