1600000 1464
1600010 1464
1600020 1462
1600030 1459
1600040 1455
1600050 1455
1600060 1451
1600070 1447
1600080 1447
1600090 1444
1600100 1441
1600110 1441
1600120 1437
1600130 1433
1600140 1433
1600150 1429
1600160 1425
1600170 1425
1600180 1421
1600190 1418
1600200 1418
1600210 1415
1600220 1412
1600230 1412
1600240 1409
1600250 1406
1600260 1406
1600270 1403
1600280 1400
1600290 1400
1600300 1397
1600310 1395
1600320 1393
1600330 1393
1600340 1390
1600350 1387
1600360 1387
1600370 1384
1600380 1381
1600390 1381
1600400 1378
1600410 1374
1600420 1374
1600430 1370
1600440 1365
1600450 1365
1600460 1360
1600470 1354
1600480 1354
1600490 1347
1600500 1341
1600510 1341
1600520 1334
1600530 1328
1600540 1328
1600550 1319
1600560 1314
1600570 1314
1600580 1318
1600590 1321
1600600 1323
1600610 1323
1600620 1328
1600630 1333
1600640 1333
1600650 1336
1600660 1339
1600670 1339
1600680 1342
1600690 1344
1600700 1344
1600710 1346
1600720 1347
1600730 1347
1600740 1348
1600750 1349
1600760 1349
1600770 1351
1600780 1353
1600790 1353
1600800 1353
1600810 1353
1600820 1353
1600830 1353
1600840 1353
1600850 1353
1600860 1352
1600870 1350
1600880 1348
1600890 1348
1600900 1346
1600910 1342
1600920 1342
1600930 1342
1600940 1346
1600950 1346
1600960 1351
1600970 1354
1600980 1354
1600990 1358
1601000 1363
1601010 1363
1601020 1368
1601030 1373
1601040 1373
1601050 1378
1601060 1385
1601070 1385
1601080 1391
1601090 1397
1601100 1397
1601110 1403
1601120 1408
1601130 1408
1601140 1413
1601150 1417
1601160 1421
1601170 1421
1601180 1425
1601190 1428
1601200 1428
1601210 1433
1601220 1435
1601230 1435
1601240 1439
1601250 1443
1601260 1443
1601270 1447
1601280 1451
1601290 1451
1601300 1455
1601310 1459
1601320 1459
1601330 1462
1601340 1464
1601350 1464
1601360 1465
1601370 1465
1601380 1465
1601390 1465
1601400 1464
1601410 1464
1601420 1463
1601430 1462
1601440 1460
1601450 1460
1601460 1459
1601470 1457
1601480 1457
1601490 1456
1601500 1455
1601510 1455
1601520 1451
1601530 1443
1601540 1443
1601550 1435
1601560 1428
1601570 1428
1601580 1420
1601590 1413
1601600 1413
1601610 1406
1601620 1401
1601630 1401
1601640 1393
1601650 1383
1601660 1383
1601670 1377
1601680 1369
1601690 1369
1601700 1359
1601710 1350
1601720 1342
1601730 1342
1601740 1334
1601750 1326
1601760 1326
1601770 1311
1601780 1302
1601790 1302
1601800 1293
1601810 1289
1601820 1289
1601830 1287
1601840 1285
1601850 1285
1601860 1283
1601870 1281
1601880 1281
1601890 1280
1601900 1280
1601910 1280
1601920 1279
1601930 1277
1601940 1277
1601950 1275
1601960 1273
1601970 1273
1601980 1271
1601990 1268
1602000 1264
1602010 1264
1602020 1259
1602030 1250
1602040 1250
1602050 1240
1602060 1231
1602070 1231
1602080 1223
1602090 1216
1602100 1216
1602110 1209
1602120 1202
1602130 1202
1602140 1195
1602150 1188
1602160 1188
1602170 1182
1602180 1173
1602190 1173
1602200 1169
1602210 1173
1602220 1173
1602230 1179
1602240 1186
1602250 1186
1602260 1195
1602270 1202
1602280 1204
1602290 1204
1602300 1209
1602310 1210
1602320 1210
1602330 1206
1602340 1206
1602350 1206
1602360 1205
1602370 1201
1602380 1201
1602390 1197
1602400 1195
1602410 1195
1602420 1192
1602430 1189
1602440 1189
1602450 1187
1602460 1184
1602470 1184
1602480 1181
1602490 1179
1602500 1179
1602510 1176
1602520 1172
1602530 1172
1602540 1169
1602550 1167
1602560 1164
1602570 1164
1602580 1161
1602590 1158
1602600 1158
1602610 1154
1602620 1150
1602630 1150
1602640 1147
1602650 1143
1602660 1143
1602670 1139
1602680 1135
1602690 1135
1602700 1127
1602710 1124
1602720 1124
1602730 1120
1602740 1117
1602750 1117
1602760 1112
1602770 1108
1602780 1108
1602790 1104
1602800 1100
1602810 1100
1602820 1097
1602830 1095
1602840 1093
1602850 1093
1602860 1091
1602870 1089
1602880 1089
1602890 1087
1602900 1085
1602910 1085
1602920 1082
1602930 1079
1602940 1079
1602950 1075
1602960 1072
1602970 1072
1602980 1068
1602990 1065
1603000 1065
1603010 1061
1603020 1058
1603030 1058
1603040 1055
1603050 1054
1603060 1054
1603070 1052
1603080 1050
1603090 1050
1603100 1048
1603110 1047
1603120 1046
1603130 1046
1603140 1044
1603150 1042
1603160 1042
1603170 1043
1603180 1043
1603190 1043
1603200 1043
1603210 1043
1603220 1043
1603230 1044
1603240 1044
1603250 1044
1603260 1044
1603270 1044
1603280 1044
1603290 1045
1603300 1045
1603310 1045
1603320 1045
1603330 1045
1603340 1045
1603350 1046
1603360 1047
1603370 1047
1603380 1050
1603390 1053
1603400 1056
1603410 1056
1603420 1057
1603430 1058
1603440 1058
1603450 1059
1603460 1060
1603470 1060
1603480 1061
1603490 1062
1603500 1062
1603510 1063
1603520 1064
1603530 1064
1603540 1066
1603550 1067
1603560 1067
1603570 1068
1603580 1069
1603590 1069
1603600 1070
1603610 1072
1603620 1072
1603630 1073
1603640 1074
1603650 1074
1603660 1076
1603670 1078
1603680 1080
1603690 1080
1603700 1082
1603710 1084
1603720 1084
1603730 1086
1603740 1088
1603750 1088
1603760 1090
1603770 1092
1603780 1094
1603790 1096
1603800 1098
1603810 1098
1603820 1101
1603830 1104
1603840 1104
1603850 1107
1603860 1110
1603870 1110
1603880 1112
1603890 1115
1603900 1115
1603910 1119
1603920 1121
1603930 1121
1603940 1124
1603950 1127
1603960 1130
1603970 1130
1603980 1133
1603990 1137
1604000 1137
1604010 1140
1604020 1145
1604030 1145
1604040 1150
1604050 1154
1604060 1154
1604070 1159
1604080 1164
1604090 1164
1604100 1170
1604110 1173
1604120 1173
1604130 1179
1604140 1185
1604150 1185
1604160 1190
1604170 1195
1604180 1195
1604190 1201
1604200 1206
1604210 1206
1604220 1211
1604230 1216
1604240 1222
1604250 1222
1604260 1227
1604270 1233
1604280 1233
1604290 1239
1604300 1246
1604310 1246
1604320 1253
1604330 1259
1604340 1259
1604350 1265
1604360 1270
1604370 1270
1604380 1274
1604390 1278
1604400 1278
1604410 1282
1604420 1286
1604430 1286
1604440 1290
1604450 1293
1604460 1293
1604470 1294
1604480 1295
1604490 1295
1604500 1298
1604510 1303
1604520 1307
1604530 1307
1604540 1311
1604550 1314
1604560 1314
1604570 1317
1604580 1320
1604590 1320
1604600 1323
1604610 1326
1604620 1326
1604630 1329
1604640 1331
1604650 1331
1604660 1333
1604670 1335
1604680 1335
1604690 1337
1604700 1338
1604710 1338
1604720 1339
1604730 1340
1604740 1340
1604750 1340
1604760 1339
1604770 1339
1604780 1338
1604790 1336
1604800 1335
1604810 1335
1604820 1333
1604830 1332
1604840 1337
1604850 1336
1604860 1334
1604870 1334
1604880 1332
1604890 1330
1604900 1330
1604910 1328
1604920 1328
1604930 1328
1604940 1328
1604950 1328
1604960 1328
1604970 1329
1604980 1331
1604990 1331
1605000 1332
1605010 1334
1605020 1334
1605030 1336
1605040 1336
1605050 1336
1605060 1335
1605070 1331
1605080 1328
1605090 1328
1605100 1325
1605110 1322
1605120 1322
1605130 1319
1605140 1316
1605150 1316
1605160 1314
1605170 1314
1605180 1314
1605190 1314
1605200 1314
1605210 1314
1605220 1312
1605230 1310
1605240 1310
1605250 1306
1605260 1300
1605270 1300
1605280 1297
1605290 1292
1605300 1292
1605310 1287
1605320 1282
1605330 1282
1605340 1281
1605350 1281
1605360 1280
1605370 1280
1605380 1278
1605390 1275
1605400 1275
1605410 1272
1605420 1271
1605430 1271
1605440 1269
1605450 1269
1605460 1269
1605470 1268
1605480 1267
1605490 1267
1605500 1266
1605510 1266
1605520 1266
1605530 1266
1605540 1266
1605550 1266
1605560 1268
1605570 1270
1605580 1270
1605590 1272
1605600 1274
1605610 1274
1605620 1278
1605630 1282
1605640 1286
1605650 1286
1605660 1290
1605670 1295
1605680 1295
1605690 1299
1605700 1303
1605710 1303
1605720 1308
1605730 1314
1605740 1314
1605750 1317
1605760 1321
1605770 1321
1605780 1325
1605790 1329
1605800 1329
1605810 1333
1605820 1336
1605830 1336
1605840 1341
1605850 1345
1605860 1345
1605870 1348
1605880 1352
1605890 1352
1605900 1350
1605910 1355
1605920 1360
1605930 1360
1605940 1364
1605950 1368
1605960 1368
1605970 1374
1605980 1380
1605990 1380
1606000 1384
1606010 1388
1606020 1388
1606030 1395
1606040 1401
1606050 1401
1606060 1406
1606070 1412
1606080 1412
1606090 1418
1606100 1426
1606110 1426
1606120 1435
1606130 1445
1606140 1445
1606150 1454
1606160 1461
1606170 1461
1606180 1464
1606190 1467
1606200 1470
1606210 1470
1606220 1473
1606230 1476
1606240 1476
1606250 1478
1606260 1479
1606270 1479
1606280 1481
1606290 1483
1606300 1483
1606310 1485
1606320 1486
1606330 1486
1606340 1487
1606350 1489
1606360 1489
1606370 1491
1606380 1494
1606390 1494
1606400 1500
1606410 1505
1606420 1505
1606430 1509
1606440 1514
1606450 1514
1606460 1519
1606470 1523
1606480 1528
1606490 1528
1606500 1533
1606510 1538
1606520 1538
1606530 1543
1606540 1548
1606550 1548
1606560 1554
1606570 1559
1606580 1559
1606590 1565
1606600 1571
1606610 1571
1606620 1576
1606630 1581
1606640 1581
1606650 1587
1606660 1592
1606670 1592
1606680 1598
1606690 1603
1606700 1603
1606710 1608
1606720 1613
1606730 1613
1606740 1618
1606750 1623
1606760 1627
1606770 1627
1606780 1632
1606790 1636
1606800 1636
1606810 1641
1606820 1645
1606830 1645
1606840 1650
1606850 1655
1606860 1655
1606870 1660
1606880 1664
1606890 1664
1606900 1667
1606910 1670
1606920 1670
1606930 1673
1606940 1674
1606950 1674
1606960 1673
1606970 1671
1606980 1671
1606990 1669
1607000 1665
1607010 1665
1607020 1662
1607030 1659
1607040 1656
1607050 1656
1607060 1653
1607070 1650
1607080 1650
1607090 1647
1607100 1643
1607110 1643
1607120 1640
1607130 1636
1607140 1636
1607150 1632
1607160 1628
1607170 1628
1607180 1624
1607190 1619
1607200 1619
1607210 1614
1607220 1609
1607230 1609
1607240 1605
1607250 1601
1607260 1601
1607270 1597
1607280 1593
1607290 1593
1607300 1591
1607310 1590
1607320 1588
1607330 1588
1607340 1586
1607350 1583
1607360 1583
1607370 1580
1607380 1577
1607390 1577
1607400 1574
1607410 1571
1607420 1571
1607430 1569
1607440 1570
1607450 1570
1607460 1572
1607470 1573
1607480 1573
1607490 1574
1607500 1575
1607510 1575
1607520 1576
1607530 1577
1607540 1577
1607550 1578
1607560 1579
1607570 1579
1607580 1581
1607590 1582
1607600 1584
1607610 1584
1607620 1586
1607630 1588
1607640 1588
1607650 1591
1607660 1595
1607670 1595
1607680 1598
1607690 1602
1607700 1602
1607710 1606
1607720 1609
1607730 1609
1607740 1612
1607750 1616
1607760 1616
1607770 1619
1607780 1622
1607790 1622
1607800 1624
1607810 1628
1607820 1628
1607830 1631
1607840 1635
1607850 1635
1607860 1639
1607870 1642
1607880 1642
1607890 1645
1607900 1647
1607910 1648
1607920 1648
1607930 1649
1607940 1648
1607950 1648
1607960 1646
1607970 1645
1607980 1641
1607990 1639
1608000 1636
1608010 1636
1608020 1633
1608030 1629
1608040 1629
1608050 1624
1608060 1620
1608070 1620
1608080 1615
1608090 1610
1608100 1610
1608110 1606
1608120 1602
1608130 1602
1608140 1598
1608150 1594
1608160 1594
1608170 1590
1608180 1586
1608190 1583
1608200 1583
1608210 1581
1608220 1580
1608230 1580
1608240 1579
1608250 1577
1608260 1577
1608270 1576
1608280 1575
1608290 1575
1608300 1575
1608310 1575
1608320 1575
1608330 1574
1608340 1572
1608350 1572
1608360 1568
1608370 1564
1608380 1564
1608390 1559
1608400 1551
1608410 1551
1608420 1543
1608430 1534
1608440 1534
1608450 1524
1608460 1516
1608470 1513
1608480 1513
1608490 1511
1608500 1508
1608510 1508
1608520 1507
1608530 1506
1608540 1506
1608550 1505
1608560 1502
1608570 1502
1608580 1500
1608590 1498
1608600 1498
1608610 1496
1608620 1494
1608630 1494
1608640 1492
1608650 1490
1608660 1490
1608670 1487
1608680 1482
1608690 1482
1608700 1474
1608710 1465
1608720 1465
1608730 1460
1608740 1454
1608750 1447
1608760 1447
1608770 1441
1608780 1435
1608790 1435
1608800 1431
1608810 1427
1608820 1427
1608830 1421
1608840 1416
1608850 1416
1608860 1410
1608870 1407
1608880 1407
1608890 1405
1608900 1405
1608910 1405
1608920 1395
1608930 1384
1608940 1384
1608950 1377
1608960 1371
1608970 1371
1608980 1366
1608990 1360
1609000 1360
1609010 1349
1609020 1342
1609030 1337
1609040 1337
1609050 1332
1609060 1328
1609070 1328
1609080 1321
1609090 1316
1609100 1316
1609110 1308
1609120 1301
1609130 1301
1609140 1295
1609150 1289
1609160 1289
1609170 1283
1609180 1274
1609190 1274
1609200 1263
1609210 1258
1609220 1258
1609230 1262
1609240 1266
1609250 1266
1609260 1268
1609270 1269
1609280 1269
1609290 1270
1609300 1271
1609310 1272
1609320 1272
1609330 1273
1609340 1274
1609350 1274
1609360 1275
1609370 1275
1609380 1275
1609390 1275
1609400 1275
1609410 1275
1609420 1276
1609430 1279
1609440 1279
1609450 1283
1609460 1287
1609470 1287
1609480 1291
1609490 1294
1609500 1294
1609510 1297
1609520 1300
1609530 1300
1609540 1302
1609550 1305
1609560 1305
1609570 1308
1609580 1311
1609590 1314
1609600 1314
1609610 1318
1609620 1321
1609630 1321
1609640 1323
1609650 1323
1609660 1323
1609670 1318
1609680 1314
1609690 1314
1609700 1311
1609710 1309
1609720 1309
1609730 1305
1609740 1303
1609750 1303
1609760 1299
1609770 1295
1609780 1295
1609790 1288
1609800 1280
1609810 1280
1609820 1271
1609830 1264
1609840 1264
1609850 1256
1609860 1248
1609870 1241
1609880 1241
1609890 1233
1609900 1226
1609910 1226
1609920 1217
1609930 1209
1609940 1209
1609950 1200
1609960 1194
1609970 1194
1609980 1186
1609990 1180
1610000 1180
1610010 1174
1610020 1168
1610030 1166
1610040 1159
1610050 1152
1610060 1152
1610070 1144
1610080 1137
1610090 1137
1610100 1130
1610110 1132
1610120 1132
1610130 1137
1610140 1141
1610150 1145
1610160 1145
1610170 1149
1610180 1153
1610190 1153
1610200 1157
1610210 1162
1610220 1162
1610230 1167
1610240 1172
1610250 1172
1610260 1177
1610270 1181
1610280 1181
1610290 1185
1610300 1187
1610310 1187
1610320 1188
1610330 1186
1610340 1186
1610350 1184
1610360 1183
1610370 1183
1610380 1182
1610390 1182
1610400 1182
1610410 1181
1610420 1179
1610430 1177
1610440 1177
1610450 1175
1610460 1173
1610470 1173
1610480 1168
1610490 1163
1610500 1163
1610510 1157
1610520 1152
1610530 1152
1610540 1146
1610550 1139
1610560 1139
1610570 1132
1610580 1125
1610590 1125
1610600 1118
1610610 1110
1610620 1110
1610630 1103
1610640 1096
1610650 1096
1610660 1090
1610670 1082
1610680 1082
1610690 1075
1610700 1070
1610710 1064
1610720 1064
1610730 1060
1610740 1055
1610750 1055
1610760 1051
1610770 1048
1610780 1048
1610790 1045
1610800 1044
1610810 1044
1610820 1041
1610830 1038
1610840 1038
1610850 1036
1610860 1034
1610870 1034
1610880 1031
1610890 1027
1610900 1027
1610910 1024
1610920 1022
1610930 1022
1610940 1022
1610950 1022
1610960 1022
1610970 1023
1610980 1023
1610990 1023
1611000 1023
1611010 1022
1611020 1022
1611030 1022
1611040 1022
1611050 1022
1611060 1022
1611070 1022
1611080 1022
1611090 1022
1611100 1022
1611110 1023
1611120 1023
1611130 1025
1611140 1027
1611150 1027
1611160 1031
1611170 1035
1611180 1035
1611190 1038
1611200 1042
1611210 1042
1611220 1044
1611230 1045
1611240 1045
1611250 1045
1611260 1045
1611270 1046
1611280 1046
1611290 1048
1611300 1049
1611310 1049
1611320 1051
1611330 1052
1611340 1052
1611350 1053
1611360 1055
1611370 1055
1611380 1056
1611390 1057
1611400 1057
1611410 1059
1611420 1060
1611430 1060
1611440 1061
1611450 1062
1611460 1062
1611470 1063
1611480 1064
1611490 1064
1611500 1066
1611510 1067
1611520 1067
1611530 1068
1611540 1070
1611550 1071
1611560 1071
1611570 1072
1611580 1074
1611590 1074
1611600 1075
1611610 1076
1611620 1076
1611630 1078
1611640 1080
1611650 1080
1611660 1082
1611670 1082
1611680 1082
1611690 1083
1611700 1085
1611710 1085
1611720 1086
1611730 1088
1611740 1088
1611750 1089
1611760 1091
1611770 1091
1611780 1093
1611790 1094
1611800 1094
1611810 1096
1611820 1098
1611830 1099
1611840 1099
1611850 1100
1611860 1103
1611870 1103
1611880 1105
1611890 1106
1611900 1106
1611910 1109
1611920 1111
1611930 1111
1611940 1112
1611950 1114
1611960 1114
1611970 1116
1611980 1118
1611990 1118
1612000 1120
1612010 1122
1612020 1122
1612030 1124
1612040 1126
1612050 1127
1612060 1129
1612070 1131
1612080 1131
1612090 1133
1612100 1135
1612110 1137
1612120 1137
1612130 1139
1612140 1141
1612150 1141
1612160 1143
1612170 1146
1612180 1146
1612190 1151
1612200 1156
1612210 1156
1612220 1161
1612230 1167
1612240 1167
1612250 1173
1612260 1179
1612270 1179
1612280 1184
1612290 1190
1612300 1190
1612310 1194
1612320 1200
1612330 1200
1612340 1206
1612350 1212
1612360 1212
1612370 1216
1612380 1219
1612390 1221
1612400 1221
1612410 1224
1612420 1227
1612430 1227
1612440 1230
1612450 1233
1612460 1233
1612470 1236
1612480 1238
1612490 1238
1612500 1242
1612510 1245
1612520 1245
1612530 1248
1612540 1252
1612550 1252
1612560 1255
1612570 1258
1612580 1258
1612590 1261
1612600 1264
1612610 1264
1612620 1267
1612630 1270
1612640 1270
1612650 1273
1612660 1275
1612670 1278
1612680 1278
1612690 1281
1612700 1284
1612710 1284
1612720 1287
1612730 1291
1612740 1291
1612750 1295
1612760 1299
1612770 1299
1612780 1303
1612790 1306
1612800 1306
1612810 1310
1612820 1314
1612830 1314
1612840 1316
1612850 1314
1612860 1314
1612870 1307
1612880 1299
1612890 1299
1612900 1293
1612910 1291
1612920 1291
1612930 1288
1612940 1286
1612950 1286
1612960 1286
1612970 1286
1612980 1284
1612990 1284
1613000 1283
1613010 1286
1613020 1286
1613030 1291
1613040 1297
1613050 1297
1613060 1298
1613070 1301
1613080 1301
1613090 1304
1613100 1309
1613110 1309
1613120 1313
1613130 1316
1613140 1316
1613150 1318
1613160 1321
1613170 1321
1613180 1326
1613190 1331
1613200 1331
1613210 1334
1613220 1337
1613230 1341
1613240 1341
1613250 1347
1613260 1351
1613270 1351
1613280 1352
1613290 1356
1613300 1356
1613310 1362
1613320 1368
1613330 1368
1613340 1373
1613350 1377
1613360 1377
1613370 1381
1613380 1386
1613390 1386
1613400 1392
1613410 1397
1613420 1397
1613430 1403
1613440 1408
1613450 1408
1613460 1413
1613470 1418
1613480 1418
1613490 1423
1613500 1428
1613510 1433
1613520 1433
1613530 1438
1613540 1442
1613550 1442
1613560 1447
1613570 1452
1613580 1452
1613590 1455
1613600 1462
1613610 1462
1613620 1469
1613630 1475
1613640 1475
1613650 1479
1613660 1484
1613670 1484
1613680 1491
1613690 1497
1613700 1497
1613710 1503
1613720 1508
1613730 1508
1613740 1514
1613750 1521
1613760 1521
1613770 1526
1613780 1533
1613790 1539
1613800 1539
1613810 1544
1613820 1549
1613830 1549
1613840 1554
1613850 1558
1613860 1558
1613870 1563
1613880 1568
1613890 1568
1613900 1573
1613910 1578
1613920 1578
1613930 1583
1613940 1589
1613950 1589
1613960 1592
1613970 1597
1613980 1597
1613990 1602
1614000 1607
1614010 1607
1614020 1612
1614030 1613
1614040 1613
1614050 1618
1614060 1623
1614070 1628
1614080 1628
1614090 1633
1614100 1638
1614110 1638
1614120 1643
1614130 1648
1614140 1648
1614150 1652
1614160 1656
1614170 1656
1614180 1660
1614190 1664
1614200 1664
1614210 1668
1614220 1671
1614230 1671
1614240 1675
1614250 1679
1614260 1679
1614270 1684
1614280 1689
1614290 1689
1614300 1695
1614310 1700
1614320 1700
1614330 1705
1614340 1710
1614350 1715
1614360 1715
1614370 1719
1614380 1721
1614390 1721
1614400 1722
1614410 1723
1614420 1723
1614430 1722
1614440 1721
1614450 1721
1614460 1720
1614470 1719
1614480 1719
1614490 1718
1614500 1717
1614510 1717
1614520 1717
1614530 1715
1614540 1715
1614550 1713
1614560 1712
1614570 1712
1614580 1711
1614590 1710
1614600 1710
1614610 1709
1614620 1708
1614630 1707
1614640 1707
1614650 1706
1614660 1704
1614670 1704
1614680 1703
1614690 1700
1614700 1700
1614710 1698
1614720 1695
1614730 1695
1614740 1692
1614750 1688
1614760 1688
1614770 1686
1614780 1686
1614790 1686
1614800 1685
1614810 1684
1614820 1684
1614830 1683
1614840 1682
1614850 1682
1614860 1681
1614870 1680
1614880 1680
1614890 1678
1614900 1676
1614910 1674
1614920 1674
1614930 1671
1614940 1668
1614950 1668
1614960 1664
1614970 1660
1614980 1660
1614990 1657
1615000 1655
1615010 1662
1615020 1659
1615030 1656
1615040 1656
1615050 1653
1615060 1650
1615070 1650
1615080 1647
1615090 1645
1615100 1645
1615110 1643
1615120 1639
1615130 1639
1615140 1636
1615150 1634
1615160 1634
1615170 1633
1615180 1630
1615190 1627
1615200 1627
1615210 1627
1615220 1626
1615230 1626
1615240 1625
1615250 1624
1615260 1624
1615270 1623
1615280 1622
1615290 1622
1615300 1622
1615310 1621
1615320 1621
1615330 1620
1615340 1620
1615350 1620
1615360 1619
1615370 1617
1615380 1617
1615390 1616
1615400 1616
1615410 1616
1615420 1616
1615430 1615
1615440 1615
1615450 1614
1615460 1613
1615470 1613
1615480 1613
1615490 1613
1615500 1613
1615510 1613
1615520 1615
1615530 1615
1615540 1615
1615550 1616
1615560 1617
1615570 1617
1615580 1619
1615590 1620
1615600 1620
1615610 1622
1615620 1621
1615630 1621
1615640 1625
1615650 1627
1615660 1627
1615670 1627
1615680 1627
1615690 1627
1615700 1627
1615710 1626
1615720 1626
1615730 1626
1615740 1628
1615750 1629
1615760 1629
1615770 1631
1615780 1632
1615790 1632
1615800 1633
1615810 1633
1615820 1633
1615830 1633
1615840 1632
1615850 1632
1615860 1630
1615870 1628
1615880 1628
1615890 1628
1615900 1629
1615910 1629
1615920 1630
1615930 1632
1615940 1632
1615950 1634
1615960 1636
1615970 1636
1615980 1638
1615990 1641
1616000 1641
1616010 1642
1616020 1644
1616030 1647
1616040 1647
1616050 1651
1616060 1656
1616070 1656
1616080 1661
1616090 1663
1616100 1663
1616110 1665
1616120 1668
1616130 1668
1616140 1670
1616150 1671
1616160 1671
1616170 1672
1616180 1673
1616190 1673
1616200 1674
1616210 1676
1616220 1676
1616230 1676
1616240 1680
1616250 1680
1616260 1682
1616270 1680
1616280 1680
1616290 1681
1616300 1682
1616310 1683
1616320 1683
1616330 1685
1616340 1686
1616350 1686
1616360 1688
1616370 1690
1616380 1690
1616390 1691
1616400 1693
1616410 1693
1616420 1694
1616430 1695
1616440 1695
1616450 1697
1616460 1698
1616470 1698
1616480 1700
1616490 1703
1616500 1703
1616510 1706
1616520 1708
1616530 1708
1616540 1709
1616550 1710
1616560 1710
1616570 1712
1616580 1713
1616590 1714
1616600 1714
1616610 1716
1616620 1718
1616630 1718
1616640 1721
1616650 1724
1616660 1724
1616670 1726
1616680 1727
1616690 1727
1616700 1729
1616710 1730
1616720 1730
1616730 1732
1616740 1734
1616750 1734
1616760 1735
1616770 1736
1616780 1736
1616790 1738
1616800 1740
1616810 1740
1616820 1741
1616830 1743
1616840 1743
1616850 1744
1616860 1746
1616870 1749
1616880 1749
1616890 1751
1616900 1753
1616910 1753
1616920 1755
1616930 1757
1616940 1757
1616950 1758
1616960 1760
1616970 1760
1616980 1762
1616990 1763
1617000 1763
1617010 1765
1617020 1767
1617030 1767
1617040 1769
1617050 1771
1617060 1771
1617070 1773
1617080 1775
1617090 1775
1617100 1777
1617110 1779
1617120 1779
1617130 1781
1617140 1782
1617150 1782
1617160 1784
1617170 1786
1617180 1788
1617190 1788
1617200 1789
1617210 1791
1617220 1791
1617230 1792
1617240 1795
1617250 1795
1617260 1796
1617270 1798
1617280 1798
1617290 1801
1617300 1804
1617310 1804
1617320 1809
1617330 1813
1617340 1813
1617350 1817
1617360 1820
1617370 1820
1617380 1824
1617390 1831
1617400 1831
1617410 1837
1617420 1843
1617430 1843
1617440 1850
1617450 1856
1617460 1863
1617470 1863
1617480 1870
1617490 1876
1617500 1876
1617510 1883
1617520 1889
1617530 1889
1617540 1896
1617550 1902
1617560 1902
1617570 1908
1617580 1914
1617590 1914
1617600 1920
1617610 1927
1617620 1927
1617630 1932
1617640 1939
1617650 1939
1617660 1944
1617670 1950
1617680 1950
1617690 1955
1617700 1960
1617710 1960
1617720 1965
1617730 1970
1617740 1975
1617750 1975
1617760 1980
1617770 1984
1617780 1984
1617790 1988
1617800 1992
1617810 1992
1617820 1996
1617830 2001
1617840 2001
1617850 2005
1617860 2010
1617870 2010
1617880 2015
1617890 2020
1617900 2020
1617910 2021
1617920 2026
1617930 2026
1617940 2029
1617950 2034
1617960 2034
1617970 2039
1617980 2043
1617990 2043
1618000 2048
1618010 2053
1618020 2059
1618030 2059
1618040 2064
1618050 2070
1618060 2070
1618070 2075
1618080 2081
1618090 2081
1618100 2085
1618110 2091
1618120 2091
1618130 2096
1618140 2101
1618150 2101
1618160 2105
1618170 2110
1618180 2110
1618190 2117
1618200 2124
1618210 2124
1618220 2131
1618230 2138
1618240 2138
1618250 2144
1618260 2150
1618270 2150
1618280 2155
1618290 2162
1618300 2167
1618310 2167
1618320 2172
1618330 2178
1618340 2178
1618350 2185
1618360 2191
1618370 2191
1618380 2198
1618390 2204
1618400 2204
1618410 2209
1618420 2215
1618430 2215
1618440 2221
1618450 2226
1618460 2226
1618470 2231
1618480 2236
1618490 2236
1618500 2242
1618510 2247
1618520 2247
1618530 2252
1618540 2257
1618550 2257
1618560 2262
1618570 2267
1618580 2271
1618590 2271
1618600 2277
1618610 2282
1618620 2282
1618630 2286
1618640 2290
1618650 2290
1618660 2295
1618670 2300
1618680 2300
1618690 2305
1618700 2306
1618710 2306
1618720 2300
1618730 2290
1618740 2290
1618750 2285
1618760 2280
1618770 2280
1618780 2269
1618790 2259
1618800 2259
1618810 2253
1618820 2245
1618830 2245
1618840 2235
1618850 2221
1618860 2216
1618870 2222
1618880 2210
1618890 2192
1618900 2192
1618910 2174
1618920 2168
1618930 2168
1618940 2160
1618950 2151
1618960 2151
1618970 2147
1618980 2137
1618990 2137
1619000 2121
1619010 2102
1619020 2102
1619030 2090
1619040 2082
1619050 2082
1619060 2075
1619070 2070
1619080 2070
1619090 2065
1619100 2060
1619110 2060
1619120 2055
1619130 2050
1619140 2044
1619150 2044
1619160 2039
1619170 2034
1619180 2034
1619190 2030
1619200 2025
1619210 2025
1619220 2020
1619230 2016
1619240 2016
1619250 2013
1619260 2010
1619270 2010
1619280 2008
1619290 2005
1619300 2005
1619310 2004
1619320 2003
1619330 2003
1619340 2001
1619350 1998
1619360 1998
1619370 1994
1619380 1990
1619390 1990
1619400 1987
1619410 1983
1619420 1979
1619430 1979
1619440 1975
1619450 1972
1619460 1972
1619470 1968
1619480 1964
1619490 1964
1619500 1959
1619510 1955
1619520 1955
1619530 1950
1619540 1945
1619550 1945
1619560 1942
1619570 1938
1619580 1938
1619590 1936
1619600 1934
1619610 1934
1619620 1933
1619630 1931
1619640 1931
1619650 1930
1619660 1930
1619670 1930
1619680 1930
1619690 1929
1619700 1928
1619710 1928
1619720 1924
1619730 1921
1619740 1921
1619750 1919
1619760 1918
1619770 1918
1619780 1916
1619790 1915
1619800 1915
1619810 1913
1619820 1911
1619830 1911
1619840 1909
1619850 1908
1619860 1908
1619870 1906
1619880 1905
1619890 1905
1619900 1904
1619910 1903
1619920 1903
1619930 1903
1619940 1902
1619950 1902
1619960 1900
1619970 1898
1619980 1896
1619990 1896
