1600000 1228
1600010 1231
1600020 1234
1600030 1234
1600040 1237
1600050 1241
1600060 1241
1600070 1245
1600080 1247
1600090 1247
1600100 1251
1600110 1255
1600120 1255
1600130 1258
1600140 1261
1600150 1261
1600160 1264
1600170 1267
1600180 1267
1600190 1270
1600200 1272
1600210 1272
1600220 1274
1600230 1276
1600240 1278
1600250 1278
1600260 1280
1600270 1281
1600280 1281
1600290 1282
1600300 1283
1600310 1283
1600320 1284
1600330 1285
1600340 1285
1600350 1286
1600360 1287
1600370 1287
1600380 1289
1600390 1290
1600400 1290
1600410 1291
1600420 1292
1600430 1292
1600440 1292
1600450 1293
1600460 1293
1600470 1293
1600480 1294
1600490 1294
1600500 1295
1600510 1296
1600520 1298
1600530 1298
1600540 1299
1600550 1299
1600560 1299
1600570 1299
1600580 1299
1600590 1299
1600600 1300
1600610 1299
1600620 1299
1600630 1300
1600640 1301
1600650 1301
1600660 1302
1600670 1301
1600680 1301
1600690 1300
1600700 1298
1600710 1298
1600720 1297
1600730 1299
1600740 1299
1600750 1304
1600760 1310
1600770 1310
1600780 1317
1600790 1325
1600800 1331
1600810 1331
1600820 1336
1600830 1343
1600840 1343
1600850 1350
1600860 1357
1600870 1357
1600880 1364
1600890 1370
1600900 1370
1600910 1378
1600920 1384
1600930 1384
1600940 1389
1600950 1395
1600960 1395
1600970 1399
1600980 1405
1600990 1405
1601000 1411
1601010 1417
1601020 1417
1601030 1422
1601040 1425
1601050 1425
1601060 1428
1601070 1431
1601080 1431
1601090 1435
1601100 1439
1601110 1443
1601120 1443
1601130 1447
1601140 1450
1601150 1450
1601160 1454
1601170 1458
1601180 1458
1601190 1461
1601200 1465
1601210 1465
1601220 1469
1601230 1473
1601240 1473
1601250 1477
1601260 1480
1601270 1480
1601280 1483
1601290 1486
1601300 1486
1601310 1490
1601320 1493
1601330 1493
1601340 1496
1601350 1498
1601360 1498
1601370 1502
1601380 1504
1601390 1506
1601400 1506
1601410 1509
1601420 1511
1601430 1511
1601440 1514
1601450 1515
1601460 1515
1601470 1517
1601480 1519
1601490 1519
1601500 1521
1601510 1523
1601520 1523
1601530 1524
1601540 1525
1601550 1525
1601560 1526
1601570 1528
1601580 1528
1601590 1530
1601600 1532
1601610 1532
1601620 1534
1601630 1536
1601640 1536
1601650 1538
1601660 1541
1601670 1542
1601680 1542
1601690 1544
1601700 1545
1601710 1545
1601720 1546
1601730 1547
1601740 1547
1601750 1547
1601760 1548
1601770 1548
1601780 1549
1601790 1549
1601800 1549
1601810 1550
1601820 1550
1601830 1550
1601840 1550
1601850 1550
1601860 1550
1601870 1549
1601880 1551
1601890 1551
1601900 1548
1601910 1543
1601920 1543
1601930 1538
1601940 1532
1601950 1526
1601960 1526
1601970 1521
1601980 1515
1601990 1515
1602000 1509
1602010 1503
1602020 1503
1602030 1497
1602040 1490
1602050 1490
1602060 1484
1602070 1478
1602080 1478
1602090 1471
1602100 1465
1602110 1465
1602120 1458
1602130 1451
1602140 1451
1602150 1444
1602160 1437
1602170 1437
1602180 1430
1602190 1423
1602200 1423
1602210 1417
1602220 1409
1602230 1401
1602240 1401
1602250 1394
1602260 1388
1602270 1388
1602280 1382
1602290 1375
1602300 1375
1602310 1368
1602320 1362
1602330 1362
1602340 1359
1602350 1353
1602360 1353
1602370 1345
1602380 1341
1602390 1341
1602400 1336
1602410 1331
1602420 1331
1602430 1326
1602440 1321
1602450 1321
1602460 1315
1602470 1309
1602480 1309
1602490 1304
1602500 1300
1602510 1300
1602520 1295
1602530 1288
1602540 1281
1602550 1281
1602560 1275
1602570 1268
1602580 1268
1602590 1262
1602600 1257
1602610 1257
1602620 1251
1602630 1246
1602640 1246
1602650 1240
1602660 1233
1602670 1233
1602680 1227
1602690 1220
1602700 1220
1602710 1215
1602720 1209
1602730 1209
1602740 1203
1602750 1197
1602760 1197
1602770 1191
1602780 1186
1602790 1186
1602800 1181
1602810 1176
1602820 1173
1602830 1173
1602840 1169
1602850 1165
1602860 1165
1602870 1162
1602880 1160
1602890 1160
1602900 1156
1602910 1153
1602920 1153
1602930 1151
1602940 1148
1602950 1148
1602960 1145
1602970 1141
1602980 1141
1602990 1135
1603000 1130
1603010 1130
1603020 1127
1603030 1127
1603040 1127
1603050 1127
1603060 1126
1603070 1126
1603080 1126
1603090 1124
1603100 1125
1603110 1125
1603120 1126
1603130 1129
1603140 1129
1603150 1135
1603160 1141
1603170 1141
1603180 1145
1603190 1149
1603200 1149
1603210 1153
1603220 1156
1603230 1156
1603240 1161
1603250 1165
1603260 1165
1603270 1169
1603280 1173
1603290 1173
1603300 1178
1603310 1183
1603320 1183
1603330 1188
1603340 1193
1603350 1193
1603360 1199
1603370 1204
1603380 1210
1603390 1210
1603400 1215
1603410 1220
1603420 1220
1603430 1225
1603440 1230
1603450 1230
1603460 1235
1603470 1240
1603480 1240
1603490 1245
1603500 1250
1603510 1250
1603520 1254
1603530 1259
1603540 1259
1603550 1263
1603560 1267
1603570 1267
1603580 1269
1603590 1272
1603600 1272
1603610 1275
1603620 1279
1603630 1279
1603640 1280
1603650 1282
1603660 1284
1603670 1284
1603680 1284
1603690 1283
1603700 1283
1603710 1282
1603720 1278
1603730 1278
1603740 1275
1603750 1273
1603760 1273
1603770 1270
1603780 1269
1603790 1269
1603800 1268
1603810 1269
1603820 1269
1603830 1269
1603840 1269
1603850 1269
1603860 1269
1603870 1269
1603880 1269
1603890 1269
1603900 1269
1603910 1269
1603920 1268
1603930 1268
1603940 1268
1603950 1269
1603960 1269
1603970 1269
1603980 1269
1603990 1269
1604000 1271
1604010 1271
1604020 1271
1604030 1272
1604040 1278
1604050 1279
1604060 1280
1604070 1280
1604080 1282
1604090 1283
1604100 1283
1604110 1285
1604120 1287
1604130 1287
1604140 1289
1604150 1290
1604160 1290
1604170 1291
1604180 1293
1604190 1293
1604200 1296
1604210 1300
1604220 1300
1604230 1302
1604240 1304
1604250 1305
1604260 1305
1604270 1305
1604280 1304
1604290 1304
1604300 1302
1604310 1299
1604320 1299
1604330 1296
1604340 1293
1604350 1293
1604360 1290
1604370 1287
1604380 1287
1604390 1287
1604400 1291
1604410 1291
1604420 1297
1604430 1305
1604440 1305
1604450 1310
1604460 1315
1604470 1315
1604480 1320
1604490 1324
1604500 1324
1604510 1329
1604520 1334
1604530 1339
1604540 1339
1604550 1344
1604560 1349
1604570 1349
1604580 1356
1604590 1361
1604600 1361
1604610 1365
1604620 1369
1604630 1369
1604640 1374
1604650 1380
1604660 1380
1604670 1385
1604680 1389
1604690 1389
1604700 1393
1604710 1397
1604720 1397
1604730 1402
1604740 1406
1604750 1406
1604760 1411
1604770 1416
1604780 1416
1604790 1421
1604800 1427
1604810 1434
1604820 1434
1604830 1440
1604840 1447
1604850 1447
1604860 1454
1604870 1460
1604880 1460
1604890 1467
1604900 1473
1604910 1473
1604920 1480
1604930 1486
1604940 1486
1604950 1492
1604960 1498
1604970 1498
1604980 1504
1604990 1509
1605000 1509
1605010 1514
1605020 1519
1605030 1519
1605040 1525
1605050 1530
1605060 1530
1605070 1534
1605080 1537
1605090 1540
1605100 1536
1605110 1539
1605120 1542
1605130 1542
1605140 1544
1605150 1547
1605160 1547
1605170 1550
1605180 1554
1605190 1554
1605200 1557
1605210 1561
1605220 1561
1605230 1564
1605240 1566
1605250 1566
1605260 1569
1605270 1572
1605280 1572
1605290 1575
1605300 1578
1605310 1578
1605320 1581
1605330 1584
1605340 1584
1605350 1586
1605360 1587
1605370 1587
1605380 1588
1605390 1590
1605400 1592
1605410 1592
1605420 1596
1605430 1602
1605440 1602
1605450 1604
1605460 1608
1605470 1608
1605480 1610
1605490 1613
1605500 1613
1605510 1615
1605520 1617
1605530 1617
1605540 1619
1605550 1621
1605560 1621
1605570 1624
1605580 1626
1605590 1626
1605600 1627
1605610 1629
1605620 1629
1605630 1630
1605640 1632
1605650 1632
1605660 1634
1605670 1636
1605680 1637
1605690 1637
1605700 1638
1605710 1639
1605720 1639
1605730 1639
1605740 1639
1605750 1639
1605760 1638
1605770 1636
1605780 1636
1605790 1634
1605800 1631
1605810 1631
1605820 1628
1605830 1625
1605840 1625
1605850 1622
1605860 1618
1605870 1618
1605880 1615
1605890 1610
1605900 1610
1605910 1606
1605920 1602
1605930 1602
1605940 1598
1605950 1595
1605960 1591
1605970 1591
1605980 1589
1605990 1588
1606000 1588
1606010 1588
1606020 1587
1606030 1587
1606040 1585
1606050 1583
1606060 1583
1606070 1581
1606080 1580
1606090 1580
1606100 1581
1606110 1580
1606120 1580
1606130 1580
1606140 1579
1606150 1584
1606160 1583
1606170 1582
1606180 1582
1606190 1582
1606200 1581
1606210 1581
1606220 1581
1606230 1582
1606240 1582
1606250 1582
1606260 1582
1606270 1582
1606280 1582
1606290 1581
1606300 1581
1606310 1581
1606320 1583
1606330 1587
1606340 1587
1606350 1590
1606360 1593
1606370 1593
1606380 1595
1606390 1597
1606400 1597
1606410 1599
1606420 1602
1606430 1602
1606440 1604
1606450 1605
1606460 1605
1606470 1606
1606480 1607
1606490 1607
1606500 1607
1606510 1606
1606520 1603
1606530 1603
1606540 1600
1606550 1599
1606560 1599
1606570 1604
1606580 1609
1606590 1609
1606600 1613
1606610 1617
1606620 1617
1606630 1622
1606640 1627
1606650 1627
1606660 1632
1606670 1637
1606680 1637
1606690 1641
1606700 1646
1606710 1646
1606720 1651
1606730 1656
1606740 1656
1606750 1661
1606760 1665
1606770 1665
1606780 1670
1606790 1674
1606800 1674
1606810 1679
1606820 1683
1606830 1688
1606840 1688
1606850 1692
1606860 1697
1606870 1697
1606880 1701
1606890 1706
1606900 1706
1606910 1711
1606920 1716
1606930 1716
1606940 1722
1606950 1728
1606960 1728
1606970 1733
1606980 1739
1606990 1739
1607000 1745
1607010 1750
1607020 1750
1607030 1756
1607040 1762
1607050 1762
1607060 1768
1607070 1774
1607080 1774
1607090 1780
1607100 1786
1607110 1792
1607120 1792
1607130 1797
1607140 1802
1607150 1802
1607160 1808
1607170 1813
1607180 1813
1607190 1818
1607200 1824
1607210 1824
1607220 1828
1607230 1831
1607240 1831
1607250 1834
1607260 1833
1607270 1833
1607280 1830
1607290 1830
1607300 1830
1607310 1831
1607320 1831
1607330 1831
1607340 1832
1607350 1831
1607360 1831
1607370 1831
1607380 1830
1607390 1830
1607400 1830
1607410 1829
1607420 1827
1607430 1827
1607440 1825
1607450 1823
1607460 1823
1607470 1821
1607480 1819
1607490 1819
1607500 1818
1607510 1817
1607520 1817
1607530 1816
1607540 1815
1607550 1815
1607560 1814
1607570 1812
1607580 1812
1607590 1809
1607600 1807
1607610 1807
1607620 1806
1607630 1805
1607640 1805
1607650 1802
1607660 1799
1607670 1797
1607680 1797
1607690 1796
1607700 1794
1607710 1794
1607720 1793
1607730 1791
1607740 1791
1607750 1789
1607760 1787
1607770 1787
1607780 1785
1607790 1783
1607800 1783
1607810 1780
1607820 1777
1607830 1777
1607840 1775
1607850 1772
1607860 1772
1607870 1768
1607880 1764
1607890 1764
1607900 1758
1607910 1750
1607920 1750
1607930 1743
1607940 1735
1607950 1735
1607960 1727
1607970 1720
1607980 1712
1607990 1712
1608000 1704
1608010 1696
1608020 1696
1608030 1689
1608040 1682
1608050 1682
1608060 1674
1608070 1667
1608080 1667
1608090 1660
1608100 1653
1608110 1653
1608120 1645
1608130 1639
1608140 1639
1608150 1632
1608160 1624
1608170 1624
1608180 1616
1608190 1610
1608200 1610
1608210 1605
1608220 1598
1608230 1596
1608240 1589
1608250 1582
1608260 1576
1608270 1576
1608280 1570
1608290 1564
1608300 1564
1608310 1558
1608320 1551
1608330 1551
1608340 1545
1608350 1540
1608360 1540
1608370 1534
1608380 1528
1608390 1528
1608400 1523
1608410 1518
1608420 1518
1608430 1513
1608440 1507
1608450 1507
1608460 1502
1608470 1496
1608480 1496
1608490 1491
1608500 1484
1608510 1484
1608520 1479
1608530 1476
1608540 1470
1608550 1470
1608560 1464
1608570 1459
1608580 1459
1608590 1455
1608600 1450
1608610 1450
1608620 1445
1608630 1440
1608640 1440
1608650 1435
1608660 1431
1608670 1431
1608680 1426
1608690 1421
1608700 1421
1608710 1416
1608720 1412
1608730 1412
1608740 1408
1608750 1404
1608760 1404
1608770 1401
1608780 1398
1608790 1398
1608800 1394
1608810 1389
1608820 1385
1608830 1385
1608840 1381
1608850 1377
1608860 1377
1608870 1373
1608880 1369
1608890 1369
1608900 1365
1608910 1359
1608920 1359
1608930 1353
1608940 1348
1608950 1348
1608960 1344
1608970 1343
1608980 1343
1608990 1343
1609000 1342
1609010 1342
1609020 1339
1609030 1336
1609040 1336
1609050 1333
1609060 1330
1609070 1330
1609080 1327
1609090 1325
1609100 1323
1609110 1323
1609120 1322
1609130 1318
1609140 1318
1609150 1315
1609160 1317
1609170 1317
1609180 1318
1609190 1318
1609200 1318
1609210 1318
1609220 1318
1609230 1318
1609240 1317
1609250 1318
1609260 1313
1609270 1312
1609280 1311
1609290 1311
1609300 1310
1609310 1310
1609320 1310
1609330 1309
1609340 1309
1609350 1309
1609360 1308
1609370 1308
1609380 1308
1609390 1307
1609400 1307
1609410 1307
1609420 1307
1609430 1306
1609440 1306
1609450 1306
1609460 1306
1609470 1306
1609480 1306
1609490 1306
1609500 1306
1609510 1306
1609520 1306
1609530 1307
1609540 1307
1609550 1306
1609560 1307
1609570 1307
1609580 1307
1609590 1307
1609600 1307
1609610 1307
1609620 1305
1609630 1305
1609640 1302
1609650 1299
1609660 1299
1609670 1296
1609680 1293
1609690 1289
1609700 1289
1609710 1286
1609720 1283
1609730 1283
1609740 1281
1609750 1279
1609760 1279
1609770 1279
1609780 1279
1609790 1279
1609800 1276
1609810 1273
1609820 1273
1609830 1269
1609840 1264
1609850 1264
1609860 1259
1609870 1254
1609880 1254
1609890 1248
1609900 1243
1609910 1243
1609920 1237
1609930 1232
1609940 1232
1609950 1227
1609960 1222
1609970 1215
1609980 1215
1609990 1210
1610000 1203
1610010 1203
1610020 1197
1610030 1191
1610040 1191
1610050 1186
1610060 1180
1610070 1180
1610080 1174
1610090 1168
1610100 1168
1610110 1163
1610120 1157
1610130 1157
1610140 1153
1610150 1149
1610160 1149
1610170 1144
1610180 1140
1610190 1140
1610200 1136
1610210 1133
1610220 1133
1610230 1129
1610240 1126
1610250 1123
1610260 1123
1610270 1120
1610280 1117
1610290 1117
1610300 1113
1610310 1110
1610320 1110
1610330 1107
1610340 1105
1610350 1105
1610360 1102
1610370 1099
1610380 1099
1610390 1096
1610400 1093
1610410 1093
1610420 1090
1610430 1087
1610440 1087
1610450 1084
1610460 1081
1610470 1081
1610480 1078
1610490 1073
1610500 1073
1610510 1072
1610520 1070
1610530 1067
1610540 1067
1610550 1064
1610560 1063
1610570 1063
1610580 1062
1610590 1062
1610600 1062
1610610 1062
1610620 1062
1610630 1062
1610640 1061
1610650 1061
1610660 1061
1610670 1061
1610680 1061
1610690 1061
1610700 1061
1610710 1061
1610720 1061
1610730 1062
1610740 1062
1610750 1062
1610760 1062
1610770 1062
1610780 1062
1610790 1063
1610800 1064
1610810 1064
1610820 1066
1610830 1069
1610840 1071
1610850 1071
1610860 1073
1610870 1076
1610880 1076
1610890 1078
1610900 1080
1610910 1080
1610920 1083
1610930 1085
1610940 1085
1610950 1088
1610960 1090
1610970 1090
1610980 1093
1610990 1095
1611000 1095
1611010 1098
1611020 1101
1611030 1101
1611040 1104
1611050 1107
1611060 1107
1611070 1110
1611080 1113
1611090 1113
1611100 1117
1611110 1120
1611120 1124
1611130 1124
1611140 1127
1611150 1130
1611160 1130
1611170 1134
1611180 1137
1611190 1137
1611200 1141
1611210 1145
1611220 1145
1611230 1149
1611240 1152
1611250 1152
1611260 1155
1611270 1158
1611280 1158
1611290 1163
1611300 1167
1611310 1167
1611320 1170
1611330 1174
1611340 1174
1611350 1178
1611360 1182
1611370 1182
1611380 1185
1611390 1188
1611400 1191
1611410 1191
1611420 1194
1611430 1196
1611440 1196
1611450 1198
1611460 1201
1611470 1201
1611480 1203
1611490 1206
1611500 1206
1611510 1208
1611520 1210
1611530 1210
1611540 1210
1611550 1210
1611560 1210
1611570 1211
1611580 1212
1611590 1212
1611600 1213
1611610 1215
1611620 1215
1611630 1215
1611640 1215
1611650 1215
1611660 1215
1611670 1216
1611680 1217
1611690 1217
1611700 1217
1611710 1218
1611720 1218
1611730 1219
1611740 1219
1611750 1219
1611760 1220
1611770 1221
1611780 1221
1611790 1221
1611800 1222
1611810 1222
1611820 1223
1611830 1224
1611840 1224
1611850 1225
1611860 1226
1611870 1226
1611880 1227
1611890 1227
1611900 1227
1611910 1228
1611920 1229
1611930 1229
1611940 1230
1611950 1231
1611960 1232
1611970 1232
1611980 1233
1611990 1234
1612000 1234
1612010 1235
1612020 1236
1612030 1236
1612040 1238
1612050 1240
1612060 1240
1612070 1242
1612080 1243
1612090 1243
1612100 1245
1612110 1248
1612120 1248
1612130 1250
1612140 1250
1612150 1250
1612160 1251
1612170 1253
1612180 1253
1612190 1254
1612200 1256
1612210 1256
1612220 1258
1612230 1261
1612240 1261
1612250 1264
1612260 1267
1612270 1270
1612280 1270
1612290 1279
1612300 1284
1612310 1284
1612320 1286
1612330 1284
1612340 1284
1612350 1282
1612360 1282
1612370 1282
1612380 1282
1612390 1282
1612400 1282
1612410 1283
1612420 1284
1612430 1284
1612440 1285
1612450 1284
1612460 1284
1612470 1284
1612480 1286
1612490 1286
1612500 1288
1612510 1292
1612520 1292
1612530 1299
1612540 1305
1612550 1310
1612560 1310
1612570 1315
1612580 1321
1612590 1321
1612600 1324
1612610 1330
1612620 1330
1612630 1337
1612640 1341
1612650 1341
1612660 1348
1612670 1353
1612680 1353
1612690 1359
1612700 1364
1612710 1364
1612720 1369
1612730 1375
1612740 1375
1612750 1380
1612760 1385
1612770 1385
1612780 1391
1612790 1397
1612800 1397
1612810 1402
1612820 1408
1612830 1415
1612840 1415
1612850 1422
1612860 1429
1612870 1429
1612880 1436
1612890 1440
1612900 1440
1612910 1447
1612920 1454
1612930 1454
1612940 1460
1612950 1466
1612960 1466
1612970 1473
1612980 1479
1612990 1479
1613000 1484
1613010 1490
1613020 1490
1613030 1497
1613040 1503
1613050 1503
1613060 1508
1613070 1513
1613080 1513
1613090 1519
1613100 1525
1613110 1532
1613120 1532
1613130 1539
1613140 1546
1613150 1546
1613160 1553
1613170 1559
1613180 1559
1613190 1566
1613200 1572
1613210 1572
1613220 1577
1613230 1581
1613240 1581
1613250 1587
1613260 1592
1613270 1592
1613280 1596
1613290 1597
1613300 1597
1613310 1603
1613320 1609
1613330 1609
1613340 1612
1613350 1618
1613360 1618
1613370 1623
1613380 1628
1613390 1633
1613400 1633
1613410 1638
1613420 1643
1613430 1643
1613440 1647
1613450 1652
1613460 1652
1613470 1657
1613480 1661
1613490 1661
1613500 1665
1613510 1669
1613520 1669
1613530 1673
1613540 1677
1613550 1677
1613560 1681
1613570 1685
1613580 1685
1613590 1689
1613600 1693
1613610 1693
1613620 1696
1613630 1700
1613640 1700
1613650 1704
1613660 1708
1613670 1708
1613680 1713
1613690 1716
1613700 1719
1613710 1719
1613720 1724
1613730 1727
1613740 1727
1613750 1732
1613760 1735
1613770 1735
1613780 1738
1613790 1741
1613800 1741
1613810 1744
1613820 1748
1613830 1748
1613840 1751
1613850 1754
1613860 1754
1613870 1758
1613880 1761
1613890 1761
1613900 1764
1613910 1767
1613920 1767
1613930 1770
1613940 1773
1613950 1773
1613960 1777
1613970 1780
1613980 1784
1613990 1784
1614000 1788
1614010 1792
1614020 1792
1614030 1796
1614040 1800
1614050 1800
1614060 1803
1614070 1807
1614080 1807
1614090 1810
1614100 1814
1614110 1814
1614120 1817
1614130 1821
1614140 1821
1614150 1826
1614160 1830
1614170 1830
1614180 1833
1614190 1837
1614200 1837
1614210 1841
1614220 1844
1614230 1844
1614240 1848
1614250 1851
1614260 1855
1614270 1852
1614280 1856
1614290 1860
1614300 1860
1614310 1864
1614320 1869
1614330 1869
1614340 1873
1614350 1877
1614360 1877
1614370 1881
1614380 1884
1614390 1884
1614400 1888
1614410 1891
1614420 1891
1614430 1894
1614440 1897
1614450 1897
1614460 1900
1614470 1902
1614480 1902
1614490 1904
1614500 1906
1614510 1906
1614520 1908
1614530 1909
1614540 1910
1614550 1910
1614560 1911
1614570 1911
1614580 1911
1614590 1911
1614600 1911
1614610 1911
1614620 1911
1614630 1911
1614640 1911
1614650 1911
1614660 1911
1614670 1911
1614680 1911
1614690 1912
1614700 1912
1614710 1914
1614720 1916
1614730 1916
1614740 1918
1614750 1920
1614760 1920
1614770 1922
1614780 1924
1614790 1924
1614800 1926
1614810 1928
1614820 1930
1614830 1930
1614840 1933
1614850 1935
1614860 1935
1614870 1937
1614880 1939
1614890 1939
1614900 1941
1614910 1943
1614920 1943
1614930 1945
1614940 1947
1614950 1947
1614960 1949
1614970 1950
1614980 1950
1614990 1951
1615000 1952
1615010 1952
1615020 1953
1615030 1954
1615040 1954
1615050 1954
1615060 1951
1615070 1951
1615080 1946
1615090 1941
1615100 1941
1615110 1939
1615120 1940
1615130 1941
1615140 1941
1615150 1942
1615160 1939
1615170 1939
1615180 1934
1615190 1937
1615200 1937
1615210 1935
1615220 1931
1615230 1931
1615240 1928
1615250 1937
1615260 1937
1615270 1941
1615280 1944
1615290 1944
1615300 1943
1615310 1941
1615320 1941
1615330 1938
1615340 1935
1615350 1935
1615360 1932
1615370 1932
1615380 1932
1615390 1933
1615400 1934
1615410 1935
1615420 1935
1615430 1935
1615440 1932
1615450 1932
1615460 1930
1615470 1928
1615480 1928
1615490 1927
1615500 1928
1615510 1928
1615520 1929
1615530 1930
1615540 1930
1615550 1931
1615560 1933
1615570 1933
1615580 1934
1615590 1936
1615600 1936
1615610 1938
1615620 1940
1615630 1940
1615640 1942
1615650 1943
1615660 1943
1615670 1946
1615680 1949
1615690 1952
1615700 1952
1615710 1955
1615720 1958
1615730 1958
1615740 1960
1615750 1963
1615760 1963
1615770 1965
1615780 1968
1615790 1968
1615800 1970
1615810 1972
1615820 1972
1615830 1974
1615840 1977
1615850 1977
1615860 1979
1615870 1981
1615880 1981
1615890 1983
1615900 1986
1615910 1986
1615920 1989
1615930 1991
1615940 1991
1615950 1993
1615960 1995
1615970 1996
1615980 1996
1615990 1997
1616000 1999
1616010 1999
1616020 1997
1616030 1988
1616040 1988
1616050 1972
1616060 1959
1616070 1959
1616080 1952
1616090 1945
1616100 1945
1616110 1939
1616120 1924
1616130 1924
1616140 1914
1616150 1906
1616160 1906
1616170 1898
1616180 1890
1616190 1890
1616200 1882
1616210 1875
1616220 1875
1616230 1865
1616240 1857
1616250 1857
1616260 1851
1616270 1845
1616280 1840
1616290 1840
1616300 1835
1616310 1830
1616320 1830
1616330 1826
1616340 1821
1616350 1821
1616360 1818
1616370 1815
1616380 1815
1616390 1813
1616400 1811
1616410 1811
1616420 1808
1616430 1805
1616440 1805
1616450 1802
1616460 1798
1616470 1798
1616480 1795
1616490 1792
1616500 1792
1616510 1790
1616520 1789
1616530 1789
1616540 1786
1616550 1781
1616560 1778
1616570 1778
1616580 1774
1616590 1770
1616600 1770
1616610 1767
1616620 1765
1616630 1765
1616640 1765
1616650 1765
1616660 1765
1616670 1764
1616680 1764
1616690 1764
1616700 1764
1616710 1765
1616720 1765
1616730 1765
1616740 1764
1616750 1764
1616760 1764
1616770 1765
1616780 1765
1616790 1766
1616800 1767
1616810 1767
1616820 1770
1616830 1774
1616840 1776
1616850 1776
1616860 1777
1616870 1779
1616880 1779
1616890 1781
1616900 1783
1616910 1783
1616920 1786
1616930 1790
1616940 1790
1616950 1793
1616960 1795
1616970 1795
1616980 1799
1616990 1802
1617000 1802
1617010 1805
1617020 1808
1617030 1808
1617040 1810
1617050 1812
1617060 1812
1617070 1814
1617080 1817
1617090 1817
1617100 1819
1617110 1820
1617120 1821
1617130 1821
1617140 1822
1617150 1824
1617160 1824
1617170 1827
1617180 1829
1617190 1828
1617200 1829
1617210 1830
1617220 1830
1617230 1832
1617240 1833
1617250 1833
1617260 1833
1617270 1834
1617280 1834
1617290 1835
1617300 1836
1617310 1836
1617320 1838
1617330 1839
1617340 1839
1617350 1841
1617360 1843
1617370 1843
1617380 1844
1617390 1846
1617400 1847
1617410 1847
1617420 1849
1617430 1851
1617440 1851
1617450 1852
1617460 1854
1617470 1854
1617480 1855
1617490 1856
1617500 1856
1617510 1858
1617520 1859
1617530 1859
1617540 1860
1617550 1861
1617560 1861
1617570 1862
1617580 1863
1617590 1863
1617600 1864
1617610 1866
1617620 1866
1617630 1868
1617640 1869
1617650 1869
1617660 1870
1617670 1871
1617680 1871
1617690 1871
1617700 1872
1617710 1873
1617720 1873
1617730 1874
1617740 1876
1617750 1876
1617760 1877
1617770 1879
1617780 1879
1617790 1880
1617800 1882
1617810 1882
1617820 1883
1617830 1884
1617840 1884
1617850 1886
1617860 1888
1617870 1888
1617880 1889
1617890 1891
1617900 1891
1617910 1893
1617920 1894
1617930 1894
1617940 1896
1617950 1900
1617960 1900
1617970 1903
1617980 1906
1617990 1911
1618000 1911
1618010 1915
1618020 1918
1618030 1918
1618040 1920
1618050 1921
1618060 1921
1618070 1923
1618080 1925
1618090 1925
1618100 1927
1618110 1929
1618120 1929
1618130 1931
1618140 1933
1618150 1933
1618160 1935
1618170 1938
1618180 1938
1618190 1941
1618200 1944
1618210 1944
1618220 1948
1618230 1952
1618240 1952
1618250 1955
1618260 1959
1618270 1963
1618280 1963
1618290 1967
1618300 1971
1618310 1971
1618320 1975
1618330 1979
1618340 1979
1618350 1984
1618360 1989
1618370 1989
1618380 1994
1618390 1999
1618400 1999
1618410 2004
1618420 2009
1618430 2009
1618440 2013
1618450 2018
1618460 2018
1618470 2022
1618480 2025
1618490 2025
1618500 2029
1618510 2036
1618520 2036
1618530 2041
1618540 2045
1618550 2049
1618560 2049
1618570 2053
1618580 2059
1618590 2059
1618600 2064
1618610 2070
1618620 2070
1618630 2077
1618640 2083
1618650 2083
1618660 2090
1618670 2095
1618680 2095
1618690 2100
1618700 2106
1618710 2106
1618720 2111
1618730 2115
1618740 2115
1618750 2120
1618760 2124
1618770 2124
1618780 2128
1618790 2131
1618800 2131
1618810 2134
1618820 2135
1618830 2135
1618840 2131
1618850 2123
1618860 2117
1618870 2117
1618880 2112
1618890 2107
1618900 2107
1618910 2104
1618920 2101
1618930 2101
1618940 2098
1618950 2096
1618960 2096
1618970 2094
1618980 2090
1618990 2090
1619000 2085
1619010 2080
1619020 2080
1619030 2076
1619040 2073
1619050 2073
1619060 2071
1619070 2066
1619080 2066
1619090 2056
1619100 2057
1619110 2057
1619120 2058
1619130 2062
1619140 2064
1619150 2064
1619160 2058
1619170 2057
1619180 2057
1619190 2053
1619200 2054
1619210 2054
1619220 2054
1619230 2052
1619240 2052
1619250 2050
1619260 2054
1619270 2054
1619280 2059
1619290 2059
1619300 2059
1619310 2056
1619320 2055
1619330 2055
1619340 2054
1619350 2055
1619360 2055
1619370 2056
1619380 2057
1619390 2057
1619400 2056
1619410 2057
1619420 2059
1619430 2059
1619440 2061
1619450 2063
1619460 2063
1619470 2064
1619480 2069
1619490 2069
1619500 2072
1619510 2073
1619520 2073
1619530 2074
1619540 2075
1619550 2075
1619560 2078
1619570 2080
1619580 2080
1619590 2082
1619600 2084
1619610 2084
1619620 2086
1619630 2088
1619640 2088
1619650 2090
1619660 2092
1619670 2092
1619680 2094
1619690 2097
1619700 2099
1619710 2099
1619720 2102
1619730 2105
1619740 2105
1619750 2107
1619760 2110
1619770 2110
1619780 2113
1619790 2116
1619800 2116
1619810 2119
1619820 2121
1619830 2121
1619840 2124
1619850 2126
1619860 2126
1619870 2128
1619880 2129
1619890 2129
1619900 2131
1619910 2132
1619920 2132
1619930 2133
1619940 2134
1619950 2134
1619960 2135
1619970 2136
1619980 2136
1619990 2136
