1600000 1476
1600010 1471
1600020 1471
1600030 1466
1600040 1461
1600050 1461
1600060 1456
1600070 1452
1600080 1452
1600090 1448
1600100 1443
1600110 1443
1600120 1439
1600130 1434
1600140 1434
1600150 1429
1600160 1423
1600170 1423
1600180 1417
1600190 1410
1600200 1410
1600210 1402
1600220 1395
1600230 1395
1600240 1387
1600250 1379
1600260 1379
1600270 1372
1600280 1364
1600290 1359
1600300 1359
1600310 1355
1600320 1351
1600330 1351
1600340 1347
1600350 1343
1600360 1343
1600370 1338
1600380 1334
1600390 1334
1600400 1332
1600410 1329
1600420 1329
1600430 1325
1600440 1322
1600450 1322
1600460 1318
1600470 1314
1600480 1314
1600490 1310
1600500 1307
1600510 1307
1600520 1303
1600530 1299
1600540 1299
1600550 1294
1600560 1288
1600570 1283
1600580 1283
1600590 1277
1600600 1271
1600610 1271
1600620 1267
1600630 1263
1600640 1263
1600650 1261
1600660 1259
1600670 1259
1600680 1257
1600690 1255
1600700 1255
1600710 1253
1600720 1251
1600730 1251
1600740 1250
1600750 1248
1600760 1248
1600770 1246
1600780 1245
1600790 1245
1600800 1245
1600810 1244
1600820 1244
1600830 1244
1600840 1244
1600850 1244
1600860 1244
1600870 1244
1600880 1245
1600890 1245
1600900 1245
1600910 1245
1600920 1245
1600930 1245
1600940 1244
1600950 1244
1600960 1244
1600970 1244
1600980 1244
1600990 1245
1601000 1246
1601010 1246
1601020 1247
1601030 1248
1601040 1248
1601050 1249
1601060 1250
1601070 1250
1601080 1252
1601090 1253
1601100 1253
1601110 1254
1601120 1255
1601130 1255
1601140 1256
1601150 1258
1601160 1260
1601170 1260
1601180 1263
1601190 1265
1601200 1265
1601210 1268
1601220 1271
1601230 1271
1601240 1273
1601250 1276
1601260 1276
1601270 1279
1601280 1282
1601290 1282
1601300 1285
1601310 1288
1601320 1288
1601330 1291
1601340 1294
1601350 1294
1601360 1297
1601370 1299
1601380 1299
1601390 1302
1601400 1305
1601410 1305
1601420 1308
1601430 1311
1601440 1311
1601450 1313
1601460 1316
1601470 1319
1601480 1319
1601490 1323
1601500 1327
1601510 1327
1601520 1329
1601530 1333
1601540 1333
1601550 1337
1601560 1342
1601570 1342
1601580 1346
1601590 1350
1601600 1350
1601610 1354
1601620 1357
1601630 1357
1601640 1358
1601650 1359
1601660 1359
1601670 1362
1601680 1364
1601690 1368
1601700 1368
1601710 1367
1601720 1367
1601730 1369
1601740 1370
1601750 1373
1601760 1373
1601770 1376
1601780 1380
1601790 1380
1601800 1383
1601810 1385
1601820 1385
1601830 1387
1601840 1389
1601850 1389
1601860 1392
1601870 1393
1601880 1393
1601890 1395
1601900 1393
1601910 1393
1601920 1393
1601930 1398
1601940 1398
1601950 1402
1601960 1406
1601970 1406
1601980 1412
1601990 1416
1602000 1416
1602010 1420
1602020 1426
1602030 1432
1602040 1432
1602050 1438
1602060 1444
1602070 1444
1602080 1450
1602090 1455
1602100 1455
1602110 1458
1602120 1463
1602130 1463
1602140 1467
1602150 1471
1602160 1471
1602170 1472
1602180 1472
1602190 1472
1602200 1472
1602210 1473
1602220 1473
1602230 1477
1602240 1483
1602250 1483
1602260 1488
1602270 1494
1602280 1494
1602290 1498
1602300 1502
1602310 1502
1602320 1507
1602330 1510
1602340 1513
1602350 1513
1602360 1517
1602370 1520
1602380 1520
1602390 1523
1602400 1526
1602410 1526
1602420 1529
1602430 1531
1602440 1531
1602450 1533
1602460 1534
1602470 1534
1602480 1530
1602490 1524
1602500 1524
1602510 1519
1602520 1515
1602530 1515
1602540 1510
1602550 1506
1602560 1506
1602570 1502
1602580 1499
1602590 1499
1602600 1496
1602610 1492
1602620 1490
1602630 1490
1602640 1488
1602650 1487
1602660 1487
1602670 1485
1602680 1483
1602690 1483
1602700 1481
1602710 1480
1602720 1480
1602730 1477
1602740 1476
1602750 1476
1602760 1476
1602770 1477
1602780 1480
1602790 1480
1602800 1481
1602810 1481
1602820 1481
1602830 1481
1602840 1481
1602850 1482
1602860 1483
1602870 1483
1602880 1483
1602890 1480
1602900 1477
1602910 1477
1602920 1472
1602930 1468
1602940 1468
1602950 1463
1602960 1457
1602970 1457
1602980 1451
1602990 1450
1603000 1450
1603010 1450
1603020 1447
1603030 1447
1603040 1443
1603050 1442
1603060 1442
1603070 1445
1603080 1452
1603090 1452
1603100 1462
1603110 1469
1603120 1469
1603130 1473
1603140 1477
1603150 1477
1603160 1482
1603170 1488
1603180 1488
1603190 1493
1603200 1497
1603210 1501
1603220 1501
1603230 1506
1603240 1511
1603250 1511
1603260 1517
1603270 1522
1603280 1522
1603290 1526
1603300 1530
1603310 1530
1603320 1533
1603330 1535
1603340 1535
1603350 1537
1603360 1541
1603370 1541
1603380 1546
1603390 1550
1603400 1550
1603410 1554
1603420 1558
1603430 1558
1603440 1562
1603450 1565
1603460 1565
1603470 1569
1603480 1572
1603490 1576
1603500 1576
1603510 1580
1603520 1583
1603530 1583
1603540 1587
1603550 1591
1603560 1591
1603570 1595
1603580 1598
1603590 1598
1603600 1602
1603610 1606
1603620 1606
1603630 1610
1603640 1614
1603650 1614
1603660 1618
1603670 1622
1603680 1622
1603690 1626
1603700 1630
1603710 1630
1603720 1634
1603730 1638
1603740 1638
1603750 1643
1603760 1647
1603770 1647
1603780 1652
1603790 1657
1603800 1661
1603810 1661
1603820 1665
1603830 1669
1603840 1669
1603850 1672
1603860 1676
1603870 1676
1603880 1680
1603890 1684
1603900 1684
1603910 1688
1603920 1693
1603930 1693
1603940 1697
1603950 1701
1603960 1701
1603970 1704
1603980 1709
1603990 1709
1604000 1714
1604010 1718
1604020 1718
1604030 1723
1604040 1727
1604050 1727
1604060 1732
1604070 1737
1604080 1741
1604090 1741
1604100 1745
1604110 1749
1604120 1749
1604130 1753
1604140 1757
1604150 1757
1604160 1761
1604170 1765
1604180 1765
1604190 1769
1604200 1772
1604210 1772
1604220 1775
1604230 1779
1604240 1779
1604250 1783
1604260 1787
1604270 1787
1604280 1790
1604290 1794
1604300 1794
1604310 1797
1604320 1800
1604330 1800
1604340 1804
1604350 1807
1604360 1811
1604370 1811
1604380 1814
1604390 1818
1604400 1818
1604410 1822
1604420 1825
1604430 1825
1604440 1829
1604450 1832
1604460 1832
1604470 1836
1604480 1840
1604490 1840
1604500 1843
1604510 1846
1604520 1846
1604530 1850
1604540 1854
1604550 1854
1604560 1858
1604570 1861
1604580 1861
1604590 1865
1604600 1868
1604610 1868
1604620 1871
1604630 1875
1604640 1875
1604650 1878
1604660 1881
1604670 1884
1604680 1884
1604690 1887
1604700 1891
1604710 1891
1604720 1895
1604730 1898
1604740 1898
1604750 1902
1604760 1905
1604770 1905
1604780 1909
1604790 1914
1604800 1914
1604810 1917
1604820 1921
1604830 1921
1604840 1924
1604850 1928
1604860 1928
1604870 1931
1604880 1934
1604890 1934
1604900 1937
1604910 1940
1604920 1944
1604930 1947
1604940 1951
1604950 1954
1604960 1954
1604970 1957
1604980 1959
1604990 1959
1605000 1963
1605010 1965
1605020 1965
1605030 1967
1605040 1970
1605050 1970
1605060 1975
1605070 1979
1605080 1979
1605090 1983
1605100 1987
1605110 1987
1605120 1990
1605130 1994
1605140 1994
1605150 1997
1605160 2001
1605170 2001
1605180 2004
1605190 2008
1605200 2008
1605210 2011
1605220 2014
1605230 2018
1605240 2018
1605250 2021
1605260 2023
1605270 2023
1605280 2023
1605290 2017
1605300 2017
1605310 2004
1605320 1997
1605330 1997
1605340 1989
1605350 1981
1605360 1981
1605370 1972
1605380 1964
1605390 1964
1605400 1955
1605410 1944
1605420 1944
1605430 1935
1605440 1928
1605450 1928
1605460 1922
1605470 1917
1605480 1917
1605490 1913
1605500 1909
1605510 1909
1605520 1906
1605530 1903
1605540 1901
1605550 1901
1605560 1899
1605570 1896
1605580 1896
1605590 1896
1605600 1896
1605610 1896
1605620 1896
1605630 1895
1605640 1895
1605650 1895
1605660 1894
1605670 1894
1605680 1893
1605690 1894
1605700 1894
1605710 1896
1605720 1898
1605730 1898
1605740 1898
1605750 1899
1605760 1899
1605770 1900
1605780 1902
1605790 1902
1605800 1902
1605810 1901
1605820 1901
1605830 1901
1605840 1902
1605850 1904
1605860 1904
1605870 1906
1605880 1908
1605890 1908
1605900 1910
1605910 1911
1605920 1911
1605930 1912
1605940 1915
1605950 1915
1605960 1920
1605970 1927
1605980 1927
1605990 1932
1606000 1937
1606010 1937
1606020 1942
1606030 1947
1606040 1947
1606050 1952
1606060 1957
1606070 1957
1606080 1962
1606090 1967
1606100 1967
1606110 1972
1606120 1977
1606130 1983
1606140 1983
1606150 1988
1606160 1993
1606170 1993
1606180 1998
1606190 2003
1606200 2003
1606210 2008
1606220 2012
1606230 2012
1606240 2017
1606250 2021
1606260 2021
1606270 2026
1606280 2031
1606290 2031
1606300 2035
1606310 2039
1606320 2039
1606330 2043
1606340 2048
1606350 2048
1606360 2051
1606370 2056
1606380 2056
1606390 2059
1606400 2062
1606410 2064
1606420 2064
1606430 2066
1606440 2068
1606450 2068
1606460 2070
1606470 2069
1606480 2069
1606490 2068
1606500 2063
1606510 2063
1606520 2054
1606530 2046
1606540 2046
1606550 2039
1606560 2032
1606570 2032
1606580 2025
1606590 2019
1606600 2019
1606610 2012
1606620 2006
1606630 2006
1606640 1999
1606650 1992
1606660 1992
1606670 1984
1606680 1977
1606690 1970
1606700 1970
1606710 1962
1606720 1955
1606730 1955
1606740 1948
1606750 1942
1606760 1942
1606770 1935
1606780 1929
1606790 1929
1606800 1922
1606810 1916
1606820 1916
1606830 1911
1606840 1905
1606850 1905
1606860 1898
1606870 1891
1606880 1891
1606890 1885
1606900 1878
1606910 1878
1606920 1871
1606930 1865
1606940 1865
1606950 1858
1606960 1852
1606970 1852
1606980 1847
1606990 1841
1607000 1835
1607010 1835
1607020 1828
1607030 1822
1607040 1822
1607050 1816
1607060 1810
1607070 1810
1607080 1805
1607090 1800
1607100 1800
1607110 1794
1607120 1789
1607130 1789
1607140 1783
1607150 1777
1607160 1777
1607170 1772
1607180 1766
1607190 1766
1607200 1760
1607210 1754
1607220 1754
1607230 1749
1607240 1741
1607250 1741
1607260 1735
1607270 1731
1607280 1730
1607290 1730
1607300 1729
1607310 1728
1607320 1728
1607330 1727
1607340 1725
1607350 1725
1607360 1722
1607370 1719
1607380 1719
1607390 1716
1607400 1713
1607410 1713
1607420 1709
1607430 1706
1607440 1706
1607450 1703
1607460 1700
1607470 1700
1607480 1696
1607490 1692
1607500 1692
1607510 1688
1607520 1683
1607530 1683
1607540 1677
1607550 1670
1607560 1670
1607570 1663
1607580 1660
1607590 1659
1607600 1659
1607610 1655
1607620 1648
1607630 1648
1607640 1640
1607650 1633
1607660 1633
1607670 1631
1607680 1635
1607690 1635
1607700 1632
1607710 1628
1607720 1628
1607730 1623
1607740 1620
1607750 1620
1607760 1619
1607770 1619
1607780 1619
1607790 1618
1607800 1617
1607810 1617
1607820 1617
1607830 1616
1607840 1616
1607850 1615
1607860 1613
1607870 1611
1607880 1611
1607890 1610
1607900 1608
1607910 1608
1607920 1607
1607930 1606
1607940 1606
1607950 1604
1607960 1602
1607970 1602
1607980 1601
1607990 1599
1608000 1599
1608010 1598
1608020 1597
1608030 1597
1608040 1596
1608050 1595
1608060 1595
1608070 1590
1608080 1585
1608090 1585
1608100 1579
1608110 1574
1608120 1574
1608130 1569
1608140 1564
1608150 1559
1608160 1559
1608170 1554
1608180 1549
1608190 1549
1608200 1544
1608210 1540
1608220 1540
1608230 1535
1608240 1531
1608250 1531
1608260 1527
1608270 1523
1608280 1523
1608290 1518
1608300 1514
1608310 1514
1608320 1509
1608330 1505
1608340 1505
1608350 1501
1608360 1497
1608370 1497
1608380 1493
1608390 1489
1608400 1489
1608410 1484
1608420 1479
1608430 1479
1608440 1475
1608450 1470
1608460 1465
1608470 1465
1608480 1460
1608490 1456
1608500 1456
1608510 1451
1608520 1447
1608530 1447
1608540 1443
1608550 1438
1608560 1438
1608570 1435
1608580 1431
1608590 1431
1608600 1427
1608610 1425
1608620 1425
1608630 1422
1608640 1418
1608650 1418
1608660 1415
1608670 1411
1608680 1411
1608690 1407
1608700 1402
1608710 1402
1608720 1396
1608730 1392
1608740 1387
1608750 1387
1608760 1382
1608770 1377
1608780 1377
1608790 1372
1608800 1367
1608810 1367
1608820 1362
1608830 1357
1608840 1357
1608850 1351
1608860 1347
1608870 1347
1608880 1342
1608890 1337
1608900 1337
1608910 1333
1608920 1328
1608930 1328
1608940 1323
1608950 1318
1608960 1318
1608970 1313
1608980 1308
1608990 1308
1609000 1304
1609010 1300
1609020 1296
1609030 1296
1609040 1292
1609050 1288
1609060 1288
1609070 1284
1609080 1276
1609090 1276
1609100 1271
1609110 1267
1609120 1267
1609130 1262
1609140 1256
1609150 1256
1609160 1251
1609170 1247
1609180 1247
1609190 1242
1609200 1237
1609210 1237
1609220 1232
1609230 1227
1609240 1227
1609250 1222
1609260 1217
1609270 1217
1609280 1213
1609290 1209
1609300 1209
1609310 1204
1609320 1200
1609330 1197
1609340 1197
1609350 1194
1609360 1191
1609370 1191
1609380 1188
1609390 1186
1609400 1186
1609410 1183
1609420 1180
1609430 1180
1609440 1177
1609450 1175
1609460 1175
1609470 1172
1609480 1170
1609490 1170
1609500 1167
1609510 1165
1609520 1165
1609530 1163
1609540 1161
1609550 1161
1609560 1159
1609570 1157
1609580 1157
1609590 1155
1609600 1153
1609610 1149
1609620 1149
1609630 1142
1609640 1134
1609650 1134
1609660 1127
1609670 1120
1609680 1120
1609690 1115
1609700 1113
1609710 1113
1609720 1113
1609730 1113
1609740 1113
1609750 1113
1609760 1113
1609770 1113
1609780 1113
1609790 1113
1609800 1113
1609810 1113
1609820 1113
1609830 1113
1609840 1113
1609850 1113
1609860 1113
1609870 1112
1609880 1111
1609890 1111
1609900 1111
1609910 1113
1609920 1115
1609930 1115
1609940 1117
1609950 1117
1609960 1117
1609970 1116
1609980 1116
1609990 1116
1610000 1116
1610010 1117
1610020 1117
1610030 1117
1610040 1118
1610050 1118
1610060 1118
1610070 1119
1610080 1119
1610090 1119
1610100 1120
1610110 1120
1610120 1122
1610130 1125
1610140 1125
1610150 1129
1610160 1131
1610170 1131
1610180 1133
1610190 1135
1610200 1136
1610210 1136
1610220 1137
1610230 1139
1610240 1139
1610250 1142
1610260 1145
1610270 1145
1610280 1148
1610290 1149
1610300 1149
1610310 1150
1610320 1152
1610330 1152
1610340 1153
1610350 1154
1610360 1154
1610370 1154
1610380 1154
1610390 1154
1610400 1154
1610410 1154
1610420 1154
1610430 1154
1610440 1154
1610450 1154
1610460 1153
1610470 1154
1610480 1154
1610490 1154
1610500 1154
1610510 1155
1610520 1155
1610530 1156
1610540 1157
1610550 1157
1610560 1156
1610570 1157
1610580 1157
1610590 1157
1610600 1159
1610610 1159
1610620 1160
1610630 1161
1610640 1161
1610650 1161
1610660 1160
1610670 1160
1610680 1159
1610690 1159
1610700 1159
1610710 1158
1610720 1158
1610730 1158
1610740 1159
1610750 1161
1610760 1161
1610770 1164
1610780 1167
1610790 1170
1610800 1170
1610810 1173
1610820 1176
1610830 1176
1610840 1178
1610850 1179
1610860 1179
1610870 1180
1610880 1181
1610890 1181
1610900 1182
1610910 1184
1610920 1184
1610930 1186
1610940 1189
1610950 1189
1610960 1190
1610970 1192
1610980 1192
1610990 1193
1611000 1193
1611010 1193
1611020 1194
1611030 1195
1611040 1195
1611050 1197
1611060 1198
1611070 1200
1611080 1200
1611090 1202
1611100 1203
1611110 1203
1611120 1203
1611130 1205
1611140 1205
1611150 1209
1611160 1214
1611170 1214
1611180 1219
1611190 1223
1611200 1223
1611210 1227
1611220 1231
1611230 1231
1611240 1235
1611250 1239
1611260 1239
1611270 1244
1611280 1248
1611290 1248
1611300 1253
1611310 1258
1611320 1258
1611330 1263
1611340 1268
1611350 1274
1611360 1274
1611370 1279
1611380 1285
1611390 1285
1611400 1291
1611410 1298
1611420 1298
1611430 1304
1611440 1312
1611450 1312
1611460 1320
1611470 1328
1611480 1328
1611490 1334
1611500 1341
1611510 1341
1611520 1347
1611530 1354
1611540 1354
1611550 1361
1611560 1368
1611570 1368
1611580 1375
1611590 1381
1611600 1381
1611610 1388
1611620 1395
1611630 1395
1611640 1402
1611650 1410
1611660 1417
1611670 1417
1611680 1424
1611690 1431
1611700 1431
1611710 1438
1611720 1445
1611730 1445
1611740 1453
1611750 1461
1611760 1461
1611770 1467
1611780 1475
1611790 1475
1611800 1481
1611810 1488
1611820 1488
1611830 1494
1611840 1501
1611850 1501
1611860 1508
1611870 1514
1611880 1514
1611890 1520
1611900 1518
1611910 1518
1611920 1515
1611930 1516
1611940 1518
1611950 1518
1611960 1520
1611970 1523
1611980 1523
1611990 1524
1612000 1523
1612010 1523
1612020 1513
1612030 1500
1612040 1500
1612050 1488
1612060 1479
1612070 1479
1612080 1477
1612090 1480
1612100 1480
1612110 1483
1612120 1479
1612130 1479
1612140 1468
1612150 1459
1612160 1459
1612170 1453
1612180 1452
1612190 1452
1612200 1455
1612210 1459
1612220 1459
1612230 1452
1612240 1433
1612250 1408
1612260 1408
1612270 1388
1612280 1374
1612290 1374
1612300 1360
1612310 1346
1612320 1346
1612330 1339
1612340 1333
1612350 1333
1612360 1326
1612370 1320
1612380 1320
1612390 1312
1612400 1307
1612410 1307
1612420 1301
1612430 1294
1612440 1294
1612450 1289
1612460 1284
1612470 1284
1612480 1279
1612490 1274
1612500 1274
1612510 1268
1612520 1264
1612530 1264
1612540 1264
1612550 1263
1612560 1264
1612570 1264
1612580 1265
1612590 1266
1612600 1266
1612610 1266
1612620 1267
1612630 1267
1612640 1269
1612650 1270
1612660 1270
1612670 1271
1612680 1274
1612690 1274
1612700 1276
1612710 1277
1612720 1277
1612730 1278
1612740 1281
1612750 1281
1612760 1283
1612770 1286
1612780 1286
1612790 1289
1612800 1291
1612810 1293
1612820 1293
1612830 1295
1612840 1297
1612850 1297
1612860 1296
1612870 1296
1612880 1296
1612890 1298
1612900 1300
1612910 1300
1612920 1302
1612930 1303
1612940 1303
1612950 1302
1612960 1302
1612970 1302
1612980 1303
1612990 1309
1613000 1309
1613010 1314
1613020 1319
1613030 1319
1613040 1324
1613050 1328
1613060 1328
1613070 1332
1613080 1336
1613090 1336
1613100 1341
1613110 1345
1613120 1346
1613130 1346
1613140 1350
1613150 1355
1613160 1355
1613170 1359
1613180 1361
1613190 1361
1613200 1363
1613210 1366
1613220 1366
1613230 1371
1613240 1374
1613250 1374
1613260 1378
1613270 1381
1613280 1381
1613290 1384
1613300 1387
1613310 1387
1613320 1389
1613330 1392
1613340 1392
1613350 1394
1613360 1397
1613370 1397
1613380 1400
1613390 1403
1613400 1405
1613410 1405
1613420 1410
1613430 1413
1613440 1413
1613450 1414
1613460 1415
1613470 1415
1613480 1417
1613490 1419
1613500 1419
1613510 1421
1613520 1422
1613530 1422
1613540 1423
1613550 1425
1613560 1425
1613570 1426
1613580 1426
1613590 1426
1613600 1425
1613610 1425
1613620 1425
1613630 1426
1613640 1427
1613650 1427
1613660 1428
1613670 1430
1613680 1430
1613690 1431
1613700 1431
1613710 1432
1613720 1432
1613730 1434
1613740 1435
1613750 1435
1613760 1434
1613770 1434
1613780 1434
1613790 1434
1613800 1434
1613810 1434
1613820 1433
1613830 1433
1613840 1433
1613850 1433
1613860 1432
1613870 1432
1613880 1433
1613890 1433
1613900 1433
1613910 1433
1613920 1433
1613930 1433
1613940 1433
1613950 1433
1613960 1433
1613970 1434
1613980 1434
1613990 1432
1614000 1432
1614010 1430
1614020 1428
1614030 1428
1614040 1428
1614050 1430
1614060 1430
1614070 1429
1614080 1431
1614090 1431
1614100 1430
1614110 1423
1614120 1423
1614130 1422
1614140 1422
1614150 1422
1614160 1422
1614170 1422
1614180 1422
1614190 1422
1614200 1421
1614210 1421
1614220 1420
1614230 1420
1614240 1420
1614250 1419
1614260 1419
1614270 1418
1614280 1418
1614290 1416
1614300 1414
1614310 1414
1614320 1413
1614330 1413
1614340 1413
1614350 1414
1614360 1416
1614370 1416
1614380 1420
1614390 1423
1614400 1423
1614410 1424
1614420 1424
1614430 1424
1614440 1424
1614450 1425
1614460 1425
1614470 1424
1614480 1422
1614490 1422
1614500 1420
1614510 1419
1614520 1419
1614530 1417
1614540 1418
1614550 1418
1614560 1419
1614570 1420
1614580 1421
1614590 1421
1614600 1421
1614610 1422
1614620 1422
1614630 1422
1614640 1422
1614650 1422
1614660 1423
1614670 1422
1614680 1422
1614690 1421
1614700 1420
1614710 1420
1614720 1420
1614730 1418
1614740 1418
1614750 1417
1614760 1416
1614770 1416
1614780 1416
1614790 1417
1614800 1417
1614810 1417
1614820 1417
1614830 1417
1614840 1418
1614850 1418
1614860 1419
1614870 1419
1614880 1420
1614890 1421
1614900 1421
1614910 1422
1614920 1422
1614930 1422
1614940 1423
1614950 1424
1614960 1424
1614970 1424
1614980 1425
1614990 1425
1615000 1425
1615010 1425
1615020 1425
1615030 1425
1615040 1424
1615050 1424
1615060 1423
1615070 1424
1615080 1424
1615090 1422
1615100 1422
1615110 1422
1615120 1422
1615130 1422
1615140 1422
1615150 1422
1615160 1422
1615170 1423
1615180 1423
1615190 1423
1615200 1424
1615210 1424
1615220 1424
1615230 1424
1615240 1424
1615250 1424
1615260 1424
1615270 1424
1615280 1425
1615290 1425
1615300 1425
1615310 1426
1615320 1426
1615330 1426
1615340 1426
1615350 1426
1615360 1426
1615370 1426
1615380 1426
1615390 1426
1615400 1425
1615410 1425
1615420 1425
1615430 1425
1615440 1426
1615450 1426
1615460 1426
1615470 1426
1615480 1427
1615490 1427
1615500 1427
1615510 1428
1615520 1428
1615530 1428
1615540 1428
1615550 1428
1615560 1429
1615570 1429
1615580 1429
1615590 1429
1615600 1430
1615610 1430
1615620 1432
1615630 1434
1615640 1434
1615650 1436
1615660 1437
1615670 1437
1615680 1438
1615690 1438
1615700 1438
1615710 1439
1615720 1440
1615730 1441
1615740 1441
1615750 1443
1615760 1444
1615770 1444
1615780 1445
1615790 1446
1615800 1446
1615810 1448
1615820 1449
1615830 1449
1615840 1451
1615850 1452
1615860 1452
1615870 1453
1615880 1454
1615890 1454
1615900 1456
1615910 1458
1615920 1458
1615930 1459
1615940 1461
1615950 1461
1615960 1462
1615970 1463
1615980 1463
1615990 1465
1616000 1466
1616010 1466
1616020 1467
1616030 1467
1616040 1468
1616050 1468
1616060 1471
1616070 1472
1616080 1472
1616090 1473
1616100 1475
1616110 1475
1616120 1477
1616130 1478
1616140 1478
1616150 1480
1616160 1481
1616170 1481
1616180 1481
1616190 1483
1616200 1483
1616210 1485
1616220 1488
1616230 1488
1616240 1490
1616250 1491
1616260 1491
1616270 1492
1616280 1493
1616290 1493
1616300 1495
1616310 1496
1616320 1501
1616330 1501
1616340 1506
1616350 1509
1616360 1509
1616370 1514
1616380 1517
1616390 1517
1616400 1518
1616410 1520
1616420 1520
1616430 1522
1616440 1524
1616450 1524
1616460 1528
1616470 1532
1616480 1532
1616490 1538
1616500 1543
1616510 1543
1616520 1548
1616530 1550
1616540 1550
1616550 1553
1616560 1556
1616570 1556
1616580 1560
1616590 1564
1616600 1568
1616610 1568
1616620 1573
1616630 1578
1616640 1578
1616650 1583
1616660 1586
1616670 1586
1616680 1592
1616690 1598
1616700 1598
1616710 1603
1616720 1609
1616730 1609
1616740 1615
1616750 1622
1616760 1622
1616770 1628
1616780 1635
1616790 1635
1616800 1641
1616810 1646
1616820 1646
1616830 1653
1616840 1659
1616850 1659
1616860 1665
1616870 1672
1616880 1672
1616890 1680
1616900 1687
1616910 1694
1616920 1694
1616930 1701
1616940 1708
1616950 1708
1616960 1715
1616970 1722
1616980 1722
1616990 1729
1617000 1737
1617010 1737
1617020 1744
1617030 1750
1617040 1750
1617050 1759
1617060 1767
1617070 1767
1617080 1776
1617090 1785
1617100 1785
1617110 1794
1617120 1799
1617130 1799
1617140 1805
1617150 1812
1617160 1812
1617170 1818
1617180 1826
1617190 1832
1617200 1832
1617210 1837
1617220 1840
1617230 1840
1617240 1844
1617250 1852
1617260 1852
1617270 1860
1617280 1868
1617290 1868
1617300 1876
1617310 1885
1617320 1885
1617330 1893
1617340 1900
1617350 1900
1617360 1907
1617370 1913
1617380 1913
1617390 1919
1617400 1925
1617410 1925
1617420 1931
1617430 1936
1617440 1936
1617450 1942
1617460 1948
1617470 1948
1617480 1956
1617490 1968
1617500 1979
1617510 1979
1617520 1989
1617530 1998
1617540 1998
1617550 2006
1617560 2013
1617570 2013
1617580 2020
1617590 2029
1617600 2029
1617610 2037
1617620 2044
1617630 2044
1617640 2051
1617650 2058
1617660 2058
1617670 2065
1617680 2073
1617690 2073
1617700 2079
1617710 2086
1617720 2086
1617730 2092
1617740 2099
1617750 2099
1617760 2106
1617770 2113
1617780 2121
1617790 2121
1617800 2129
1617810 2136
1617820 2136
1617830 2144
1617840 2152
1617850 2152
1617860 2160
1617870 2168
1617880 2168
1617890 2177
1617900 2185
1617910 2185
1617920 2193
1617930 2190
1617940 2190
1617950 2188
1617960 2195
1617970 2195
1617980 2201
1617990 2194
1618000 2194
1618010 2190
1618020 2198
1618030 2198
1618040 2209
1618050 2211
1618060 2205
1618070 2205
1618080 2206
1618090 2205
1618100 2205
1618110 2201
1618120 2183
1618130 2183
1618140 2171
1618150 2168
1618160 2168
1618170 2164
1618180 2153
1618190 2153
1618200 2142
1618210 2139
1618220 2139
1618230 2136
1618240 2132
1618250 2132
1618260 2131
1618270 2111
1618280 2111
1618290 2086
1618300 2071
1618310 2071
1618320 2066
1618330 2056
1618340 2056
1618350 2044
1618360 2035
1618370 2028
1618380 2028
1618390 2022
1618400 2017
1618410 2017
1618420 2012
1618430 2007
1618440 2007
1618450 2001
1618460 1995
1618470 1995
1618480 1990
1618490 1985
1618500 1985
1618510 1982
1618520 1979
1618530 1979
1618540 1976
1618550 1975
1618560 1975
1618570 1974
1618580 1973
1618590 1973
1618600 1970
1618610 1967
1618620 1967
1618630 1964
1618640 1960
1618650 1957
1618660 1957
1618670 1954
1618680 1951
1618690 1951
1618700 1948
1618710 1946
1618720 1946
1618730 1943
1618740 1940
1618750 1940
1618760 1936
1618770 1932
1618780 1932
1618790 1929
1618800 1927
1618810 1927
1618820 1924
1618830 1921
1618840 1921
1618850 1917
1618860 1914
1618870 1914
1618880 1911
1618890 1907
1618900 1907
1618910 1904
1618920 1899
1618930 1899
1618940 1895
1618950 1889
1618960 1885
1618970 1885
1618980 1881
1618990 1877
1619000 1877
1619010 1875
1619020 1871
1619030 1871
1619040 1867
1619050 1865
1619060 1865
1619070 1863
1619080 1861
1619090 1861
1619100 1861
1619110 1859
1619120 1859
1619130 1855
1619140 1851
1619150 1851
1619160 1849
1619170 1848
1619180 1848
1619190 1846
1619200 1844
1619210 1844
1619220 1840
1619230 1833
1619240 1829
1619250 1829
1619260 1829
1619270 1829
1619280 1829
1619290 1828
1619300 1825
1619310 1825
1619320 1823
1619330 1822
1619340 1822
1619350 1822
1619360 1820
1619370 1820
1619380 1818
1619390 1815
1619400 1815
1619410 1813
1619420 1809
1619430 1809
1619440 1805
1619450 1801
1619460 1801
1619470 1797
1619480 1793
1619490 1793
1619500 1790
1619510 1787
1619520 1787
1619530 1787
1619540 1785
1619550 1783
1619560 1783
1619570 1780
1619580 1779
1619590 1779
1619600 1779
1619610 1779
1619620 1779
1619630 1778
1619640 1776
1619650 1776
1619660 1775
1619670 1773
1619680 1773
1619690 1770
1619700 1768
1619710 1768
1619720 1766
1619730 1765
1619740 1765
1619750 1763
1619760 1762
1619770 1762
1619780 1762
1619790 1762
1619800 1762
1619810 1761
1619820 1759
1619830 1757
1619840 1757
1619850 1755
1619860 1752
1619870 1752
1619880 1749
1619890 1750
1619900 1750
1619910 1746
1619920 1742
1619930 1742
1619940 1740
1619950 1738
1619960 1738
1619970 1737
1619980 1735
1619990 1735
