1600000 1404
1600010 1404
1600020 1399
1600030 1394
1600040 1394
1600050 1389
1600060 1385
1600070 1385
1600080 1379
1600090 1374
1600100 1374
1600110 1368
1600120 1362
1600130 1362
1600140 1356
1600150 1350
1600160 1350
1600170 1347
1600180 1343
1600190 1343
1600200 1339
1600210 1334
1600220 1329
1600230 1329
1600240 1323
1600250 1320
1600260 1320
1600270 1317
1600280 1313
1600290 1313
1600300 1310
1600310 1306
1600320 1306
1600330 1302
1600340 1298
1600350 1298
1600360 1294
1600370 1291
1600380 1291
1600390 1289
1600400 1287
1600410 1287
1600420 1285
1600430 1282
1600440 1282
1600450 1278
1600460 1275
1600470 1275
1600480 1273
1600490 1270
1600500 1270
1600510 1266
1600520 1264
1600530 1263
1600540 1263
1600550 1262
1600560 1261
1600570 1261
1600580 1261
1600590 1260
1600600 1260
1600610 1259
1600620 1259
1600630 1259
1600640 1258
1600650 1258
1600660 1258
1600670 1257
1600680 1257
1600690 1257
1600700 1257
1600710 1257
1600720 1257
1600730 1258
1600740 1260
1600750 1260
1600760 1261
1600770 1262
1600780 1262
1600790 1263
1600800 1264
1600810 1265
1600820 1265
1600830 1265
1600840 1266
1600850 1266
1600860 1266
1600870 1267
1600880 1267
1600890 1268
1600900 1270
1600910 1270
1600920 1271
1600930 1273
1600940 1273
1600950 1276
1600960 1279
1600970 1279
1600980 1282
1600990 1286
1601000 1286
1601010 1289
1601020 1292
1601030 1296
1601040 1299
1601050 1302
1601060 1302
1601070 1304
1601080 1307
1601090 1307
1601100 1312
1601110 1315
1601120 1318
1601130 1318
1601140 1322
1601150 1327
1601160 1327
1601170 1331
1601180 1334
1601190 1334
1601200 1338
1601210 1342
1601220 1342
1601230 1347
1601240 1351
1601250 1351
1601260 1354
1601270 1356
1601280 1356
1601290 1359
1601300 1362
1601310 1362
1601320 1365
1601330 1369
1601340 1369
1601350 1373
1601360 1378
1601370 1378
1601380 1383
1601390 1385
1601400 1385
1601410 1385
1601420 1383
1601430 1383
1601440 1383
1601450 1387
1601460 1395
1601470 1395
1601480 1403
1601490 1409
1601500 1409
1601510 1412
1601520 1415
1601530 1415
1601540 1419
1601550 1422
1601560 1422
1601570 1424
1601580 1428
1601590 1428
1601600 1432
1601610 1435
1601620 1435
1601630 1438
1601640 1441
1601650 1441
1601660 1445
1601670 1449
1601680 1451
1601690 1451
1601700 1453
1601710 1456
1601720 1456
1601730 1459
1601740 1462
1601750 1462
1601760 1465
1601770 1468
1601780 1468
1601790 1471
1601800 1474
1601810 1474
1601820 1477
1601830 1480
1601840 1480
1601850 1483
1601860 1485
1601870 1485
1601880 1487
1601890 1490
1601900 1490
1601910 1493
1601920 1495
1601930 1495
1601940 1495
1601950 1495
1601960 1495
1601970 1496
1601980 1497
1601990 1499
1602000 1499
1602010 1502
1602020 1504
1602030 1504
1602040 1507
1602050 1509
1602060 1509
1602070 1513
1602080 1517
1602090 1517
1602100 1520
1602110 1523
1602120 1527
1602130 1531
1602140 1535
1602150 1535
1602160 1539
1602170 1543
1602180 1543
1602190 1546
1602200 1550
1602210 1550
1602220 1553
1602230 1557
1602240 1557
1602250 1561
1602260 1565
1602270 1568
1602280 1568
1602290 1572
1602300 1576
1602310 1576
1602320 1580
1602330 1583
1602340 1583
1602350 1586
1602360 1589
1602370 1589
1602380 1592
1602390 1596
1602400 1596
1602410 1598
1602420 1600
1602430 1600
1602440 1602
1602450 1604
1602460 1604
1602470 1606
1602480 1607
1602490 1607
1602500 1609
1602510 1612
1602520 1612
1602530 1616
1602540 1619
1602550 1619
1602560 1619
1602570 1614
1602580 1609
1602590 1609
1602600 1605
1602610 1601
1602620 1601
1602630 1597
1602640 1593
1602650 1593
1602660 1587
1602670 1583
1602680 1583
1602690 1578
1602700 1573
1602710 1573
1602720 1569
1602730 1566
1602740 1566
1602750 1562
1602760 1559
1602770 1559
1602780 1556
1602790 1553
1602800 1553
1602810 1551
1602820 1550
1602830 1550
1602840 1551
1602850 1550
1602860 1550
1602870 1550
1602880 1548
1602890 1547
1602900 1547
1602910 1545
1602920 1545
1602930 1545
1602940 1545
1602950 1543
1602960 1543
1602970 1542
1602980 1541
1602990 1541
1603000 1540
1603010 1540
1603020 1540
1603030 1539
1603040 1538
1603050 1538
1603060 1537
1603070 1537
1603080 1537
1603090 1538
1603100 1537
1603110 1537
1603120 1536
1603130 1534
1603140 1533
1603150 1533
1603160 1533
1603170 1532
1603180 1532
1603190 1531
1603200 1529
1603210 1529
1603220 1521
1603230 1514
1603240 1514
1603250 1509
1603260 1516
1603270 1516
1603280 1524
1603290 1528
1603300 1528
1603310 1532
1603320 1534
1603330 1534
1603340 1533
1603350 1534
1603360 1534
1603370 1536
1603380 1536
1603390 1536
1603400 1536
1603410 1534
1603420 1534
1603430 1532
1603440 1529
1603450 1526
1603460 1526
1603470 1524
1603480 1524
1603490 1524
1603500 1529
1603510 1536
1603520 1536
1603530 1544
1603540 1550
1603550 1550
1603560 1556
1603570 1562
1603580 1562
1603590 1568
1603600 1573
1603610 1573
1603620 1578
1603630 1583
1603640 1583
1603650 1587
1603660 1592
1603670 1592
1603680 1596
1603690 1601
1603700 1601
1603710 1605
1603720 1608
1603730 1612
1603740 1612
1603750 1616
1603760 1620
1603770 1620
1603780 1625
1603790 1629
1603800 1629
1603810 1634
1603820 1638
1603830 1638
1603840 1642
1603850 1647
1603860 1647
1603870 1652
1603880 1657
1603890 1657
1603900 1661
1603910 1666
1603920 1666
1603930 1671
1603940 1676
1603950 1676
1603960 1681
1603970 1686
1603980 1686
1603990 1690
1604000 1695
1604010 1701
1604020 1701
1604030 1708
1604040 1714
1604050 1714
1604060 1719
1604070 1725
1604080 1725
1604090 1730
1604100 1733
1604110 1733
1604120 1735
1604130 1739
1604140 1739
1604150 1745
1604160 1752
1604170 1752
1604180 1757
1604190 1760
1604200 1760
1604210 1763
1604220 1767
1604230 1767
1604240 1771
1604250 1777
1604260 1777
1604270 1783
1604280 1791
1604290 1791
1604300 1798
1604310 1805
1604320 1811
1604330 1811
1604340 1816
1604350 1821
1604360 1821
1604370 1827
1604380 1832
1604390 1832
1604400 1836
1604410 1840
1604420 1840
1604430 1845
1604440 1850
1604450 1850
1604460 1855
1604470 1858
1604480 1858
1604490 1862
1604500 1865
1604510 1865
1604520 1868
1604530 1871
1604540 1871
1604550 1875
1604560 1881
1604570 1881
1604580 1886
1604590 1890
1604600 1896
1604610 1896
1604620 1901
1604630 1907
1604640 1907
1604650 1912
1604660 1917
1604670 1917
1604680 1920
1604690 1925
1604700 1925
1604710 1930
1604720 1934
1604730 1934
1604740 1938
1604750 1942
1604760 1942
1604770 1947
1604780 1951
1604790 1951
1604800 1954
1604810 1956
1604820 1956
1604830 1959
1604840 1962
1604850 1962
1604860 1966
1604870 1971
1604880 1971
1604890 1975
1604900 1978
1604910 1980
1604920 1980
1604930 1983
1604940 1986
1604950 1986
1604960 1991
1604970 1996
1604980 1996
1604990 2001
1605000 2005
1605010 2005
1605020 2008
1605030 2013
1605040 2013
1605050 2017
1605060 2022
1605070 2022
1605080 2026
1605090 2030
1605100 2030
1605110 2034
1605120 2037
1605130 2037
1605140 2041
1605150 2043
1605160 2043
1605170 2048
1605180 2052
1605190 2056
1605200 2056
1605210 2061
1605220 2066
1605230 2066
1605240 2070
1605250 2073
1605260 2073
1605270 2076
1605280 2078
1605290 2078
1605300 2078
1605310 2079
1605320 2079
1605330 2077
1605340 2078
1605350 2078
1605360 2073
1605370 2070
1605380 2070
1605390 2064
1605400 2058
1605410 2058
1605420 2052
1605430 2046
1605440 2046
1605450 2044
1605460 2044
1605470 2042
1605480 2042
1605490 2038
1605500 2027
1605510 2027
1605520 2018
1605530 2016
1605540 2016
1605550 2012
1605560 2008
1605570 2008
1605580 2005
1605590 2006
1605600 2006
1605610 2007
1605620 2005
1605630 2005
1605640 2005
1605650 2005
1605660 2005
1605670 2005
1605680 2006
1605690 2006
1605700 2007
1605710 2008
1605720 2008
1605730 2010
1605740 2011
1605750 2011
1605760 2009
1605770 2007
1605780 2005
1605790 2005
1605800 2005
1605810 2005
1605820 2005
1605830 2005
1605840 2004
1605850 2004
1605860 2005
1605870 2005
1605880 2005
1605890 2005
1605900 2007
1605910 2007
1605920 2009
1605930 2012
1605940 2012
1605950 2015
1605960 2017
1605970 2017
1605980 2020
1605990 2022
1606000 2022
1606010 2025
1606020 2028
1606030 2028
1606040 2031
1606050 2033
1606060 2035
1606070 2035
1606080 2037
1606090 2039
1606100 2039
1606110 2041
1606120 2044
1606130 2044
1606140 2047
1606150 2050
1606160 2050
1606170 2053
1606180 2057
1606190 2057
1606200 2060
1606210 2063
1606220 2063
1606230 2067
1606240 2071
1606250 2071
1606260 2074
1606270 2078
1606280 2078
1606290 2082
1606300 2086
1606310 2086
1606320 2089
1606330 2092
1606340 2092
1606350 2095
1606360 2098
1606370 2101
1606380 2101
1606390 2106
1606400 2108
1606410 2108
1606420 2110
1606430 2112
1606440 2112
1606450 2113
1606460 2112
1606470 2112
1606480 2109
1606490 2103
1606500 2103
1606510 2096
1606520 2088
1606530 2088
1606540 2080
1606550 2073
1606560 2073
1606570 2066
1606580 2058
1606590 2058
1606600 2050
1606610 2043
1606620 2043
1606630 2037
1606640 2031
1606650 2025
1606660 2025
1606670 2018
1606680 2012
1606690 2012
1606700 2006
1606710 2000
1606720 2000
1606730 1994
1606740 1988
1606750 1988
1606760 1982
1606770 1979
1606780 1979
1606790 1976
1606800 1973
1606810 1973
1606820 1970
1606830 1966
1606840 1966
1606850 1962
1606860 1956
1606870 1956
1606880 1949
1606890 1943
1606900 1943
1606910 1937
1606920 1931
1606930 1925
1606940 1925
1606950 1919
1606960 1911
1606970 1911
1606980 1900
1606990 1888
1607000 1888
1607010 1880
1607020 1873
1607030 1873
1607040 1866
1607050 1857
1607060 1857
1607070 1847
1607080 1836
1607090 1836
1607100 1829
1607110 1821
1607120 1821
1607130 1815
1607140 1809
1607150 1809
1607160 1805
1607170 1801
1607180 1801
1607190 1796
1607200 1790
1607210 1790
1607220 1786
1607230 1783
1607240 1780
1607250 1780
1607260 1776
1607270 1772
1607280 1772
1607290 1768
1607300 1765
1607310 1765
1607320 1762
1607330 1759
1607340 1759
1607350 1756
1607360 1754
1607370 1754
1607380 1750
1607390 1746
1607400 1746
1607410 1741
1607420 1738
1607430 1738
1607440 1735
1607450 1733
1607460 1733
1607470 1730
1607480 1727
1607490 1727
1607500 1723
1607510 1720
1607520 1717
1607530 1717
1607540 1713
1607550 1709
1607560 1709
1607570 1705
1607580 1701
1607590 1701
1607600 1696
1607610 1692
1607620 1692
1607630 1688
1607640 1684
1607650 1684
1607660 1680
1607670 1673
1607680 1673
1607690 1667
1607700 1661
1607710 1661
1607720 1656
1607730 1652
1607740 1652
1607750 1647
1607760 1643
1607770 1643
1607780 1639
1607790 1635
1607800 1635
1607810 1630
1607820 1623
1607830 1617
1607840 1617
1607850 1610
1607860 1603
1607870 1603
1607880 1597
1607890 1589
1607900 1589
1607910 1581
1607920 1574
1607930 1574
1607940 1568
1607950 1564
1607960 1564
1607970 1559
1607980 1554
1607990 1554
1608000 1549
1608010 1545
1608020 1545
1608030 1540
1608040 1535
1608050 1535
1608060 1530
1608070 1526
1608080 1526
1608090 1520
1608100 1516
1608110 1511
1608120 1511
1608130 1507
1608140 1502
1608150 1502
1608160 1497
1608170 1491
1608180 1491
1608190 1486
1608200 1481
1608210 1481
1608220 1476
1608230 1471
1608240 1471
1608250 1467
1608260 1462
1608270 1462
1608280 1457
1608290 1453
1608300 1453
1608310 1448
1608320 1443
1608330 1443
1608340 1438
1608350 1435
1608360 1435
1608370 1432
1608380 1430
1608390 1426
1608400 1426
1608410 1423
1608420 1419
1608430 1419
1608440 1416
1608450 1413
1608460 1408
1608470 1405
1608480 1402
1608490 1402
1608500 1397
1608510 1392
1608520 1392
1608530 1389
1608540 1385
1608550 1385
1608560 1381
1608570 1378
1608580 1378
1608590 1374
1608600 1371
1608610 1371
1608620 1368
1608630 1364
1608640 1364
1608650 1360
1608660 1355
1608670 1355
1608680 1350
1608690 1345
1608700 1340
1608710 1340
1608720 1336
1608730 1332
1608740 1332
1608750 1329
1608760 1325
1608770 1325
1608780 1322
1608790 1317
1608800 1317
1608810 1314
1608820 1310
1608830 1310
1608840 1306
1608850 1302
1608860 1302
1608870 1299
1608880 1295
1608890 1295
1608900 1292
1608910 1288
1608920 1288
1608930 1285
1608940 1282
1608950 1282
1608960 1280
1608970 1277
1608980 1273
1608990 1273
1609000 1269
1609010 1266
1609020 1266
1609030 1264
1609040 1262
1609050 1262
1609060 1260
1609070 1257
1609080 1257
1609090 1254
1609100 1251
1609110 1251
1609120 1248
1609130 1245
1609140 1245
1609150 1243
1609160 1240
1609170 1240
1609180 1237
1609190 1234
1609200 1234
1609210 1231
1609220 1229
1609230 1229
1609240 1227
1609250 1224
1609260 1224
1609270 1221
1609280 1217
1609290 1214
1609300 1214
1609310 1212
1609320 1210
1609330 1210
1609340 1207
1609350 1205
1609360 1205
1609370 1203
1609380 1200
1609390 1200
1609400 1198
1609410 1196
1609420 1196
1609430 1194
1609440 1191
1609450 1191
1609460 1189
1609470 1187
1609480 1187
1609490 1185
1609500 1184
1609510 1184
1609520 1183
1609530 1181
1609540 1181
1609550 1180
1609560 1178
1609570 1176
1609580 1176
1609590 1175
1609600 1173
1609610 1173
1609620 1171
1609630 1170
1609640 1170
1609650 1168
1609660 1167
1609670 1167
1609680 1165
1609690 1164
1609700 1164
1609710 1162
1609720 1161
1609730 1161
1609740 1160
1609750 1158
1609760 1158
1609770 1156
1609780 1153
1609790 1153
1609800 1148
1609810 1144
1609820 1144
1609830 1140
1609840 1137
1609850 1136
1609860 1136
1609870 1136
1609880 1135
1609890 1135
1609900 1134
1609910 1133
1609920 1133
1609930 1133
1609940 1133
1609950 1133
1609960 1133
1609970 1131
1609980 1131
1609990 1130
1610000 1130
1610010 1130
1610020 1130
1610030 1130
1610040 1130
1610050 1129
1610060 1129
1610070 1129
1610080 1128
1610090 1127
1610100 1127
1610110 1127
1610120 1126
1610130 1126
1610140 1125
1610150 1124
1610160 1124
1610170 1124
1610180 1124
1610190 1123
1610200 1123
1610210 1123
1610220 1122
1610230 1122
1610240 1119
1610250 1119
1610260 1119
1610270 1122
1610280 1122
1610290 1122
1610300 1123
1610310 1124
1610320 1124
1610330 1125
1610340 1126
1610350 1126
1610360 1128
1610370 1130
1610380 1130
1610390 1132
1610400 1134
1610410 1134
1610420 1135
1610430 1135
1610440 1134
1610450 1134
1610460 1133
1610470 1134
1610480 1134
1610490 1135
1610500 1137
1610510 1137
1610520 1137
1610530 1138
1610540 1138
1610550 1138
1610560 1139
1610570 1139
1610580 1139
1610590 1140
1610600 1140
1610610 1141
1610620 1141
1610630 1141
1610640 1142
1610650 1142
1610660 1142
1610670 1142
1610680 1143
1610690 1143
1610700 1144
1610710 1146
1610720 1146
1610730 1147
1610740 1148
1610750 1149
1610760 1149
1610770 1149
1610780 1148
1610790 1148
1610800 1148
1610810 1148
1610820 1148
1610830 1149
1610840 1150
1610850 1150
1610860 1151
1610870 1152
1610880 1152
1610890 1153
1610900 1154
1610910 1154
1610920 1156
1610930 1158
1610940 1158
1610950 1161
1610960 1164
1610970 1164
1610980 1166
1610990 1169
1611000 1169
1611010 1173
1611020 1176
1611030 1179
1611040 1179
1611050 1183
1611060 1186
1611070 1186
1611080 1190
1611090 1194
1611100 1194
1611110 1198
1611120 1203
1611130 1203
1611140 1208
1611150 1214
1611160 1214
1611170 1219
1611180 1224
1611190 1224
1611200 1230
1611210 1235
1611220 1235
1611230 1241
1611240 1247
1611250 1247
1611260 1254
1611270 1260
1611280 1260
1611290 1267
1611300 1274
1611310 1280
1611320 1280
1611330 1286
1611340 1294
1611350 1294
1611360 1300
1611370 1307
1611380 1307
1611390 1315
1611400 1321
1611410 1321
1611420 1329
1611430 1336
1611440 1336
1611450 1343
1611460 1350
1611470 1350
1611480 1357
1611490 1364
1611500 1364
1611510 1372
1611520 1379
1611530 1379
1611540 1386
1611550 1394
1611560 1394
1611570 1401
1611580 1408
1611590 1408
1611600 1415
1611610 1421
1611620 1428
1611630 1428
1611640 1435
1611650 1441
1611660 1441
1611670 1448
1611680 1454
1611690 1454
1611700 1461
1611710 1468
1611720 1468
1611730 1473
1611740 1481
1611750 1481
1611760 1488
1611770 1495
1611780 1495
1611790 1501
1611800 1508
1611810 1508
1611820 1514
1611830 1521
1611840 1521
1611850 1527
1611860 1534
1611870 1534
1611880 1540
1611890 1546
1611900 1552
1611910 1552
1611920 1557
1611930 1563
1611940 1563
1611950 1570
1611960 1576
1611970 1576
1611980 1581
1611990 1587
1612000 1587
1612010 1592
1612020 1597
1612030 1597
1612040 1603
1612050 1608
1612060 1608
1612070 1613
1612080 1618
1612090 1618
1612100 1623
1612110 1624
1612120 1624
1612130 1615
1612140 1606
1612150 1606
1612160 1595
1612170 1586
1612180 1586
1612190 1577
1612200 1568
1612210 1560
1612220 1560
1612230 1551
1612240 1543
1612250 1543
1612260 1536
1612270 1529
1612280 1529
1612290 1522
1612300 1514
1612310 1514
1612320 1507
1612330 1501
1612340 1501
1612350 1495
1612360 1487
1612370 1487
1612380 1477
1612390 1467
1612400 1467
1612410 1458
1612420 1448
1612430 1448
1612440 1441
1612450 1435
1612460 1435
1612470 1425
1612480 1413
1612490 1414
1612500 1414
1612510 1410
1612520 1403
1612530 1403
1612540 1392
1612550 1390
1612560 1390
1612570 1384
1612580 1380
1612590 1380
1612600 1373
1612610 1364
1612620 1364
1612630 1357
1612640 1349
1612650 1349
1612660 1342
1612670 1337
1612680 1337
1612690 1331
1612700 1325
1612710 1325
1612720 1320
1612730 1317
1612740 1317
1612750 1316
1612760 1315
1612770 1312
1612780 1312
1612790 1310
1612800 1308
1612810 1308
1612820 1308
1612830 1308
1612840 1308
1612850 1308
1612860 1310
1612870 1310
1612880 1309
1612890 1307
1612900 1307
1612910 1307
1612920 1306
1612930 1306
1612940 1305
1612950 1304
1612960 1304
1612970 1304
1612980 1303
1612990 1303
1613000 1304
1613010 1304
1613020 1304
1613030 1305
1613040 1305
1613050 1305
1613060 1305
1613070 1306
1613080 1305
1613090 1305
1613100 1305
1613110 1304
1613120 1304
1613130 1304
1613140 1303
1613150 1303
1613160 1303
1613170 1302
1613180 1302
1613190 1301
1613200 1300
1613210 1300
1613220 1300
1613230 1301
1613240 1301
1613250 1302
1613260 1302
1613270 1302
1613280 1303
1613290 1303
1613300 1303
1613310 1303
1613320 1304
1613330 1304
1613340 1307
1613350 1309
1613360 1309
1613370 1309
1613380 1310
1613390 1311
1613400 1311
1613410 1312
1613420 1313
1613430 1313
1613440 1314
1613450 1317
1613460 1317
1613470 1319
1613480 1322
1613490 1322
1613500 1324
1613510 1323
1613520 1323
1613530 1324
1613540 1326
1613550 1326
1613560 1326
1613570 1325
1613580 1325
1613590 1325
1613600 1326
1613610 1326
1613620 1327
1613630 1328
1613640 1328
1613650 1329
1613660 1330
1613670 1331
1613680 1331
1613690 1331
1613700 1332
1613710 1332
1613720 1333
1613730 1334
1613740 1334
1613750 1335
1613760 1335
1613770 1335
1613780 1336
1613790 1337
1613800 1337
1613810 1338
1613820 1339
1613830 1339
1613840 1340
1613850 1342
1613860 1342
1613870 1344
1613880 1343
1613890 1343
1613900 1345
1613910 1346
1613920 1346
1613930 1348
1613940 1350
1613950 1351
1613960 1351
1613970 1353
1613980 1354
1613990 1354
1614000 1355
1614010 1354
1614020 1354
1614030 1353
1614040 1354
1614050 1354
1614060 1355
1614070 1356
1614080 1356
1614090 1357
1614100 1358
1614110 1358
1614120 1359
1614130 1359
1614140 1359
1614150 1360
1614160 1361
1614170 1361
1614180 1363
1614190 1365
1614200 1365
1614210 1367
1614220 1368
1614230 1370
1614240 1370
1614250 1372
1614260 1372
1614270 1372
1614280 1374
1614290 1375
1614300 1375
1614310 1376
1614320 1378
1614330 1378
1614340 1379
1614350 1381
1614360 1381
1614370 1382
1614380 1383
1614390 1383
1614400 1385
1614410 1387
1614420 1387
1614430 1389
1614440 1390
1614450 1390
1614460 1392
1614470 1394
1614480 1394
1614490 1396
1614500 1398
1614510 1398
1614520 1400
1614530 1402
1614540 1404
1614550 1404
1614560 1407
1614570 1410
1614580 1410
1614590 1412
1614600 1413
1614610 1413
1614620 1414
1614630 1415
1614640 1415
1614650 1417
1614660 1419
1614670 1419
1614680 1420
1614690 1420
1614700 1420
1614710 1419
1614720 1420
1614730 1420
1614740 1420
1614750 1421
1614760 1421
1614770 1421
1614780 1422
1614790 1422
1614800 1423
1614810 1422
1614820 1422
1614830 1422
1614840 1423
1614850 1424
1614860 1424
1614870 1424
1614880 1422
1614890 1422
1614900 1421
1614910 1420
1614920 1420
1614930 1420
1614940 1420
1614950 1420
1614960 1420
1614970 1421
1614980 1421
1614990 1421
1615000 1422
1615010 1422
1615020 1423
1615030 1423
1615040 1423
1615050 1423
1615060 1424
1615070 1424
1615080 1425
1615090 1425
1615100 1425
1615110 1424
1615120 1424
1615130 1427
1615140 1427
1615150 1428
1615160 1427
1615170 1427
1615180 1427
1615190 1428
1615200 1428
1615210 1430
1615220 1433
1615230 1433
1615240 1436
1615250 1439
1615260 1439
1615270 1443
1615280 1445
1615290 1445
1615300 1449
1615310 1453
1615320 1453
1615330 1455
1615340 1457
1615350 1457
1615360 1459
1615370 1461
1615380 1461
1615390 1462
1615400 1463
1615410 1464
1615420 1464
1615430 1464
1615440 1463
1615450 1463
1615460 1462
1615470 1462
1615480 1466
1615490 1467
1615500 1469
1615510 1469
1615520 1472
1615530 1475
1615540 1475
1615550 1477
1615560 1477
1615570 1477
1615580 1477
1615590 1477
1615600 1477
1615610 1479
1615620 1482
1615630 1482
1615640 1486
1615650 1490
1615660 1490
1615670 1495
1615680 1497
1615690 1499
1615700 1499
1615710 1502
1615720 1503
1615730 1503
1615740 1505
1615750 1509
1615760 1509
1615770 1510
1615780 1512
1615790 1512
1615800 1514
1615810 1513
1615820 1513
1615830 1513
1615840 1515
1615850 1515
1615860 1516
1615870 1517
1615880 1517
1615890 1519
1615900 1521
1615910 1521
1615920 1523
1615930 1525
1615940 1525
1615950 1527
1615960 1527
1615970 1527
1615980 1529
1615990 1532
1616000 1534
1616010 1534
1616020 1534
1616030 1534
1616040 1534
1616050 1531
1616060 1526
1616070 1526
1616080 1533
1616090 1538
1616100 1538
1616110 1540
1616120 1542
1616130 1542
1616140 1543
1616150 1545
1616160 1545
1616170 1547
1616180 1548
1616190 1548
1616200 1547
1616210 1546
1616220 1546
1616230 1545
1616240 1547
1616250 1547
1616260 1550
1616270 1552
1616280 1555
1616290 1555
1616300 1558
1616310 1560
1616320 1560
1616330 1561
1616340 1562
1616350 1562
1616360 1563
1616370 1562
1616380 1562
1616390 1562
1616400 1561
1616410 1561
1616420 1560
1616430 1560
1616440 1560
1616450 1566
1616460 1564
1616470 1564
1616480 1562
1616490 1560
1616500 1560
1616510 1558
1616520 1557
1616530 1557
1616540 1556
1616550 1553
1616560 1553
1616570 1557
1616580 1562
1616590 1565
1616600 1565
1616610 1568
1616620 1572
1616630 1572
1616640 1576
1616650 1578
1616660 1578
1616670 1581
1616680 1585
1616690 1585
1616700 1589
1616710 1594
1616720 1594
1616730 1600
1616740 1605
1616750 1605
1616760 1610
1616770 1614
1616780 1614
1616790 1618
1616800 1622
1616810 1622
1616820 1626
1616830 1629
1616840 1629
1616850 1633
1616860 1636
1616870 1643
1616880 1643
1616890 1651
1616900 1658
1616910 1658
1616920 1665
1616930 1671
1616940 1671
1616950 1676
1616960 1682
1616970 1682
1616980 1689
1616990 1695
1617000 1695
1617010 1702
1617020 1710
1617030 1710
1617040 1717
1617050 1725
1617060 1725
1617070 1733
1617080 1740
1617090 1740
1617100 1748
1617110 1758
1617120 1758
1617130 1767
1617140 1776
1617150 1776
1617160 1786
1617170 1795
1617180 1801
1617190 1801
1617200 1807
1617210 1816
1617220 1816
1617230 1827
1617240 1835
1617250 1835
1617260 1842
1617270 1849
1617280 1849
1617290 1856
1617300 1866
1617310 1866
1617320 1873
1617330 1880
1617340 1880
1617350 1888
1617360 1894
1617370 1894
1617380 1900
1617390 1910
1617400 1910
1617410 1904
1617420 1911
1617430 1911
1617440 1919
1617450 1927
1617460 1932
1617470 1932
1617480 1932
1617490 1930
1617500 1930
1617510 1929
1617520 1931
1617530 1931
1617540 1935
1617550 1939
1617560 1939
1617570 1945
1617580 1951
1617590 1951
1617600 1958
1617610 1964
1617620 1964
1617630 1971
1617640 1974
1617650 1974
1617660 1976
1617670 1981
1617680 1981
1617690 1982
1617700 1985
1617710 1985
1617720 1989
1617730 1993
1617740 1999
1617750 1999
1617760 2001
1617770 1997
1617780 1997
1617790 2003
1617800 2008
1617810 2008
1617820 2014
1617830 2021
1617840 2021
1617850 2030
1617860 2039
1617870 2039
1617880 2045
1617890 2032
1617900 2032
1617910 2016
1617920 2007
1617930 2007
1617940 2004
1617950 2005
1617960 2005
1617970 2007
1617980 2009
1617990 2009
1618000 2018
1618010 2020
1618020 2020
1618030 2019
1618040 2018
1618050 2017
1618060 2017
1618070 2015
1618080 2015
1618090 2015
1618100 2016
1618110 2018
1618120 2018
1618130 2019
1618140 2020
1618150 2020
1618160 2020
1618170 2021
1618180 2021
1618190 2023
1618200 2024
1618210 2024
1618220 2027
1618230 2033
1618240 2033
1618250 2041
1618260 2048
1618270 2048
1618280 2049
1618290 2048
1618300 2048
1618310 2050
1618320 2052
1618330 2055
1618340 2055
1618350 2055
1618360 2049
1618370 2053
1618380 2050
1618390 2046
1618400 2046
1618410 2039
1618420 2032
1618430 2032
1618440 2025
1618450 2018
1618460 2018
1618470 2011
1618480 2004
1618490 2004
1618500 1998
1618510 1992
1618520 1992
1618530 1986
1618540 1982
1618550 1982
1618560 1977
1618570 1972
1618580 1972
1618590 1968
1618600 1965
1618610 1965
1618620 1964
1618630 1964
1618640 1963
1618650 1963
1618660 1962
1618670 1962
1618680 1962
1618690 1962
1618700 1961
1618710 1961
1618720 1961
1618730 1960
1618740 1960
1618750 1958
1618760 1957
1618770 1957
1618780 1956
1618790 1955
1618800 1955
1618810 1951
1618820 1945
1618830 1945
1618840 1939
1618850 1932
1618860 1932
1618870 1925
1618880 1917
1618890 1917
1618900 1910
1618910 1905
1618920 1900
1618930 1900
1618940 1895
1618950 1891
1618960 1891
1618970 1888
1618980 1885
1618990 1885
1619000 1884
1619010 1886
1619020 1886
1619030 1889
1619040 1889
1619050 1889
1619060 1890
1619070 1889
1619080 1889
1619090 1889
1619100 1889
1619110 1889
1619120 1888
1619130 1887
1619140 1887
1619150 1888
1619160 1890
1619170 1890
1619180 1892
1619190 1893
1619200 1893
1619210 1893
1619220 1892
1619230 1893
1619240 1893
1619250 1893
1619260 1894
1619270 1894
1619280 1895
1619290 1895
1619300 1895
1619310 1893
1619320 1895
1619330 1895
1619340 1889
1619350 1883
1619360 1883
1619370 1879
1619380 1877
1619390 1877
1619400 1876
1619410 1877
1619420 1877
1619430 1880
1619440 1881
1619450 1881
1619460 1883
1619470 1884
1619480 1884
1619490 1886
1619500 1890
1619510 1895
1619520 1895
1619530 1900
1619540 1904
1619550 1904
1619560 1902
1619570 1895
1619580 1895
1619590 1890
1619600 1889
1619610 1889
1619620 1890
1619630 1892
1619640 1892
1619650 1892
1619660 1892
1619670 1892
1619680 1889
1619690 1882
1619700 1882
1619710 1874
1619720 1866
1619730 1866
1619740 1856
1619750 1848
1619760 1848
1619770 1839
1619780 1831
1619790 1823
1619800 1823
1619810 1816
1619820 1809
1619830 1809
1619840 1804
1619850 1798
1619860 1798
1619870 1788
1619880 1778
1619890 1778
1619900 1771
1619910 1765
1619920 1765
1619930 1760
1619940 1755
1619950 1755
1619960 1750
1619970 1745
1619980 1745
1619990 1740
