1600000 1655
1600010 1660
1600020 1664
1600030 1664
1600040 1668
1600050 1672
1600060 1672
1600070 1677
1600080 1682
1600090 1682
1600100 1686
1600110 1693
1600120 1693
1600130 1700
1600140 1706
1600150 1713
1600160 1713
1600170 1719
1600180 1725
1600190 1725
1600200 1730
1600210 1736
1600220 1736
1600230 1742
1600240 1748
1600250 1748
1600260 1754
1600270 1761
1600280 1761
1600290 1767
1600300 1773
1600310 1773
1600320 1778
1600330 1786
1600340 1786
1600350 1789
1600360 1791
1600370 1791
1600380 1794
1600390 1798
1600400 1798
1600410 1801
1600420 1805
1600430 1805
1600440 1809
1600450 1813
1600460 1817
1600470 1817
1600480 1821
1600490 1824
1600500 1824
1600510 1827
1600520 1831
1600530 1831
1600540 1834
1600550 1837
1600560 1837
1600570 1840
1600580 1843
1600590 1843
1600600 1846
1600610 1851
1600620 1851
1600630 1855
1600640 1857
1600650 1857
1600660 1859
1600670 1862
1600680 1862
1600690 1864
1600700 1867
1600710 1867
1600720 1869
1600730 1872
1600740 1874
1600750 1874
1600760 1877
1600770 1880
1600780 1880
1600790 1883
1600800 1887
1600810 1887
1600820 1890
1600830 1893
1600840 1893
1600850 1895
1600860 1899
1600870 1899
1600880 1902
1600890 1905
1600900 1905
1600910 1909
1600920 1912
1600930 1912
1600940 1915
1600950 1918
1600960 1918
1600970 1922
1600980 1926
1600990 1926
1601000 1931
1601010 1935
1601020 1935
1601030 1940
1601040 1944
1601050 1949
1601060 1949
1601070 1952
1601080 1955
1601090 1955
1601100 1957
1601110 1955
1601120 1955
1601130 1950
1601140 1952
1601150 1952
1601160 1951
1601170 1942
1601180 1942
1601190 1932
1601200 1924
1601210 1924
1601220 1916
1601230 1909
1601240 1909
1601250 1903
1601260 1898
1601270 1898
1601280 1896
1601290 1894
1601300 1894
1601310 1892
1601320 1889
1601330 1889
1601340 1888
1601350 1890
1601360 1892
1601370 1892
1601380 1892
1601390 1895
1601400 1895
1601410 1899
1601420 1902
1601430 1902
1601440 1906
1601450 1910
1601460 1910
1601470 1915
1601480 1920
1601490 1920
1601500 1924
1601510 1929
1601520 1929
1601530 1934
1601540 1938
1601550 1938
1601560 1942
1601570 1946
1601580 1946
1601590 1950
1601600 1956
1601610 1956
1601620 1961
1601630 1966
1601640 1972
1601650 1972
1601660 1978
1601670 1984
1601680 1984
1601690 1990
1601700 1996
1601710 1996
1601720 2003
1601730 2009
1601740 2009
1601750 2017
1601760 2024
1601770 2024
1601780 2031
1601790 2038
1601800 2038
1601810 2044
1601820 2048
1601830 2048
1601840 2052
1601850 2055
1601860 2055
1601870 2058
1601880 2060
1601890 2060
1601900 2063
1601910 2062
1601920 2062
1601930 2059
1601940 2052
1601950 2047
1601960 2047
1601970 2042
1601980 2039
1601990 2039
1602000 2037
1602010 2034
1602020 2034
1602030 2032
1602040 2030
1602050 2030
1602060 2027
1602070 2024
1602080 2024
1602090 2020
1602100 2015
1602110 2015
1602120 2012
1602130 2009
1602140 2009
1602150 2006
1602160 2003
1602170 2003
1602180 2001
1602190 1998
1602200 1998
1602210 1995
1602220 1993
1602230 1991
1602240 1991
1602250 1988
1602260 1985
1602270 1985
1602280 1984
1602290 1983
1602300 1983
1602310 1981
1602320 1977
1602330 1977
1602340 1974
1602350 1970
1602360 1970
1602370 1965
1602380 1962
1602390 1962
1602400 1959
1602410 1957
1602420 1957
1602430 1954
1602440 1953
1602450 1953
1602460 1952
1602470 1950
1602480 1950
1602490 1948
1602500 1945
1602510 1945
1602520 1941
1602530 1942
1602540 1942
1602550 1942
1602560 1942
1602570 1942
1602580 1942
1602590 1942
1602600 1942
1602610 1942
1602620 1941
1602630 1941
1602640 1941
1602650 1940
1602660 1939
1602670 1939
1602680 1938
1602690 1937
1602700 1937
1602710 1936
1602720 1935
1602730 1935
1602740 1936
1602750 1936
1602760 1936
1602770 1936
1602780 1934
1602790 1934
1602800 1933
1602810 1930
1602820 1930
1602830 1929
1602840 1930
1602850 1932
1602860 1932
1602870 1933
1602880 1936
1602890 1936
1602900 1937
1602910 1937
1602920 1937
1602930 1941
1602940 1946
1602950 1946
1602960 1952
1602970 1956
1602980 1956
1602990 1958
1603000 1960
1603010 1960
1603020 1961
1603030 1963
1603040 1963
1603050 1965
1603060 1967
1603070 1967
1603080 1970
1603090 1970
1603100 1970
1603110 1971
1603120 1972
1603130 1974
1603140 1974
1603150 1975
1603160 1977
1603170 1977
1603180 1980
1603190 1985
1603200 1985
1603210 1990
1603220 1994
1603230 1994
1603240 1998
1603250 2001
1603260 2001
1603270 2005
1603280 2009
1603290 2009
1603300 2015
1603310 2020
1603320 2020
1603330 2025
1603340 2030
1603350 2030
1603360 2034
1603370 2037
1603380 2037
1603390 2040
1603400 2044
1603410 2044
1603420 2047
1603430 2049
1603440 2051
1603450 2051
1603460 2052
1603470 2052
1603480 2052
1603490 2054
1603500 2056
1603510 2056
1603520 2059
1603530 2061
1603540 2061
1603550 2061
1603560 2060
1603570 2060
1603580 2057
1603590 2053
1603600 2056
1603610 2052
1603620 2047
1603630 2047
1603640 2043
1603650 2041
1603660 2041
1603670 2040
1603680 2039
1603690 2039
1603700 2037
1603710 2034
1603720 2034
1603730 2032
1603740 2030
1603750 2028
1603760 2028
1603770 2027
1603780 2026
1603790 2026
1603800 2024
1603810 2022
1603820 2022
1603830 2018
1603840 2015
1603850 2015
1603860 2012
1603870 2009
1603880 2009
1603890 2005
1603900 1998
1603910 1998
1603920 1990
1603930 1982
1603940 1982
1603950 1975
1603960 1969
1603970 1969
1603980 1963
1603990 1956
1604000 1956
1604010 1948
1604020 1941
1604030 1935
1604040 1935
1604050 1926
1604060 1920
1604070 1920
1604080 1914
1604090 1909
1604100 1909
1604110 1904
1604120 1898
1604130 1898
1604140 1893
1604150 1887
1604160 1887
1604170 1883
1604180 1879
1604190 1879
1604200 1872
1604210 1857
1604220 1857
1604230 1843
1604240 1834
1604250 1834
1604260 1820
1604270 1811
1604280 1811
1604290 1802
1604300 1789
1604310 1789
1604320 1771
1604330 1760
1604340 1755
1604350 1755
1604360 1748
1604370 1742
1604380 1742
1604390 1735
1604400 1728
1604410 1728
1604420 1722
1604430 1718
1604440 1718
1604450 1713
1604460 1709
1604470 1709
1604480 1706
1604490 1703
1604500 1703
1604510 1699
1604520 1695
1604530 1695
1604540 1692
1604550 1690
1604560 1690
1604570 1687
1604580 1685
1604590 1685
1604600 1682
1604610 1678
1604620 1675
1604630 1675
1604640 1672
1604650 1668
1604660 1673
1604670 1668
1604680 1664
1604690 1664
1604700 1662
1604710 1660
1604720 1660
1604730 1656
1604740 1653
1604750 1653
1604760 1650
1604770 1647
1604780 1647
1604790 1644
1604800 1640
1604810 1640
1604820 1636
1604830 1633
1604840 1633
1604850 1630
1604860 1627
1604870 1627
1604880 1625
1604890 1622
1604900 1622
1604910 1619
1604920 1616
1604930 1612
1604940 1612
1604950 1610
1604960 1608
1604970 1608
1604980 1608
1604990 1607
1605000 1607
1605010 1609
1605020 1612
1605030 1612
1605040 1615
1605050 1617
1605060 1617
1605070 1615
1605080 1614
1605090 1614
1605100 1613
1605110 1614
1605120 1614
1605130 1615
1605140 1618
1605150 1618
1605160 1618
1605170 1619
1605180 1619
1605190 1619
1605200 1620
1605210 1620
1605220 1619
1605230 1617
1605240 1617
1605250 1617
1605260 1620
1605270 1623
1605280 1623
1605290 1628
1605300 1634
1605310 1634
1605320 1636
1605330 1638
1605340 1638
1605350 1639
1605360 1640
1605370 1640
1605380 1641
1605390 1643
1605400 1643
1605410 1644
1605420 1643
1605430 1643
1605440 1644
1605450 1648
1605460 1648
1605470 1650
1605480 1653
1605490 1653
1605500 1654
1605510 1654
1605520 1655
1605530 1655
1605540 1658
1605550 1660
1605560 1660
1605570 1662
1605580 1663
1605590 1663
1605600 1665
1605610 1667
1605620 1667
1605630 1668
1605640 1669
1605650 1669
1605660 1673
1605670 1678
1605680 1678
1605690 1681
1605700 1683
1605710 1683
1605720 1680
1605730 1684
1605740 1684
1605750 1687
1605760 1688
1605770 1688
1605780 1688
1605790 1691
1605800 1691
1605810 1694
1605820 1697
1605830 1699
1605840 1699
1605850 1702
1605860 1705
1605870 1705
1605880 1708
1605890 1711
1605900 1711
1605910 1712
1605920 1714
1605930 1714
1605940 1715
1605950 1717
1605960 1717
1605970 1718
1605980 1719
1605990 1719
1606000 1720
1606010 1720
1606020 1720
1606030 1719
1606040 1721
1606050 1721
1606060 1722
1606070 1717
1606080 1717
1606090 1710
1606100 1704
1606110 1704
1606120 1700
1606130 1695
1606140 1688
1606150 1688
1606160 1681
1606170 1677
1606180 1677
1606190 1674
1606200 1665
1606210 1665
1606220 1655
1606230 1645
1606240 1645
1606250 1637
1606260 1626
1606270 1626
1606280 1622
1606290 1626
1606300 1626
1606310 1632
1606320 1635
1606330 1635
1606340 1636
1606350 1632
1606360 1632
1606370 1621
1606380 1612
1606390 1612
1606400 1612
1606410 1607
1606420 1603
1606430 1603
1606440 1597
1606450 1591
1606460 1591
1606470 1585
1606480 1582
1606490 1582
1606500 1579
1606510 1576
1606520 1576
1606530 1570
1606540 1566
1606550 1566
1606560 1563
1606570 1559
1606580 1559
1606590 1553
1606600 1549
1606610 1549
1606620 1550
1606630 1546
1606640 1546
1606650 1541
1606660 1540
1606670 1540
1606680 1539
1606690 1536
1606700 1536
1606710 1534
1606720 1532
1606730 1527
1606740 1527
1606750 1526
1606760 1527
1606770 1520
1606780 1520
1606790 1520
1606800 1520
1606810 1520
1606820 1521
1606830 1521
1606840 1522
1606850 1523
1606860 1523
1606870 1523
1606880 1522
1606890 1522
1606900 1520
1606910 1518
1606920 1518
1606930 1516
1606940 1514
1606950 1514
1606960 1511
1606970 1507
1606980 1507
1606990 1505
1607000 1501
1607010 1501
1607020 1493
1607030 1484
1607040 1476
1607050 1476
1607060 1469
1607070 1471
1607080 1471
1607090 1479
1607100 1488
1607110 1488
1607120 1494
1607130 1499
1607140 1499
1607150 1499
1607160 1495
1607170 1495
1607180 1492
1607190 1493
1607200 1493
1607210 1493
1607220 1494
1607230 1494
1607240 1495
1607250 1494
1607260 1494
1607270 1492
1607280 1492
1607290 1492
1607300 1491
1607310 1488
1607320 1485
1607330 1485
1607340 1482
1607350 1478
1607360 1478
1607370 1474
1607380 1474
1607390 1474
1607400 1473
1607410 1470
1607420 1470
1607430 1469
1607440 1468
1607450 1468
1607460 1467
1607470 1465
1607480 1465
1607490 1462
1607500 1462
1607510 1462
1607520 1464
1607530 1465
1607540 1465
1607550 1468
1607560 1472
1607570 1472
1607580 1475
1607590 1479
1607600 1479
1607610 1483
1607620 1488
1607630 1494
1607640 1494
1607650 1500
1607660 1503
1607670 1503
1607680 1507
1607690 1512
1607700 1512
1607710 1516
1607720 1520
1607730 1520
1607740 1522
1607750 1524
1607760 1524
1607770 1524
1607780 1523
1607790 1523
1607800 1522
1607810 1513
1607820 1513
1607830 1510
1607840 1507
1607850 1507
1607860 1504
1607870 1501
1607880 1501
1607890 1497
1607900 1492
1607910 1492
1607920 1488
1607930 1483
1607940 1478
1607950 1478
1607960 1471
1607970 1465
1607980 1465
1607990 1459
1608000 1452
1608010 1452
1608020 1446
1608030 1440
1608040 1440
1608050 1436
1608060 1431
1608070 1431
1608080 1426
1608090 1422
1608100 1422
1608110 1417
1608120 1412
1608130 1412
1608140 1407
1608150 1403
1608160 1403
1608170 1398
1608180 1393
1608190 1393
1608200 1388
1608210 1384
1608220 1380
1608230 1380
1608240 1375
1608250 1370
1608260 1370
1608270 1366
1608280 1362
1608290 1362
1608300 1358
1608310 1355
1608320 1355
1608330 1352
1608340 1349
1608350 1349
1608360 1345
1608370 1342
1608380 1342
1608390 1338
1608400 1334
1608410 1334
1608420 1331
1608430 1329
1608440 1329
1608450 1327
1608460 1325
1608470 1325
1608480 1322
1608490 1320
1608500 1320
1608510 1318
1608520 1315
1608530 1313
1608540 1313
1608550 1312
1608560 1310
1608570 1310
1608580 1309
1608590 1308
1608600 1308
1608610 1306
1608620 1305
1608630 1305
1608640 1303
1608650 1302
1608660 1302
1608670 1300
1608680 1299
1608690 1299
1608700 1297
1608710 1295
1608720 1295
1608730 1293
1608740 1291
1608750 1291
1608760 1289
1608770 1288
1608780 1288
1608790 1286
1608800 1284
1608810 1284
1608820 1283
1608830 1281
1608840 1282
1608850 1282
1608860 1282
1608870 1281
1608880 1281
1608890 1280
1608900 1279
1608910 1279
1608920 1277
1608930 1275
1608940 1275
1608950 1274
1608960 1273
1608970 1273
1608980 1272
1608990 1272
1609000 1272
1609010 1272
1609020 1271
1609030 1271
1609040 1269
1609050 1268
1609060 1268
1609070 1264
1609080 1261
1609090 1261
1609100 1259
1609110 1256
1609120 1252
1609130 1252
1609140 1249
1609150 1246
1609160 1246
1609170 1242
1609180 1239
1609190 1239
1609200 1237
1609210 1235
1609220 1235
1609230 1232
1609240 1229
1609250 1229
1609260 1225
1609270 1221
1609280 1221
1609290 1218
1609300 1216
1609310 1216
1609320 1215
1609330 1214
1609340 1214
1609350 1213
1609360 1213
1609370 1213
1609380 1213
1609390 1214
1609400 1214
1609410 1215
1609420 1215
1609430 1215
1609440 1215
1609450 1214
1609460 1213
1609470 1213
1609480 1212
1609490 1211
1609500 1211
1609510 1210
1609520 1208
1609530 1208
1609540 1206
1609550 1204
1609560 1204
1609570 1201
1609580 1199
1609590 1199
1609600 1197
1609610 1196
1609620 1196
1609630 1195
1609640 1194
1609650 1194
1609660 1193
1609670 1191
1609680 1191
1609690 1189
1609700 1188
1609710 1190
1609720 1190
1609730 1191
1609740 1191
1609750 1191
1609760 1191
1609770 1192
1609780 1192
1609790 1192
1609800 1192
1609810 1192
1609820 1193
1609830 1193
1609840 1193
1609850 1194
1609860 1194
1609870 1195
1609880 1195
1609890 1195
1609900 1195
1609910 1197
1609920 1200
1609930 1200
1609940 1202
1609950 1203
1609960 1203
1609970 1203
1609980 1203
1609990 1203
1610000 1203
1610010 1204
1610020 1204
1610030 1204
1610040 1205
1610050 1206
1610060 1206
1610070 1208
1610080 1210
1610090 1210
1610100 1210
1610110 1210
1610120 1210
1610130 1211
1610140 1211
1610150 1211
1610160 1212
1610170 1214
1610180 1214
1610190 1216
1610200 1218
1610210 1218
1610220 1218
1610230 1219
1610240 1219
1610250 1221
1610260 1221
1610270 1221
1610280 1221
1610290 1222
1610300 1222
1610310 1223
1610320 1225
1610330 1227
1610340 1227
1610350 1230
1610360 1233
1610370 1233
1610380 1236
1610390 1237
1610400 1237
1610410 1238
1610420 1239
1610430 1239
1610440 1240
1610450 1241
1610460 1241
1610470 1242
1610480 1243
1610490 1243
1610500 1244
1610510 1245
1610520 1245
1610530 1244
1610540 1244
1610550 1244
1610560 1250
1610570 1254
1610580 1254
1610590 1256
1610600 1259
1610610 1263
1610620 1263
1610630 1266
1610640 1270
1610650 1270
1610660 1275
1610670 1279
1610680 1279
1610690 1283
1610700 1289
1610710 1289
1610720 1294
1610730 1299
1610740 1299
1610750 1304
1610760 1310
1610770 1310
1610780 1315
1610790 1320
1610800 1320
1610810 1325
1610820 1329
1610830 1329
1610840 1332
1610850 1336
1610860 1336
1610870 1340
1610880 1344
1610890 1344
1610900 1347
1610910 1351
1610920 1354
1610930 1354
1610940 1357
1610950 1359
1610960 1359
1610970 1362
1610980 1364
1610990 1364
1611000 1367
1611010 1371
1611020 1371
1611030 1374
1611040 1377
1611050 1377
1611060 1380
1611070 1384
1611080 1384
1611090 1387
1611100 1390
1611110 1390
1611120 1392
1611130 1394
1611140 1394
1611150 1397
1611160 1399
1611170 1399
1611180 1402
1611190 1405
1611200 1405
1611210 1409
1611220 1412
1611230 1417
1611240 1417
1611250 1421
1611260 1425
1611270 1425
1611280 1428
1611290 1432
1611300 1432
1611310 1435
1611320 1438
1611330 1438
1611340 1442
1611350 1446
1611360 1446
1611370 1450
1611380 1453
1611390 1453
1611400 1456
1611410 1460
1611420 1460
1611430 1463
1611440 1466
1611450 1466
1611460 1469
1611470 1473
1611480 1473
1611490 1477
1611500 1480
1611510 1484
1611520 1484
1611530 1488
1611540 1492
1611550 1492
1611560 1496
1611570 1500
1611580 1500
1611590 1504
1611600 1508
1611610 1508
1611620 1512
1611630 1516
1611640 1516
1611650 1521
1611660 1526
1611670 1526
1611680 1531
1611690 1537
1611700 1537
1611710 1543
1611720 1549
1611730 1549
1611740 1555
1611750 1561
1611760 1561
1611770 1567
1611780 1573
1611790 1573
1611800 1579
1611810 1585
1611820 1591
1611830 1591
1611840 1597
1611850 1602
1611860 1602
1611870 1607
1611880 1611
1611890 1614
1611900 1618
1611910 1623
1611920 1623
1611930 1627
1611940 1631
1611950 1631
1611960 1636
1611970 1640
1611980 1640
1611990 1645
1612000 1649
1612010 1649
1612020 1653
1612030 1656
1612040 1656
1612050 1659
1612060 1663
1612070 1663
1612080 1666
1612090 1669
1612100 1669
1612110 1671
1612120 1674
1612130 1675
1612140 1675
1612150 1676
1612160 1678
1612170 1678
1612180 1680
1612190 1684
1612200 1684
1612210 1690
1612220 1696
1612230 1696
1612240 1702
1612250 1707
1612260 1707
1612270 1713
1612280 1719
1612290 1719
1612300 1724
1612310 1729
1612320 1729
1612330 1734
1612340 1740
1612350 1740
1612360 1746
1612370 1751
1612380 1751
1612390 1757
1612400 1764
1612410 1770
1612420 1770
1612430 1777
1612440 1783
1612450 1783
1612460 1789
1612470 1795
1612480 1795
1612490 1800
1612500 1806
1612510 1806
1612520 1811
1612530 1815
1612540 1815
1612550 1818
1612560 1820
1612570 1820
1612580 1822
1612590 1823
1612600 1823
1612610 1824
1612620 1826
1612630 1826
1612640 1829
1612650 1832
1612660 1832
1612670 1834
1612680 1836
1612690 1836
1612700 1839
1612710 1842
1612720 1846
1612730 1846
1612740 1851
1612750 1855
1612760 1855
1612770 1859
1612780 1860
1612790 1860
1612800 1861
1612810 1864
1612820 1864
1612830 1867
1612840 1871
1612850 1871
1612860 1873
1612870 1876
1612880 1876
1612890 1887
1612900 1888
1612910 1888
1612920 1893
1612930 1897
1612940 1897
1612950 1903
1612960 1910
1612970 1910
1612980 1916
1612990 1923
1613000 1923
1613010 1929
1613020 1936
1613030 1943
1613040 1943
1613050 1951
1613060 1958
1613070 1958
1613080 1965
1613090 1973
1613100 1973
1613110 1981
1613120 1988
1613130 1988
1613140 1995
1613150 2002
1613160 2002
1613170 2010
1613180 2017
1613190 2017
1613200 2025
1613210 2032
1613220 2032
1613230 2039
1613240 2045
1613250 2045
1613260 2052
1613270 2058
1613280 2058
1613290 2065
1613300 2073
1613310 2079
1613320 2079
1613330 2086
1613340 2091
1613350 2091
1613360 2097
1613370 2102
1613380 2102
1613390 2108
1613400 2113
1613410 2113
1613420 2120
1613430 2125
1613440 2125
1613450 2129
1613460 2132
1613470 2132
1613480 2136
1613490 2140
1613500 2140
1613510 2143
1613520 2145
1613530 2145
1613540 2147
1613550 2148
1613560 2148
1613570 2150
1613580 2153
1613590 2153
1613600 2155
1613610 2158
1613620 2160
1613630 2160
1613640 2161
1613650 2161
1613660 2161
1613670 2161
1613680 2162
1613690 2162
1613700 2162
1613710 2161
1613720 2161
1613730 2159
1613740 2160
1613750 2160
1613760 2160
1613770 2162
1613780 2162
1613790 2164
1613800 2169
1613810 2169
1613820 2176
1613830 2182
1613840 2182
1613850 2186
1613860 2190
1613870 2190
1613880 2199
1613890 2202
1613900 2202
1613910 2205
1613920 2208
1613930 2210
1613940 2210
1613950 2212
1613960 2210
1613970 2210
1613980 2197
1613990 2179
1614000 2179
1614010 2162
1614020 2148
1614030 2148
1614040 2139
1614050 2135
1614060 2135
1614070 2136
1614080 2139
1614090 2139
1614100 2143
1614110 2142
1614120 2142
1614130 2141
1614140 2139
1614150 2139
1614160 2132
1614170 2127
1614180 2127
1614190 2127
1614200 2120
1614210 2110
1614220 2110
1614230 2100
1614240 2088
1614250 2088
1614260 2078
1614270 2063
1614280 2063
1614290 2051
1614300 2041
1614310 2041
1614320 2032
1614330 2022
1614340 2022
1614350 2013
1614360 2003
1614370 2003
1614380 1995
1614390 1985
1614400 1985
1614410 1976
1614420 1967
1614430 1967
1614440 1957
1614450 1943
1614460 1943
1614470 1935
1614480 1929
1614490 1929
1614500 1923
1614510 1917
1614520 1911
1614530 1911
1614540 1905
1614550 1899
1614560 1899
1614570 1894
1614580 1890
1614590 1890
1614600 1886
1614610 1882
1614620 1882
1614630 1879
1614640 1876
1614650 1876
1614660 1875
1614670 1873
1614680 1873
1614690 1872
1614700 1874
1614710 1874
1614720 1875
1614730 1875
1614740 1875
1614750 1874
1614760 1873
1614770 1873
1614780 1872
1614790 1872
1614800 1872
1614810 1871
1614820 1870
1614830 1870
1614840 1870
1614850 1871
1614860 1871
1614870 1871
1614880 1872
1614890 1873
1614900 1873
1614910 1874
1614920 1877
1614930 1877
1614940 1879
1614950 1882
1614960 1882
1614970 1885
1614980 1888
1614990 1888
1615000 1890
1615010 1893
1615020 1893
1615030 1898
1615040 1905
1615050 1905
1615060 1912
1615070 1919
1615080 1919
1615090 1925
1615100 1932
1615110 1938
1615120 1938
1615130 1945
1615140 1953
1615150 1953
1615160 1960
1615170 1967
1615180 1967
1615190 1973
1615200 1980
1615210 1980
1615220 1986
1615230 1992
1615240 1992
1615250 1999
1615260 2006
1615270 2006
1615280 2014
1615290 2020
1615300 2020
1615310 2025
1615320 2030
1615330 2030
1615340 2034
1615350 2038
1615360 2038
1615370 2040
1615380 2042
1615390 2042
1615400 2043
1615410 2042
1615420 2040
1615430 2040
1615440 2036
1615450 2031
1615460 2031
1615470 2027
1615480 2023
1615490 2023
1615500 2019
1615510 2015
1615520 2015
1615530 2011
1615540 2006
1615550 2006
1615560 2002
1615570 1996
1615580 1996
1615590 1991
1615600 1987
1615610 1987
1615620 1984
1615630 1979
1615640 1979
1615650 1975
1615660 1971
1615670 1971
1615680 1967
1615690 1963
1615700 1959
1615710 1959
1615720 1953
1615730 1944
1615740 1944
1615750 1934
1615760 1925
1615770 1925
1615780 1916
1615790 1908
1615800 1908
1615810 1900
1615820 1892
1615830 1892
1615840 1890
1615850 1885
1615860 1885
1615870 1882
1615880 1873
1615890 1873
1615900 1868
1615910 1859
1615920 1859
1615930 1852
1615940 1845
1615950 1845
1615960 1839
1615970 1832
1615980 1832
1615990 1826
1616000 1821
1616010 1818
1616020 1818
1616030 1814
1616040 1810
1616050 1810
1616060 1805
1616070 1800
1616080 1800
1616090 1794
1616100 1788
1616110 1788
1616120 1784
1616130 1780
1616140 1780
1616150 1776
1616160 1773
1616170 1773
1616180 1769
1616190 1764
1616200 1764
1616210 1759
1616220 1754
1616230 1754
1616240 1748
1616250 1744
1616260 1744
1616270 1741
1616280 1733
1616290 1733
1616300 1726
1616310 1722
1616320 1719
1616330 1719
1616340 1717
1616350 1714
1616360 1714
1616370 1711
1616380 1709
1616390 1709
1616400 1707
1616410 1705
1616420 1705
1616430 1703
1616440 1700
1616450 1700
1616460 1697
1616470 1693
1616480 1693
1616490 1687
1616500 1682
1616510 1682
1616520 1677
1616530 1672
1616540 1672
1616550 1669
1616560 1667
1616570 1667
1616580 1665
1616590 1663
1616600 1660
1616610 1660
1616620 1657
1616630 1655
1616640 1655
1616650 1654
1616660 1653
1616670 1653
1616680 1651
1616690 1650
1616700 1650
1616710 1649
1616720 1649
1616730 1649
1616740 1647
1616750 1644
1616760 1644
1616770 1639
1616780 1635
1616790 1635
1616800 1630
1616810 1622
1616820 1622
1616830 1615
1616840 1609
1616850 1609
1616860 1604
1616870 1599
1616880 1599
1616890 1594
1616900 1589
1616910 1584
1616920 1584
1616930 1578
1616940 1571
1616950 1571
1616960 1565
1616970 1561
1616980 1561
1616990 1556
1617000 1552
1617010 1552
1617020 1548
1617030 1545
1617040 1545
1617050 1543
1617060 1538
1617070 1538
1617080 1535
1617090 1531
1617100 1531
1617110 1527
1617120 1523
1617130 1523
1617140 1518
1617150 1514
1617160 1514
1617170 1511
1617180 1506
1617190 1506
1617200 1504
1617210 1503
1617220 1502
1617230 1502
1617240 1499
1617250 1491
1617260 1491
1617270 1487
1617280 1493
1617290 1493
1617300 1500
1617310 1503
1617320 1503
1617330 1506
1617340 1507
1617350 1507
1617360 1508
1617370 1510
1617380 1510
1617390 1511
1617400 1512
1617410 1512
1617420 1513
1617430 1514
1617440 1514
1617450 1515
1617460 1515
1617470 1515
1617480 1515
1617490 1516
1617500 1518
1617510 1518
1617520 1521
1617530 1523
1617540 1523
1617550 1524
1617560 1525
1617570 1525
1617580 1526
1617590 1526
1617600 1526
1617610 1526
1617620 1525
1617630 1525
1617640 1524
1617650 1526
1617660 1526
1617670 1531
1617680 1538
1617690 1538
1617700 1545
1617710 1551
1617720 1551
1617730 1557
1617740 1564
1617750 1564
1617760 1570
1617770 1575
1617780 1575
1617790 1582
1617800 1589
1617810 1595
1617820 1595
1617830 1602
1617840 1610
1617850 1610
1617860 1618
1617870 1626
1617880 1626
1617890 1634
1617900 1641
1617910 1641
1617920 1651
1617930 1661
1617940 1661
1617950 1667
1617960 1672
1617970 1672
1617980 1678
1617990 1685
1618000 1685
1618010 1693
1618020 1700
1618030 1700
1618040 1712
1618050 1721
1618060 1721
1618070 1727
1618080 1734
1618090 1734
1618100 1739
1618110 1744
1618120 1749
1618130 1749
1618140 1754
1618150 1759
1618160 1759
1618170 1762
1618180 1766
1618190 1766
1618200 1771
1618210 1777
1618220 1777
1618230 1781
1618240 1787
1618250 1787
1618260 1791
1618270 1795
1618280 1795
1618290 1800
1618300 1804
1618310 1804
1618320 1807
1618330 1810
1618340 1810
1618350 1810
1618360 1804
1618370 1804
1618380 1796
1618390 1789
1618400 1782
1618410 1782
1618420 1775
1618430 1768
1618440 1768
1618450 1761
1618460 1748
1618470 1748
1618480 1733
1618490 1723
1618500 1723
1618510 1716
1618520 1710
1618530 1710
1618540 1703
1618550 1696
1618560 1696
1618570 1689
1618580 1685
1618590 1685
1618600 1682
1618610 1681
1618620 1681
1618630 1679
1618640 1673
1618650 1673
1618660 1665
1618670 1655
1618680 1655
1618690 1645
1618700 1638
1618710 1632
1618720 1635
1618730 1630
1618740 1629
1618750 1629
1618760 1629
1618770 1629
1618780 1629
1618790 1629
1618800 1629
1618810 1629
1618820 1629
1618830 1629
1618840 1629
1618850 1629
1618860 1629
1618870 1629
1618880 1629
1618890 1629
1618900 1629
1618910 1629
1618920 1629
1618930 1629
1618940 1629
1618950 1629
1618960 1629
1618970 1629
1618980 1631
1618990 1631
1619000 1634
1619010 1635
1619020 1636
1619030 1636
1619040 1638
1619050 1640
1619060 1640
1619070 1642
1619080 1644
1619090 1644
1619100 1645
1619110 1643
1619120 1643
1619130 1640
1619140 1638
1619150 1638
1619160 1635
1619170 1632
1619180 1632
1619190 1629
1619200 1627
1619210 1627
1619220 1625
1619230 1626
1619240 1626
1619250 1626
1619260 1623
1619270 1623
1619280 1619
1619290 1595
1619300 1590
1619310 1590
1619320 1599
1619330 1606
1619340 1606
1619350 1610
1619360 1610
1619370 1610
1619380 1604
1619390 1597
1619400 1597
1619410 1597
1619420 1605
1619430 1605
1619440 1615
1619450 1623
1619460 1623
1619470 1632
1619480 1641
1619490 1641
1619500 1647
1619510 1650
1619520 1650
1619530 1657
1619540 1657
1619550 1657
1619560 1662
1619570 1661
1619580 1661
1619590 1651
1619600 1622
1619610 1618
1619620 1618
1619630 1625
1619640 1633
1619650 1633
1619660 1644
1619670 1640
1619680 1640
1619690 1640
1619700 1619
1619710 1619
1619720 1624
1619730 1631
1619740 1631
1619750 1633
1619760 1632
1619770 1632
1619780 1637
1619790 1650
1619800 1650
1619810 1652
1619820 1655
1619830 1655
1619840 1667
1619850 1679
1619860 1679
1619870 1688
1619880 1698
1619890 1698
1619900 1702
1619910 1708
1619920 1686
1619930 1686
1619940 1669
1619950 1657
1619960 1657
1619970 1649
1619980 1644
1619990 1644
