1600000 1852
1600010 1858
1600020 1865
1600030 1872
1600040 1872
1600050 1879
1600060 1885
1600070 1885
1600080 1889
1600090 1890
1600100 1890
1600110 1894
1600120 1900
1600130 1900
1600140 1905
1600150 1909
1600160 1909
1600170 1910
1600180 1911
1600190 1911
1600200 1904
1600210 1895
1600220 1895
1600230 1892
1600240 1893
1600250 1893
1600260 1894
1600270 1893
1600280 1893
1600290 1893
1600300 1893
1600310 1893
1600320 1893
1600330 1898
1600340 1900
1600350 1900
1600360 1901
1600370 1905
1600380 1905
1600390 1909
1600400 1914
1600410 1914
1600420 1917
1600430 1921
1600440 1921
1600450 1924
1600460 1927
1600470 1927
1600480 1931
1600490 1936
1600500 1936
1600510 1942
1600520 1949
1600530 1949
1600540 1957
1600550 1964
1600560 1964
1600570 1972
1600580 1980
1600590 1980
1600600 1988
1600610 1997
1600620 2005
1600630 2005
1600640 2012
1600650 2015
1600660 2015
1600670 2012
1600680 2007
1600690 2007
1600700 2000
1600710 1993
1600720 1993
1600730 1988
1600740 1980
1600750 1980
1600760 1972
1600770 1964
1600780 1964
1600790 1950
1600800 1939
1600810 1939
1600820 1931
1600830 1926
1600840 1926
1600850 1923
1600860 1920
1600870 1920
1600880 1910
1600890 1904
1600900 1904
1600910 1897
1600920 1888
1600930 1881
1600940 1881
1600950 1876
1600960 1871
1600970 1871
1600980 1866
1600990 1861
1601000 1861
1601010 1857
1601020 1853
1601030 1853
1601040 1849
1601050 1841
1601060 1841
1601070 1834
1601080 1830
1601090 1830
1601100 1824
1601110 1819
1601120 1819
1601130 1816
1601140 1816
1601150 1816
1601160 1816
1601170 1815
1601180 1815
1601190 1815
1601200 1815
1601210 1815
1601220 1813
1601230 1810
1601240 1807
1601250 1807
1601260 1808
1601270 1808
1601280 1808
1601290 1806
1601300 1804
1601310 1804
1601320 1803
1601330 1801
1601340 1801
1601350 1799
1601360 1796
1601370 1796
1601380 1793
1601390 1792
1601400 1792
1601410 1790
1601420 1786
1601430 1786
1601440 1781
1601450 1776
1601460 1776
1601470 1773
1601480 1771
1601490 1771
1601500 1769
1601510 1767
1601520 1767
1601530 1767
1601540 1766
1601550 1767
1601560 1767
1601570 1767
1601580 1767
1601590 1767
1601600 1768
1601610 1770
1601620 1770
1601630 1772
1601640 1773
1601650 1773
1601660 1772
1601670 1772
1601680 1772
1601690 1771
1601700 1771
1601710 1771
1601720 1773
1601730 1776
1601740 1776
1601750 1778
1601760 1781
1601770 1781
1601780 1784
1601790 1786
1601800 1786
1601810 1788
1601820 1787
1601830 1788
1601840 1788
1601850 1793
1601860 1799
1601870 1799
1601880 1804
1601890 1808
1601900 1808
1601910 1814
1601920 1817
1601930 1817
1601940 1821
1601950 1825
1601960 1825
1601970 1827
1601980 1829
1601990 1829
1602000 1832
1602010 1835
1602020 1835
1602030 1838
1602040 1841
1602050 1841
1602060 1843
1602070 1845
1602080 1845
1602090 1847
1602100 1847
1602110 1847
1602120 1847
1602130 1848
1602140 1847
1602150 1847
1602160 1846
1602170 1844
1602180 1844
1602190 1843
1602200 1842
1602210 1842
1602220 1841
1602230 1840
1602240 1840
1602250 1840
1602260 1841
1602270 1841
1602280 1843
1602290 1845
1602300 1845
1602310 1846
1602320 1847
1602330 1847
1602340 1847
1602350 1850
1602360 1850
1602370 1853
1602380 1857
1602390 1857
1602400 1860
1602410 1863
1602420 1863
1602430 1866
1602440 1870
1602450 1873
1602460 1873
1602470 1875
1602480 1878
1602490 1878
1602500 1880
1602510 1883
1602520 1883
1602530 1885
1602540 1888
1602550 1888
1602560 1890
1602570 1893
1602580 1893
1602590 1896
1602600 1899
1602610 1899
1602620 1902
1602630 1903
1602640 1903
1602650 1904
1602660 1904
1602670 1904
1602680 1904
1602690 1904
1602700 1904
1602710 1904
1602720 1898
1602730 1887
1602740 1887
1602750 1879
1602760 1869
1602770 1869
1602780 1859
1602790 1850
1602800 1850
1602810 1843
1602820 1837
1602830 1837
1602840 1835
1602850 1836
1602860 1836
1602870 1835
1602880 1827
1602890 1827
1602900 1819
1602910 1814
1602920 1814
1602930 1811
1602940 1808
1602950 1808
1602960 1807
1602970 1807
1602980 1807
1602990 1803
1603000 1803
1603010 1803
1603020 1805
1603030 1799
1603040 1790
1603050 1787
1603060 1777
1603070 1765
1603080 1765
1603090 1754
1603100 1744
1603110 1744
1603120 1734
1603130 1726
1603140 1726
1603150 1715
1603160 1704
1603170 1704
1603180 1694
1603190 1687
1603200 1687
1603210 1682
1603220 1675
1603230 1675
1603240 1667
1603250 1660
1603260 1660
1603270 1656
1603280 1653
1603290 1653
1603300 1649
1603310 1645
1603320 1645
1603330 1641
1603340 1637
1603350 1632
1603360 1632
1603370 1627
1603380 1623
1603390 1623
1603400 1620
1603410 1618
1603420 1618
1603430 1617
1603440 1617
1603450 1617
1603460 1617
1603470 1616
1603480 1616
1603490 1615
1603500 1615
1603510 1615
1603520 1613
1603530 1612
1603540 1612
1603550 1609
1603560 1607
1603570 1607
1603580 1603
1603590 1599
1603600 1599
1603610 1595
1603620 1590
1603630 1590
1603640 1583
1603650 1573
1603660 1568
1603670 1568
1603680 1570
1603690 1575
1603700 1575
1603710 1576
1603720 1576
1603730 1576
1603740 1577
1603750 1575
1603760 1575
1603770 1572
1603780 1567
1603790 1567
1603800 1564
1603810 1563
1603820 1563
1603830 1563
1603840 1562
1603850 1562
1603860 1561
1603870 1560
1603880 1560
1603890 1560
1603900 1561
1603910 1561
1603920 1561
1603930 1561
1603940 1561
1603950 1560
1603960 1560
1603970 1561
1603980 1561
1603990 1560
1604000 1558
1604010 1558
1604020 1557
1604030 1558
1604040 1558
1604050 1559
1604060 1563
1604070 1563
1604080 1567
1604090 1569
1604100 1569
1604110 1571
1604120 1568
1604130 1568
1604140 1569
1604150 1570
1604160 1570
1604170 1571
1604180 1572
1604190 1572
1604200 1573
1604210 1572
1604220 1572
1604230 1571
1604240 1570
1604250 1570
1604260 1570
1604270 1572
1604280 1573
1604290 1573
1604300 1573
1604310 1575
1604320 1575
1604330 1578
1604340 1579
1604350 1579
1604360 1582
1604370 1584
1604380 1584
1604390 1584
1604400 1582
1604410 1582
1604420 1582
1604430 1583
1604440 1583
1604450 1584
1604460 1580
1604470 1580
1604480 1578
1604490 1579
1604500 1579
1604510 1580
1604520 1581
1604530 1581
1604540 1582
1604550 1581
1604560 1580
1604570 1580
1604580 1580
1604590 1577
1604600 1577
1604610 1573
1604620 1565
1604630 1565
1604640 1562
1604650 1565
1604660 1565
1604670 1568
1604680 1572
1604690 1572
1604700 1576
1604710 1579
1604720 1579
1604730 1580
1604740 1574
1604750 1574
1604760 1564
1604770 1556
1604780 1556
1604790 1547
1604800 1538
1604810 1538
1604820 1537
1604830 1537
1604840 1537
1604850 1539
1604860 1540
1604870 1540
1604880 1540
1604890 1536
1604900 1535
1604910 1535
1604920 1537
1604930 1539
1604940 1539
1604950 1543
1604960 1547
1604970 1547
1604980 1546
1604990 1540
1605000 1540
1605010 1535
1605020 1529
1605030 1529
1605040 1525
1605050 1524
1605060 1524
1605070 1518
1605080 1512
1605090 1512
1605100 1511
1605110 1507
1605120 1507
1605130 1502
1605140 1493
1605150 1493
1605160 1485
1605170 1480
1605180 1480
1605190 1472
1605200 1471
1605210 1474
1605220 1474
1605230 1478
1605240 1474
1605250 1474
1605260 1468
1605270 1463
1605280 1463
1605290 1456
1605300 1449
1605310 1449
1605320 1435
1605330 1432
1605340 1432
1605350 1437
1605360 1431
1605370 1431
1605380 1432
1605390 1434
1605400 1434
1605410 1431
1605420 1429
1605430 1429
1605440 1427
1605450 1424
1605460 1422
1605470 1422
1605480 1420
1605490 1419
1605500 1419
1605510 1416
1605520 1414
1605530 1414
1605540 1411
1605550 1409
1605560 1409
1605570 1406
1605580 1403
1605590 1403
1605600 1400
1605610 1395
1605620 1395
1605630 1390
1605640 1387
1605650 1387
1605660 1386
1605670 1383
1605680 1383
1605690 1376
1605700 1372
1605710 1372
1605720 1373
1605730 1374
1605740 1374
1605750 1374
1605760 1375
1605770 1376
1605780 1376
1605790 1377
1605800 1377
1605810 1377
1605820 1376
1605830 1375
1605840 1375
1605850 1372
1605860 1367
1605870 1367
1605880 1365
1605890 1365
1605900 1365
1605910 1365
1605920 1365
1605930 1365
1605940 1365
1605950 1364
1605960 1364
1605970 1363
1605980 1362
1605990 1362
1606000 1361
1606010 1360
1606020 1360
1606030 1356
1606040 1352
1606050 1352
1606060 1348
1606070 1345
1606080 1347
1606090 1347
1606100 1348
1606110 1350
1606120 1350
1606130 1351
1606140 1350
1606150 1350
1606160 1350
1606170 1350
1606180 1350
1606190 1350
1606200 1349
1606210 1349
1606220 1347
1606230 1345
1606240 1340
1606250 1339
1606260 1338
1606270 1338
1606280 1337
1606290 1334
1606300 1334
1606310 1331
1606320 1326
1606330 1326
1606340 1322
1606350 1323
1606360 1323
1606370 1324
1606380 1323
1606390 1322
1606400 1322
1606410 1317
1606420 1317
1606430 1317
1606440 1320
1606450 1320
1606460 1320
1606470 1320
1606480 1320
1606490 1320
1606500 1319
1606510 1318
1606520 1318
1606530 1318
1606540 1316
1606550 1316
1606560 1315
1606570 1313
1606580 1313
1606590 1311
1606600 1310
1606610 1310
1606620 1309
1606630 1308
1606640 1308
1606650 1307
1606660 1307
1606670 1307
1606680 1305
1606690 1303
1606700 1300
1606710 1300
1606720 1298
1606730 1295
1606740 1295
1606750 1294
1606760 1292
1606770 1292
1606780 1291
1606790 1289
1606800 1289
1606810 1287
1606820 1285
1606830 1285
1606840 1283
1606850 1281
1606860 1281
1606870 1278
1606880 1275
1606890 1275
1606900 1272
1606910 1271
1606920 1271
1606930 1269
1606940 1267
1606950 1267
1606960 1264
1606970 1263
1606980 1261
1606990 1261
1607000 1262
1607010 1262
1607020 1262
1607030 1261
1607040 1260
1607050 1260
1607060 1259
1607070 1258
1607080 1258
1607090 1256
1607100 1254
1607110 1254
1607120 1252
1607130 1252
1607140 1252
1607150 1251
1607160 1251
1607170 1251
1607180 1251
1607190 1250
1607200 1250
1607210 1250
1607220 1250
1607230 1250
1607240 1250
1607250 1250
1607260 1250
1607270 1250
1607280 1249
1607290 1249
1607300 1249
1607310 1249
1607320 1249
1607330 1249
1607340 1248
1607350 1248
1607360 1248
1607370 1248
1607380 1248
1607390 1248
1607400 1248
1607410 1248
1607420 1248
1607430 1247
1607440 1247
1607450 1247
1607460 1247
1607470 1247
1607480 1247
1607490 1247
1607500 1246
1607510 1246
1607520 1246
1607530 1246
1607540 1246
1607550 1246
1607560 1246
1607570 1246
1607580 1245
1607590 1245
1607600 1245
1607610 1245
1607620 1245
1607630 1245
1607640 1245
1607650 1244
1607660 1244
1607670 1244
1607680 1244
1607690 1244
1607700 1244
1607710 1244
1607720 1244
1607730 1244
1607740 1244
1607750 1244
1607760 1244
1607770 1245
1607780 1246
1607790 1246
1607800 1247
1607810 1249
1607820 1249
1607830 1250
1607840 1251
1607850 1251
1607860 1252
1607870 1253
1607880 1253
1607890 1253
1607900 1254
1607910 1256
1607920 1256
1607930 1257
1607940 1258
1607950 1258
1607960 1260
1607970 1260
1607980 1260
1607990 1261
1608000 1262
1608010 1262
1608020 1263
1608030 1263
1608040 1263
1608050 1263
1608060 1263
1608070 1263
1608080 1264
1608090 1265
1608100 1265
1608110 1266
1608120 1268
1608130 1268
1608140 1270
1608150 1273
1608160 1273
1608170 1275
1608180 1277
1608190 1277
1608200 1278
1608210 1281
1608220 1283
1608230 1283
1608240 1286
1608250 1289
1608260 1289
1608270 1292
1608280 1296
1608290 1296
1608300 1300
1608310 1304
1608320 1309
1608330 1313
1608340 1316
1608350 1316
1608360 1319
1608370 1321
1608380 1321
1608390 1323
1608400 1325
1608410 1325
1608420 1326
1608430 1328
1608440 1328
1608450 1330
1608460 1332
1608470 1332
1608480 1333
1608490 1337
1608500 1339
1608510 1339
1608520 1342
1608530 1345
1608540 1345
1608550 1349
1608560 1353
1608570 1353
1608580 1355
1608590 1354
1608600 1354
1608610 1353
1608620 1352
1608630 1352
1608640 1350
1608650 1347
1608660 1347
1608670 1341
1608680 1336
1608690 1336
1608700 1332
1608710 1328
1608720 1328
1608730 1324
1608740 1321
1608750 1321
1608760 1317
1608770 1314
1608780 1314
1608790 1311
1608800 1307
1608810 1304
1608820 1304
1608830 1301
1608840 1298
1608850 1298
1608860 1295
1608870 1291
1608880 1291
1608890 1287
1608900 1283
1608910 1283
1608920 1279
1608930 1275
1608940 1275
1608950 1272
1608960 1269
1608970 1269
1608980 1266
1608990 1264
1609000 1264
1609010 1264
1609020 1262
1609030 1262
1609040 1261
1609050 1259
1609060 1259
1609070 1258
1609080 1256
1609090 1256
1609100 1254
1609110 1253
1609120 1252
1609130 1252
1609140 1251
1609150 1251
1609160 1251
1609170 1251
1609180 1250
1609190 1250
1609200 1250
1609210 1252
1609220 1252
1609230 1253
1609240 1253
1609250 1253
1609260 1252
1609270 1250
1609280 1250
1609290 1248
1609300 1247
1609310 1247
1609320 1247
1609330 1247
1609340 1247
1609350 1247
1609360 1247
1609370 1247
1609380 1247
1609390 1247
1609400 1247
1609410 1247
1609420 1246
1609430 1246
1609440 1246
1609450 1246
1609460 1246
1609470 1246
1609480 1246
1609490 1246
1609500 1246
1609510 1246
1609520 1246
1609530 1246
1609540 1246
1609550 1246
1609560 1246
1609570 1246
1609580 1245
1609590 1245
1609600 1245
1609610 1245
1609620 1245
1609630 1245
1609640 1245
1609650 1245
1609660 1245
1609670 1244
1609680 1244
1609690 1243
1609700 1244
1609710 1244
1609720 1243
1609730 1241
1609740 1240
1609750 1240
1609760 1240
1609770 1240
1609780 1240
1609790 1239
1609800 1239
1609810 1239
1609820 1240
1609830 1241
1609840 1241
1609850 1242
1609860 1243
1609870 1243
1609880 1244
1609890 1245
1609900 1245
1609910 1246
1609920 1246
1609930 1246
1609940 1246
1609950 1245
1609960 1245
1609970 1244
1609980 1243
1609990 1243
1610000 1243
1610010 1243
1610020 1245
1610030 1245
1610040 1244
1610050 1245
1610060 1245
1610070 1245
1610080 1245
1610090 1245
1610100 1246
1610110 1246
1610120 1246
1610130 1247
1610140 1247
1610150 1247
1610160 1247
1610170 1248
1610180 1248
1610190 1249
1610200 1250
1610210 1250
1610220 1251
1610230 1254
1610240 1254
1610250 1257
1610260 1262
1610270 1262
1610280 1266
1610290 1272
1610300 1272
1610310 1276
1610320 1282
1610330 1287
1610340 1287
1610350 1292
1610360 1299
1610370 1299
1610380 1304
1610390 1309
1610400 1309
1610410 1315
1610420 1319
1610430 1319
1610440 1325
1610450 1331
1610460 1331
1610470 1337
1610480 1343
1610490 1343
1610500 1348
1610510 1353
1610520 1353
1610530 1360
1610540 1367
1610550 1367
1610560 1373
1610570 1380
1610580 1380
1610590 1386
1610600 1392
1610610 1392
1610620 1398
1610630 1403
1610640 1409
1610650 1409
1610660 1414
1610670 1419
1610680 1419
1610690 1426
1610700 1433
1610710 1433
1610720 1439
1610730 1445
1610740 1445
1610750 1450
1610760 1453
1610770 1453
1610780 1456
1610790 1459
1610800 1459
1610810 1462
1610820 1464
1610830 1464
1610840 1465
1610850 1467
1610860 1467
1610870 1468
1610880 1469
1610890 1469
1610900 1469
1610910 1470
1610920 1470
1610930 1470
1610940 1471
1610950 1472
1610960 1472
1610970 1475
1610980 1477
1610990 1477
1611000 1480
1611010 1482
1611020 1482
1611030 1484
1611040 1485
1611050 1485
1611060 1486
1611070 1487
1611080 1487
1611090 1489
1611100 1492
1611110 1492
1611120 1496
1611130 1500
1611140 1500
1611150 1503
1611160 1505
1611170 1505
1611180 1507
1611190 1512
1611200 1512
1611210 1517
1611220 1523
1611230 1523
1611240 1529
1611250 1536
1611260 1542
1611270 1542
1611280 1549
1611290 1555
1611300 1555
1611310 1560
1611320 1566
1611330 1566
1611340 1571
1611350 1576
1611360 1576
1611370 1582
1611380 1591
1611390 1591
1611400 1596
1611410 1601
1611420 1601
1611430 1606
1611440 1612
1611450 1612
1611460 1618
1611470 1624
1611480 1624
1611490 1631
1611500 1638
1611510 1638
1611520 1644
1611530 1650
1611540 1655
1611550 1655
1611560 1660
1611570 1666
1611580 1666
1611590 1672
1611600 1678
1611610 1678
1611620 1685
1611630 1691
1611640 1691
1611650 1696
1611660 1701
1611670 1701
1611680 1705
1611690 1709
1611700 1709
1611710 1714
1611720 1720
1611730 1720
1611740 1727
1611750 1734
1611760 1734
1611770 1741
1611780 1748
1611790 1748
1611800 1755
1611810 1761
1611820 1761
1611830 1766
1611840 1771
1611850 1776
1611860 1776
1611870 1779
1611880 1783
1611890 1783
1611900 1786
1611910 1791
1611920 1791
1611930 1796
1611940 1800
1611950 1800
1611960 1804
1611970 1809
1611980 1809
1611990 1813
1612000 1817
1612010 1817
1612020 1821
1612030 1826
1612040 1826
1612050 1830
1612060 1835
1612070 1835
1612080 1839
1612090 1843
1612100 1843
1612110 1847
1612120 1850
1612130 1850
1612140 1852
1612150 1855
1612160 1859
1612170 1859
1612180 1864
1612190 1868
1612200 1868
1612210 1871
1612220 1874
1612230 1874
1612240 1877
1612250 1880
1612260 1880
1612270 1883
1612280 1885
1612290 1885
1612300 1887
1612310 1890
1612320 1890
1612330 1893
1612340 1896
1612350 1896
1612360 1898
1612370 1899
1612380 1898
1612390 1894
1612400 1886
1612410 1886
1612420 1875
1612430 1866
1612440 1866
1612450 1858
1612460 1852
1612470 1845
1612480 1845
1612490 1839
1612500 1834
1612510 1834
1612520 1831
1612530 1826
1612540 1826
1612550 1821
1612560 1822
1612570 1822
1612580 1821
1612590 1816
1612600 1816
1612610 1811
1612620 1807
1612630 1807
1612640 1802
1612650 1796
1612660 1796
1612670 1788
1612680 1781
1612690 1781
1612700 1775
1612710 1769
1612720 1769
1612730 1762
1612740 1757
1612750 1753
1612760 1753
1612770 1747
1612780 1743
1612790 1743
1612800 1740
1612810 1737
1612820 1737
1612830 1735
1612840 1731
1612850 1731
1612860 1727
1612870 1724
1612880 1724
1612890 1721
1612900 1721
1612910 1721
1612920 1721
1612930 1723
1612940 1723
1612950 1724
1612960 1724
1612970 1724
1612980 1721
1612990 1720
1613000 1720
1613010 1718
1613020 1721
1613030 1721
1613040 1727
1613050 1733
1613060 1738
1613070 1738
1613080 1743
1613090 1748
1613100 1748
1613110 1753
1613120 1758
1613130 1758
1613140 1763
1613150 1767
1613160 1767
1613170 1772
1613180 1777
1613190 1777
1613200 1782
1613210 1787
1613220 1787
1613230 1792
1613240 1797
1613250 1797
1613260 1801
1613270 1806
1613280 1806
1613290 1811
1613300 1816
1613310 1816
1613320 1820
1613330 1825
1613340 1825
1613350 1829
1613360 1834
1613370 1838
1613380 1838
1613390 1843
1613400 1847
1613410 1847
1613420 1851
1613430 1856
1613440 1856
1613450 1861
1613460 1866
1613470 1866
1613480 1870
1613490 1875
1613500 1875
1613510 1879
1613520 1883
1613530 1883
1613540 1886
1613550 1890
1613560 1890
1613570 1894
1613580 1899
1613590 1899
1613600 1904
1613610 1908
1613620 1908
1613630 1912
1613640 1915
1613650 1915
1613660 1918
1613670 1921
1613680 1924
1613690 1924
1613700 1926
1613710 1928
1613720 1928
1613730 1929
1613740 1931
1613750 1931
1613760 1934
1613770 1934
1613780 1934
1613790 1934
1613800 1934
1613810 1934
1613820 1934
1613830 1933
1613840 1933
1613850 1932
1613860 1932
1613870 1932
1613880 1932
1613890 1932
1613900 1932
1613910 1933
1613920 1935
1613930 1935
1613940 1936
1613950 1937
1613960 1937
1613970 1938
1613980 1940
1613990 1941
1614000 1941
1614010 1942
1614020 1943
1614030 1943
1614040 1944
1614050 1946
1614060 1946
1614070 1948
1614080 1950
1614090 1950
1614100 1952
1614110 1955
1614120 1955
1614130 1958
1614140 1961
1614150 1961
1614160 1964
1614170 1968
1614180 1968
1614190 1971
1614200 1975
1614210 1975
1614220 1979
1614230 1984
1614240 1984
1614250 1988
1614260 1993
1614270 1995
1614280 1995
1614290 1990
1614300 1985
1614310 1985
1614320 1980
1614330 1974
1614340 1974
1614350 1967
1614360 1961
1614370 1967
1614380 1961
1614390 1956
1614400 1956
1614410 1951
1614420 1946
1614430 1946
1614440 1941
1614450 1936
1614460 1936
1614470 1932
1614480 1926
1614490 1926
1614500 1920
1614510 1911
1614520 1911
1614530 1901
1614540 1888
1614550 1888
1614560 1877
1614570 1869
1614580 1862
1614590 1862
1614600 1855
1614610 1845
1614620 1845
1614630 1839
1614640 1831
1614650 1831
1614660 1821
1614670 1812
1614680 1812
1614690 1796
1614700 1752
1614710 1752
1614720 1738
1614730 1731
1614740 1731
1614750 1728
1614760 1723
1614770 1723
1614780 1718
1614790 1712
1614800 1712
1614810 1706
1614820 1701
1614830 1701
1614840 1696
1614850 1691
1614860 1691
1614870 1686
1614880 1681
1614890 1675
1614900 1675
1614910 1670
1614920 1667
1614930 1667
1614940 1664
1614950 1661
1614960 1661
1614970 1657
1614980 1653
1614990 1653
1615000 1650
1615010 1646
1615020 1646
1615030 1643
1615040 1639
1615050 1639
1615060 1635
1615070 1633
1615080 1633
1615090 1633
1615100 1634
1615110 1634
1615120 1635
1615130 1635
1615140 1635
1615150 1630
1615160 1623
1615170 1623
1615180 1615
1615190 1608
1615200 1601
1615210 1601
1615220 1594
1615230 1586
1615240 1586
1615250 1577
1615260 1570
1615270 1570
1615280 1568
1615290 1569
1615300 1569
1615310 1567
1615320 1565
1615330 1565
1615340 1565
1615350 1563
1615360 1563
1615370 1563
1615380 1563
1615390 1563
1615400 1564
1615410 1563
1615420 1563
1615430 1564
1615440 1564
1615450 1564
1615460 1563
1615470 1561
1615480 1561
1615490 1558
1615500 1556
1615510 1557
1615520 1557
1615530 1556
1615540 1557
1615550 1557
1615560 1559
1615570 1556
1615580 1556
1615590 1552
1615600 1554
1615610 1554
1615620 1561
1615630 1565
1615640 1565
1615650 1567
1615660 1565
1615670 1565
1615680 1565
1615690 1566
1615700 1566
1615710 1563
1615720 1560
1615730 1560
1615740 1561
1615750 1565
1615760 1565
1615770 1567
1615780 1566
1615790 1563
1615800 1563
1615810 1559
1615820 1558
1615830 1558
1615840 1561
1615850 1562
1615860 1562
1615870 1562
1615880 1558
1615890 1558
1615900 1551
1615910 1543
1615920 1543
1615930 1534
1615940 1529
1615950 1529
1615960 1521
1615970 1518
1615980 1518
1615990 1525
1616000 1532
1616010 1532
1616020 1539
1616030 1545
1616040 1545
1616050 1551
1616060 1556
1616070 1556
1616080 1564
1616090 1573
1616100 1581
1616110 1581
1616120 1590
1616130 1598
1616140 1598
1616150 1603
1616160 1607
1616170 1607
1616180 1610
1616190 1609
1616200 1609
1616210 1607
1616220 1604
1616230 1604
1616240 1601
1616250 1599
1616260 1599
1616270 1597
1616280 1596
1616290 1596
1616300 1596
1616310 1600
1616320 1597
1616330 1600
1616340 1603
1616350 1603
1616360 1606
1616370 1609
1616380 1609
1616390 1611
1616400 1614
1616410 1617
1616420 1617
1616430 1620
1616440 1622
1616450 1622
1616460 1625
1616470 1627
1616480 1627
1616490 1629
1616500 1631
1616510 1631
1616520 1633
1616530 1635
1616540 1635
1616550 1637
1616560 1639
1616570 1639
1616580 1640
1616590 1642
1616600 1642
1616610 1642
1616620 1643
1616630 1643
1616640 1643
1616650 1644
1616660 1644
1616670 1645
1616680 1645
1616690 1645
1616700 1645
1616710 1645
1616720 1643
1616730 1643
1616740 1639
1616750 1632
1616760 1632
1616770 1623
1616780 1615
1616790 1615
1616800 1609
1616810 1598
1616820 1598
1616830 1587
1616840 1579
1616850 1579
1616860 1573
1616870 1565
1616880 1565
1616890 1558
1616900 1553
1616910 1553
1616920 1546
1616930 1539
1616940 1539
1616950 1532
1616960 1525
1616970 1525
1616980 1518
1616990 1511
1617000 1511
1617010 1504
1617020 1498
1617030 1492
1617040 1492
1617050 1485
1617060 1478
1617070 1478
1617080 1472
1617090 1467
1617100 1467
1617110 1459
1617120 1452
1617130 1452
1617140 1446
1617150 1439
1617160 1439
1617170 1434
1617180 1430
1617190 1430
1617200 1424
1617210 1417
1617220 1417
1617230 1411
1617240 1405
1617250 1405
1617260 1398
1617270 1392
1617280 1392
1617290 1386
1617300 1377
1617310 1370
1617320 1370
1617330 1362
1617340 1356
1617350 1356
1617360 1351
1617370 1343
1617380 1343
1617390 1335
1617400 1329
1617410 1329
1617420 1324
1617430 1320
1617440 1320
1617450 1317
1617460 1313
1617470 1313
1617480 1309
1617490 1306
1617500 1306
1617510 1302
1617520 1297
1617530 1297
1617540 1294
1617550 1291
1617560 1291
1617570 1287
1617580 1284
1617590 1284
1617600 1281
1617610 1279
1617620 1275
1617630 1275
1617640 1270
1617650 1266
1617660 1266
1617670 1262
1617680 1259
1617690 1259
1617700 1255
1617710 1253
1617720 1253
1617730 1252
1617740 1250
1617750 1250
1617760 1248
1617770 1246
1617780 1246
1617790 1243
1617800 1239
1617810 1239
1617820 1235
1617830 1231
1617840 1231
1617850 1227
1617860 1223
1617870 1223
1617880 1220
1617890 1218
1617900 1218
1617910 1215
1617920 1213
1617930 1211
1617940 1211
1617950 1210
1617960 1208
1617970 1208
1617980 1206
1617990 1204
1618000 1204
1618010 1203
1618020 1201
1618030 1201
1618040 1200
1618050 1198
1618060 1198
1618070 1196
1618080 1194
1618090 1194
1618100 1193
1618110 1191
1618120 1191
1618130 1190
1618140 1188
1618150 1188
1618160 1187
1618170 1186
1618180 1186
1618190 1184
1618200 1183
1618210 1183
1618220 1181
1618230 1179
1618240 1178
1618250 1178
1618260 1176
1618270 1174
1618280 1174
1618290 1173
1618300 1171
1618310 1171
1618320 1170
1618330 1168
1618340 1168
1618350 1167
1618360 1166
1618370 1166
1618380 1165
1618390 1164
1618400 1164
1618410 1164
1618420 1163
1618430 1163
1618440 1162
1618450 1161
1618460 1161
1618470 1160
1618480 1158
1618490 1158
1618500 1157
1618510 1156
1618520 1156
1618530 1156
1618540 1155
1618550 1154
1618560 1154
1618570 1154
1618580 1153
1618590 1153
1618600 1152
1618610 1151
1618620 1151
1618630 1150
1618640 1150
1618650 1150
1618660 1149
1618670 1148
1618680 1148
1618690 1147
1618700 1146
1618710 1146
1618720 1145
1618730 1144
1618740 1144
1618750 1142
1618760 1141
1618770 1141
1618780 1140
1618790 1139
1618800 1139
1618810 1137
1618820 1137
1618830 1136
1618840 1136
1618850 1134
1618860 1133
1618870 1133
1618880 1132
1618890 1131
1618900 1131
1618910 1130
1618920 1130
1618930 1130
1618940 1129
1618950 1128
1618960 1128
1618970 1128
1618980 1127
1618990 1127
1619000 1127
1619010 1126
1619020 1126
1619030 1126
1619040 1125
1619050 1125
1619060 1125
1619070 1125
1619080 1125
1619090 1124
1619100 1124
1619110 1124
1619120 1124
1619130 1124
1619140 1124
1619150 1124
1619160 1124
1619170 1124
1619180 1124
1619190 1123
1619200 1123
1619210 1123
1619220 1123
1619230 1123
1619240 1123
1619250 1123
1619260 1123
1619270 1123
1619280 1123
1619290 1124
1619300 1124
1619310 1124
1619320 1124
1619330 1124
1619340 1124
1619350 1124
1619360 1124
1619370 1124
1619380 1125
1619390 1125
1619400 1125
1619410 1125
1619420 1125
1619430 1125
1619440 1125
1619450 1126
1619460 1126
1619470 1125
1619480 1125
1619490 1125
1619500 1125
1619510 1125
1619520 1125
1619530 1124
1619540 1124
1619550 1124
1619560 1125
1619570 1125
1619580 1125
1619590 1125
1619600 1126
1619610 1126
1619620 1126
1619630 1127
1619640 1127
1619650 1128
1619660 1129
1619670 1129
1619680 1130
1619690 1131
1619700 1131
1619710 1132
1619720 1133
1619730 1133
1619740 1133
1619750 1134
1619760 1135
1619770 1135
1619780 1136
1619790 1137
1619800 1137
1619810 1138
1619820 1139
1619830 1139
1619840 1140
1619850 1141
1619860 1141
1619870 1142
1619880 1142
1619890 1142
1619900 1142
1619910 1142
1619920 1142
1619930 1141
1619940 1141
1619950 1141
1619960 1140
1619970 1140
1619980 1140
1619990 1141
