1600000 1980
1600010 1980
1600020 1982
1600030 1982
1600040 1986
1600050 1989
1600060 1989
1600070 1991
1600080 1995
1600090 1995
1600100 1999
1600110 2002
1600120 2002
1600130 2007
1600140 2010
1600150 2010
1600160 2012
1600170 2015
1600180 2015
1600190 2018
1600200 2021
1600210 2021
1600220 2022
1600230 2017
1600240 2017
1600250 2011
1600260 2005
1600270 1998
1600280 1998
1600290 1992
1600300 1983
1600310 1983
1600320 1975
1600330 1969
1600340 1969
1600350 1961
1600360 1954
1600370 1954
1600380 1945
1600390 1934
1600400 1934
1600410 1922
1600420 1911
1600430 1911
1600440 1902
1600450 1894
1600460 1894
1600470 1884
1600480 1874
1600490 1874
1600500 1867
1600510 1859
1600520 1859
1600530 1852
1600540 1844
1600550 1844
1600560 1839
1600570 1834
1600580 1827
1600590 1827
1600600 1822
1600610 1817
1600620 1817
1600630 1812
1600640 1807
1600650 1807
1600660 1802
1600670 1797
1600680 1797
1600690 1792
1600700 1786
1600710 1786
1600720 1781
1600730 1778
1600740 1778
1600750 1773
1600760 1770
1600770 1770
1600780 1768
1600790 1767
1600800 1767
1600810 1767
1600820 1766
1600830 1766
1600840 1767
1600850 1769
1600860 1769
1600870 1772
1600880 1773
1600890 1769
1600900 1769
1600910 1762
1600920 1754
1600930 1754
1600940 1753
1600950 1756
1600960 1756
1600970 1758
1600980 1760
1600990 1760
1601000 1762
1601010 1765
1601020 1765
1601030 1768
1601040 1771
1601050 1771
1601060 1774
1601070 1774
1601080 1774
1601090 1775
1601100 1774
1601110 1774
1601120 1773
1601130 1774
1601140 1774
1601150 1775
1601160 1776
1601170 1776
1601180 1776
1601190 1777
1601200 1777
1601210 1779
1601220 1782
1601230 1785
1601240 1785
1601250 1789
1601260 1791
1601270 1791
1601280 1794
1601290 1797
1601300 1797
1601310 1799
1601320 1802
1601330 1802
1601340 1806
1601350 1810
1601360 1810
1601370 1815
1601380 1818
1601390 1818
1601400 1821
1601410 1821
1601420 1821
1601430 1820
1601440 1817
1601450 1817
1601460 1817
1601470 1817
1601480 1817
1601490 1816
1601500 1816
1601510 1816
1601520 1817
1601530 1818
1601540 1821
1601550 1821
1601560 1824
1601570 1825
1601580 1825
1601590 1826
1601600 1829
1601610 1829
1601620 1832
1601630 1835
1601640 1835
1601650 1838
1601660 1841
1601670 1841
1601680 1844
1601690 1847
1601700 1847
1601710 1849
1601720 1852
1601730 1852
1601740 1856
1601750 1860
1601760 1860
1601770 1864
1601780 1866
1601790 1866
1601800 1869
1601810 1872
1601820 1872
1601830 1882
1601840 1885
1601850 1889
1601860 1889
1601870 1891
1601880 1893
1601890 1893
1601900 1894
1601910 1895
1601920 1895
1601930 1899
1601940 1903
1601950 1903
1601960 1908
1601970 1912
1601980 1912
1601990 1918
1602000 1919
1602010 1919
1602020 1920
1602030 1922
1602040 1922
1602050 1923
1602060 1926
1602070 1926
1602080 1928
1602090 1930
1602100 1930
1602110 1932
1602120 1935
1602130 1935
1602140 1941
1602150 1946
1602160 1949
1602170 1949
1602180 1951
1602190 1952
1602200 1952
1602210 1955
1602220 1958
1602230 1958
1602240 1963
1602250 1968
1602260 1968
1602270 1970
1602280 1971
1602290 1971
1602300 1973
1602310 1976
1602320 1976
1602330 1978
1602340 1981
1602350 1981
1602360 1985
1602370 1989
1602380 1989
1602390 1991
1602400 1994
1602410 1994
1602420 1997
1602430 2000
1602440 2000
1602450 2002
1602460 2004
1602470 2007
1602480 2007
1602490 2011
1602500 2014
1602510 2014
1602520 2017
1602530 2020
1602540 2020
1602550 2023
1602560 2027
1602570 2027
1602580 2032
1602590 2035
1602600 2035
1602610 2038
1602620 2042
1602630 2042
1602640 2046
1602650 2050
1602660 2050
1602670 2055
1602680 2060
1602690 2060
1602700 2066
1602710 2071
1602720 2071
1602730 2076
1602740 2082
1602750 2082
1602760 2088
1602770 2095
1602780 2102
1602790 2102
1602800 2108
1602810 2114
1602820 2114
1602830 2120
1602840 2127
1602850 2127
1602860 2134
1602870 2141
1602880 2141
1602890 2148
1602900 2156
1602910 2153
1602920 2160
1602930 2168
1602940 2168
1602950 2177
1602960 2188
1602970 2188
1602980 2202
1602990 2215
1603000 2215
1603010 2226
1603020 2236
1603030 2236
1603040 2246
1603050 2255
1603060 2255
1603070 2263
1603080 2272
1603090 2282
1603100 2282
1603110 2291
1603120 2300
1603130 2300
1603140 2310
1603150 2318
1603160 2318
1603170 2323
1603180 2333
1603190 2333
1603200 2344
1603210 2352
1603220 2352
1603230 2359
1603240 2365
1603250 2365
1603260 2371
1603270 2374
1603280 2374
1603290 2372
1603300 2369
1603310 2369
1603320 2367
1603330 2365
1603340 2365
1603350 2363
1603360 2361
1603370 2361
1603380 2359
1603390 2357
1603400 2355
1603410 2355
1603420 2352
1603430 2351
1603440 2351
1603450 2350
1603460 2348
1603470 2348
1603480 2343
1603490 2339
1603500 2339
1603510 2335
1603520 2329
1603530 2329
1603540 2325
1603550 2321
1603560 2321
1603570 2318
1603580 2316
1603590 2316
1603600 2317
1603610 2317
1603620 2317
1603630 2313
1603640 2313
1603650 2313
1603660 2316
1603670 2314
1603680 2314
1603690 2311
1603700 2311
1603710 2311
1603720 2310
1603730 2310
1603740 2313
1603750 2313
1603760 2312
1603770 2314
1603780 2314
1603790 2311
1603800 2309
1603810 2309
1603820 2312
1603830 2314
1603840 2314
1603850 2312
1603860 2313
1603870 2313
1603880 2309
1603890 2310
1603900 2310
1603910 2310
1603920 2307
1603930 2307
1603940 2310
1603950 2309
1603960 2309
1603970 2305
1603980 2305
1603990 2313
1604000 2312
1604010 2311
1604020 2311
1604030 2310
1604040 2308
1604050 2304
1604060 2304
1604070 2297
1604080 2287
1604090 2287
1604100 2277
1604110 2270
1604120 2270
1604130 2264
1604140 2257
1604150 2257
1604160 2250
1604170 2243
1604180 2243
1604190 2234
1604200 2228
1604210 2228
1604220 2225
1604230 2215
1604240 2215
1604250 2205
1604260 2199
1604270 2199
1604280 2184
1604290 2175
1604300 2175
1604310 2168
1604320 2161
1604330 2161
1604340 2149
1604350 2141
1604360 2138
1604370 2138
1604380 2129
1604390 2121
1604400 2121
1604410 2113
1604420 2105
1604430 2105
1604440 2099
1604450 2093
1604460 2093
1604470 2085
1604480 2072
1604490 2072
1604500 2064
1604510 2056
1604520 2056
1604530 2052
1604540 2046
1604550 2046
1604560 2039
1604570 2038
1604580 2038
1604590 2039
1604600 2034
1604610 2034
1604620 2019
1604630 2009
1604640 2009
1604650 1976
1604660 1951
1604670 1942
1604680 1942
1604690 1951
1604700 1963
1604710 1963
1604720 1976
1604730 1989
1604740 1989
1604750 1997
1604760 2003
1604770 2003
1604780 2003
1604790 1997
1604800 1997
1604810 1973
1604820 1923
1604830 1923
1604840 1898
1604850 1895
1604860 1895
1604870 1893
1604880 1890
1604890 1890
1604900 1890
1604910 1892
1604920 1892
1604930 1894
1604940 1886
1604950 1886
1604960 1879
1604970 1880
1604980 1876
1604990 1876
1605000 1872
1605010 1872
1605020 1872
1605030 1870
1605040 1871
1605050 1862
1605060 1861
1605070 1860
1605080 1860
1605090 1860
1605100 1858
1605110 1858
1605120 1855
1605130 1858
1605140 1858
1605150 1855
1605160 1853
1605170 1853
1605180 1857
1605190 1862
1605200 1862
1605210 1865
1605220 1870
1605230 1870
1605240 1877
1605250 1880
1605260 1880
1605270 1882
1605280 1883
1605290 1884
1605300 1884
1605310 1890
1605320 1897
1605330 1897
1605340 1906
1605350 1914
1605360 1914
1605370 1922
1605380 1926
1605390 1926
1605400 1929
1605410 1932
1605420 1932
1605430 1935
1605440 1937
1605450 1937
1605460 1940
1605470 1943
1605480 1943
1605490 1945
1605500 1947
1605510 1947
1605520 1949
1605530 1950
1605540 1950
1605550 1952
1605560 1953
1605570 1953
1605580 1955
1605590 1956
1605600 1958
1605610 1958
1605620 1958
1605630 1959
1605640 1959
1605650 1960
1605660 1959
1605670 1959
1605680 1954
1605690 1948
1605700 1948
1605710 1942
1605720 1935
1605730 1935
1605740 1929
1605750 1922
1605760 1922
1605770 1916
1605780 1909
1605790 1909
1605800 1902
1605810 1896
1605820 1896
1605830 1889
1605840 1882
1605850 1882
1605860 1871
1605870 1858
1605880 1858
1605890 1850
1605900 1845
1605910 1845
1605920 1842
1605930 1840
1605940 1838
1605950 1838
1605960 1836
1605970 1833
1605980 1833
1605990 1830
1606000 1825
1606010 1825
1606020 1819
1606030 1812
1606040 1812
1606050 1804
1606060 1800
1606070 1800
1606080 1795
1606090 1786
1606100 1791
1606110 1784
1606120 1779
1606130 1779
1606140 1773
1606150 1770
1606160 1770
1606170 1766
1606180 1760
1606190 1760
1606200 1754
1606210 1749
1606220 1749
1606230 1744
1606240 1739
1606250 1734
1606260 1734
1606270 1731
1606280 1729
1606290 1729
1606300 1728
1606310 1728
1606320 1728
1606330 1729
1606340 1727
1606350 1727
1606360 1727
1606370 1727
1606380 1727
1606390 1728
1606400 1730
1606410 1730
1606420 1731
1606430 1730
1606440 1730
1606450 1727
1606460 1722
1606470 1722
1606480 1719
1606490 1715
1606500 1715
1606510 1712
1606520 1708
1606530 1708
1606540 1706
1606550 1703
1606560 1700
1606570 1700
1606580 1696
1606590 1693
1606600 1693
1606610 1690
1606620 1688
1606630 1688
1606640 1685
1606650 1683
1606660 1683
1606670 1680
1606680 1679
1606690 1679
1606700 1678
1606710 1676
1606720 1676
1606730 1675
1606740 1674
1606750 1674
1606760 1673
1606770 1671
1606780 1671
1606790 1670
1606800 1668
1606810 1668
1606820 1665
1606830 1661
1606840 1661
1606850 1658
1606860 1654
1606870 1650
1606880 1650
1606890 1647
1606900 1645
1606910 1645
1606920 1644
1606930 1642
1606940 1642
1606950 1639
1606960 1638
1606970 1638
1606980 1637
1606990 1636
1607000 1636
1607010 1637
1607020 1640
1607030 1640
1607040 1642
1607050 1643
1607060 1643
1607070 1646
1607080 1647
1607090 1647
1607100 1645
1607110 1644
1607120 1644
1607130 1643
1607140 1643
1607150 1641
1607160 1642
1607170 1641
1607180 1641
1607190 1641
1607200 1641
1607210 1641
1607220 1641
1607230 1641
1607240 1639
1607250 1639
1607260 1638
1607270 1637
1607280 1637
1607290 1636
1607300 1636
1607310 1636
1607320 1637
1607330 1637
1607340 1637
1607350 1639
1607360 1640
1607370 1640
1607380 1641
1607390 1640
1607400 1640
1607410 1640
1607420 1638
1607430 1638
1607440 1635
1607450 1633
1607460 1633
1607470 1629
1607480 1625
1607490 1620
1607500 1620
1607510 1615
1607520 1610
1607530 1610
1607540 1606
1607550 1602
1607560 1602
1607570 1599
1607580 1596
1607590 1596
1607600 1593
1607610 1591
1607620 1591
1607630 1588
1607640 1585
1607650 1585
1607660 1581
1607670 1578
1607680 1578
1607690 1575
1607700 1572
1607710 1572
1607720 1569
1607730 1566
1607740 1566
1607750 1564
1607760 1561
1607770 1561
1607780 1558
1607790 1555
1607800 1553
1607810 1553
1607820 1549
1607830 1545
1607840 1545
1607850 1541
1607860 1537
1607870 1537
1607880 1534
1607890 1531
1607900 1531
1607910 1526
1607920 1521
1607930 1521
1607940 1515
1607950 1510
1607960 1510
1607970 1506
1607980 1502
1607990 1502
1608000 1498
1608010 1494
1608020 1494
1608030 1491
1608040 1488
1608050 1488
1608060 1486
1608070 1484
1608080 1484
1608090 1482
1608100 1480
1608110 1480
1608120 1477
1608130 1475
1608140 1471
1608150 1471
1608160 1466
1608170 1463
1608180 1463
1608190 1460
1608200 1457
1608210 1457
1608220 1455
1608230 1454
1608240 1454
1608250 1452
1608260 1449
1608270 1449
1608280 1447
1608290 1445
1608300 1445
1608310 1443
1608320 1439
1608330 1439
1608340 1436
1608350 1435
1608360 1435
1608370 1434
1608380 1431
1608390 1431
1608400 1429
1608410 1425
1608420 1425
1608430 1421
1608440 1419
1608450 1420
1608460 1420
1608470 1422
1608480 1420
1608490 1420
1608500 1417
1608510 1415
1608520 1415
1608530 1414
1608540 1414
1608550 1414
1608560 1412
1608570 1411
1608580 1411
1608590 1409
1608600 1406
1608610 1406
1608620 1403
1608630 1402
1608640 1402
1608650 1401
1608660 1400
1608670 1400
1608680 1401
1608690 1401
1608700 1401
1608710 1399
1608720 1398
1608730 1398
1608740 1398
1608750 1397
1608760 1397
1608770 1397
1608780 1398
1608790 1397
1608800 1397
1608810 1396
1608820 1394
1608830 1394
1608840 1394
1608850 1394
1608860 1394
1608870 1394
1608880 1395
1608890 1395
1608900 1394
1608910 1394
1608920 1394
1608930 1394
1608940 1394
1608950 1394
1608960 1393
1608970 1391
1608980 1391
1608990 1389
1609000 1389
1609010 1389
1609020 1392
1609030 1394
1609040 1394
1609050 1396
1609060 1398
1609070 1402
1609080 1402
1609090 1405
1609100 1408
1609110 1408
1609120 1412
1609130 1416
1609140 1416
1609150 1420
1609160 1423
1609170 1423
1609180 1427
1609190 1431
1609200 1431
1609210 1434
1609220 1438
1609230 1438
1609240 1441
1609250 1444
1609260 1444
1609270 1448
1609280 1450
1609290 1450
1609300 1454
1609310 1457
1609320 1457
1609330 1461
1609340 1466
1609350 1466
1609360 1471
1609370 1473
1609380 1474
1609390 1474
1609400 1476
1609410 1479
1609420 1479
1609430 1481
1609440 1482
1609450 1482
1609460 1477
1609470 1471
1609480 1471
1609490 1467
1609500 1463
1609510 1463
1609520 1459
1609530 1454
1609540 1454
1609550 1449
1609560 1443
1609570 1443
1609580 1437
1609590 1431
1609600 1431
1609610 1425
1609620 1419
1609630 1419
1609640 1412
1609650 1405
1609660 1405
1609670 1398
1609680 1391
1609690 1385
1609700 1385
1609710 1378
1609720 1368
1609730 1368
1609740 1360
1609750 1353
1609760 1353
1609770 1345
1609780 1338
1609790 1338
1609800 1331
1609810 1324
1609820 1324
1609830 1318
1609840 1313
1609850 1313
1609860 1308
1609870 1303
1609880 1303
1609890 1298
1609900 1293
1609910 1293
1609920 1287
1609930 1281
1609940 1281
1609950 1274
1609960 1267
1609970 1267
1609980 1261
1609990 1255
1610000 1249
1610010 1249
1610020 1243
1610030 1237
1610040 1237
1610050 1231
1610060 1225
1610070 1225
1610080 1218
1610090 1212
1610100 1212
1610110 1207
1610120 1202
1610130 1202
1610140 1196
1610150 1191
1610160 1191
1610170 1184
1610180 1179
1610190 1179
1610200 1174
1610210 1173
1610220 1173
1610230 1175
1610240 1183
1610250 1183
1610260 1189
1610270 1194
1610280 1194
1610290 1196
1610300 1194
1610310 1193
1610320 1193
1610330 1192
1610340 1191
1610350 1191
1610360 1190
1610370 1190
1610380 1190
1610390 1191
1610400 1191
1610410 1191
1610420 1191
1610430 1192
1610440 1192
1610450 1194
1610460 1196
1610470 1196
1610480 1198
1610490 1200
1610500 1200
1610510 1201
1610520 1203
1610530 1203
1610540 1205
1610550 1207
1610560 1207
1610570 1209
1610580 1212
1610590 1212
1610600 1214
1610610 1217
1610620 1217
1610630 1220
1610640 1223
1610650 1224
1610660 1224
1610670 1225
1610680 1226
1610690 1226
1610700 1227
1610710 1229
1610720 1229
1610730 1230
1610740 1232
1610750 1232
1610760 1233
1610770 1235
1610780 1235
1610790 1238
1610800 1240
1610810 1240
1610820 1242
1610830 1244
1610840 1244
1610850 1246
1610860 1248
1610870 1248
1610880 1250
1610890 1252
1610900 1252
1610910 1254
1610920 1257
1610930 1257
1610940 1260
1610950 1262
1610960 1265
1610970 1265
1610980 1267
1610990 1270
1611000 1270
1611010 1273
1611020 1276
1611030 1276
1611040 1279
1611050 1282
1611060 1282
1611070 1285
1611080 1288
1611090 1288
1611100 1291
1611110 1294
1611120 1294
1611130 1297
1611140 1301
1611150 1301
1611160 1305
1611170 1309
1611180 1309
1611190 1312
1611200 1316
1611210 1316
1611220 1319
1611230 1322
1611240 1322
1611250 1325
1611260 1328
1611270 1333
1611280 1333
1611290 1337
1611300 1340
1611310 1340
1611320 1343
1611330 1346
1611340 1346
1611350 1350
1611360 1355
1611370 1355
1611380 1360
1611390 1364
1611400 1364
1611410 1369
1611420 1373
1611430 1373
1611440 1377
1611450 1381
1611460 1381
1611470 1385
1611480 1389
1611490 1389
1611500 1393
1611510 1397
1611520 1397
1611530 1401
1611540 1405
1611550 1405
1611560 1409
1611570 1413
1611580 1418
1611590 1418
1611600 1421
1611610 1425
1611620 1425
1611630 1428
1611640 1432
1611650 1432
1611660 1435
1611670 1437
1611680 1437
1611690 1440
1611700 1442
1611710 1442
1611720 1446
1611730 1451
1611740 1451
1611750 1456
1611760 1461
1611770 1461
1611780 1466
1611790 1470
1611800 1470
1611810 1475
1611820 1480
1611830 1480
1611840 1484
1611850 1488
1611860 1488
1611870 1493
1611880 1497
1611890 1502
1611900 1502
1611910 1508
1611920 1513
1611930 1513
1611940 1517
1611950 1521
1611960 1521
1611970 1526
1611980 1530
1611990 1530
1612000 1533
1612010 1536
1612020 1536
1612030 1538
1612040 1540
1612050 1540
1612060 1540
1612070 1540
1612080 1540
1612090 1540
1612100 1541
1612110 1541
1612120 1543
1612130 1545
1612140 1545
1612150 1547
1612160 1549
1612170 1549
1612180 1549
1612190 1550
1612200 1553
1612210 1553
1612220 1556
1612230 1560
1612240 1560
1612250 1564
1612260 1572
1612270 1572
1612280 1577
1612290 1581
1612300 1581
1612310 1586
1612320 1590
1612330 1590
1612340 1594
1612350 1598
1612360 1598
1612370 1603
1612380 1607
1612390 1607
1612400 1610
1612410 1611
1612420 1611
1612430 1608
1612440 1605
1612450 1605
1612460 1604
1612470 1605
1612480 1605
1612490 1607
1612500 1610
1612510 1612
1612520 1612
1612530 1613
1612540 1614
1612550 1614
1612560 1615
1612570 1614
1612580 1614
1612590 1613
1612600 1613
1612610 1613
1612620 1614
1612630 1614
1612640 1614
1612650 1614
1612660 1615
1612670 1615
1612680 1616
1612690 1617
1612700 1617
1612710 1619
1612720 1621
1612730 1621
1612740 1623
1612750 1625
1612760 1625
1612770 1625
1612780 1618
1612790 1618
1612800 1609
1612810 1599
1612820 1599
1612830 1587
1612840 1578
1612850 1570
1612860 1570
1612870 1562
1612880 1555
1612890 1555
1612900 1548
1612910 1540
1612920 1540
1612930 1533
1612940 1526
1612950 1526
1612960 1519
1612970 1512
1612980 1512
1612990 1505
1613000 1499
1613010 1499
1613020 1493
1613030 1486
1613040 1486
1613050 1480
1613060 1471
1613070 1471
1613080 1459
1613090 1446
1613100 1446
1613110 1435
1613120 1426
1613130 1426
1613140 1419
1613150 1413
1613160 1408
1613170 1408
1613180 1402
1613190 1394
1613200 1394
1613210 1386
1613220 1378
1613230 1378
1613240 1373
1613250 1376
1613260 1376
1613270 1373
1613280 1369
1613290 1369
1613300 1365
1613310 1360
1613320 1360
1613330 1355
1613340 1350
1613350 1350
1613360 1345
1613370 1341
1613380 1341
1613390 1336
1613400 1336
1613410 1336
1613420 1336
1613430 1334
1613440 1334
1613450 1332
1613460 1333
1613470 1333
1613480 1333
1613490 1331
1613500 1328
1613510 1328
1613520 1326
1613530 1322
1613540 1322
1613550 1321
1613560 1320
1613570 1320
1613580 1320
1613590 1318
1613600 1318
1613610 1316
1613620 1313
1613630 1313
1613640 1311
1613650 1311
1613660 1311
1613670 1309
1613680 1305
1613690 1305
1613700 1303
1613710 1301
1613720 1301
1613730 1299
1613740 1297
1613750 1297
1613760 1294
1613770 1292
1613780 1290
1613790 1290
1613800 1286
1613810 1281
1613820 1281
1613830 1277
1613840 1272
1613850 1272
1613860 1268
1613870 1264
1613880 1264
1613890 1260
1613900 1256
1613910 1256
1613920 1253
1613930 1249
1613940 1249
1613950 1245
1613960 1240
1613970 1240
1613980 1235
1613990 1230
1614000 1230
1614010 1225
1614020 1220
1614030 1220
1614040 1216
1614050 1212
1614060 1212
1614070 1208
1614080 1205
1614090 1201
1614100 1201
1614110 1197
1614120 1193
1614130 1193
1614140 1189
1614150 1184
1614160 1184
1614170 1181
1614180 1179
1614190 1179
1614200 1175
1614210 1172
1614220 1172
1614230 1169
1614240 1161
1614250 1161
1614260 1157
1614270 1154
1614280 1154
1614290 1150
1614300 1145
1614310 1145
1614320 1138
1614330 1131
1614340 1131
1614350 1126
1614360 1121
1614370 1121
1614380 1114
1614390 1109
1614400 1106
1614410 1106
1614420 1103
1614430 1102
1614440 1102
1614450 1098
1614460 1096
1614470 1096
1614480 1096
1614490 1094
1614500 1094
1614510 1092
1614520 1090
1614530 1090
1614540 1088
1614550 1086
1614560 1086
1614570 1083
1614580 1081
1614590 1081
1614600 1078
1614610 1073
1614620 1073
1614630 1068
1614640 1064
1614650 1064
1614660 1061
1614670 1059
1614680 1059
1614690 1058
1614700 1058
1614710 1059
1614720 1059
1614730 1059
1614740 1059
1614750 1059
1614760 1059
1614770 1060
1614780 1060
1614790 1062
1614800 1067
1614810 1067
1614820 1073
1614830 1078
1614840 1078
1614850 1083
1614860 1087
1614870 1087
1614880 1093
1614890 1098
1614900 1098
1614910 1102
1614920 1104
1614930 1104
1614940 1105
1614950 1105
1614960 1105
1614970 1105
1614980 1105
1614990 1105
1615000 1106
1615010 1108
1615020 1108
1615030 1110
1615040 1113
1615050 1117
1615060 1117
1615070 1120
1615080 1122
1615090 1122
1615100 1123
1615110 1122
1615120 1122
1615130 1121
1615140 1120
1615150 1120
1615160 1120
1615170 1120
1615180 1120
1615190 1120
1615200 1121
1615210 1121
1615220 1122
1615230 1117
1615240 1117
1615250 1118
1615260 1118
1615270 1118
1615280 1119
1615290 1119
1615300 1119
1615310 1119
1615320 1118
1615330 1118
1615340 1118
1615350 1123
1615360 1131
1615370 1131
1615380 1137
1615390 1144
1615400 1144
1615410 1150
1615420 1156
1615430 1156
1615440 1162
1615450 1167
1615460 1167
1615470 1172
1615480 1176
1615490 1176
1615500 1178
1615510 1180
1615520 1180
1615530 1181
1615540 1183
1615550 1183
1615560 1182
1615570 1182
1615580 1182
1615590 1182
1615600 1180
1615610 1180
1615620 1179
1615630 1180
1615640 1180
1615650 1182
1615660 1182
1615670 1182
1615680 1182
1615690 1181
1615700 1180
1615710 1180
1615720 1178
1615730 1177
1615740 1177
1615750 1175
1615760 1173
1615770 1173
1615780 1172
1615790 1170
1615800 1170
1615810 1167
1615820 1165
1615830 1165
1615840 1162
1615850 1161
1615860 1161
1615870 1158
1615880 1153
1615890 1153
1615900 1148
1615910 1149
1615920 1149
1615930 1153
1615940 1153
1615950 1153
1615960 1154
1615970 1157
1615980 1159
1615990 1159
1616000 1161
1616010 1163
1616020 1163
1616030 1163
1616040 1161
1616050 1161
1616060 1156
1616070 1152
1616080 1152
1616090 1149
1616100 1149
1616110 1149
1616120 1148
1616130 1145
1616140 1145
1616150 1143
1616160 1141
1616170 1141
1616180 1138
1616190 1136
1616200 1130
1616210 1129
1616220 1128
1616230 1128
1616240 1126
1616250 1124
1616260 1124
1616270 1122
1616280 1119
1616290 1117
1616300 1117
1616310 1115
1616320 1114
1616330 1114
1616340 1110
1616350 1108
1616360 1108
1616370 1107
1616380 1106
1616390 1106
1616400 1103
1616410 1098
1616420 1098
1616430 1095
1616440 1090
1616450 1090
1616460 1085
1616470 1081
1616480 1081
1616490 1079
1616500 1077
1616510 1077
1616520 1073
1616530 1070
1616540 1070
1616550 1067
1616560 1063
1616570 1063
1616580 1059
1616590 1057
1616600 1055
1616610 1055
1616620 1050
1616630 1048
1616640 1048
1616650 1046
1616660 1047
1616670 1047
1616680 1049
1616690 1050
1616700 1050
1616710 1051
1616720 1051
1616730 1051
1616740 1051
1616750 1051
1616760 1051
1616770 1052
1616780 1052
1616790 1052
1616800 1052
1616810 1052
1616820 1052
1616830 1052
1616840 1052
1616850 1052
1616860 1053
1616870 1054
1616880 1054
1616890 1057
1616900 1061
1616910 1061
1616920 1065
1616930 1067
1616940 1070
1616950 1070
1616960 1073
1616970 1077
1616980 1077
1616990 1079
1617000 1083
1617010 1083
1617020 1086
1617030 1090
1617040 1090
1617050 1095
1617060 1099
1617070 1099
1617080 1102
1617090 1106
1617100 1106
1617110 1111
1617120 1114
1617130 1114
1617140 1117
1617150 1119
1617160 1119
1617170 1127
1617180 1129
1617190 1129
1617200 1132
1617210 1134
1617220 1134
1617230 1137
1617240 1141
1617250 1146
1617260 1146
1617270 1148
1617280 1146
1617290 1146
1617300 1142
1617310 1138
1617320 1138
1617330 1135
1617340 1130
1617350 1130
1617360 1125
1617370 1121
1617380 1121
1617390 1117
1617400 1112
1617410 1112
1617420 1109
1617430 1110
1617440 1110
1617450 1111
1617460 1112
1617470 1112
1617480 1112
1617490 1113
1617500 1113
1617510 1116
1617520 1121
1617530 1121
1617540 1127
1617550 1132
1617560 1136
1617570 1136
1617580 1140
1617590 1143
1617600 1143
1617610 1146
1617620 1149
1617630 1149
1617640 1152
1617650 1156
1617660 1156
1617670 1158
1617680 1161
1617690 1161
1617700 1164
1617710 1167
1617720 1167
1617730 1169
1617740 1170
1617750 1170
1617760 1172
1617770 1177
1617780 1177
1617790 1180
1617800 1182
1617810 1182
1617820 1184
1617830 1185
1617840 1185
1617850 1186
1617860 1187
1617870 1188
1617880 1188
1617890 1188
1617900 1189
1617910 1189
1617920 1189
1617930 1189
1617940 1189
1617950 1189
1617960 1189
1617970 1189
1617980 1187
1617990 1184
1618000 1184
1618010 1180
1618020 1180
1618030 1180
1618040 1186
1618050 1192
1618060 1192
1618070 1197
1618080 1201
1618090 1201
1618100 1204
1618110 1208
1618120 1208
1618130 1216
1618140 1219
1618150 1219
1618160 1222
1618170 1224
1618180 1227
1618190 1227
1618200 1230
1618210 1233
1618220 1233
1618230 1236
1618240 1238
1618250 1238
1618260 1242
1618270 1245
1618280 1245
1618290 1249
1618300 1251
1618310 1251
1618320 1252
1618330 1254
1618340 1254
1618350 1255
1618360 1256
1618370 1256
1618380 1256
1618390 1257
1618400 1257
1618410 1259
1618420 1261
1618430 1261
1618440 1264
1618450 1269
1618460 1269
1618470 1273
1618480 1276
1618490 1280
1618500 1280
1618510 1283
1618520 1284
1618530 1284
1618540 1286
1618550 1290
1618560 1290
1618570 1294
1618580 1298
1618590 1298
1618600 1301
1618610 1305
1618620 1305
1618630 1309
1618640 1313
1618650 1313
1618660 1317
1618670 1321
1618680 1321
1618690 1326
1618700 1330
1618710 1330
1618720 1335
1618730 1341
1618740 1341
1618750 1347
1618760 1349
1618770 1349
1618780 1353
1618790 1360
1618800 1360
1618810 1364
1618820 1367
1618830 1371
1618840 1371
1618850 1374
1618860 1376
1618870 1376
1618880 1377
1618890 1379
1618900 1379
1618910 1381
1618920 1384
1618930 1384
1618940 1388
1618950 1392
1618960 1392
1618970 1396
1618980 1400
1618990 1400
1619000 1404
1619010 1408
1619020 1408
1619030 1412
1619040 1416
1619050 1416
1619060 1421
1619070 1425
1619080 1425
1619090 1430
1619100 1434
1619110 1434
1619120 1437
1619130 1441
1619140 1442
1619150 1442
1619160 1444
1619170 1447
1619180 1447
1619190 1450
1619200 1452
1619210 1452
1619220 1454
1619230 1459
1619240 1459
1619250 1462
1619260 1464
1619270 1464
1619280 1467
1619290 1472
1619300 1472
1619310 1478
1619320 1483
1619330 1483
1619340 1487
1619350 1491
1619360 1491
1619370 1495
1619380 1500
1619390 1500
1619400 1505
1619410 1508
1619420 1508
1619430 1512
1619440 1517
1619450 1522
1619460 1522
1619470 1526
1619480 1530
1619490 1530
1619500 1534
1619510 1538
1619520 1538
1619530 1542
1619540 1546
1619550 1546
1619560 1548
1619570 1551
1619580 1551
1619590 1556
1619600 1563
1619610 1563
1619620 1568
1619630 1573
1619640 1573
1619650 1576
1619660 1578
1619670 1578
1619680 1581
1619690 1586
1619700 1586
1619710 1591
1619720 1596
1619730 1596
1619740 1601
1619750 1606
1619760 1610
1619770 1610
1619780 1614
1619790 1618
1619800 1618
1619810 1623
1619820 1628
1619830 1628
1619840 1634
1619850 1636
1619860 1636
1619870 1638
1619880 1638
1619890 1638
1619900 1638
1619910 1640
1619920 1640
1619930 1643
1619940 1646
1619950 1646
1619960 1653
1619970 1658
1619980 1658
1619990 1665
