1600000 1797
1600010 1796
1600020 1793
1600030 1793
1600040 1789
1600050 1788
1600060 1788
1600070 1786
1600080 1783
1600090 1783
1600100 1779
1600110 1775
1600120 1774
1600130 1774
1600140 1775
1600150 1777
1600160 1777
1600170 1777
1600180 1779
1600190 1779
1600200 1780
1600210 1779
1600220 1779
1600230 1778
1600240 1777
1600250 1777
1600260 1776
1600270 1775
1600280 1775
1600290 1774
1600300 1773
1600310 1773
1600320 1770
1600330 1764
1600340 1764
1600350 1756
1600360 1748
1600370 1748
1600380 1741
1600390 1734
1600400 1734
1600410 1729
1600420 1728
1600430 1729
1600440 1729
1600450 1729
1600460 1727
1600470 1727
1600480 1725
1600490 1724
1600500 1724
1600510 1722
1600520 1721
1600530 1721
1600540 1719
1600550 1720
1600560 1720
1600570 1720
1600580 1721
1600590 1721
1600600 1721
1600610 1717
1600620 1717
1600630 1716
1600640 1715
1600650 1715
1600660 1713
1600670 1711
1600680 1711
1600690 1708
1600700 1707
1600710 1707
1600720 1707
1600730 1707
1600740 1704
1600750 1704
1600760 1705
1600770 1707
1600780 1707
1600790 1709
1600800 1710
1600810 1710
1600820 1712
1600830 1716
1600840 1716
1600850 1720
1600860 1724
1600870 1724
1600880 1728
1600890 1732
1600900 1732
1600910 1736
1600920 1739
1600930 1739
1600940 1743
1600950 1747
1600960 1747
1600970 1752
1600980 1757
1600990 1757
1601000 1763
1601010 1767
1601020 1767
1601030 1773
1601040 1778
1601050 1782
1601060 1782
1601070 1788
1601080 1793
1601090 1793
1601100 1800
1601110 1808
1601120 1808
1601130 1816
1601140 1824
1601150 1824
1601160 1832
1601170 1840
1601180 1840
1601190 1847
1601200 1855
1601210 1855
1601220 1862
1601230 1869
1601240 1869
1601250 1875
1601260 1882
1601270 1882
1601280 1888
1601290 1895
1601300 1895
1601310 1901
1601320 1909
1601330 1909
1601340 1917
1601350 1924
1601360 1924
1601370 1931
1601380 1938
1601390 1945
1601400 1945
1601410 1951
1601420 1958
1601430 1958
1601440 1964
1601450 1971
1601460 1971
1601470 1977
1601480 1983
1601490 1983
1601500 1989
1601510 1994
1601520 1994
1601530 1998
1601540 2001
1601550 2001
1601560 2004
1601570 2006
1601580 2006
1601590 2009
1601600 2013
1601610 2013
1601620 2017
1601630 2020
1601640 2020
1601650 2024
1601660 2029
1601670 2029
1601680 2034
1601690 2039
1601700 2039
1601710 2039
1601720 2044
1601730 2049
1601740 2049
1601750 2054
1601760 2060
1601770 2060
1601780 2065
1601790 2071
1601800 2071
1601810 2077
1601820 2082
1601830 2082
1601840 2087
1601850 2093
1601860 2093
1601870 2098
1601880 2102
1601890 2102
1601900 2107
1601910 2113
1601920 2113
1601930 2117
1601940 2122
1601950 2122
1601960 2128
1601970 2133
1601980 2133
1601990 2138
1602000 2143
1602010 2147
1602020 2147
1602030 2152
1602040 2157
1602050 2157
1602060 2162
1602070 2168
1602080 2168
1602090 2174
1602100 2179
1602110 2179
1602120 2184
1602130 2190
1602140 2190
1602150 2195
1602160 2199
1602170 2199
1602180 2205
1602190 2211
1602200 2211
1602210 2216
1602220 2216
1602230 2216
1602240 2214
1602250 2220
1602260 2220
1602270 2223
1602280 2225
1602290 2225
1602300 2228
1602310 2233
1602320 2240
1602330 2240
1602340 2248
1602350 2256
1602360 2256
1602370 2263
1602380 2271
1602390 2271
1602400 2278
1602410 2282
1602420 2282
1602430 2285
1602440 2288
1602450 2288
1602460 2291
1602470 2283
1602480 2283
1602490 2269
1602500 2260
1602510 2260
1602520 2260
1602530 2269
1602540 2269
1602550 2277
1602560 2283
1602570 2283
1602580 2285
1602590 2284
1602600 2284
1602610 2298
1602620 2303
1602630 2305
1602640 2305
1602650 2312
1602660 2288
1602670 2288
1602680 2278
1602690 2269
1602700 2269
1602710 2249
1602720 2243
1602730 2243
1602740 2240
1602750 2238
1602760 2238
1602770 2229
1602780 2219
1602790 2207
1602800 2196
1602810 2194
1602820 2194
1602830 2189
1602840 2184
1602850 2184
1602860 2178
1602870 2173
1602880 2173
1602890 2168
1602900 2163
1602910 2163
1602920 2157
1602930 2152
1602940 2152
1602950 2147
1602960 2143
1602970 2138
1602980 2138
1602990 2133
1603000 2129
1603010 2129
1603020 2125
1603030 2120
1603040 2120
1603050 2116
1603060 2111
1603070 2111
1603080 2106
1603090 2102
1603100 2102
1603110 2099
1603120 2096
1603130 2096
1603140 2093
1603150 2090
1603160 2090
1603170 2088
1603180 2085
1603190 2085
1603200 2083
1603210 2081
1603220 2081
1603230 2078
1603240 2076
1603250 2076
1603260 2074
1603270 2072
1603280 2070
1603290 2070
1603300 2069
1603310 2068
1603320 2068
1603330 2067
1603340 2066
1603350 2066
1603360 2063
1603370 2062
1603380 2062
1603390 2059
1603400 2054
1603410 2054
1603420 2052
1603430 2051
1603440 2051
1603450 2050
1603460 2051
1603470 2051
1603480 2050
1603490 2049
1603500 2049
1603510 2049
1603520 2049
1603530 2049
1603540 2048
1603550 2047
1603560 2047
1603570 2046
1603580 2043
1603590 2042
1603600 2042
1603610 2039
1603620 2036
1603630 2036
1603640 2032
1603650 2028
1603660 2028
1603670 2025
1603680 2021
1603690 2021
1603700 2019
1603710 2017
1603720 2017
1603730 2016
1603740 2017
1603750 2017
1603760 2017
1603770 2015
1603780 2015
1603790 2012
1603800 2010
1603810 2010
1603820 2007
1603830 2004
1603840 2004
1603850 2000
1603860 1994
1603870 1994
1603880 1992
1603890 1992
1603900 1992
1603910 1992
1603920 1991
1603930 1990
1603940 1990
1603950 1990
1603960 1989
1603970 1989
1603980 1987
1603990 1987
1604000 1987
1604010 1987
1604020 1986
1604030 1986
1604040 1984
1604050 1983
1604060 1983
1604070 1981
1604080 1979
1604090 1979
1604100 1975
1604110 1972
1604120 1972
1604130 1971
1604140 1969
1604150 1969
1604160 1967
1604170 1964
1604180 1964
1604190 1961
1604200 1960
1604210 1959
1604220 1959
1604230 1958
1604240 1957
1604250 1957
1604260 1956
1604270 1955
1604280 1955
1604290 1953
1604300 1951
1604310 1951
1604320 1950
1604330 1948
1604340 1948
1604350 1943
1604360 1935
1604370 1935
1604380 1927
1604390 1920
1604400 1920
1604410 1913
1604420 1907
1604430 1907
1604440 1902
1604450 1897
1604460 1897
1604470 1894
1604480 1892
1604490 1892
1604500 1891
1604510 1890
1604520 1890
1604530 1888
1604540 1884
1604550 1879
1604560 1879
1604570 1872
1604580 1869
1604590 1869
1604600 1863
1604610 1857
1604620 1857
1604630 1850
1604640 1845
1604650 1845
1604660 1840
1604670 1838
1604680 1838
1604690 1833
1604700 1829
1604710 1829
1604720 1824
1604730 1820
1604740 1820
1604750 1815
1604760 1810
1604770 1810
1604780 1802
1604790 1791
1604800 1791
1604810 1779
1604820 1769
1604830 1769
1604840 1762
1604850 1754
1604860 1744
1604870 1744
1604880 1736
1604890 1729
1604900 1729
1604910 1723
1604920 1718
1604930 1722
1604940 1719
1604950 1718
1604960 1718
1604970 1715
1604980 1713
1604990 1713
1605000 1711
1605010 1710
1605020 1710
1605030 1708
1605040 1706
1605050 1706
1605060 1705
1605070 1704
1605080 1704
1605090 1701
1605100 1698
1605110 1698
1605120 1694
1605130 1689
1605140 1689
1605150 1687
1605160 1685
1605170 1684
1605180 1684
1605190 1683
1605200 1681
1605210 1681
1605220 1680
1605230 1680
1605240 1680
1605250 1679
1605260 1678
1605270 1678
1605280 1677
1605290 1675
1605300 1675
1605310 1674
1605320 1672
1605330 1672
1605340 1671
1605350 1669
1605360 1669
1605370 1669
1605380 1668
1605390 1668
1605400 1666
1605410 1665
1605420 1665
1605430 1665
1605440 1664
1605450 1664
1605460 1664
1605470 1663
1605480 1662
1605490 1662
1605500 1661
1605510 1660
1605520 1660
1605530 1660
1605540 1660
1605550 1660
1605560 1659
1605570 1659
1605580 1659
1605590 1659
1605600 1659
1605610 1659
1605620 1658
1605630 1658
1605640 1658
1605650 1658
1605660 1658
1605670 1658
1605680 1658
1605690 1658
1605700 1658
1605710 1657
1605720 1656
1605730 1656
1605740 1655
1605750 1655
1605760 1655
1605770 1654
1605780 1654
1605790 1654
1605800 1654
1605810 1653
1605820 1653
1605830 1653
1605840 1651
1605850 1649
1605860 1649
1605870 1649
1605880 1649
1605890 1649
1605900 1650
1605910 1649
1605920 1649
1605930 1649
1605940 1650
1605950 1650
1605960 1650
1605970 1651
1605980 1648
1605990 1648
1606000 1647
1606010 1647
1606020 1646
1606030 1645
1606040 1645
1606050 1644
1606060 1643
1606070 1643
1606080 1641
1606090 1638
1606100 1638
1606110 1636
1606120 1635
1606130 1634
1606140 1634
1606150 1632
1606160 1630
1606170 1630
1606180 1627
1606190 1622
1606200 1622
1606210 1617
1606220 1612
1606230 1612
1606240 1607
1606250 1603
1606260 1603
1606270 1598
1606280 1594
1606290 1594
1606300 1591
1606310 1587
1606320 1587
1606330 1585
1606340 1583
1606350 1583
1606360 1580
1606370 1574
1606380 1574
1606390 1568
1606400 1564
1606410 1564
1606420 1560
1606430 1556
1606440 1554
1606450 1554
1606460 1551
1606470 1549
1606480 1549
1606490 1547
1606500 1545
1606510 1545
1606520 1544
1606530 1543
1606540 1543
1606550 1543
1606560 1543
1606570 1543
1606580 1544
1606590 1544
1606600 1544
1606610 1543
1606620 1543
1606630 1543
1606640 1540
1606650 1538
1606660 1538
1606670 1538
1606680 1540
1606690 1540
1606700 1539
1606710 1539
1606720 1539
1606730 1541
1606740 1544
1606750 1548
1606760 1548
1606770 1551
1606780 1551
1606790 1551
1606800 1550
1606810 1550
1606820 1550
1606830 1551
1606840 1551
1606850 1551
1606860 1552
1606870 1553
1606880 1553
1606890 1555
1606900 1556
1606910 1556
1606920 1556
1606930 1556
1606940 1556
1606950 1554
1606960 1552
1606970 1552
1606980 1552
1606990 1553
1607000 1553
1607010 1552
1607020 1551
1607030 1549
1607040 1549
1607050 1550
1607060 1551
1607070 1551
1607080 1550
1607090 1551
1607100 1551
1607110 1551
1607120 1551
1607130 1551
1607140 1551
1607150 1551
1607160 1551
1607170 1550
1607180 1550
1607190 1550
1607200 1550
1607210 1549
1607220 1549
1607230 1549
1607240 1548
1607250 1548
1607260 1547
1607270 1547
1607280 1547
1607290 1546
1607300 1546
1607310 1546
1607320 1546
1607330 1545
1607340 1545
1607350 1544
1607360 1543
1607370 1543
1607380 1543
1607390 1542
1607400 1541
1607410 1541
1607420 1539
1607430 1538
1607440 1538
1607450 1536
1607460 1533
1607470 1533
1607480 1531
1607490 1528
1607500 1528
1607510 1528
1607520 1526
1607530 1526
1607540 1525
1607550 1524
1607560 1524
1607570 1523
1607580 1521
1607590 1521
1607600 1520
1607610 1519
1607620 1519
1607630 1518
1607640 1516
1607650 1516
1607660 1514
1607670 1512
1607680 1512
1607690 1510
1607700 1509
1607710 1508
1607720 1508
1607730 1505
1607740 1503
1607750 1503
1607760 1502
1607770 1504
1607780 1504
1607790 1502
1607800 1500
1607810 1500
1607820 1499
1607830 1501
1607840 1501
1607850 1498
1607860 1498
1607870 1498
1607880 1496
1607890 1497
1607900 1497
1607910 1497
1607920 1496
1607930 1496
1607940 1495
1607950 1493
1607960 1493
1607970 1494
1607980 1495
1607990 1495
1608000 1496
1608010 1496
1608020 1497
1608030 1497
1608040 1498
1608050 1500
1608060 1500
1608070 1499
1608080 1499
1608090 1499
1608100 1499
1608110 1499
1608120 1499
1608130 1499
1608140 1498
1608150 1498
1608160 1498
1608170 1497
1608180 1497
1608190 1497
1608200 1497
1608210 1497
1608220 1497
1608230 1497
1608240 1497
1608250 1496
1608260 1496
1608270 1496
1608280 1496
1608290 1496
1608300 1496
1608310 1496
1608320 1496
1608330 1497
1608340 1497
1608350 1497
1608360 1498
1608370 1498
1608380 1499
1608390 1500
1608400 1500
1608410 1501
1608420 1503
1608430 1503
1608440 1506
1608450 1508
1608460 1508
1608470 1510
1608480 1513
1608490 1513
1608500 1516
1608510 1519
1608520 1519
1608530 1521
1608540 1525
1608550 1525
1608560 1529
1608570 1533
1608580 1533
1608590 1537
1608600 1542
1608610 1542
1608620 1547
1608630 1554
1608640 1560
1608650 1560
1608660 1564
1608670 1562
1608680 1562
1608690 1559
1608700 1557
1608710 1557
1608720 1558
1608730 1554
1608740 1554
1608750 1546
1608760 1542
1608770 1542
1608780 1533
1608790 1525
1608800 1525
1608810 1520
1608820 1514
1608830 1514
1608840 1507
1608850 1501
1608860 1501
1608870 1496
1608880 1493
1608890 1493
1608900 1496
1608910 1495
1608920 1495
1608930 1486
1608940 1478
1608950 1478
1608960 1469
1608970 1460
1608980 1455
1608990 1455
1609000 1449
1609010 1445
1609020 1445
1609030 1441
1609040 1438
1609050 1438
1609060 1435
1609070 1432
1609080 1432
1609090 1428
1609100 1420
1609110 1420
1609120 1417
1609130 1415
1609140 1415
1609150 1412
1609160 1409
1609170 1409
1609180 1406
1609190 1403
1609200 1403
1609210 1400
1609220 1397
1609230 1397
1609240 1393
1609250 1388
1609260 1388
1609270 1384
1609280 1382
1609290 1380
1609300 1380
1609310 1376
1609320 1376
1609330 1376
1609340 1375
1609350 1375
1609360 1375
1609370 1375
1609380 1363
1609390 1363
1609400 1354
1609410 1348
1609420 1348
1609430 1337
1609440 1323
1609450 1323
1609460 1318
1609470 1314
1609480 1314
1609490 1310
1609500 1306
1609510 1306
1609520 1302
1609530 1298
1609540 1298
1609550 1295
1609560 1291
1609570 1291
1609580 1288
1609590 1284
1609600 1281
1609610 1281
1609620 1278
1609630 1276
1609640 1276
1609650 1274
1609660 1272
1609670 1272
1609680 1270
1609690 1268
1609700 1268
1609710 1267
1609720 1266
1609730 1266
1609740 1265
1609750 1263
1609760 1263
1609770 1261
1609780 1259
1609790 1259
1609800 1256
1609810 1254
1609820 1254
1609830 1251
1609840 1248
1609850 1248
1609860 1246
1609870 1243
1609880 1243
1609890 1240
1609900 1237
1609910 1234
1609920 1234
1609930 1230
1609940 1226
1609950 1226
1609960 1223
1609970 1219
1609980 1219
1609990 1215
1610000 1211
1610010 1211
1610020 1207
1610030 1203
1610040 1203
1610050 1199
1610060 1196
1610070 1196
1610080 1194
1610090 1192
1610100 1192
1610110 1188
1610120 1182
1610130 1182
1610140 1178
1610150 1174
1610160 1174
1610170 1171
1610180 1167
1610190 1167
1610200 1164
1610210 1161
1610220 1159
1610230 1159
1610240 1161
1610250 1160
1610260 1160
1610270 1160
1610280 1160
1610290 1160
1610300 1160
1610310 1161
1610320 1161
1610330 1161
1610340 1162
1610350 1162
1610360 1165
1610370 1169
1610380 1169
1610390 1173
1610400 1176
1610410 1176
1610420 1181
1610430 1185
1610440 1185
1610450 1190
1610460 1196
1610470 1196
1610480 1197
1610490 1204
1610500 1204
1610510 1208
1610520 1212
1610530 1212
1610540 1217
1610550 1223
1610560 1229
1610570 1229
1610580 1233
1610590 1238
1610600 1238
1610610 1244
1610620 1246
1610630 1246
1610640 1253
1610650 1255
1610660 1255
1610670 1259
1610680 1264
1610690 1264
1610700 1265
1610710 1264
1610720 1264
1610730 1264
1610740 1264
1610750 1264
1610760 1265
1610770 1266
1610780 1266
1610790 1267
1610800 1273
1610810 1273
1610820 1276
1610830 1281
1610840 1281
1610850 1290
1610860 1298
1610870 1302
1610880 1302
1610890 1305
1610900 1310
1610910 1310
1610920 1310
1610930 1311
1610940 1311
1610950 1311
1610960 1311
1610970 1311
1610980 1311
1610990 1311
1611000 1311
1611010 1312
1611020 1313
1611030 1313
1611040 1316
1611050 1322
1611060 1322
1611070 1327
1611080 1334
1611090 1334
1611100 1342
1611110 1349
1611120 1349
1611130 1358
1611140 1367
1611150 1367
1611160 1374
1611170 1378
1611180 1381
1611190 1381
1611200 1385
1611210 1389
1611220 1389
1611230 1393
1611240 1398
1611250 1398
1611260 1402
1611270 1407
1611280 1407
1611290 1411
1611300 1414
1611310 1414
1611320 1418
1611330 1423
1611340 1423
1611350 1427
1611360 1431
1611370 1431
1611380 1435
1611390 1438
1611400 1438
1611410 1441
1611420 1445
1611430 1445
1611440 1448
1611450 1450
1611460 1450
1611470 1454
1611480 1459
1611490 1463
1611500 1463
1611510 1469
1611520 1473
1611530 1473
1611540 1480
1611550 1487
1611560 1487
1611570 1492
1611580 1497
1611590 1497
1611600 1499
1611610 1500
1611620 1500
1611630 1502
1611640 1505
1611650 1505
1611660 1512
1611670 1519
1611680 1519
1611690 1525
1611700 1532
1611710 1532
1611720 1538
1611730 1544
1611740 1544
1611750 1550
1611760 1556
1611770 1556
1611780 1561
1611790 1566
1611800 1571
1611810 1571
1611820 1576
1611830 1580
1611840 1580
1611850 1585
1611860 1590
1611870 1590
1611880 1594
1611890 1600
1611900 1600
1611910 1607
1611920 1613
1611930 1613
1611940 1620
1611950 1627
1611960 1627
1611970 1634
1611980 1641
1611990 1641
1612000 1647
1612010 1653
1612020 1653
1612030 1660
1612040 1666
1612050 1666
1612060 1670
1612070 1676
1612080 1676
1612090 1682
1612100 1689
1612110 1689
1612120 1697
1612130 1706
1612140 1719
1612150 1719
1612160 1726
1612170 1728
1612180 1728
1612190 1722
1612200 1718
1612210 1718
1612220 1714
1612230 1710
1612240 1710
1612250 1708
1612260 1705
1612270 1705
1612280 1702
1612290 1697
1612300 1697
1612310 1691
1612320 1687
1612330 1687
1612340 1684
1612350 1684
1612360 1684
1612370 1684
1612380 1680
1612390 1680
1612400 1676
1612410 1673
1612420 1673
1612430 1672
1612440 1672
1612450 1671
1612460 1671
1612470 1671
1612480 1671
1612490 1671
1612500 1672
1612510 1672
1612520 1672
1612530 1667
1612540 1661
1612550 1661
1612560 1657
1612570 1657
1612580 1657
1612590 1658
1612600 1658
1612610 1658
1612620 1655
1612630 1648
1612640 1648
1612650 1640
1612660 1632
1612670 1632
1612680 1619
1612690 1608
1612700 1608
1612710 1600
1612720 1592
1612730 1592
1612740 1585
1612750 1579
1612760 1574
1612770 1574
1612780 1568
1612790 1563
1612800 1563
1612810 1558
1612820 1552
1612830 1552
1612840 1542
1612850 1523
1612860 1523
1612870 1515
1612880 1511
1612890 1511
1612900 1506
1612910 1503
1612920 1503
1612930 1498
1612940 1493
1612950 1493
1612960 1491
1612970 1481
1612980 1481
1612990 1468
1613000 1450
1613010 1450
1613020 1447
1613030 1435
1613040 1435
1613050 1421
1613060 1396
1613070 1390
1613080 1390
1613090 1385
1613100 1382
1613110 1382
1613120 1378
1613130 1364
1613140 1359
1613150 1350
1613160 1346
1613170 1346
1613180 1342
1613190 1337
1613200 1337
1613210 1332
1613220 1327
1613230 1327
1613240 1323
1613250 1321
1613260 1321
1613270 1318
1613280 1315
1613290 1315
1613300 1310
1613310 1304
1613320 1304
1613330 1301
1613340 1300
1613350 1300
1613360 1300
1613370 1302
1613380 1303
1613390 1303
1613400 1305
1613410 1307
1613420 1307
1613430 1309
1613440 1310
1613450 1310
1613460 1309
1613470 1306
1613480 1306
1613490 1302
1613500 1296
1613510 1296
1613520 1290
1613530 1284
1613540 1284
1613550 1279
1613560 1274
1613570 1274
1613580 1269
1613590 1264
1613600 1264
1613610 1259
1613620 1255
1613630 1255
1613640 1253
1613650 1252
1613660 1252
1613670 1243
1613680 1236
1613690 1236
1613700 1230
1613710 1222
1613720 1213
1613730 1213
1613740 1205
1613750 1199
1613760 1199
1613770 1189
1613780 1178
1613790 1178
1613800 1171
1613810 1164
1613820 1164
1613830 1156
1613840 1148
1613850 1148
1613860 1142
1613870 1135
1613880 1135
1613890 1129
1613900 1121
1613910 1121
1613920 1114
1613930 1106
1613940 1106
1613950 1102
1613960 1100
1613970 1100
1613980 1098
1613990 1100
1614000 1100
1614010 1104
1614020 1106
1614030 1110
1614040 1110
1614050 1112
1614060 1114
1614070 1114
1614080 1115
1614090 1115
1614100 1115
1614110 1115
1614120 1114
1614130 1110
1614140 1109
1614150 1106
1614160 1106
1614170 1102
1614180 1098
1614190 1098
1614200 1094
1614210 1089
1614220 1089
1614230 1085
1614240 1080
1614250 1080
1614260 1078
1614270 1072
1614280 1072
1614290 1066
1614300 1058
1614310 1058
1614320 1053
1614330 1054
1614340 1056
1614350 1056
1614360 1057
1614370 1057
1614380 1057
1614390 1057
1614400 1058
1614410 1058
1614420 1059
1614430 1060
1614440 1060
1614450 1058
1614460 1053
1614470 1053
1614480 1049
1614490 1046
1614500 1046
1614510 1042
1614520 1041
1614530 1041
1614540 1041
1614550 1040
1614560 1040
1614570 1039
1614580 1037
1614590 1037
1614600 1034
1614610 1031
1614620 1031
1614630 1026
1614640 1019
1614650 1016
1614660 1016
1614670 1014
1614680 1011
1614690 1011
1614700 1007
1614710 1006
1614720 1006
1614730 1006
1614740 1004
1614750 1004
1614760 1003
1614770 1005
1614780 1005
1614790 1008
1614800 1009
1614810 1009
1614820 1012
1614830 1019
1614840 1019
1614850 1024
1614860 1026
1614870 1026
1614880 1028
1614890 1029
1614900 1029
1614910 1029
1614920 1029
1614930 1029
1614940 1030
1614950 1029
1614960 1029
1614970 1028
1614980 1027
1614990 1027
1615000 1027
1615010 1027
1615020 1026
1615030 1026
1615040 1025
1615050 1024
1615060 1024
1615070 1024
1615080 1023
1615090 1023
1615100 1024
1615110 1025
1615120 1029
1615130 1030
1615140 1031
1615150 1031
1615160 1031
1615170 1032
1615180 1032
1615190 1034
1615200 1035
1615210 1035
1615220 1037
1615230 1039
1615240 1039
1615250 1041
1615260 1043
1615270 1043
1615280 1045
1615290 1047
1615300 1049
1615310 1049
1615320 1051
1615330 1053
1615340 1053
1615350 1052
1615360 1050
1615370 1050
1615380 1049
1615390 1049
1615400 1049
1615410 1051
1615420 1054
1615430 1054
1615440 1057
1615450 1058
1615460 1058
1615470 1061
1615480 1062
1615490 1062
1615500 1064
1615510 1067
1615520 1067
1615530 1070
1615540 1073
1615550 1073
1615560 1075
1615570 1078
1615580 1078
1615590 1079
1615600 1081
1615610 1082
1615620 1082
1615630 1082
1615640 1082
1615650 1082
1615660 1083
1615670 1083
1615680 1083
1615690 1082
1615700 1080
1615710 1080
1615720 1075
1615730 1074
1615740 1074
1615750 1079
1615760 1086
1615770 1086
1615780 1093
1615790 1098
1615800 1098
1615810 1102
1615820 1107
1615830 1107
1615840 1112
1615850 1117
1615860 1117
1615870 1122
1615880 1127
1615890 1127
1615900 1132
1615910 1138
1615920 1143
1615930 1143
1615940 1150
1615950 1155
1615960 1155
1615970 1159
1615980 1162
1615990 1162
1616000 1166
1616010 1170
1616020 1170
1616030 1175
1616040 1179
1616050 1179
1616060 1184
1616070 1189
1616080 1189
1616090 1197
1616100 1202
1616110 1202
1616120 1207
1616130 1212
1616140 1212
1616150 1217
1616160 1222
1616170 1222
1616180 1227
1616190 1231
1616200 1231
1616210 1232
1616220 1232
1616230 1232
1616240 1232
1616250 1232
1616260 1230
1616270 1230
1616280 1227
1616290 1223
1616300 1223
1616310 1217
1616320 1211
1616330 1211
1616340 1206
1616350 1200
1616360 1200
1616370 1194
1616380 1189
1616390 1189
1616400 1183
1616410 1177
1616420 1177
1616430 1172
1616440 1166
1616450 1166
1616460 1161
1616470 1155
1616480 1155
1616490 1149
1616500 1142
1616510 1142
1616520 1133
1616530 1135
1616540 1135
1616550 1139
1616560 1142
1616570 1146
1616580 1146
1616590 1150
1616600 1154
1616610 1154
1616620 1158
1616630 1162
1616640 1162
1616650 1166
1616660 1171
1616670 1171
1616680 1176
1616690 1180
1616700 1180
1616710 1186
1616720 1191
1616730 1191
1616740 1198
1616750 1203
1616760 1203
1616770 1208
1616780 1214
1616790 1214
1616800 1220
1616810 1225
1616820 1225
1616830 1229
1616840 1234
1616850 1234
1616860 1239
1616870 1244
1616880 1249
1616890 1249
1616900 1254
1616910 1259
1616920 1259
1616930 1264
1616940 1269
1616950 1269
1616960 1273
1616970 1276
1616980 1276
1616990 1280
1617000 1282
1617010 1282
1617020 1284
1617030 1286
1617040 1286
1617050 1288
1617060 1292
1617070 1292
1617080 1294
1617090 1297
1617100 1297
1617110 1299
1617120 1300
1617130 1300
1617140 1301
1617150 1301
1617160 1301
1617170 1301
1617180 1301
1617190 1301
1617200 1301
1617210 1301
1617220 1302
1617230 1302
1617240 1303
1617250 1304
1617260 1304
1617270 1305
1617280 1307
1617290 1307
1617300 1307
1617310 1309
1617320 1309
1617330 1311
1617340 1312
1617350 1312
1617360 1313
1617370 1313
1617380 1313
1617390 1312
1617400 1314
1617410 1314
1617420 1321
1617430 1326
1617440 1326
1617450 1331
1617460 1336
1617470 1336
1617480 1341
1617490 1346
1617500 1351
1617510 1351
1617520 1356
1617530 1360
1617540 1360
1617550 1365
1617560 1370
1617570 1370
1617580 1374
1617590 1379
1617600 1379
1617610 1384
1617620 1390
1617630 1390
1617640 1395
1617650 1401
1617660 1401
1617670 1407
1617680 1411
1617690 1411
1617700 1415
1617710 1417
1617720 1417
1617730 1421
1617740 1420
1617750 1420
1617760 1418
1617770 1417
1617780 1417
1617790 1416
1617800 1415
1617810 1415
1617820 1415
1617830 1413
1617840 1410
1617850 1410
1617860 1409
1617870 1409
1617880 1409
1617890 1407
1617900 1406
1617910 1406
1617920 1406
1617930 1405
1617940 1405
1617950 1404
1617960 1401
1617970 1401
1617980 1397
1617990 1394
1618000 1394
1618010 1393
1618020 1398
1618030 1398
1618040 1398
1618050 1400
1618060 1400
1618070 1400
1618080 1401
1618090 1401
1618100 1401
1618110 1400
1618120 1400
1618130 1396
1618140 1396
1618150 1395
1618160 1395
1618170 1395
1618180 1397
1618190 1397
1618200 1399
1618210 1398
1618220 1398
1618230 1395
1618240 1393
1618250 1393
1618260 1393
1618270 1392
1618280 1392
1618290 1389
1618300 1385
1618310 1385
1618320 1380
1618330 1374
1618340 1374
1618350 1366
1618360 1359
1618370 1359
1618380 1350
1618390 1338
1618400 1338
1618410 1330
1618420 1325
1618430 1325
1618440 1327
1618450 1332
1618460 1335
1618470 1335
1618480 1342
1618490 1348
1618500 1348
1618510 1351
1618520 1354
1618530 1354
1618540 1357
1618550 1361
1618560 1361
1618570 1364
1618580 1367
1618590 1367
1618600 1370
1618610 1372
1618620 1372
1618630 1373
1618640 1377
1618650 1377
1618660 1383
1618670 1387
1618680 1387
1618690 1391
1618700 1395
1618710 1395
1618720 1399
1618730 1402
1618740 1402
1618750 1406
1618760 1410
1618770 1414
1618780 1414
1618790 1418
1618800 1421
1618810 1421
1618820 1425
1618830 1427
1618840 1427
1618850 1419
1618860 1411
1618870 1411
1618880 1411
1618890 1416
1618900 1416
1618910 1423
1618920 1428
1618930 1428
1618940 1432
1618950 1437
1618960 1437
1618970 1441
1618980 1450
1618990 1450
1619000 1453
1619010 1457
1619020 1457
1619030 1462
1619040 1466
1619050 1466
1619060 1468
1619070 1471
1619080 1471
1619090 1473
1619100 1474
1619110 1474
1619120 1474
1619130 1477
1619140 1479
1619150 1479
1619160 1480
1619170 1478
1619180 1478
1619190 1478
1619200 1484
1619210 1484
1619220 1490
1619230 1495
1619240 1495
1619250 1501
1619260 1505
1619270 1505
1619280 1512
1619290 1516
1619300 1516
1619310 1521
1619320 1525
1619330 1525
1619340 1530
1619350 1534
1619360 1534
1619370 1539
1619380 1543
1619390 1543
1619400 1546
1619410 1549
1619420 1553
1619430 1553
1619440 1554
1619450 1552
1619460 1552
1619470 1552
1619480 1555
1619490 1555
1619500 1557
1619510 1559
1619520 1559
1619530 1560
1619540 1562
1619550 1562
1619560 1564
1619570 1566
1619580 1566
1619590 1568
1619600 1569
1619610 1569
1619620 1569
1619630 1571
1619640 1571
1619650 1575
1619660 1580
1619670 1580
1619680 1585
1619690 1587
1619700 1587
1619710 1590
1619720 1593
1619730 1596
1619740 1596
1619750 1599
1619760 1602
1619770 1602
1619780 1605
1619790 1608
1619800 1608
1619810 1613
1619820 1618
1619830 1618
1619840 1623
1619850 1628
1619860 1628
1619870 1634
1619880 1639
1619890 1639
1619900 1646
1619910 1653
1619920 1653
1619930 1657
1619940 1665
1619950 1665
1619960 1673
1619970 1680
1619980 1680
1619990 1686
