1600000 1699
1600010 1693
1600020 1693
1600030 1686
1600040 1687
1600050 1687
1600060 1687
1600070 1683
1600080 1683
1600090 1678
1600100 1673
1600110 1673
1600120 1669
1600130 1664
1600140 1664
1600150 1660
1600160 1655
1600170 1655
1600180 1650
1600190 1646
1600200 1646
1600210 1642
1600220 1638
1600230 1638
1600240 1636
1600250 1634
1600260 1634
1600270 1631
1600280 1628
1600290 1627
1600300 1627
1600310 1628
1600320 1629
1600330 1629
1600340 1628
1600350 1628
1600360 1628
1600370 1628
1600380 1627
1600390 1627
1600400 1626
1600410 1623
1600420 1623
1600430 1618
1600440 1614
1600450 1614
1600460 1613
1600470 1613
1600480 1613
1600490 1613
1600500 1615
1600510 1615
1600520 1616
1600530 1618
1600540 1618
1600550 1619
1600560 1620
1600570 1620
1600580 1622
1600590 1624
1600600 1624
1600610 1624
1600620 1625
1600630 1625
1600640 1625
1600650 1626
1600660 1627
1600670 1627
1600680 1629
1600690 1631
1600700 1631
1600710 1634
1600720 1637
1600730 1637
1600740 1639
1600750 1641
1600760 1641
1600770 1643
1600780 1645
1600790 1648
1600800 1652
1600810 1657
1600820 1657
1600830 1662
1600840 1667
1600850 1667
1600860 1672
1600870 1676
1600880 1676
1600890 1681
1600900 1684
1600910 1684
1600920 1688
1600930 1691
1600940 1694
1600950 1694
1600960 1696
1600970 1698
1600980 1698
1600990 1700
1601000 1702
1601010 1702
1601020 1706
1601030 1709
1601040 1709
1601050 1713
1601060 1717
1601070 1717
1601080 1722
1601090 1725
1601100 1725
1601110 1729
1601120 1732
1601130 1732
1601140 1736
1601150 1739
1601160 1739
1601170 1743
1601180 1749
1601190 1749
1601200 1756
1601210 1764
1601220 1764
1601230 1771
1601240 1777
1601250 1785
1601260 1785
1601270 1792
1601280 1799
1601290 1799
1601300 1806
1601310 1812
1601320 1812
1601330 1820
1601340 1826
1601350 1826
1601360 1830
1601370 1831
1601380 1831
1601390 1834
1601400 1838
1601410 1838
1601420 1842
1601430 1847
1601440 1847
1601450 1853
1601460 1857
1601470 1857
1601480 1860
1601490 1862
1601500 1862
1601510 1864
1601520 1866
1601530 1866
1601540 1870
1601550 1874
1601560 1877
1601570 1877
1601580 1882
1601590 1885
1601600 1885
1601610 1890
1601620 1895
1601630 1895
1601640 1899
1601650 1905
1601660 1905
1601670 1910
1601680 1913
1601690 1913
1601700 1917
1601710 1919
1601720 1919
1601730 1919
1601740 1921
1601750 1921
1601760 1927
1601770 1933
1601780 1933
1601790 1938
1601800 1943
1601810 1943
1601820 1950
1601830 1960
1601840 1960
1601850 1973
1601860 1983
1601870 1983
1601880 1988
1601890 1991
1601900 1992
1601910 1992
1601920 1996
1601930 2002
1601940 2002
1601950 2005
1601960 2008
1601970 2008
1601980 2013
1601990 2018
1602000 2018
1602010 2024
1602020 2032
1602030 2032
1602040 2036
1602050 2040
1602060 2040
1602070 2046
1602080 2052
1602090 2052
1602100 2060
1602110 2069
1602120 2069
1602130 2075
1602140 2087
1602150 2087
1602160 2097
1602170 2102
1602180 2102
1602190 2106
1602200 2112
1602210 2117
1602220 2117
1602230 2123
1602240 2130
1602250 2130
1602260 2137
1602270 2144
1602280 2144
1602290 2152
1602300 2159
1602310 2159
1602320 2166
1602330 2173
1602340 2173
1602350 2180
1602360 2188
1602370 2188
1602380 2195
1602390 2203
1602400 2203
1602410 2210
1602420 2218
1602430 2218
1602440 2225
1602450 2232
1602460 2232
1602470 2240
1602480 2247
1602490 2247
1602500 2255
1602510 2262
1602520 2269
1602530 2269
1602540 2277
1602550 2284
1602560 2284
1602570 2291
1602580 2297
1602590 2297
1602600 2303
1602610 2302
1602620 2302
1602630 2286
1602640 2255
1602650 2255
1602660 2247
1602670 2242
1602680 2242
1602690 2217
1602700 2199
1602710 2199
1602720 2193
1602730 2185
1602740 2185
1602750 2177
1602760 2169
1602770 2169
1602780 2162
1602790 2155
1602800 2155
1602810 2148
1602820 2142
1602830 2137
1602840 2137
1602850 2132
1602860 2127
1602870 2127
1602880 2122
1602890 2118
1602900 2118
1602910 2114
1602920 2111
1602930 2111
1602940 2109
1602950 2107
1602960 2107
1602970 2099
1602980 2099
1602990 2099
1603000 2099
1603010 2100
1603020 2100
1603030 2101
1603040 2102
1603050 2102
1603060 2102
1603070 2103
1603080 2103
1603090 2104
1603100 2105
1603110 2105
1603120 2105
1603130 2106
1603140 2106
1603150 2107
1603160 2108
1603170 2105
1603180 2105
1603190 2100
1603200 2094
1603210 2094
1603220 2087
1603230 2081
1603240 2081
1603250 2077
1603260 2073
1603270 2073
1603280 2071
1603290 2070
1603300 2070
1603310 2071
1603320 2072
1603330 2072
1603340 2072
1603350 2070
1603360 2070
1603370 2068
1603380 2066
1603390 2066
1603400 2063
1603410 2061
1603420 2061
1603430 2059
1603440 2058
1603450 2058
1603460 2057
1603470 2058
1603480 2058
1603490 2058
1603500 2058
1603510 2058
1603520 2058
1603530 2059
1603540 2058
1603550 2058
1603560 2056
1603570 2053
1603580 2053
1603590 2050
1603600 2047
1603610 2047
1603620 2044
1603630 2042
1603640 2042
1603650 2040
1603660 2038
1603670 2038
1603680 2037
1603690 2037
1603700 2037
1603710 2038
1603720 2041
1603730 2041
1603740 2043
1603750 2046
1603760 2046
1603770 2049
1603780 2051
1603790 2055
1603800 2055
1603810 2059
1603820 2064
1603830 2064
1603840 2070
1603850 2076
1603860 2076
1603870 2082
1603880 2087
1603890 2087
1603900 2093
1603910 2100
1603920 2100
1603930 2102
1603940 2096
1603950 2096
1603960 2089
1603970 2082
1603980 2082
1603990 2075
1604000 2067
1604010 2067
1604020 2057
1604030 2049
1604040 2057
1604050 2052
1604060 2044
1604070 2044
1604080 2031
1604090 2026
1604100 2025
1604110 2025
1604120 2020
1604130 2013
1604140 2013
1604150 2003
1604160 1999
1604170 1999
1604180 1992
1604190 1986
1604200 1986
1604210 1967
1604220 1962
1604230 1962
1604240 1954
1604250 1950
1604260 1950
1604270 1946
1604280 1943
1604290 1943
1604300 1940
1604310 1939
1604320 1939
1604330 1936
1604340 1933
1604350 1933
1604360 1931
1604370 1928
1604380 1928
1604390 1924
1604400 1920
1604410 1920
1604420 1916
1604430 1912
1604440 1908
1604450 1908
1604460 1903
1604470 1896
1604480 1896
1604490 1889
1604500 1883
1604510 1883
1604520 1878
1604530 1873
1604540 1873
1604550 1869
1604560 1865
1604570 1865
1604580 1860
1604590 1857
1604600 1857
1604610 1852
1604620 1848
1604630 1848
1604640 1846
1604650 1843
1604660 1843
1604670 1841
1604680 1840
1604690 1840
1604700 1840
1604710 1840
1604720 1840
1604730 1840
1604740 1840
1604750 1839
1604760 1839
1604770 1836
1604780 1836
1604790 1836
1604800 1838
1604810 1839
1604820 1839
1604830 1838
1604840 1839
1604850 1839
1604860 1840
1604870 1840
1604880 1840
1604890 1842
1604900 1845
1604910 1845
1604920 1848
1604930 1850
1604940 1850
1604950 1853
1604960 1854
1604970 1854
1604980 1856
1604990 1858
1605000 1858
1605010 1858
1605020 1859
1605030 1859
1605040 1858
1605050 1856
1605060 1853
1605070 1853
1605080 1849
1605090 1846
1605100 1846
1605110 1851
1605120 1851
1605130 1851
1605140 1853
1605150 1853
1605160 1853
1605170 1852
1605180 1852
1605190 1852
1605200 1854
1605210 1855
1605220 1855
1605230 1856
1605240 1857
1605250 1857
1605260 1858
1605270 1859
1605280 1859
1605290 1859
1605300 1860
1605310 1860
1605320 1860
1605330 1860
1605340 1860
1605350 1860
1605360 1863
1605370 1866
1605380 1866
1605390 1867
1605400 1867
1605410 1867
1605420 1867
1605430 1866
1605440 1866
1605450 1864
1605460 1859
1605470 1859
1605480 1854
1605490 1850
1605500 1850
1605510 1847
1605520 1842
1605530 1842
1605540 1836
1605550 1829
1605560 1829
1605570 1822
1605580 1816
1605590 1816
1605600 1810
1605610 1801
1605620 1801
1605630 1795
1605640 1792
1605650 1792
1605660 1789
1605670 1779
1605680 1779
1605690 1767
1605700 1757
1605710 1752
1605720 1752
1605730 1749
1605740 1740
1605750 1740
1605760 1733
1605770 1728
1605780 1728
1605790 1723
1605800 1718
1605810 1718
1605820 1713
1605830 1709
1605840 1709
1605850 1706
1605860 1701
1605870 1701
1605880 1697
1605890 1692
1605900 1692
1605910 1686
1605920 1680
1605930 1680
1605940 1675
1605950 1671
1605960 1671
1605970 1666
1605980 1661
1605990 1661
1606000 1657
1606010 1652
1606020 1648
1606030 1648
1606040 1644
1606050 1641
1606060 1641
1606070 1638
1606080 1635
1606090 1635
1606100 1630
1606110 1623
1606120 1623
1606130 1616
1606140 1609
1606150 1609
1606160 1602
1606170 1597
1606180 1597
1606190 1592
1606200 1588
1606210 1588
1606220 1584
1606230 1581
1606240 1581
1606250 1577
1606260 1573
1606270 1573
1606280 1570
1606290 1568
1606300 1568
1606310 1566
1606320 1564
1606330 1563
1606340 1563
1606350 1562
1606360 1561
1606370 1561
1606380 1560
1606390 1558
1606400 1558
1606410 1554
1606420 1548
1606430 1548
1606440 1539
1606450 1532
1606460 1532
1606470 1524
1606480 1517
1606490 1517
1606500 1512
1606510 1507
1606520 1507
1606530 1502
1606540 1497
1606550 1497
1606560 1492
1606570 1488
1606580 1488
1606590 1484
1606600 1480
1606610 1480
1606620 1476
1606630 1473
1606640 1470
1606650 1470
1606660 1465
1606670 1459
1606680 1459
1606690 1453
1606700 1449
1606710 1449
1606720 1446
1606730 1443
1606740 1443
1606750 1440
1606760 1438
1606770 1438
1606780 1437
1606790 1437
1606800 1437
1606810 1436
1606820 1436
1606830 1436
1606840 1435
1606850 1434
1606860 1434
1606870 1432
1606880 1430
1606890 1430
1606900 1428
1606910 1427
1606920 1427
1606930 1426
1606940 1425
1606950 1425
1606960 1422
1606970 1420
1606980 1419
1606990 1419
1607000 1418
1607010 1417
1607020 1417
1607030 1416
1607040 1414
1607050 1414
1607060 1414
1607070 1414
1607080 1414
1607090 1414
1607100 1413
1607110 1413
1607120 1412
1607130 1412
1607140 1412
1607150 1412
1607160 1412
1607170 1412
1607180 1413
1607190 1413
1607200 1413
1607210 1412
1607220 1412
1607230 1412
1607240 1412
1607250 1412
1607260 1412
1607270 1412
1607280 1413
1607290 1414
1607300 1414
1607310 1414
1607320 1415
1607330 1415
1607340 1416
1607350 1416
1607360 1416
1607370 1416
1607380 1417
1607390 1417
1607400 1417
1607410 1419
1607420 1419
1607430 1420
1607440 1421
1607450 1421
1607460 1422
1607470 1424
1607480 1424
1607490 1427
1607500 1429
1607510 1429
1607520 1432
1607530 1433
1607540 1433
1607550 1433
1607560 1434
1607570 1434
1607580 1439
1607590 1442
1607600 1444
1607610 1444
1607620 1444
1607630 1444
1607640 1444
1607650 1447
1607660 1451
1607670 1451
1607680 1453
1607690 1455
1607700 1455
1607710 1457
1607720 1459
1607730 1459
1607740 1461
1607750 1464
1607760 1464
1607770 1466
1607780 1468
1607790 1468
1607800 1470
1607810 1472
1607820 1472
1607830 1472
1607840 1472
1607850 1472
1607860 1472
1607870 1471
1607880 1471
1607890 1469
1607900 1467
1607910 1467
1607920 1465
1607930 1463
1607940 1462
1607950 1462
1607960 1462
1607970 1460
1607980 1460
1607990 1458
1608000 1456
1608010 1456
1608020 1453
1608030 1454
1608040 1454
1608050 1457
1608060 1459
1608070 1459
1608080 1459
1608090 1458
1608100 1458
1608110 1456
1608120 1457
1608130 1457
1608140 1457
1608150 1454
1608160 1454
1608170 1451
1608180 1453
1608190 1453
1608200 1455
1608210 1455
1608220 1455
1608230 1456
1608240 1455
1608250 1457
1608260 1457
1608270 1459
1608280 1462
1608290 1462
1608300 1464
1608310 1466
1608320 1466
1608330 1468
1608340 1470
1608350 1470
1608360 1471
1608370 1472
1608380 1472
1608390 1472
1608400 1472
1608410 1472
1608420 1472
1608430 1470
1608440 1470
1608450 1468
1608460 1465
1608470 1465
1608480 1463
1608490 1460
1608500 1460
1608510 1456
1608520 1453
1608530 1453
1608540 1448
1608550 1445
1608560 1441
1608570 1441
1608580 1438
1608590 1435
1608600 1435
1608610 1432
1608620 1428
1608630 1428
1608640 1422
1608650 1416
1608660 1416
1608670 1410
1608680 1404
1608690 1404
1608700 1398
1608710 1391
1608720 1391
1608730 1382
1608740 1372
1608750 1372
1608760 1363
1608770 1357
1608780 1357
1608790 1352
1608800 1349
1608810 1349
1608820 1347
1608830 1344
1608840 1344
1608850 1342
1608860 1340
1608870 1341
1608880 1341
1608890 1344
1608900 1343
1608910 1343
1608920 1342
1608930 1341
1608940 1341
1608950 1341
1608960 1339
1608970 1339
1608980 1338
1608990 1337
1609000 1337
1609010 1335
1609020 1333
1609030 1333
1609040 1331
1609050 1331
1609060 1331
1609070 1330
1609080 1329
1609090 1329
1609100 1327
1609110 1326
1609120 1326
1609130 1325
1609140 1325
1609150 1325
1609160 1323
1609170 1322
1609180 1322
1609190 1321
1609200 1319
1609210 1317
1609220 1317
1609230 1315
1609240 1311
1609250 1311
1609260 1305
1609270 1299
1609280 1299
1609290 1295
1609300 1291
1609310 1291
1609320 1287
1609330 1285
1609340 1285
1609350 1283
1609360 1281
1609370 1281
1609380 1278
1609390 1276
1609400 1276
1609410 1273
1609420 1271
1609430 1271
1609440 1269
1609450 1268
1609460 1268
1609470 1267
1609480 1266
1609490 1266
1609500 1265
1609510 1264
1609520 1260
1609530 1260
1609540 1256
1609550 1250
1609560 1250
1609570 1245
1609580 1249
1609590 1249
1609600 1251
1609610 1249
1609620 1249
1609630 1247
1609640 1248
1609650 1248
1609660 1248
1609670 1248
1609680 1248
1609690 1248
1609700 1248
1609710 1248
1609720 1248
1609730 1248
1609740 1248
1609750 1247
1609760 1247
1609770 1247
1609780 1248
1609790 1249
1609800 1249
1609810 1251
1609820 1253
1609830 1254
1609840 1254
1609850 1256
1609860 1256
1609870 1256
1609880 1259
1609890 1262
1609900 1262
1609910 1264
1609920 1265
1609930 1265
1609940 1267
1609950 1264
1609960 1264
1609970 1261
1609980 1258
1609990 1258
1610000 1255
1610010 1252
1610020 1252
1610030 1248
1610040 1244
1610050 1244
1610060 1239
1610070 1235
1610080 1235
1610090 1231
1610100 1228
1610110 1228
1610120 1224
1610130 1221
1610140 1217
1610150 1217
1610160 1215
1610170 1213
1610180 1213
1610190 1211
1610200 1209
1610210 1209
1610220 1208
1610230 1207
1610240 1207
1610250 1203
1610260 1198
1610270 1198
1610280 1191
1610290 1180
1610300 1180
1610310 1171
1610320 1164
1610330 1164
1610340 1155
1610350 1148
1610360 1148
1610370 1135
1610380 1128
1610390 1128
1610400 1125
1610410 1123
1610420 1123
1610430 1124
1610440 1130
1610450 1130
1610460 1137
1610470 1144
1610480 1150
1610490 1150
1610500 1155
1610510 1160
1610520 1160
1610530 1164
1610540 1167
1610550 1167
1610560 1170
1610570 1173
1610580 1173
1610590 1175
1610600 1184
1610610 1184
1610620 1198
1610630 1210
1610640 1210
1610650 1217
1610660 1220
1610670 1220
1610680 1225
1610690 1230
1610700 1230
1610710 1236
1610720 1245
1610730 1245
1610740 1259
1610750 1268
1610760 1268
1610770 1274
1610780 1280
1610790 1288
1610800 1288
1610810 1297
1610820 1305
1610830 1305
1610840 1315
1610850 1324
1610860 1324
1610870 1335
1610880 1348
1610890 1348
1610900 1356
1610910 1364
1610920 1364
1610930 1368
1610940 1365
1610950 1365
1610960 1322
1610970 1308
1610980 1308
1610990 1306
1611000 1305
1611010 1305
1611020 1307
1611030 1312
1611040 1312
1611050 1315
1611060 1318
1611070 1318
1611080 1323
1611090 1330
1611100 1336
1611110 1336
1611120 1344
1611130 1351
1611140 1351
1611150 1359
1611160 1367
1611170 1367
1611180 1375
1611190 1384
1611200 1384
1611210 1395
1611220 1404
1611230 1404
1611240 1415
1611250 1435
1611260 1435
1611270 1446
1611280 1429
1611290 1429
1611300 1416
1611310 1412
1611320 1412
1611330 1420
1611340 1428
1611350 1428
1611360 1432
1611370 1418
1611380 1418
1611390 1412
1611400 1415
1611410 1417
1611420 1417
1611430 1419
1611440 1424
1611450 1424
1611460 1430
1611470 1433
1611480 1433
1611490 1436
1611500 1439
1611510 1439
1611520 1442
1611530 1445
1611540 1445
1611550 1447
1611560 1448
1611570 1448
1611580 1452
1611590 1456
1611600 1456
1611610 1450
1611620 1448
1611630 1448
1611640 1446
1611650 1445
1611660 1445
1611670 1445
1611680 1446
1611690 1446
1611700 1450
1611710 1456
1611720 1456
1611730 1460
1611740 1464
1611750 1469
1611760 1469
1611770 1472
1611780 1476
1611790 1476
1611800 1480
1611810 1484
1611820 1484
1611830 1487
1611840 1488
1611850 1488
1611860 1490
1611870 1491
1611880 1491
1611890 1492
1611900 1495
1611910 1495
1611920 1498
1611930 1501
1611940 1501
1611950 1503
1611960 1506
1611970 1506
1611980 1508
1611990 1510
1612000 1510
1612010 1512
1612020 1514
1612030 1514
1612040 1514
1612050 1511
1612060 1510
1612070 1510
1612080 1507
1612090 1502
1612100 1502
1612110 1496
1612120 1495
1612130 1495
1612140 1496
1612150 1493
1612160 1493
1612170 1486
1612180 1480
1612190 1480
1612200 1477
1612210 1473
1612220 1473
1612230 1469
1612240 1464
1612250 1464
1612260 1459
1612270 1454
1612280 1454
1612290 1450
1612300 1446
1612310 1442
1612320 1438
1612330 1435
1612340 1435
1612350 1431
1612360 1428
1612370 1426
1612380 1426
1612390 1424
1612400 1420
1612410 1420
1612420 1415
1612430 1411
1612440 1411
1612450 1410
1612460 1411
1612470 1411
1612480 1413
1612490 1413
1612500 1413
1612510 1413
1612520 1413
1612530 1413
1612540 1414
1612550 1416
1612560 1416
1612570 1416
1612580 1420
1612590 1420
1612600 1428
1612610 1436
1612620 1436
1612630 1445
1612640 1454
1612650 1454
1612660 1463
1612670 1471
1612680 1478
1612690 1478
1612700 1466
1612710 1430
1612720 1430
1612730 1402
1612740 1378
1612750 1378
1612760 1355
1612770 1338
1612780 1338
1612790 1330
1612800 1322
1612810 1322
1612820 1312
1612830 1301
1612840 1301
1612850 1289
1612860 1277
1612870 1277
1612880 1263
1612890 1244
1612900 1244
1612910 1227
1612920 1214
1612930 1214
1612940 1211
1612950 1212
1612960 1212
1612970 1213
1612980 1211
1612990 1211
1613000 1209
1613010 1206
1613020 1202
1613030 1202
1613040 1200
1613050 1199
1613060 1199
1613070 1197
1613080 1195
1613090 1195
1613100 1193
1613110 1188
1613120 1188
1613130 1185
1613140 1182
1613150 1182
1613160 1178
1613170 1173
1613180 1173
1613190 1172
1613200 1171
1613210 1171
1613220 1169
1613230 1168
1613240 1168
1613250 1166
1613260 1161
1613270 1161
1613280 1153
1613290 1144
1613300 1144
1613310 1132
1613320 1127
1613330 1123
1613340 1123
1613350 1118
1613360 1114
1613370 1114
1613380 1110
1613390 1108
1613400 1108
1613410 1105
1613420 1101
1613430 1101
1613440 1097
1613450 1093
1613460 1093
1613470 1090
1613480 1086
1613490 1086
1613500 1083
1613510 1079
1613520 1079
1613530 1074
1613540 1070
1613550 1070
1613560 1065
1613570 1060
1613580 1060
1613590 1058
1613600 1056
1613610 1056
1613620 1056
1613630 1055
1613640 1053
1613650 1053
1613660 1051
1613670 1047
1613680 1047
1613690 1043
1613700 1038
1613710 1038
1613720 1032
1613730 1027
1613740 1027
1613750 1022
1613760 1017
1613770 1017
1613780 1015
1613790 1015
1613800 1015
1613810 1015
1613820 1013
1613830 1013
1613840 1011
1613850 1008
1613860 1008
1613870 1005
1613880 1001
1613890 1001
1613900 995
1613910 989
1613920 989
1613930 985
1613940 984
1613950 982
1613960 982
1613970 984
1613980 986
1613990 986
1614000 993
1614010 1001
1614020 1001
1614030 1007
1614040 1009
1614050 1009
1614060 1007
1614070 1002
1614080 1002
1614090 1007
1614100 1010
1614110 1010
1614120 1014
1614130 1016
1614140 1016
1614150 1018
1614160 1020
1614170 1020
1614180 1022
1614190 1024
1614200 1024
1614210 1025
1614220 1027
1614230 1027
1614240 1031
1614250 1035
1614260 1035
1614270 1038
1614280 1042
1614290 1044
1614300 1048
1614310 1051
1614320 1056
1614330 1056
1614340 1062
1614350 1067
1614360 1067
1614370 1070
1614380 1075
1614390 1075
1614400 1080
1614410 1082
1614420 1082
1614430 1085
1614440 1087
1614450 1087
1614460 1089
1614470 1090
1614480 1090
1614490 1090
1614500 1091
1614510 1091
1614520 1094
1614530 1097
1614540 1097
1614550 1100
1614560 1102
1614570 1102
1614580 1105
1614590 1108
1614600 1111
1614610 1111
1614620 1113
1614630 1114
1614640 1114
1614650 1114
1614660 1114
1614670 1114
1614680 1116
1614690 1118
1614700 1118
1614710 1121
1614720 1124
1614730 1124
1614740 1128
1614750 1132
1614760 1132
1614770 1136
1614780 1140
1614790 1140
1614800 1144
1614810 1148
1614820 1148
1614830 1152
1614840 1155
1614850 1155
1614860 1158
1614870 1161
1614880 1161
1614890 1164
1614900 1166
1614910 1166
1614920 1166
1614930 1167
1614940 1169
1614950 1169
1614960 1170
1614970 1171
1614980 1171
1614990 1172
1615000 1173
1615010 1173
1615020 1175
1615030 1177
1615040 1177
1615050 1178
1615060 1180
1615070 1180
1615080 1182
1615090 1185
1615100 1185
1615110 1188
1615120 1193
1615130 1193
1615140 1197
1615150 1202
1615160 1202
1615170 1206
1615180 1210
1615190 1210
1615200 1213
1615210 1213
1615220 1206
1615230 1206
1615240 1198
1615250 1194
1615260 1194
1615270 1189
1615280 1195
1615290 1195
1615300 1187
1615310 1177
1615320 1177
1615330 1167
1615340 1155
1615350 1155
1615360 1154
1615370 1161
1615380 1161
1615390 1170
1615400 1175
1615410 1175
1615420 1180
1615430 1184
1615440 1184
1615450 1188
1615460 1192
1615470 1192
1615480 1197
1615490 1201
1615500 1201
1615510 1204
1615520 1206
1615530 1206
1615540 1209
1615550 1211
1615560 1214
1615570 1214
1615580 1216
1615590 1218
1615600 1218
1615610 1220
1615620 1222
1615630 1222
1615640 1225
1615650 1229
1615660 1229
1615670 1233
1615680 1237
1615690 1237
1615700 1242
1615710 1247
1615720 1247
1615730 1253
1615740 1258
1615750 1258
1615760 1262
1615770 1266
1615780 1266
1615790 1270
1615800 1274
1615810 1274
1615820 1279
1615830 1284
1615840 1284
1615850 1286
1615860 1286
1615870 1286
1615880 1286
1615890 1285
1615900 1285
1615910 1285
1615920 1285
1615930 1286
1615940 1286
1615950 1287
1615960 1287
1615970 1287
1615980 1283
1615990 1278
1616000 1278
1616010 1279
1616020 1280
1616030 1280
1616040 1277
1616050 1274
1616060 1274
1616070 1275
1616080 1275
1616090 1275
1616100 1278
1616110 1280
1616120 1280
1616130 1279
1616140 1284
1616150 1284
1616160 1288
1616170 1292
1616180 1296
1616190 1296
1616200 1300
1616210 1304
1616220 1304
1616230 1309
1616240 1313
1616250 1313
1616260 1322
1616270 1326
1616280 1326
1616290 1330
1616300 1332
1616310 1332
1616320 1335
1616330 1337
1616340 1337
1616350 1339
1616360 1340
1616370 1340
1616380 1340
1616390 1340
1616400 1340
1616410 1340
1616420 1338
1616430 1338
1616440 1334
1616450 1329
1616460 1329
1616470 1322
1616480 1316
1616490 1316
1616500 1313
1616510 1313
1616520 1311
1616530 1311
1616540 1309
1616550 1307
1616560 1307
1616570 1304
1616580 1301
1616590 1301
1616600 1296
1616610 1295
1616620 1295
1616630 1295
1616640 1292
1616650 1292
1616660 1291
1616670 1290
1616680 1290
1616690 1290
1616700 1288
1616710 1288
1616720 1284
1616730 1280
1616740 1280
1616750 1278
1616760 1274
1616770 1274
1616780 1270
1616790 1266
1616800 1266
1616810 1265
1616820 1266
1616830 1268
1616840 1268
1616850 1272
1616860 1276
1616870 1276
1616880 1281
1616890 1288
1616900 1288
1616910 1294
1616920 1301
1616930 1301
1616940 1308
1616950 1315
1616960 1315
1616970 1322
1616980 1328
1616990 1328
1617000 1333
1617010 1337
1617020 1337
1617030 1341
1617040 1348
1617050 1348
1617060 1352
1617070 1357
1617080 1357
1617090 1359
1617100 1362
1617110 1362
1617120 1366
1617130 1370
1617140 1376
1617150 1376
1617160 1382
1617170 1390
1617180 1390
1617190 1396
1617200 1401
1617210 1401
1617220 1406
1617230 1410
1617240 1410
1617250 1415
1617260 1420
1617270 1420
1617280 1425
1617290 1430
1617300 1430
1617310 1436
1617320 1442
1617330 1442
1617340 1447
1617350 1452
1617360 1452
1617370 1456
1617380 1461
1617390 1461
1617400 1465
1617410 1470
1617420 1470
1617430 1473
1617440 1475
1617450 1479
1617460 1479
1617470 1482
1617480 1485
1617490 1485
1617500 1489
1617510 1494
1617520 1494
1617530 1500
1617540 1503
1617550 1503
1617560 1506
1617570 1511
1617580 1511
1617590 1516
1617600 1521
1617610 1521
1617620 1525
1617630 1529
1617640 1529
1617650 1534
1617660 1541
1617670 1541
1617680 1548
1617690 1553
1617700 1553
1617710 1555
1617720 1556
1617730 1556
1617740 1558
1617750 1559
1617760 1559
1617770 1561
1617780 1564
1617790 1567
1617800 1567
1617810 1570
1617820 1573
1617830 1573
1617840 1576
1617850 1579
1617860 1579
1617870 1582
1617880 1586
1617890 1586
1617900 1589
1617910 1593
1617920 1593
1617930 1596
1617940 1600
1617950 1600
1617960 1604
1617970 1608
1617980 1608
1617990 1612
1618000 1615
1618010 1615
1618020 1618
1618030 1622
1618040 1622
1618050 1624
1618060 1628
1618070 1628
1618080 1629
1618090 1631
1618100 1633
1618110 1633
1618120 1628
1618130 1621
1618140 1621
1618150 1614
1618160 1608
1618170 1608
1618180 1601
1618190 1596
1618200 1596
1618210 1591
1618220 1584
1618230 1584
1618240 1581
1618250 1579
1618260 1579
1618270 1576
1618280 1572
1618290 1572
1618300 1567
1618310 1561
1618320 1561
1618330 1555
1618340 1548
1618350 1548
1618360 1549
1618370 1547
1618380 1547
1618390 1545
1618400 1549
1618410 1553
1618420 1553
1618430 1554
1618440 1555
1618450 1555
1618460 1556
1618470 1558
1618480 1558
1618490 1559
1618500 1560
1618510 1560
1618520 1561
1618530 1561
1618540 1561
1618550 1558
1618560 1558
1618570 1558
1618580 1557
1618590 1563
1618600 1563
1618610 1570
1618620 1577
1618630 1577
1618640 1584
1618650 1590
1618660 1590
1618670 1596
1618680 1602
1618690 1602
1618700 1606
1618710 1609
1618720 1609
1618730 1612
1618740 1617
1618750 1626
1618760 1626
1618770 1635
1618780 1643
1618790 1643
1618800 1650
1618810 1657
1618820 1657
1618830 1664
1618840 1671
1618850 1671
1618860 1676
1618870 1680
1618880 1680
1618890 1679
1618900 1673
1618910 1673
1618920 1669
1618930 1668
1618940 1668
1618950 1666
1618960 1663
1618970 1663
1618980 1660
1618990 1659
1619000 1659
1619010 1658
1619020 1654
1619030 1654
1619040 1660
1619050 1663
1619060 1663
1619070 1663
1619080 1663
1619090 1662
1619100 1662
1619110 1661
1619120 1663
1619130 1663
1619140 1672
1619150 1679
1619160 1679
1619170 1686
1619180 1690
1619190 1690
1619200 1695
1619210 1699
1619220 1699
1619230 1703
1619240 1704
1619250 1704
1619260 1705
1619270 1706
1619280 1706
1619290 1706
1619300 1706
1619310 1706
1619320 1707
1619330 1707
1619340 1707
1619350 1709
1619360 1712
1619370 1715
1619380 1715
1619390 1720
1619400 1725
1619410 1725
1619420 1730
1619430 1735
1619440 1735
1619450 1740
1619460 1745
1619470 1745
1619480 1750
1619490 1754
1619500 1754
1619510 1759
1619520 1764
1619530 1764
1619540 1769
1619550 1773
1619560 1773
1619570 1777
1619580 1781
1619590 1781
1619600 1778
1619610 1769
1619620 1769
1619630 1758
1619640 1749
1619650 1749
1619660 1741
1619670 1732
1619680 1724
1619690 1724
1619700 1716
1619710 1709
1619720 1709
1619730 1702
1619740 1695
1619750 1695
1619760 1690
1619770 1687
1619780 1687
1619790 1685
1619800 1685
1619810 1685
1619820 1686
1619830 1686
1619840 1686
1619850 1687
1619860 1689
1619870 1689
1619880 1690
1619890 1691
1619900 1691
1619910 1692
1619920 1696
1619930 1696
1619940 1701
1619950 1707
1619960 1707
1619970 1713
1619980 1719
1619990 1719
