1600000 1660
1600010 1660
1600020 1655
1600030 1651
1600040 1651
1600050 1651
1600060 1647
1600070 1647
1600080 1644
1600090 1641
1600100 1640
1600110 1640
1600120 1638
1600130 1634
1600140 1634
1600150 1630
1600160 1627
1600170 1627
1600180 1625
1600190 1622
1600200 1622
1600210 1620
1600220 1618
1600230 1618
1600240 1618
1600250 1617
1600260 1617
1600270 1616
1600280 1612
1600290 1612
1600300 1609
1600310 1605
1600320 1605
1600330 1600
1600340 1596
1600350 1596
1600360 1596
1600370 1599
1600380 1599
1600390 1601
1600400 1602
1600410 1604
1600420 1604
1600430 1606
1600440 1608
1600450 1608
1600460 1610
1600470 1611
1600480 1611
1600490 1612
1600500 1615
1600510 1615
1600520 1616
1600530 1617
1600540 1617
1600550 1619
1600560 1620
1600570 1620
1600580 1621
1600590 1622
1600600 1622
1600610 1624
1600620 1626
1600630 1626
1600640 1628
1600650 1630
1600660 1630
1600670 1633
1600680 1635
1600690 1635
1600700 1637
1600710 1639
1600720 1642
1600730 1642
1600740 1645
1600750 1649
1600760 1649
1600770 1653
1600780 1656
1600790 1656
1600800 1659
1600810 1662
1600820 1662
1600830 1664
1600840 1668
1600850 1668
1600860 1673
1600870 1678
1600880 1678
1600890 1684
1600900 1691
1600910 1691
1600920 1697
1600930 1703
1600940 1703
1600950 1708
1600960 1712
1600970 1712
1600980 1716
1600990 1718
1601000 1718
1601010 1720
1601020 1722
1601030 1725
1601040 1725
1601050 1728
1601060 1732
1601070 1732
1601080 1737
1601090 1740
1601100 1740
1601110 1744
1601120 1748
1601130 1748
1601140 1751
1601150 1755
1601160 1755
1601170 1760
1601180 1766
1601190 1766
1601200 1772
1601210 1778
1601220 1778
1601230 1785
1601240 1791
1601250 1791
1601260 1797
1601270 1801
1601280 1801
1601290 1802
1601300 1802
1601310 1802
1601320 1802
1601330 1802
1601340 1802
1601350 1803
1601360 1803
1601370 1804
1601380 1804
1601390 1804
1601400 1805
1601410 1805
1601420 1807
1601430 1811
1601440 1811
1601450 1814
1601460 1817
1601470 1817
1601480 1821
1601490 1824
1601500 1824
1601510 1828
1601520 1833
1601530 1833
1601540 1837
1601550 1841
1601560 1841
1601570 1843
1601580 1847
1601590 1847
1601600 1851
1601610 1853
1601620 1853
1601630 1858
1601640 1864
1601650 1864
1601660 1869
1601670 1873
1601680 1875
1601690 1875
1601700 1878
1601710 1882
1601720 1882
1601730 1887
1601740 1891
1601750 1891
1601760 1896
1601770 1901
1601780 1901
1601790 1906
1601800 1911
1601810 1911
1601820 1916
1601830 1921
1601840 1921
1601850 1926
1601860 1931
1601870 1931
1601880 1937
1601890 1943
1601900 1943
1601910 1949
1601920 1954
1601930 1954
1601940 1955
1601950 1960
1601960 1960
1601970 1968
1601980 1977
1601990 1984
1602000 1984
1602010 1992
1602020 2001
1602030 2001
1602040 2008
1602050 2016
1602060 2016
1602070 2024
1602080 2039
1602090 2039
1602100 2050
1602110 2059
1602120 2059
1602130 2066
1602140 2072
1602150 2072
1602160 2078
1602170 2085
1602180 2085
1602190 2093
1602200 2102
1602210 2102
1602220 2110
1602230 2116
1602240 2116
1602250 2123
1602260 2129
1602270 2129
1602280 2135
1602290 2141
1602300 2148
1602310 2148
1602320 2155
1602330 2162
1602340 2162
1602350 2168
1602360 2175
1602370 2175
1602380 2181
1602390 2187
1602400 2187
1602410 2192
1602420 2198
1602430 2198
1602440 2204
1602450 2210
1602460 2210
1602470 2216
1602480 2222
1602490 2222
1602500 2229
1602510 2236
1602520 2236
1602530 2243
1602540 2251
1602550 2251
1602560 2258
1602570 2265
1602580 2265
1602590 2272
1602600 2279
1602610 2279
1602620 2285
1602630 2290
1602640 2277
1602650 2277
1602660 2256
1602670 2227
1602680 2227
1602690 2189
1602700 2175
1602710 2175
1602720 2168
1602730 2162
1602740 2162
1602750 2156
1602760 2149
1602770 2149
1602780 2143
1602790 2137
1602800 2137
1602810 2130
1602820 2124
1602830 2124
1602840 2119
1602850 2113
1602860 2112
1602870 2106
1602880 2101
1602890 2101
1602900 2096
1602910 2091
1602920 2091
1602930 2087
1602940 2084
1602950 2081
1602960 2081
1602970 2078
1602980 2077
1602990 2077
1603000 2077
1603010 2077
1603020 2077
1603030 2077
1603040 2077
1603050 2077
1603060 2077
1603070 2077
1603080 2077
1603090 2077
1603100 2078
1603110 2078
1603120 2079
1603130 2080
1603140 2080
1603150 2081
1603160 2081
1603170 2081
1603180 2080
1603190 2080
1603200 2080
1603210 2080
1603220 2081
1603230 2081
1603240 2082
1603250 2085
1603260 2087
1603270 2087
1603280 2088
1603290 2087
1603300 2087
1603310 2085
1603320 2084
1603330 2084
1603340 2085
1603350 2086
1603360 2086
1603370 2088
1603380 2089
1603390 2089
1603400 2092
1603410 2095
1603420 2095
1603430 2099
1603440 2102
1603450 2102
1603460 2102
1603470 2103
1603480 2103
1603490 2105
1603500 2107
1603510 2107
1603520 2108
1603530 2107
1603540 2107
1603550 2106
1603560 2104
1603570 2104
1603580 2104
1603590 2094
1603600 2088
1603610 2088
1603620 2085
1603630 2084
1603640 2084
1603650 2086
1603660 2089
1603670 2089
1603680 2089
1603690 2094
1603700 2094
1603710 2096
1603720 2093
1603730 2093
1603740 2087
1603750 2079
1603760 2079
1603770 2070
1603780 2063
1603790 2063
1603800 2056
1603810 2050
1603820 2050
1603830 2046
1603840 2044
1603850 2044
1603860 2043
1603870 2042
1603880 2042
1603890 2043
1603900 2045
1603910 2047
1603920 2047
1603930 2048
1603940 2041
1603950 2041
1603960 2042
1603970 2044
1603980 2044
1603990 2046
1604000 2047
1604010 2047
1604020 2051
1604030 2055
1604040 2055
1604050 2060
1604060 2061
1604070 2061
1604080 2062
1604090 2064
1604100 2064
1604110 2065
1604120 2062
1604130 2062
1604140 2058
1604150 2053
1604160 2053
1604170 2048
1604180 2045
1604190 2045
1604200 2041
1604210 2033
1604220 2024
1604230 2024
1604240 2016
1604250 2014
1604260 2014
1604270 2016
1604280 2019
1604290 2019
1604300 2015
1604310 2008
1604320 2008
1604330 2001
1604340 1999
1604350 1999
1604360 1993
1604370 1989
1604380 1989
1604390 1992
1604400 1990
1604410 1990
1604420 1984
1604430 1978
1604440 1978
1604450 1971
1604460 1959
1604470 1959
1604480 1948
1604490 1942
1604500 1942
1604510 1938
1604520 1932
1604530 1928
1604540 1928
1604550 1920
1604560 1920
1604570 1920
1604580 1919
1604590 1911
1604600 1911
1604610 1904
1604620 1899
1604630 1899
1604640 1897
1604650 1894
1604660 1894
1604670 1892
1604680 1891
1604690 1891
1604700 1890
1604710 1890
1604720 1890
1604730 1887
1604740 1891
1604750 1891
1604760 1894
1604770 1895
1604780 1895
1604790 1896
1604800 1895
1604810 1895
1604820 1893
1604830 1894
1604840 1894
1604850 1898
1604860 1901
1604870 1903
1604880 1903
1604890 1905
1604900 1907
1604910 1907
1604920 1908
1604930 1909
1604940 1909
1604950 1910
1604960 1910
1604970 1910
1604980 1910
1604990 1910
1605000 1917
1605010 1916
1605020 1917
1605030 1917
1605040 1915
1605050 1914
1605060 1914
1605070 1912
1605080 1911
1605090 1911
1605100 1911
1605110 1910
1605120 1910
1605130 1911
1605140 1912
1605150 1912
1605160 1913
1605170 1914
1605180 1915
1605190 1915
1605200 1915
1605210 1916
1605220 1916
1605230 1917
1605240 1917
1605250 1917
1605260 1918
1605270 1918
1605280 1918
1605290 1918
1605300 1918
1605310 1918
1605320 1918
1605330 1918
1605340 1918
1605350 1918
1605360 1919
1605370 1919
1605380 1918
1605390 1919
1605400 1919
1605410 1918
1605420 1917
1605430 1917
1605440 1916
1605450 1915
1605460 1915
1605470 1912
1605480 1907
1605490 1901
1605500 1901
1605510 1896
1605520 1890
1605530 1890
1605540 1885
1605550 1880
1605560 1880
1605570 1876
1605580 1870
1605590 1870
1605600 1862
1605610 1855
1605620 1855
1605630 1848
1605640 1842
1605650 1842
1605660 1835
1605670 1830
1605680 1830
1605690 1825
1605700 1819
1605710 1819
1605720 1813
1605730 1805
1605740 1805
1605750 1795
1605760 1784
1605770 1784
1605780 1777
1605790 1773
1605800 1764
1605810 1764
1605820 1756
1605830 1751
1605840 1751
1605850 1747
1605860 1741
1605870 1741
1605880 1734
1605890 1727
1605900 1727
1605910 1719
1605920 1712
1605930 1712
1605940 1706
1605950 1701
1605960 1701
1605970 1696
1605980 1690
1605990 1690
1606000 1684
1606010 1678
1606020 1678
1606030 1670
1606040 1662
1606050 1661
1606060 1654
1606070 1648
1606080 1648
1606090 1640
1606100 1634
1606110 1634
1606120 1628
1606130 1622
1606140 1616
1606150 1616
1606160 1611
1606170 1607
1606180 1607
1606190 1605
1606200 1602
1606210 1602
1606220 1599
1606230 1596
1606240 1596
1606250 1593
1606260 1591
1606270 1591
1606280 1589
1606290 1588
1606300 1588
1606310 1586
1606320 1584
1606330 1584
1606340 1580
1606350 1578
1606360 1578
1606370 1576
1606380 1573
1606390 1573
1606400 1571
1606410 1567
1606420 1567
1606430 1562
1606440 1555
1606450 1548
1606460 1548
1606470 1543
1606480 1538
1606490 1538
1606500 1530
1606510 1521
1606520 1521
1606530 1513
1606540 1507
1606550 1507
1606560 1501
1606570 1496
1606580 1496
1606590 1491
1606600 1485
1606610 1485
1606620 1481
1606630 1475
1606640 1475
1606650 1471
1606660 1465
1606670 1465
1606680 1459
1606690 1455
1606700 1455
1606710 1453
1606720 1450
1606730 1450
1606740 1448
1606750 1446
1606760 1445
1606770 1445
1606780 1442
1606790 1439
1606800 1439
1606810 1436
1606820 1434
1606830 1434
1606840 1431
1606850 1428
1606860 1428
1606870 1426
1606880 1424
1606890 1424
1606900 1422
1606910 1420
1606920 1420
1606930 1419
1606940 1418
1606950 1418
1606960 1416
1606970 1414
1606980 1414
1606990 1413
1607000 1411
1607010 1411
1607020 1410
1607030 1410
1607040 1410
1607050 1409
1607060 1408
1607070 1408
1607080 1408
1607090 1408
1607100 1406
1607110 1406
1607120 1405
1607130 1404
1607140 1404
1607150 1403
1607160 1402
1607170 1402
1607180 1401
1607190 1400
1607200 1400
1607210 1399
1607220 1399
1607230 1399
1607240 1398
1607250 1397
1607260 1397
1607270 1396
1607280 1397
1607290 1397
1607300 1396
1607310 1396
1607320 1396
1607330 1396
1607340 1396
1607350 1396
1607360 1395
1607370 1395
1607380 1395
1607390 1396
1607400 1396
1607410 1396
1607420 1396
1607430 1395
1607440 1395
1607450 1395
1607460 1395
1607470 1395
1607480 1395
1607490 1396
1607500 1397
1607510 1397
1607520 1397
1607530 1397
1607540 1397
1607550 1398
1607560 1399
1607570 1399
1607580 1400
1607590 1402
1607600 1402
1607610 1402
1607620 1403
1607630 1403
1607640 1405
1607650 1407
1607660 1407
1607670 1410
1607680 1413
1607690 1413
1607700 1415
1607710 1417
1607720 1419
1607730 1419
1607740 1422
1607750 1426
1607760 1426
1607770 1428
1607780 1430
1607790 1430
1607800 1433
1607810 1436
1607820 1436
1607830 1438
1607840 1440
1607850 1440
1607860 1442
1607870 1442
1607880 1442
1607890 1443
1607900 1444
1607910 1444
1607920 1444
1607930 1443
1607940 1443
1607950 1443
1607960 1442
1607970 1442
1607980 1441
1607990 1441
1608000 1441
1608010 1442
1608020 1440
1608030 1437
1608040 1437
1608050 1435
1608060 1437
1608070 1437
1608080 1439
1608090 1440
1608100 1440
1608110 1440
1608120 1440
1608130 1440
1608140 1438
1608150 1437
1608160 1437
1608170 1436
1608180 1434
1608190 1434
1608200 1435
1608210 1436
1608220 1436
1608230 1437
1608240 1437
1608250 1437
1608260 1436
1608270 1435
1608280 1435
1608290 1436
1608300 1436
1608310 1436
1608320 1436
1608330 1435
1608340 1434
1608350 1434
1608360 1433
1608370 1431
1608380 1431
1608390 1430
1608400 1429
1608410 1429
1608420 1427
1608430 1425
1608440 1425
1608450 1423
1608460 1421
1608470 1421
1608480 1419
1608490 1416
1608500 1416
1608510 1412
1608520 1407
1608530 1407
1608540 1403
1608550 1398
1608560 1398
1608570 1393
1608580 1388
1608590 1388
1608600 1383
1608610 1379
1608620 1379
1608630 1376
1608640 1372
1608650 1372
1608660 1367
1608670 1363
1608680 1359
1608690 1359
1608700 1355
1608710 1352
1608720 1352
1608730 1350
1608740 1349
1608750 1349
1608760 1347
1608770 1346
1608780 1346
1608790 1343
1608800 1341
1608810 1341
1608820 1340
1608830 1341
1608840 1341
1608850 1341
1608860 1340
1608870 1340
1608880 1339
1608890 1337
1608900 1337
1608910 1336
1608920 1334
1608930 1334
1608940 1332
1608950 1332
1608960 1332
1608970 1331
1608980 1331
1608990 1330
1609000 1330
1609010 1329
1609020 1328
1609030 1328
1609040 1327
1609050 1328
1609060 1328
1609070 1328
1609080 1324
1609090 1324
1609100 1321
1609110 1317
1609120 1317
1609130 1313
1609140 1309
1609150 1309
1609160 1306
1609170 1301
1609180 1301
1609190 1299
1609200 1300
1609210 1300
1609220 1302
1609230 1304
1609240 1304
1609250 1306
1609260 1310
1609270 1310
1609280 1313
1609290 1316
1609300 1319
1609310 1319
1609320 1322
1609330 1324
1609340 1324
1609350 1325
1609360 1325
1609370 1325
1609380 1326
1609390 1325
1609400 1325
1609410 1323
1609420 1319
1609430 1319
1609440 1315
1609450 1311
1609460 1311
1609470 1312
1609480 1317
1609490 1317
1609500 1323
1609510 1327
1609520 1327
1609530 1323
1609540 1318
1609550 1318
1609560 1315
1609570 1313
1609580 1313
1609590 1312
1609600 1312
1609610 1312
1609620 1311
1609630 1310
1609640 1309
1609650 1309
1609660 1308
1609670 1308
1609680 1308
1609690 1308
1609700 1308
1609710 1308
1609720 1309
1609730 1309
1609740 1309
1609750 1310
1609760 1311
1609770 1311
1609780 1312
1609790 1315
1609800 1315
1609810 1318
1609820 1322
1609830 1322
1609840 1324
1609850 1325
1609860 1325
1609870 1329
1609880 1332
1609890 1332
1609900 1333
1609910 1332
1609920 1332
1609930 1331
1609940 1329
1609950 1326
1609960 1326
1609970 1320
1609980 1311
1609990 1311
1610000 1304
1610010 1295
1610020 1295
1610030 1290
1610040 1285
1610050 1285
1610060 1283
1610070 1279
1610080 1279
1610090 1270
1610100 1263
1610110 1263
1610120 1256
1610130 1251
1610140 1251
1610150 1247
1610160 1238
1610170 1238
1610180 1226
1610190 1221
1610200 1221
1610210 1213
1610220 1206
1610230 1206
1610240 1200
1610250 1193
1610260 1188
1610270 1188
1610280 1185
1610290 1183
1610300 1183
1610310 1182
1610320 1181
1610330 1181
1610340 1181
1610350 1178
1610360 1178
1610370 1175
1610380 1172
1610390 1172
1610400 1168
1610410 1160
1610420 1160
1610430 1152
1610440 1140
1610450 1140
1610460 1131
1610470 1125
1610480 1125
1610490 1122
1610500 1119
1610510 1119
1610520 1118
1610530 1117
1610540 1117
1610550 1116
1610560 1115
1610570 1115
1610580 1115
1610590 1117
1610600 1120
1610610 1120
1610620 1124
1610630 1131
1610640 1131
1610650 1136
1610660 1143
1610670 1143
1610680 1149
1610690 1156
1610700 1156
1610710 1161
1610720 1166
1610730 1166
1610740 1169
1610750 1176
1610760 1176
1610770 1191
1610780 1212
1610790 1212
1610800 1249
1610810 1277
1610820 1277
1610830 1278
1610840 1281
1610850 1281
1610860 1285
1610870 1287
1610880 1287
1610890 1280
1610900 1280
1610910 1282
1610920 1282
1610930 1286
1610940 1273
1610950 1273
1610960 1248
1610970 1243
1610980 1243
1610990 1245
1611000 1250
1611010 1250
1611020 1259
1611030 1261
1611040 1261
1611050 1265
1611060 1271
1611070 1271
1611080 1278
1611090 1285
1611100 1285
1611110 1290
1611120 1296
1611130 1296
1611140 1303
1611150 1311
1611160 1311
1611170 1317
1611180 1322
1611190 1322
1611200 1321
1611210 1326
1611220 1329
1611230 1329
1611240 1331
1611250 1334
1611260 1334
1611270 1336
1611280 1336
1611290 1336
1611300 1337
1611310 1337
1611320 1337
1611330 1339
1611340 1340
1611350 1340
1611360 1341
1611370 1344
1611380 1344
1611390 1347
1611400 1353
1611410 1353
1611420 1360
1611430 1367
1611440 1367
1611450 1371
1611460 1372
1611470 1372
1611480 1375
1611490 1380
1611500 1380
1611510 1383
1611520 1385
1611530 1392
1611540 1392
1611550 1398
1611560 1403
1611570 1403
1611580 1407
1611590 1410
1611600 1410
1611610 1410
1611620 1411
1611630 1411
1611640 1413
1611650 1416
1611660 1416
1611670 1420
1611680 1424
1611690 1424
1611700 1429
1611710 1434
1611720 1434
1611730 1436
1611740 1442
1611750 1442
1611760 1446
1611770 1449
1611780 1449
1611790 1453
1611800 1457
1611810 1457
1611820 1460
1611830 1461
1611840 1462
1611850 1462
1611860 1462
1611870 1463
1611880 1463
1611890 1463
1611900 1464
1611910 1464
1611920 1465
1611930 1467
1611940 1467
1611950 1470
1611960 1472
1611970 1472
1611980 1475
1611990 1477
1612000 1477
1612010 1477
1612020 1474
1612030 1474
1612040 1471
1612050 1473
1612060 1473
1612070 1474
1612080 1470
1612090 1470
1612100 1468
1612110 1466
1612120 1466
1612130 1463
1612140 1459
1612150 1459
1612160 1455
1612170 1456
1612180 1456
1612190 1456
1612200 1451
1612210 1441
1612220 1441
1612230 1435
1612240 1430
1612250 1430
1612260 1424
1612270 1419
1612280 1419
1612290 1415
1612300 1410
1612310 1410
1612320 1406
1612330 1402
1612340 1402
1612350 1398
1612360 1394
1612370 1394
1612380 1390
1612390 1387
1612400 1387
1612410 1386
1612420 1384
1612430 1384
1612440 1382
1612450 1381
1612460 1381
1612470 1380
1612480 1379
1612490 1376
1612500 1376
1612510 1375
1612520 1375
1612530 1375
1612540 1381
1612550 1387
1612560 1387
1612570 1393
1612580 1398
1612590 1398
1612600 1404
1612610 1411
1612620 1411
1612630 1417
1612640 1423
1612650 1423
1612660 1427
1612670 1406
1612680 1406
1612690 1374
1612700 1356
1612710 1356
1612720 1344
1612730 1326
1612740 1326
1612750 1304
1612760 1279
1612770 1279
1612780 1254
1612790 1234
1612800 1221
1612810 1221
1612820 1213
1612830 1207
1612840 1207
1612850 1187
1612860 1180
1612870 1180
1612880 1175
1612890 1171
1612900 1171
1612910 1167
1612920 1163
1612930 1163
1612940 1164
1612950 1164
1612960 1164
1612970 1164
1612980 1163
1612990 1163
1613000 1161
1613010 1156
1613020 1156
1613030 1151
1613040 1147
1613050 1147
1613060 1146
1613070 1145
1613080 1145
1613090 1143
1613100 1141
1613110 1141
1613120 1141
1613130 1141
1613140 1140
1613150 1140
1613160 1132
1613170 1124
1613180 1124
1613190 1117
1613200 1112
1613210 1105
1613220 1102
1613230 1101
1613240 1101
1613250 1100
1613260 1096
1613270 1096
1613280 1093
1613290 1090
1613300 1090
1613310 1086
1613320 1083
1613330 1083
1613340 1080
1613350 1076
1613360 1076
1613370 1072
1613380 1067
1613390 1067
1613400 1064
1613410 1062
1613420 1062
1613430 1059
1613440 1055
1613450 1052
1613460 1052
1613470 1049
1613480 1047
1613490 1047
1613500 1045
1613510 1042
1613520 1042
1613530 1039
1613540 1037
1613550 1037
1613560 1032
1613570 1028
1613580 1028
1613590 1026
1613600 1025
1613610 1025
1613620 1025
1613630 1023
1613640 1023
1613650 1021
1613660 1017
1613670 1017
1613680 1012
1613690 1007
1613700 1007
1613710 1005
1613720 1004
1613730 1004
1613740 1002
1613750 996
1613760 991
1613770 991
1613780 986
1613790 984
1613800 984
1613810 982
1613820 982
1613830 982
1613840 982
1613850 983
1613860 983
1613870 984
1613880 985
1613890 985
1613900 984
1613910 983
1613920 983
1613930 982
1613940 980
1613950 980
1613960 981
1613970 982
1613980 982
1613990 987
1614000 995
1614010 995
1614020 1004
1614030 1012
1614040 1012
1614050 1020
1614060 1026
1614070 1030
1614080 1030
1614090 1032
1614100 1033
1614110 1033
1614120 1034
1614130 1035
1614140 1035
1614150 1037
1614160 1041
1614170 1041
1614180 1044
1614190 1048
1614200 1049
1614210 1053
1614220 1057
1614230 1057
1614240 1064
1614250 1069
1614260 1069
1614270 1076
1614280 1080
1614290 1080
1614300 1083
1614310 1086
1614320 1086
1614330 1088
1614340 1088
1614350 1088
1614360 1089
1614370 1094
1614380 1099
1614390 1099
1614400 1104
1614410 1111
1614420 1111
1614430 1117
1614440 1124
1614450 1124
1614460 1129
1614470 1134
1614480 1134
1614490 1135
1614500 1135
1614510 1135
1614520 1137
1614530 1138
1614540 1138
1614550 1139
1614560 1140
1614570 1140
1614580 1141
1614590 1143
1614600 1143
1614610 1144
1614620 1147
1614630 1147
1614640 1150
1614650 1153
1614660 1153
1614670 1157
1614680 1160
1614690 1160
1614700 1165
1614710 1168
1614720 1171
1614730 1171
1614740 1175
1614750 1177
1614760 1177
1614770 1178
1614780 1178
1614790 1178
1614800 1179
1614810 1180
1614820 1180
1614830 1181
1614840 1182
1614850 1182
1614860 1183
1614870 1185
1614880 1185
1614890 1186
1614900 1187
1614910 1187
1614920 1188
1614930 1190
1614940 1190
1614950 1193
1614960 1193
1614970 1193
1614980 1194
1614990 1195
1615000 1195
1615010 1196
1615020 1196
1615030 1196
1615040 1196
1615050 1196
1615060 1198
1615070 1198
1615080 1201
1615090 1206
1615100 1206
1615110 1210
1615120 1213
1615130 1213
1615140 1217
1615150 1222
1615160 1222
1615170 1228
1615180 1237
1615190 1237
1615200 1243
1615210 1249
1615220 1249
1615230 1253
1615240 1257
1615250 1257
1615260 1258
1615270 1254
1615280 1254
1615290 1247
1615300 1240
1615310 1240
1615320 1233
1615330 1223
1615340 1217
1615350 1217
1615360 1216
1615370 1208
1615380 1208
1615390 1204
1615400 1202
1615410 1202
1615420 1205
1615430 1207
1615440 1207
1615450 1204
1615460 1199
1615470 1199
1615480 1206
1615490 1214
1615500 1214
1615510 1221
1615520 1226
1615530 1226
1615540 1232
1615550 1239
1615560 1239
1615570 1246
1615580 1252
1615590 1252
1615600 1257
1615610 1261
1615620 1261
1615630 1265
1615640 1268
1615650 1268
1615660 1270
1615670 1272
1615680 1273
1615690 1273
1615700 1275
1615710 1276
1615720 1276
1615730 1278
1615740 1281
1615750 1281
1615760 1284
1615770 1286
1615780 1286
1615790 1290
1615800 1292
1615810 1292
1615820 1295
1615830 1298
1615840 1298
1615850 1301
1615860 1305
1615870 1305
1615880 1309
1615890 1313
1615900 1313
1615910 1316
1615920 1319
1615930 1319
1615940 1320
1615950 1321
1615960 1321
1615970 1321
1615980 1322
1615990 1323
1616000 1323
1616010 1322
1616020 1319
1616030 1319
1616040 1317
1616050 1316
1616060 1316
1616070 1315
1616080 1315
1616090 1315
1616100 1316
1616110 1316
1616120 1316
1616130 1318
1616140 1320
1616150 1320
1616160 1327
1616170 1330
1616180 1330
1616190 1331
1616200 1333
1616210 1333
1616220 1335
1616230 1340
1616240 1340
1616250 1347
1616260 1352
1616270 1352
1616280 1358
1616290 1362
1616300 1366
1616310 1366
1616320 1368
1616330 1371
1616340 1371
1616350 1373
1616360 1372
1616370 1372
1616380 1367
1616390 1363
1616400 1363
1616410 1358
1616420 1352
1616430 1352
1616440 1347
1616450 1349
1616460 1349
1616470 1346
1616480 1342
1616490 1342
1616500 1340
1616510 1338
1616520 1338
1616530 1338
1616540 1337
1616550 1337
1616560 1335
1616570 1335
1616580 1335
1616590 1335
1616600 1336
1616610 1335
1616620 1335
1616630 1332
1616640 1331
1616650 1331
1616660 1332
1616670 1335
1616680 1335
1616690 1336
1616700 1334
1616710 1334
1616720 1330
1616730 1327
1616740 1327
1616750 1324
1616760 1321
1616770 1321
1616780 1317
1616790 1314
1616800 1314
1616810 1312
1616820 1309
1616830 1309
1616840 1307
1616850 1305
1616860 1305
1616870 1301
1616880 1296
1616890 1296
1616900 1295
1616910 1303
1616920 1303
1616930 1312
1616940 1316
1616950 1319
1616960 1319
1616970 1324
1616980 1330
1616990 1330
1617000 1335
1617010 1340
1617020 1340
1617030 1344
1617040 1348
1617050 1348
1617060 1352
1617070 1359
1617080 1359
1617090 1364
1617100 1370
1617110 1370
1617120 1375
1617130 1380
1617140 1380
1617150 1386
1617160 1393
1617170 1393
1617180 1399
1617190 1406
1617200 1406
1617210 1412
1617220 1415
1617230 1415
1617240 1418
1617250 1421
1617260 1426
1617270 1426
1617280 1431
1617290 1436
1617300 1436
1617310 1441
1617320 1447
1617330 1447
1617340 1451
1617350 1453
1617360 1453
1617370 1455
1617380 1458
1617390 1458
1617400 1461
1617410 1463
1617420 1463
1617430 1467
1617440 1471
1617450 1471
1617460 1478
1617470 1482
1617480 1482
1617490 1486
1617500 1491
1617510 1491
1617520 1494
1617530 1499
1617540 1499
1617550 1504
1617560 1509
1617570 1515
1617580 1515
1617590 1522
1617600 1528
1617610 1528
1617620 1536
1617630 1543
1617640 1543
1617650 1548
1617660 1554
1617670 1554
1617680 1561
1617690 1568
1617700 1568
1617710 1573
1617720 1581
1617730 1581
1617740 1587
1617750 1591
1617760 1591
1617770 1595
1617780 1599
1617790 1599
1617800 1604
1617810 1603
1617820 1603
1617830 1603
1617840 1606
1617850 1606
1617860 1610
1617870 1614
1617880 1614
1617890 1617
1617900 1620
1617910 1624
1617920 1624
1617930 1627
1617940 1631
1617950 1631
1617960 1635
1617970 1639
1617980 1639
1617990 1643
1618000 1647
1618010 1647
1618020 1650
1618030 1653
1618040 1653
1618050 1656
1618060 1658
1618070 1658
1618080 1661
1618090 1668
1618100 1668
1618110 1669
1618120 1665
1618130 1665
1618140 1659
1618150 1654
1618160 1654
1618170 1649
1618180 1643
1618190 1643
1618200 1635
1618210 1628
1618220 1622
1618230 1622
1618240 1619
1618250 1615
1618260 1615
1618270 1611
1618280 1607
1618290 1607
1618300 1600
1618310 1601
1618320 1601
1618330 1605
1618340 1606
1618350 1606
1618360 1606
1618370 1605
1618380 1605
1618390 1603
1618400 1603
1618410 1603
1618420 1602
1618430 1601
1618440 1601
1618450 1608
1618460 1613
1618470 1613
1618480 1617
1618490 1619
1618500 1619
1618510 1620
1618520 1621
1618530 1621
1618540 1621
1618550 1619
1618560 1619
1618570 1619
1618580 1621
1618590 1623
1618600 1623
1618610 1623
1618620 1623
1618630 1623
1618640 1623
1618650 1630
1618660 1630
1618670 1637
1618680 1643
1618690 1643
1618700 1648
1618710 1653
1618720 1653
1618730 1657
1618740 1662
1618750 1662
1618760 1667
1618770 1673
1618780 1673
1618790 1679
1618800 1686
1618810 1686
1618820 1690
1618830 1695
1618840 1695
1618850 1699
1618860 1703
1618870 1707
1618880 1707
1618890 1711
1618900 1715
1618910 1715
1618920 1720
1618930 1724
1618940 1724
1618950 1727
1618960 1728
1618970 1728
1618980 1725
1618990 1723
1619000 1723
1619010 1721
1619020 1717
1619030 1717
1619040 1723
1619050 1721
1619060 1721
1619070 1721
1619080 1723
1619090 1723
1619100 1725
1619110 1727
1619120 1727
1619130 1729
1619140 1729
1619150 1729
1619160 1729
1619170 1732
1619180 1733
1619190 1733
1619200 1734
1619210 1737
1619220 1737
1619230 1741
1619240 1744
1619250 1744
1619260 1747
1619270 1749
1619280 1749
1619290 1751
1619300 1753
1619310 1753
1619320 1755
1619330 1756
1619340 1756
1619350 1757
1619360 1759
1619370 1759
1619380 1760
1619390 1761
1619400 1761
1619410 1763
1619420 1766
1619430 1766
1619440 1769
1619450 1773
1619460 1773
1619470 1778
1619480 1783
1619490 1788
1619500 1788
1619510 1793
1619520 1798
1619530 1798
1619540 1802
1619550 1806
1619560 1806
1619570 1810
1619580 1809
1619590 1809
1619600 1798
1619610 1785
1619620 1785
1619630 1770
1619640 1760
1619650 1760
1619660 1751
1619670 1742
1619680 1742
1619690 1734
1619700 1729
1619710 1729
1619720 1724
1619730 1719
1619740 1719
1619750 1715
1619760 1712
1619770 1712
1619780 1709
1619790 1706
1619800 1705
1619810 1705
1619820 1707
1619830 1709
1619840 1709
1619850 1711
1619860 1713
1619870 1713
1619880 1715
1619890 1718
1619900 1718
1619910 1722
1619920 1726
1619930 1726
1619940 1730
1619950 1735
1619960 1735
1619970 1740
1619980 1747
1619990 1750
