1600000 1496
1600010 1496
1600020 1502
1600030 1509
1600040 1509
1600050 1516
1600060 1523
1600070 1523
1600080 1530
1600090 1537
1600100 1537
1600110 1545
1600120 1552
1600130 1552
1600140 1561
1600150 1570
1600160 1570
1600170 1579
1600180 1588
1600190 1588
1600200 1598
1600210 1607
1600220 1607
1600230 1615
1600240 1623
1600250 1623
1600260 1632
1600270 1639
1600280 1639
1600290 1648
1600300 1656
1600310 1665
1600320 1665
1600330 1674
1600340 1682
1600350 1682
1600360 1690
1600370 1698
1600380 1698
1600390 1706
1600400 1713
1600410 1713
1600420 1720
1600430 1727
1600440 1727
1600450 1734
1600460 1741
1600470 1741
1600480 1747
1600490 1754
1600500 1754
1600510 1761
1600520 1765
1600530 1765
1600540 1768
1600550 1769
1600560 1769
1600570 1769
1600580 1770
1600590 1770
1600600 1770
1600610 1771
1600620 1771
1600630 1771
1600640 1771
1600650 1770
1600660 1770
1600670 1770
1600680 1768
1600690 1768
1600700 1766
1600710 1762
1600720 1762
1600730 1758
1600740 1752
1600750 1752
1600760 1749
1600770 1743
1600780 1743
1600790 1739
1600800 1737
1600810 1737
1600820 1735
1600830 1732
1600840 1732
1600850 1729
1600860 1728
1600870 1728
1600880 1727
1600890 1726
1600900 1726
1600910 1728
1600920 1730
1600930 1730
1600940 1732
1600950 1735
1600960 1737
1600970 1737
1600980 1739
1600990 1743
1601000 1743
1601010 1746
1601020 1749
1601030 1749
1601040 1752
1601050 1757
1601060 1757
1601070 1764
1601080 1770
1601090 1770
1601100 1776
1601110 1782
1601120 1782
1601130 1787
1601140 1793
1601150 1793
1601160 1800
1601170 1806
1601180 1806
1601190 1812
1601200 1817
1601210 1817
1601220 1821
1601230 1826
1601240 1826
1601250 1829
1601260 1830
1601270 1830
1601280 1830
1601290 1833
1601300 1836
1601310 1836
1601320 1838
1601330 1839
1601340 1839
1601350 1847
1601360 1858
1601370 1858
1601380 1867
1601390 1876
1601400 1876
1601410 1884
1601420 1891
1601430 1891
1601440 1899
1601450 1906
1601460 1906
1601470 1914
1601480 1921
1601490 1921
1601500 1927
1601510 1934
1601520 1934
1601530 1939
1601540 1945
1601550 1945
1601560 1949
1601570 1955
1601580 1955
1601590 1960
1601600 1964
1601610 1962
1601620 1962
1601630 1965
1601640 1969
1601650 1969
1601660 1973
1601670 1976
1601680 1976
1601690 1979
1601700 1983
1601710 1983
1601720 1986
1601730 1989
1601740 1989
1601750 1992
1601760 1993
1601770 1993
1601780 1996
1601790 1998
1601800 1998
1601810 2002
1601820 2006
1601830 2006
1601840 2010
1601850 2010
1601860 2010
1601870 2012
1601880 2020
1601890 2020
1601900 2026
1601910 2029
1601920 2033
1601930 2033
1601940 2037
1601950 2041
1601960 2041
1601970 2045
1601980 2049
1601990 2049
1602000 2051
1602010 2057
1602020 2057
1602030 2065
1602040 2070
1602050 2070
1602060 2073
1602070 2079
1602080 2079
1602090 2086
1602100 2093
1602110 2093
1602120 2099
1602130 2106
1602140 2106
1602150 2113
1602160 2119
1602170 2119
1602180 2126
1602190 2132
1602200 2132
1602210 2139
1602220 2147
1602230 2147
1602240 2155
1602250 2163
1602260 2170
1602270 2170
1602280 2178
1602290 2186
1602300 2186
1602310 2194
1602320 2200
1602330 2200
1602340 2207
1602350 2216
1602360 2216
1602370 2223
1602380 2230
1602390 2230
1602400 2238
1602410 2245
1602420 2245
1602430 2251
1602440 2258
1602450 2258
1602460 2264
1602470 2274
1602480 2274
1602490 2286
1602500 2293
1602510 2293
1602520 2286
1602530 2271
1602540 2271
1602550 2254
1602560 2238
1602570 2222
1602580 2222
1602590 2206
1602600 2183
1602610 2183
1602620 2165
1602630 2157
1602640 2157
1602650 2149
1602660 2141
1602670 2141
1602680 2135
1602690 2131
1602700 2125
1602710 2121
1602720 2117
1602730 2117
1602740 2115
1602750 2116
1602760 2116
1602770 2100
1602780 2071
1602790 2071
1602800 2067
1602810 2063
1602820 2063
1602830 2058
1602840 2053
1602850 2053
1602860 2048
1602870 2044
1602880 2040
1602890 2040
1602900 2036
1602910 2033
1602920 2033
1602930 2029
1602940 2025
1602950 2025
1602960 2022
1602970 2018
1602980 2018
1602990 2014
1603000 2010
1603010 2010
1603020 2006
1603030 2002
1603040 2002
1603050 1998
1603060 1993
1603070 1993
1603080 1989
1603090 1985
1603100 1985
1603110 1981
1603120 1977
1603130 1977
1603140 1972
1603150 1969
1603160 1969
1603170 1965
1603180 1962
1603190 1962
1603200 1959
1603210 1957
1603220 1955
1603230 1955
1603240 1953
1603250 1951
1603260 1951
1603270 1950
1603280 1949
1603290 1949
1603300 1948
1603310 1948
1603320 1948
1603330 1948
1603340 1948
1603350 1948
1603360 1948
1603370 1948
1603380 1948
1603390 1948
1603400 1948
1603410 1948
1603420 1948
1603430 1948
1603440 1948
1603450 1947
1603460 1946
1603470 1946
1603480 1945
1603490 1943
1603500 1943
1603510 1943
1603520 1943
1603530 1945
1603540 1945
1603550 1947
1603560 1948
1603570 1948
1603580 1945
1603590 1939
1603600 1939
1603610 1932
1603620 1923
1603630 1923
1603640 1914
1603650 1907
1603660 1907
1603670 1901
1603680 1895
1603690 1895
1603700 1889
1603710 1881
1603720 1881
1603730 1874
1603740 1867
1603750 1867
1603760 1859
1603770 1856
1603780 1856
1603790 1848
1603800 1839
1603810 1839
1603820 1831
1603830 1825
1603840 1825
1603850 1820
1603860 1814
1603870 1808
1603880 1808
1603890 1802
1603900 1796
1603910 1796
1603920 1791
1603930 1786
1603940 1786
1603950 1781
1603960 1776
1603970 1776
1603980 1770
1603990 1764
1604000 1764
1604010 1759
1604020 1754
1604030 1754
1604040 1749
1604050 1744
1604060 1744
1604070 1739
1604080 1734
1604090 1734
1604100 1729
1604110 1724
1604120 1724
1604130 1719
1604140 1715
1604150 1715
1604160 1710
1604170 1706
1604180 1702
1604190 1702
1604200 1697
1604210 1694
1604220 1694
1604230 1691
1604240 1688
1604250 1688
1604260 1683
1604270 1679
1604280 1679
1604290 1676
1604300 1673
1604310 1673
1604320 1670
1604330 1667
1604340 1667
1604350 1663
1604360 1660
1604370 1660
1604380 1657
1604390 1654
1604400 1654
1604410 1651
1604420 1649
1604430 1649
1604440 1646
1604450 1644
1604460 1644
1604470 1642
1604480 1641
1604490 1640
1604500 1640
1604510 1639
1604520 1638
1604530 1638
1604540 1637
1604550 1635
1604560 1635
1604570 1633
1604580 1631
1604590 1631
1604600 1629
1604610 1627
1604620 1627
1604630 1626
1604640 1625
1604650 1625
1604660 1623
1604670 1621
1604680 1621
1604690 1619
1604700 1617
1604710 1617
1604720 1616
1604730 1614
1604740 1614
1604750 1613
1604760 1612
1604770 1612
1604780 1611
1604790 1609
1604800 1609
1604810 1609
1604820 1608
1604830 1607
1604840 1605
1604850 1604
1604860 1603
1604870 1603
1604880 1604
1604890 1604
1604900 1604
1604910 1604
1604920 1605
1604930 1605
1604940 1606
1604950 1606
1604960 1606
1604970 1605
1604980 1604
1604990 1604
1605000 1604
1605010 1603
1605020 1603
1605030 1603
1605040 1603
1605050 1603
1605060 1602
1605070 1600
1605080 1600
1605090 1600
1605100 1601
1605110 1601
1605120 1601
1605130 1601
1605140 1602
1605150 1602
1605160 1601
1605170 1603
1605180 1603
1605190 1602
1605200 1602
1605210 1602
1605220 1601
1605230 1601
1605240 1601
1605250 1603
1605260 1606
1605270 1606
1605280 1609
1605290 1610
1605300 1610
1605310 1614
1605320 1617
1605330 1617
1605340 1620
1605350 1622
1605360 1622
1605370 1624
1605380 1626
1605390 1626
1605400 1627
1605410 1630
1605420 1630
1605430 1634
1605440 1638
1605450 1642
1605460 1642
1605470 1645
1605480 1649
1605490 1649
1605500 1652
1605510 1658
1605520 1658
1605530 1661
1605540 1663
1605550 1663
1605560 1663
1605570 1663
1605580 1663
1605590 1667
1605600 1670
1605610 1670
1605620 1673
1605630 1677
1605640 1677
1605650 1683
1605660 1690
1605670 1690
1605680 1698
1605690 1700
1605700 1700
1605710 1696
1605720 1699
1605730 1699
1605740 1705
1605750 1704
1605760 1704
1605770 1700
1605780 1703
1605790 1709
1605800 1709
1605810 1713
1605820 1713
1605830 1713
1605840 1713
1605850 1713
1605860 1713
1605870 1714
1605880 1718
1605890 1718
1605900 1713
1605910 1709
1605920 1709
1605930 1700
1605940 1691
1605950 1691
1605960 1684
1605970 1684
1605980 1684
1605990 1685
1606000 1688
1606010 1688
1606020 1688
1606030 1689
1606040 1689
1606050 1681
1606060 1671
1606070 1671
1606080 1671
1606090 1674
1606100 1674
1606110 1674
1606120 1673
1606130 1672
1606140 1672
1606150 1673
1606160 1676
1606170 1676
1606180 1676
1606190 1672
1606200 1672
1606210 1671
1606220 1667
1606230 1667
1606240 1662
1606250 1654
1606260 1654
1606270 1647
1606280 1647
1606290 1647
1606300 1651
1606310 1653
1606320 1653
1606330 1653
1606340 1659
1606350 1659
1606360 1664
1606370 1665
1606380 1665
1606390 1662
1606400 1661
1606410 1661
1606420 1662
1606430 1664
1606440 1667
1606450 1667
1606460 1669
1606470 1668
1606480 1668
1606490 1663
1606500 1658
1606510 1658
1606520 1661
1606530 1662
1606540 1662
1606550 1660
1606560 1660
1606570 1660
1606580 1661
1606590 1660
1606600 1660
1606610 1659
1606620 1659
1606630 1659
1606640 1659
1606650 1658
1606660 1658
1606670 1656
1606680 1655
1606690 1655
1606700 1655
1606710 1654
1606720 1654
1606730 1655
1606740 1654
1606750 1649
1606760 1649
1606770 1644
1606780 1639
1606790 1639
1606800 1634
1606810 1630
1606820 1630
1606830 1625
1606840 1620
1606850 1620
1606860 1615
1606870 1610
1606880 1610
1606890 1605
1606900 1600
1606910 1600
1606920 1594
1606930 1589
1606940 1586
1606950 1581
1606960 1576
1606970 1576
1606980 1572
1606990 1568
1607000 1568
1607010 1564
1607020 1559
1607030 1559
1607040 1556
1607050 1552
1607060 1547
1607070 1547
1607080 1543
1607090 1539
1607100 1539
1607110 1535
1607120 1531
1607130 1531
1607140 1527
1607150 1523
1607160 1523
1607170 1520
1607180 1517
1607190 1517
1607200 1514
1607210 1510
1607220 1510
1607230 1508
1607240 1505
1607250 1505
1607260 1502
1607270 1498
1607280 1498
1607290 1495
1607300 1492
1607310 1492
1607320 1489
1607330 1487
1607340 1487
1607350 1484
1607360 1481
1607370 1481
1607380 1478
1607390 1476
1607400 1473
1607410 1473
1607420 1471
1607430 1470
1607440 1470
1607450 1469
1607460 1468
1607470 1468
1607480 1467
1607490 1465
1607500 1465
1607510 1462
1607520 1460
1607530 1460
1607540 1458
1607550 1456
1607560 1456
1607570 1455
1607580 1454
1607590 1454
1607600 1454
1607610 1453
1607620 1453
1607630 1450
1607640 1447
1607650 1447
1607660 1447
1607670 1446
1607680 1446
1607690 1447
1607700 1448
1607710 1448
1607720 1448
1607730 1448
1607740 1448
1607750 1448
1607760 1449
1607770 1450
1607780 1450
1607790 1449
1607800 1449
1607810 1449
1607820 1448
1607830 1446
1607840 1446
1607850 1445
1607860 1445
1607870 1445
1607880 1445
1607890 1446
1607900 1446
1607910 1446
1607920 1446
1607930 1446
1607940 1446
1607950 1447
1607960 1447
1607970 1448
1607980 1448
1607990 1448
1608000 1449
1608010 1450
1608020 1450
1608030 1450
1608040 1450
1608050 1450
1608060 1450
1608070 1451
1608080 1451
1608090 1451
1608100 1451
1608110 1450
1608120 1450
1608130 1450
1608140 1450
1608150 1450
1608160 1450
1608170 1450
1608180 1450
1608190 1451
1608200 1452
1608210 1452
1608220 1453
1608230 1456
1608240 1456
1608250 1458
1608260 1461
1608270 1461
1608280 1461
1608290 1462
1608300 1462
1608310 1463
1608320 1465
1608330 1465
1608340 1466
1608350 1469
1608360 1473
1608370 1473
1608380 1476
1608390 1479
1608400 1479
1608410 1482
1608420 1486
1608430 1486
1608440 1490
1608450 1494
1608460 1494
1608470 1498
1608480 1503
1608490 1503
1608500 1507
1608510 1510
1608520 1510
1608530 1514
1608540 1517
1608550 1517
1608560 1519
1608570 1522
1608580 1522
1608590 1525
1608600 1529
1608610 1529
1608620 1531
1608630 1534
1608640 1534
1608650 1537
1608660 1539
1608670 1541
1608680 1541
1608690 1543
1608700 1544
1608710 1544
1608720 1545
1608730 1547
1608740 1547
1608750 1548
1608760 1549
1608770 1549
1608780 1551
1608790 1552
1608800 1552
1608810 1552
1608820 1551
1608830 1551
1608840 1549
1608850 1547
1608860 1547
1608870 1546
1608880 1545
1608890 1545
1608900 1544
1608910 1545
1608920 1545
1608930 1546
1608940 1546
1608950 1546
1608960 1545
1608970 1544
1608980 1544
1608990 1544
1609000 1546
1609010 1553
1609020 1553
1609030 1554
1609040 1555
1609050 1555
1609060 1558
1609070 1561
1609080 1561
1609090 1563
1609100 1566
1609110 1566
1609120 1568
1609130 1570
1609140 1570
1609150 1573
1609160 1575
1609170 1575
1609180 1578
1609190 1580
1609200 1580
1609210 1584
1609220 1588
1609230 1588
1609240 1593
1609250 1598
1609260 1598
1609270 1602
1609280 1606
1609290 1606
1609300 1610
1609310 1613
1609320 1615
1609330 1615
1609340 1618
1609350 1621
1609360 1621
1609370 1624
1609380 1627
1609390 1627
1609400 1630
1609410 1633
1609420 1633
1609430 1635
1609440 1636
1609450 1636
1609460 1632
1609470 1624
1609480 1624
1609490 1618
1609500 1610
1609510 1610
1609520 1603
1609530 1595
1609540 1595
1609550 1588
1609560 1582
1609570 1582
1609580 1575
1609590 1569
1609600 1569
1609610 1562
1609620 1555
1609630 1549
1609640 1549
1609650 1544
1609660 1538
1609670 1538
1609680 1531
1609690 1525
1609700 1525
1609710 1518
1609720 1512
1609730 1512
1609740 1506
1609750 1500
1609760 1500
1609770 1493
1609780 1488
1609790 1488
1609800 1483
1609810 1477
1609820 1477
1609830 1471
1609840 1464
1609850 1464
1609860 1459
1609870 1453
1609880 1453
1609890 1448
1609900 1442
1609910 1442
1609920 1436
1609930 1430
1609940 1430
1609950 1425
1609960 1420
1609970 1415
1609980 1415
1609990 1411
1610000 1406
1610010 1406
1610020 1401
1610030 1397
1610040 1397
1610050 1393
1610060 1389
1610070 1389
1610080 1386
1610090 1383
1610100 1383
1610110 1379
1610120 1378
1610130 1378
1610140 1377
1610150 1375
1610160 1375
1610170 1373
1610180 1372
1610190 1372
1610200 1375
1610210 1377
1610220 1377
1610230 1380
1610240 1383
1610250 1383
1610260 1385
1610270 1387
1610280 1388
1610290 1388
1610300 1387
1610310 1383
1610320 1383
1610330 1379
1610340 1377
1610350 1377
1610360 1376
1610370 1380
1610380 1380
1610390 1384
1610400 1388
1610410 1388
1610420 1392
1610430 1395
1610440 1395
1610450 1399
1610460 1401
1610470 1401
1610480 1399
1610490 1389
1610500 1389
1610510 1384
1610520 1385
1610530 1385
1610540 1391
1610550 1399
1610560 1399
1610570 1397
1610580 1397
1610590 1402
1610600 1402
1610610 1395
1610620 1363
1610630 1363
1610640 1351
1610650 1349
1610660 1349
1610670 1347
1610680 1345
1610690 1345
1610700 1347
1610710 1350
1610720 1350
1610730 1348
1610740 1347
1610750 1347
1610760 1344
1610770 1344
1610780 1344
1610790 1344
1610800 1345
1610810 1345
1610820 1343
1610830 1343
1610840 1343
1610850 1342
1610860 1341
1610870 1341
1610880 1341
1610890 1342
1610900 1342
1610910 1343
1610920 1347
1610930 1346
1610940 1346
1610950 1331
1610960 1279
1610970 1279
1610980 1222
1610990 1196
1611000 1196
1611010 1188
1611020 1179
1611030 1179
1611040 1171
1611050 1163
1611060 1163
1611070 1155
1611080 1147
1611090 1147
1611100 1140
1611110 1132
1611120 1132
1611130 1124
1611140 1118
1611150 1118
1611160 1114
1611170 1114
1611180 1114
1611190 1115
1611200 1114
1611210 1114
1611220 1113
1611230 1119
1611240 1116
1611250 1116
1611260 1101
1611270 1097
1611280 1097
1611290 1083
1611300 1072
1611310 1072
1611320 1064
1611330 1052
1611340 1052
1611350 1046
1611360 1040
1611370 1040
1611380 1037
1611390 1032
1611400 1032
1611410 1025
1611420 1018
1611430 1018
1611440 1011
1611450 1004
1611460 1004
1611470 999
1611480 995
1611490 995
1611500 994
1611510 992
1611520 992
1611530 990
1611540 989
1611550 989
1611560 989
1611570 988
1611580 988
1611590 988
1611600 987
1611610 986
1611620 986
1611630 985
1611640 984
1611650 984
1611660 986
1611670 991
1611680 991
1611690 994
1611700 997
1611710 997
1611720 998
1611730 999
1611740 999
1611750 1002
1611760 1006
1611770 1006
1611780 1009
1611790 1012
1611800 1012
1611810 1015
1611820 1019
1611830 1019
1611840 1020
1611850 1022
1611860 1022
1611870 1023
1611880 1025
1611890 1026
1611900 1026
1611910 1024
1611920 1020
1611930 1020
1611940 1021
1611950 1025
1611960 1025
1611970 1029
1611980 1034
1611990 1034
1612000 1037
1612010 1040
1612020 1040
1612030 1045
1612040 1049
1612050 1049
1612060 1047
1612070 1050
1612080 1050
1612090 1053
1612100 1056
1612110 1056
1612120 1058
1612130 1060
1612140 1060
1612150 1061
1612160 1063
1612170 1063
1612180 1066
1612190 1069
1612200 1072
1612210 1072
1612220 1075
1612230 1077
1612240 1077
1612250 1080
1612260 1082
1612270 1082
1612280 1085
1612290 1090
1612300 1090
1612310 1092
1612320 1093
1612330 1093
1612340 1090
1612350 1087
1612360 1087
1612370 1083
1612380 1073
1612390 1073
1612400 1057
1612410 1046
1612420 1046
1612430 1038
1612440 1030
1612450 1030
1612460 1024
1612470 1018
1612480 1018
1612490 1012
1612500 1007
1612510 1007
1612520 1000
1612530 993
1612540 986
1612550 986
1612560 978
1612570 971
1612580 971
1612590 963
1612600 954
1612610 954
1612620 944
1612630 937
1612640 937
1612650 934
1612660 935
1612670 935
1612680 936
1612690 937
1612700 937
1612710 943
1612720 951
1612730 951
1612740 960
1612750 967
1612760 967
1612770 973
1612780 979
1612790 979
1612800 985
1612810 991
1612820 991
1612830 997
1612840 1003
1612850 1007
1612860 1007
1612870 1012
1612880 1017
1612890 1017
1612900 1022
1612910 1028
1612920 1028
1612930 1035
1612940 1041
1612950 1041
1612960 1048
1612970 1053
1612980 1053
1612990 1060
1613000 1069
1613010 1069
1613020 1073
1613030 1075
1613040 1075
1613050 1078
1613060 1084
1613070 1084
1613080 1089
1613090 1093
1613100 1093
1613110 1098
1613120 1102
1613130 1102
1613140 1106
1613150 1112
1613160 1118
1613170 1118
1613180 1123
1613190 1125
1613200 1125
1613210 1128
1613220 1131
1613230 1131
1613240 1134
1613250 1137
1613260 1137
1613270 1140
1613280 1143
1613290 1143
1613300 1144
1613310 1145
1613320 1145
1613330 1149
1613340 1153
1613350 1153
1613360 1156
1613370 1160
1613380 1160
1613390 1165
1613400 1168
1613410 1168
1613420 1171
1613430 1175
1613440 1175
1613450 1179
1613460 1185
1613470 1185
1613480 1190
1613490 1197
1613500 1204
1613510 1204
1613520 1211
1613530 1219
1613540 1219
1613550 1225
1613560 1232
1613570 1232
1613580 1239
1613590 1244
1613600 1244
1613610 1247
1613620 1250
1613630 1250
1613640 1253
1613650 1255
1613660 1255
1613670 1257
1613680 1260
1613690 1260
1613700 1262
1613710 1265
1613720 1265
1613730 1267
1613740 1270
1613750 1270
1613760 1273
1613770 1275
1613780 1275
1613790 1277
1613800 1279
1613810 1280
1613820 1280
1613830 1282
1613840 1283
1613850 1283
1613860 1286
1613870 1289
1613880 1289
1613890 1292
1613900 1295
1613910 1295
1613920 1297
1613930 1300
1613940 1300
1613950 1302
1613960 1304
1613970 1304
1613980 1306
1613990 1308
1614000 1308
1614010 1311
1614020 1314
1614030 1314
1614040 1316
1614050 1320
1614060 1320
1614070 1322
1614080 1324
1614090 1324
1614100 1327
1614110 1329
1614120 1329
1614130 1331
1614140 1334
1614150 1335
1614160 1335
1614170 1337
1614180 1338
1614190 1338
1614200 1339
1614210 1340
1614220 1340
1614230 1342
1614240 1345
1614250 1345
1614260 1348
1614270 1350
1614280 1350
1614290 1352
1614300 1355
1614310 1355
1614320 1357
1614330 1360
1614340 1360
1614350 1364
1614360 1369
1614370 1369
1614380 1373
1614390 1378
1614400 1378
1614410 1383
1614420 1386
1614430 1386
1614440 1391
1614450 1395
1614460 1398
1614470 1398
1614480 1401
1614490 1405
1614500 1405
1614510 1411
1614520 1416
1614530 1416
1614540 1419
1614550 1423
1614560 1423
1614570 1428
1614580 1432
1614590 1432
1614600 1436
1614610 1442
1614620 1442
1614630 1448
1614640 1452
1614650 1452
1614660 1456
1614670 1460
1614680 1460
1614690 1464
1614700 1469
1614710 1469
1614720 1474
1614730 1479
1614740 1479
1614750 1483
1614760 1488
1614770 1492
1614780 1492
1614790 1498
1614800 1504
1614810 1504
1614820 1509
1614830 1513
1614840 1513
1614850 1518
1614860 1522
1614870 1522
1614880 1526
1614890 1531
1614900 1531
1614910 1533
1614920 1534
1614930 1534
1614940 1536
1614950 1538
1614960 1538
1614970 1541
1614980 1544
1614990 1544
1615000 1547
1615010 1551
1615020 1551
1615030 1554
1615040 1559
1615050 1559
1615060 1561
1615070 1565
1615080 1565
1615090 1567
1615100 1570
1615110 1572
1615120 1572
1615130 1575
1615140 1578
1615150 1578
1615160 1580
1615170 1583
1615180 1583
1615190 1587
1615200 1591
1615210 1591
1615220 1594
1615230 1597
1615240 1597
1615250 1599
1615260 1600
1615270 1600
1615280 1601
1615290 1602
1615300 1602
1615310 1604
1615320 1606
1615330 1606
1615340 1608
1615350 1611
1615360 1611
1615370 1617
1615380 1623
1615390 1623
1615400 1629
1615410 1635
1615420 1640
1615430 1640
1615440 1644
1615450 1649
1615460 1649
1615470 1653
1615480 1656
1615490 1656
1615500 1659
1615510 1661
1615520 1661
1615530 1663
1615540 1665
1615550 1665
1615560 1668
1615570 1673
1615580 1673
1615590 1679
1615600 1684
1615610 1684
1615620 1689
1615630 1692
1615640 1692
1615650 1695
1615660 1698
1615670 1698
1615680 1701
1615690 1704
1615700 1704
1615710 1706
1615720 1708
1615730 1711
1615740 1711
1615750 1712
1615760 1713
1615770 1713
1615780 1713
1615790 1713
1615800 1713
1615810 1713
1615820 1713
1615830 1713
1615840 1712
1615850 1714
1615860 1714
1615870 1718
1615880 1720
1615890 1720
1615900 1721
1615910 1722
1615920 1722
1615930 1722
1615940 1723
1615950 1723
1615960 1723
1615970 1724
1615980 1724
1615990 1725
1616000 1725
1616010 1725
1616020 1726
1616030 1726
1616040 1726
1616050 1728
1616060 1730
1616070 1731
1616080 1731
1616090 1732
1616100 1733
1616110 1733
1616120 1733
1616130 1733
1616140 1733
1616150 1732
1616160 1732
1616170 1732
1616180 1731
1616190 1726
1616200 1726
1616210 1723
1616220 1720
1616230 1720
1616240 1715
1616250 1707
1616260 1707
1616270 1702
1616280 1700
1616290 1700
1616300 1697
1616310 1695
1616320 1695
1616330 1694
1616340 1693
1616350 1693
1616360 1692
1616370 1691
1616380 1690
1616390 1690
1616400 1689
1616410 1688
1616420 1688
1616430 1688
1616440 1687
1616450 1687
1616460 1687
1616470 1686
1616480 1686
1616490 1685
1616500 1683
1616510 1683
1616520 1679
1616530 1675
1616540 1675
1616550 1672
1616560 1668
1616570 1668
1616580 1664
1616590 1658
1616600 1658
1616610 1651
1616620 1645
1616630 1645
1616640 1640
1616650 1636
1616660 1636
1616670 1632
1616680 1632
1616690 1632
1616700 1629
1616710 1626
1616720 1622
1616730 1622
1616740 1618
1616750 1612
1616760 1612
1616770 1609
1616780 1608
1616790 1608
1616800 1609
1616810 1607
1616820 1607
1616830 1603
1616840 1601
1616850 1601
1616860 1599
1616870 1597
1616880 1597
1616890 1596
1616900 1594
1616910 1594
1616920 1594
1616930 1594
1616940 1594
1616950 1593
1616960 1593
1616970 1593
1616980 1588
1616990 1589
1617000 1589
1617010 1589
1617020 1590
1617030 1591
1617040 1591
1617050 1592
1617060 1594
1617070 1594
1617080 1595
1617090 1597
1617100 1597
1617110 1597
1617120 1598
1617130 1598
1617140 1597
1617150 1597
1617160 1597
1617170 1595
1617180 1593
1617190 1593
1617200 1592
1617210 1592
1617220 1592
1617230 1591
1617240 1589
1617250 1589
1617260 1584
1617270 1579
1617280 1579
1617290 1572
1617300 1564
1617310 1564
1617320 1555
1617330 1549
1617340 1549
1617350 1544
1617360 1540
1617370 1535
1617380 1535
1617390 1531
1617400 1528
1617410 1528
1617420 1524
1617430 1520
1617440 1520
1617450 1517
1617460 1513
1617470 1513
1617480 1512
1617490 1514
1617500 1514
1617510 1515
1617520 1513
1617530 1513
1617540 1511
1617550 1509
1617560 1509
1617570 1508
1617580 1509
1617590 1509
1617600 1509
1617610 1509
1617620 1509
1617630 1509
1617640 1509
1617650 1509
1617660 1510
1617670 1512
1617680 1511
1617690 1511
1617700 1513
1617710 1515
1617720 1515
1617730 1518
1617740 1519
1617750 1519
1617760 1522
1617770 1525
1617780 1525
1617790 1528
1617800 1530
1617810 1530
1617820 1531
1617830 1533
1617840 1533
1617850 1535
1617860 1537
1617870 1537
1617880 1538
1617890 1538
1617900 1538
1617910 1539
1617920 1540
1617930 1540
1617940 1542
1617950 1541
1617960 1541
1617970 1542
1617980 1545
1617990 1547
1618000 1547
1618010 1551
1618020 1553
1618030 1553
1618040 1556
1618050 1559
1618060 1559
1618070 1563
1618080 1566
1618090 1566
1618100 1569
1618110 1571
1618120 1571
1618130 1572
1618140 1572
1618150 1572
1618160 1572
1618170 1572
1618180 1572
1618190 1572
1618200 1571
1618210 1571
1618220 1570
1618230 1568
1618240 1568
1618250 1566
1618260 1564
1618270 1564
1618280 1564
1618290 1562
1618300 1562
1618310 1561
1618320 1557
1618330 1554
1618340 1554
1618350 1553
1618360 1554
1618370 1554
1618380 1554
1618390 1554
1618400 1554
1618410 1556
1618420 1558
1618430 1558
1618440 1558
1618450 1558
1618460 1558
1618470 1558
1618480 1558
1618490 1558
1618500 1558
1618510 1555
1618520 1555
1618530 1553
1618540 1553
1618550 1553
1618560 1554
1618570 1555
1618580 1555
1618590 1554
1618600 1554
1618610 1554
1618620 1554
1618630 1555
1618640 1554
1618650 1554
1618660 1553
1618670 1553
1618680 1553
1618690 1554
1618700 1554
1618710 1554
1618720 1553
1618730 1555
1618740 1555
1618750 1553
1618760 1549
1618770 1549
1618780 1545
1618790 1542
1618800 1542
1618810 1537
1618820 1531
1618830 1531
1618840 1526
1618850 1521
1618860 1521
1618870 1515
1618880 1511
1618890 1511
1618900 1508
1618910 1505
1618920 1505
1618930 1502
1618940 1501
1618950 1501
1618960 1502
1618970 1503
1618980 1503
1618990 1503
1619000 1503
1619010 1503
1619020 1503
1619030 1504
1619040 1505
1619050 1505
1619060 1508
1619070 1510
1619080 1510
1619090 1512
1619100 1514
1619110 1514
1619120 1516
1619130 1516
1619140 1516
1619150 1515
1619160 1512
1619170 1512
1619180 1511
1619190 1510
1619200 1510
1619210 1506
1619220 1504
1619230 1504
1619240 1504
1619250 1503
1619260 1503
1619270 1501
1619280 1499
1619290 1498
1619300 1498
1619310 1496
1619320 1494
1619330 1494
1619340 1493
1619350 1493
1619360 1493
1619370 1491
1619380 1482
1619390 1482
1619400 1474
1619410 1467
1619420 1467
1619430 1460
1619440 1455
1619450 1455
1619460 1450
1619470 1446
1619480 1446
1619490 1444
1619500 1443
1619510 1443
1619520 1442
1619530 1441
1619540 1441
1619550 1442
1619560 1444
1619570 1444
1619580 1444
1619590 1445
1619600 1443
1619610 1443
1619620 1441
1619630 1436
1619640 1436
1619650 1427
1619660 1420
1619670 1420
1619680 1422
1619690 1429
1619700 1429
1619710 1438
1619720 1440
1619730 1440
1619740 1440
1619750 1443
1619760 1443
1619770 1449
1619780 1456
1619790 1456
1619800 1462
1619810 1464
1619820 1464
1619830 1462
1619840 1469
1619850 1465
1619860 1472
1619870 1478
1619880 1478
1619890 1484
1619900 1490
1619910 1490
1619920 1495
1619930 1501
1619940 1507
1619950 1507
1619960 1512
1619970 1516
1619980 1516
1619990 1521
