1600000 1925
1600010 1925
1600020 1928
1600030 1932
1600040 1932
1600050 1936
1600060 1939
1600070 1939
1600080 1943
1600090 1945
1600100 1945
1600110 1939
1600120 1929
1600130 1929
1600140 1926
1600150 1930
1600160 1930
1600170 1933
1600180 1920
1600190 1920
1600200 1905
1600210 1901
1600220 1901
1600230 1902
1600240 1896
1600250 1896
1600260 1885
1600270 1873
1600280 1871
1600290 1871
1600300 1869
1600310 1863
1600320 1863
1600330 1863
1600340 1862
1600350 1862
1600360 1860
1600370 1858
1600380 1858
1600390 1857
1600400 1856
1600410 1856
1600420 1855
1600430 1855
1600440 1855
1600450 1855
1600460 1854
1600470 1854
1600480 1852
1600490 1850
1600500 1850
1600510 1847
1600520 1845
1600530 1845
1600540 1844
1600550 1842
1600560 1842
1600570 1842
1600580 1846
1600590 1852
1600600 1852
1600610 1858
1600620 1862
1600630 1862
1600640 1852
1600650 1841
1600660 1841
1600670 1834
1600680 1830
1600690 1830
1600700 1830
1600710 1828
1600720 1828
1600730 1827
1600740 1829
1600750 1829
1600760 1830
1600770 1829
1600780 1829
1600790 1827
1600800 1828
1600810 1828
1600820 1828
1600830 1829
1600840 1829
1600850 1829
1600860 1829
1600870 1826
1600880 1823
1600890 1820
1600900 1820
1600910 1823
1600920 1826
1600930 1826
1600940 1826
1600950 1826
1600960 1824
1600970 1824
1600980 1819
1600990 1813
1601000 1813
1601010 1807
1601020 1801
1601030 1801
1601040 1795
1601050 1790
1601060 1790
1601070 1785
1601080 1783
1601090 1783
1601100 1782
1601110 1783
1601120 1783
1601130 1782
1601140 1780
1601150 1780
1601160 1778
1601170 1773
1601180 1773
1601190 1769
1601200 1765
1601210 1765
1601220 1762
1601230 1759
1601240 1759
1601250 1757
1601260 1753
1601270 1749
1601280 1749
1601290 1745
1601300 1741
1601310 1741
1601320 1737
1601330 1735
1601340 1735
1601350 1735
1601360 1740
1601370 1740
1601380 1743
1601390 1745
1601400 1745
1601410 1746
1601420 1746
1601430 1746
1601440 1746
1601450 1747
1601460 1747
1601470 1748
1601480 1750
1601490 1750
1601500 1751
1601510 1755
1601520 1755
1601530 1762
1601540 1764
1601550 1764
1601560 1762
1601570 1762
1601580 1763
1601590 1763
1601600 1765
1601610 1767
1601620 1767
1601630 1767
1601640 1768
1601650 1768
1601660 1768
1601670 1769
1601680 1769
1601690 1770
1601700 1770
1601710 1770
1601720 1769
1601730 1769
1601740 1769
1601750 1770
1601760 1771
1601770 1771
1601780 1772
1601790 1773
1601800 1773
1601810 1775
1601820 1776
1601830 1776
1601840 1777
1601850 1778
1601860 1778
1601870 1777
1601880 1778
1601890 1778
1601900 1774
1601910 1769
1601920 1769
1601930 1769
1601940 1769
1601950 1771
1601960 1771
1601970 1771
1601980 1772
1601990 1772
1602000 1773
1602010 1776
1602020 1776
1602030 1780
1602040 1785
1602050 1785
1602060 1793
1602070 1802
1602080 1802
1602090 1811
1602100 1818
1602110 1818
1602120 1824
1602130 1831
1602140 1831
1602150 1837
1602160 1843
1602170 1843
1602180 1850
1602190 1856
1602200 1856
1602210 1863
1602220 1870
1602230 1870
1602240 1877
1602250 1885
1602260 1892
1602270 1892
1602280 1898
1602290 1903
1602300 1903
1602310 1910
1602320 1918
1602330 1918
1602340 1925
1602350 1932
1602360 1932
1602370 1937
1602380 1943
1602390 1943
1602400 1950
1602410 1956
1602420 1956
1602430 1961
1602440 1966
1602450 1966
1602460 1970
1602470 1974
1602480 1974
1602490 1978
1602500 1982
1602510 1982
1602520 1988
1602530 1992
1602540 1992
1602550 1998
1602560 2005
1602570 2012
1602580 2012
1602590 2020
1602600 2027
1602610 2027
1602620 2035
1602630 2040
1602640 2040
1602650 2045
1602660 2049
1602670 2049
1602680 2052
1602690 2055
1602700 2055
1602710 2059
1602720 2063
1602730 2063
1602740 2068
1602750 2073
1602760 2073
1602770 2080
1602780 2086
1602790 2086
1602800 2090
1602810 2096
1602820 2096
1602830 2101
1602840 2104
1602850 2104
1602860 2102
1602870 2097
1602880 2097
1602890 2092
1602900 2084
1602910 2077
1602920 2077
1602930 2073
1602940 2070
1602950 2070
1602960 2064
1602970 2056
1602980 2056
1602990 2049
1603000 2043
1603010 2043
1603020 2036
1603030 2031
1603040 2031
1603050 2015
1603060 2011
1603070 2011
1603080 2008
1603090 2005
1603100 2005
1603110 2001
1603120 1998
1603130 1998
1603140 1995
1603150 1991
1603160 1991
1603170 1989
1603180 1987
1603190 1987
1603200 1985
1603210 1983
1603220 1983
1603230 1981
1603240 1979
1603250 1976
1603260 1976
1603270 1974
1603280 1971
1603290 1971
1603300 1968
1603310 1965
1603320 1965
1603330 1962
1603340 1958
1603350 1958
1603360 1954
1603370 1950
1603380 1950
1603390 1947
1603400 1945
1603410 1945
1603420 1942
1603430 1939
1603440 1939
1603450 1938
1603460 1935
1603470 1935
1603480 1933
1603490 1930
1603500 1930
1603510 1929
1603520 1928
1603530 1928
1603540 1927
1603550 1925
1603560 1923
1603570 1923
1603580 1921
1603590 1919
1603600 1919
1603610 1917
1603620 1915
1603630 1915
1603640 1914
1603650 1914
1603660 1914
1603670 1912
1603680 1912
1603690 1912
1603700 1910
1603710 1908
1603720 1908
1603730 1904
1603740 1900
1603750 1900
1603760 1897
1603770 1893
1603780 1893
1603790 1888
1603800 1884
1603810 1884
1603820 1879
1603830 1873
1603840 1873
1603850 1869
1603860 1866
1603870 1866
1603880 1863
1603890 1860
1603900 1857
1603910 1857
1603920 1853
1603930 1846
1603940 1846
1603950 1836
1603960 1826
1603970 1826
1603980 1816
1603990 1808
1604000 1808
1604010 1800
1604020 1789
1604030 1789
1604040 1784
1604050 1768
1604060 1768
1604070 1756
1604080 1747
1604090 1747
1604100 1738
1604110 1730
1604120 1730
1604130 1725
1604140 1716
1604150 1716
1604160 1708
1604170 1699
1604180 1699
1604190 1692
1604200 1684
1604210 1684
1604220 1676
1604230 1668
1604240 1661
1604250 1661
1604260 1655
1604270 1650
1604280 1650
1604290 1644
1604300 1639
1604310 1639
1604320 1634
1604330 1629
1604340 1629
1604350 1625
1604360 1620
1604370 1620
1604380 1615
1604390 1609
1604400 1609
1604410 1603
1604420 1597
1604430 1597
1604440 1589
1604450 1580
1604460 1580
1604470 1572
1604480 1573
1604490 1573
1604500 1577
1604510 1584
1604520 1584
1604530 1587
1604540 1587
1604550 1587
1604560 1587
1604570 1586
1604580 1584
1604590 1584
1604600 1584
1604610 1582
1604620 1582
1604630 1582
1604640 1584
1604650 1584
1604660 1584
1604670 1584
1604680 1584
1604690 1587
1604700 1590
1604710 1590
1604720 1592
1604730 1595
1604740 1595
1604750 1597
1604760 1597
1604770 1597
1604780 1599
1604790 1604
1604800 1604
1604810 1607
1604820 1610
1604830 1610
1604840 1610
1604850 1609
1604860 1609
1604870 1608
1604880 1607
1604890 1607
1604900 1607
1604910 1608
1604920 1607
1604930 1607
1604940 1607
1604950 1606
1604960 1606
1604970 1605
1604980 1605
1604990 1605
1605000 1604
1605010 1604
1605020 1604
1605030 1603
1605040 1602
1605050 1602
1605060 1601
1605070 1597
1605080 1597
1605090 1593
1605100 1588
1605110 1588
1605120 1583
1605130 1578
1605140 1578
1605150 1571
1605160 1565
1605170 1565
1605180 1559
1605190 1550
1605200 1550
1605210 1544
1605220 1537
1605230 1531
1605240 1531
1605250 1525
1605260 1518
1605270 1518
1605280 1512
1605290 1506
1605300 1506
1605310 1500
1605320 1495
1605330 1495
1605340 1489
1605350 1485
1605360 1485
1605370 1479
1605380 1473
1605390 1473
1605400 1467
1605410 1461
1605420 1461
1605430 1457
1605440 1452
1605450 1452
1605460 1448
1605470 1443
1605480 1443
1605490 1438
1605500 1433
1605510 1433
1605520 1428
1605530 1422
1605540 1417
1605550 1417
1605560 1411
1605570 1406
1605580 1406
1605590 1402
1605600 1397
1605610 1397
1605620 1393
1605630 1388
1605640 1388
1605650 1383
1605660 1379
1605670 1379
1605680 1374
1605690 1369
1605700 1369
1605710 1364
1605720 1360
1605730 1360
1605740 1355
1605750 1350
1605760 1350
1605770 1344
1605780 1338
1605790 1338
1605800 1332
1605810 1327
1605820 1327
1605830 1322
1605840 1317
1605850 1317
1605860 1312
1605870 1308
1605880 1304
1605890 1304
1605900 1299
1605910 1295
1605920 1295
1605930 1292
1605940 1289
1605950 1289
1605960 1286
1605970 1282
1605980 1282
1605990 1277
1606000 1271
1606010 1271
1606020 1266
1606030 1262
1606040 1262
1606050 1259
1606060 1256
1606070 1256
1606080 1253
1606090 1250
1606100 1250
1606110 1246
1606120 1243
1606130 1243
1606140 1240
1606150 1237
1606160 1237
1606170 1234
1606180 1232
1606190 1230
1606200 1230
1606210 1228
1606220 1224
1606230 1224
1606240 1220
1606250 1216
1606260 1216
1606270 1211
1606280 1207
1606290 1207
1606300 1206
1606310 1207
1606320 1207
1606330 1208
1606340 1207
1606350 1207
1606360 1204
1606370 1202
1606380 1202
1606390 1199
1606400 1196
1606410 1196
1606420 1194
1606430 1195
1606440 1195
1606450 1195
1606460 1194
1606470 1194
1606480 1192
1606490 1191
1606500 1191
1606510 1190
1606520 1188
1606530 1186
1606540 1186
1606550 1183
1606560 1182
1606570 1182
1606580 1180
1606590 1179
1606600 1179
1606610 1177
1606620 1175
1606630 1175
1606640 1173
1606650 1171
1606660 1171
1606670 1169
1606680 1166
1606690 1166
1606700 1165
1606710 1163
1606720 1163
1606730 1160
1606740 1157
1606750 1157
1606760 1153
1606770 1150
1606780 1150
1606790 1147
1606800 1142
1606810 1142
1606820 1137
1606830 1134
1606840 1134
1606850 1130
1606860 1127
1606870 1123
1606880 1123
1606890 1119
1606900 1114
1606910 1114
1606920 1106
1606930 1089
1606940 1089
1606950 1079
1606960 1081
1606970 1081
1606980 1087
1606990 1095
1607000 1095
1607010 1103
1607020 1112
1607030 1112
1607040 1120
1607050 1128
1607060 1128
1607070 1133
1607080 1140
1607090 1140
1607100 1142
1607110 1137
1607120 1137
1607130 1130
1607140 1126
1607150 1126
1607160 1123
1607170 1121
1607180 1116
1607190 1116
1607200 1110
1607210 1106
1607220 1106
1607230 1104
1607240 1104
1607250 1104
1607260 1098
1607270 1088
1607280 1088
1607290 1076
1607300 1077
1607310 1077
1607320 1077
1607330 1075
1607340 1075
1607350 1078
1607360 1073
1607370 1073
1607380 1073
1607390 1078
1607400 1078
1607410 1075
1607420 1071
1607430 1071
1607440 1074
1607450 1074
1607460 1074
1607470 1078
1607480 1077
1607490 1077
1607500 1071
1607510 1075
1607520 1083
1607530 1083
1607540 1091
1607550 1088
1607560 1088
1607570 1081
1607580 1085
1607590 1085
1607600 1093
1607610 1095
1607620 1095
1607630 1093
1607640 1091
1607650 1091
1607660 1088
1607670 1087
1607680 1087
1607690 1086
1607700 1085
1607710 1085
1607720 1085
1607730 1086
1607740 1086
1607750 1088
1607760 1089
1607770 1089
1607780 1088
1607790 1087
1607800 1087
1607810 1092
1607820 1097
1607830 1097
1607840 1102
1607850 1107
1607860 1111
1607870 1111
1607880 1117
1607890 1124
1607900 1124
1607910 1131
1607920 1137
1607930 1137
1607940 1147
1607950 1149
1607960 1149
1607970 1150
1607980 1151
1607990 1151
1608000 1151
1608010 1153
1608020 1153
1608030 1155
1608040 1157
1608050 1157
1608060 1157
1608070 1158
1608080 1158
1608090 1160
1608100 1161
1608110 1161
1608120 1163
1608130 1164
1608140 1164
1608150 1165
1608160 1166
1608170 1166
1608180 1166
1608190 1167
1608200 1167
1608210 1167
1608220 1168
1608230 1168
1608240 1168
1608250 1168
1608260 1168
1608270 1168
1608280 1168
1608290 1168
1608300 1168
1608310 1168
1608320 1168
1608330 1168
1608340 1168
1608350 1168
1608360 1168
1608370 1169
1608380 1169
1608390 1169
1608400 1169
1608410 1170
1608420 1170
1608430 1170
1608440 1170
1608450 1170
1608460 1171
1608470 1170
1608480 1170
1608490 1169
1608500 1169
1608510 1169
1608520 1169
1608530 1170
1608540 1170
1608550 1170
1608560 1170
1608570 1170
1608580 1170
1608590 1170
1608600 1170
1608610 1170
1608620 1170
1608630 1169
1608640 1169
1608650 1167
1608660 1167
1608670 1167
1608680 1166
1608690 1165
1608700 1165
1608710 1163
1608720 1162
1608730 1162
1608740 1161
1608750 1160
1608760 1160
1608770 1158
1608780 1157
1608790 1157
1608800 1157
1608810 1156
1608820 1156
1608830 1155
1608840 1155
1608850 1153
1608860 1153
1608870 1151
1608880 1149
1608890 1149
1608900 1148
1608910 1147
1608920 1147
1608930 1147
1608940 1147
1608950 1147
1608960 1148
1608970 1148
1608980 1148
1608990 1150
1609000 1151
1609010 1151
1609020 1152
1609030 1154
1609040 1154
1609050 1155
1609060 1156
1609070 1156
1609080 1156
1609090 1158
1609100 1158
1609110 1159
1609120 1160
1609130 1160
1609140 1161
1609150 1161
1609160 1162
1609170 1162
1609180 1163
1609190 1164
1609200 1164
1609210 1167
1609220 1169
1609230 1169
1609240 1171
1609250 1171
1609260 1171
1609270 1169
1609280 1166
1609290 1166
1609300 1162
1609310 1159
1609320 1159
1609330 1156
1609340 1153
1609350 1153
1609360 1155
1609370 1153
1609380 1153
1609390 1151
1609400 1147
1609410 1147
1609420 1141
1609430 1134
1609440 1134
1609450 1128
1609460 1122
1609470 1122
1609480 1116
1609490 1111
1609500 1106
1609510 1106
1609520 1103
1609530 1099
1609540 1099
1609550 1095
1609560 1091
1609570 1091
1609580 1087
1609590 1082
1609600 1082
1609610 1078
1609620 1074
1609630 1074
1609640 1070
1609650 1068
1609660 1068
1609670 1062
1609680 1056
1609690 1056
1609700 1048
1609710 1041
1609720 1041
1609730 1035
1609740 1027
1609750 1027
1609760 1021
1609770 1014
1609780 1014
1609790 1008
1609800 1002
1609810 1002
1609820 996
1609830 989
1609840 982
1609850 982
1609860 974
1609870 966
1609880 966
1609890 957
1609900 946
1609910 946
1609920 938
1609930 941
1609940 941
1609950 948
1609960 952
1609970 952
1609980 956
1609990 962
1610000 962
1610010 969
1610020 974
1610030 974
1610040 975
1610050 976
1610060 976
1610070 980
1610080 982
1610090 982
1610100 986
1610110 990
1610120 990
1610130 996
1610140 1003
1610150 1009
1610160 1009
1610170 1016
1610180 1024
1610190 1024
1610200 1032
1610210 1041
1610220 1041
1610230 1048
1610240 1053
1610250 1053
1610260 1057
1610270 1059
1610280 1059
1610290 1061
1610300 1063
1610310 1063
1610320 1065
1610330 1067
1610340 1067
1610350 1069
1610360 1072
1610370 1072
1610380 1069
1610390 1071
1610400 1071
1610410 1074
1610420 1071
1610430 1071
1610440 1069
1610450 1070
1610460 1070
1610470 1070
1610480 1068
1610490 1066
1610500 1066
1610510 1067
1610520 1066
1610530 1066
1610540 1063
1610550 1061
1610560 1061
1610570 1061
1610580 1063
1610590 1063
1610600 1063
1610610 1064
1610620 1064
1610630 1065
1610640 1066
1610650 1066
1610660 1068
1610670 1071
1610680 1071
1610690 1074
1610700 1076
1610710 1076
1610720 1077
1610730 1078
1610740 1078
1610750 1080
1610760 1082
1610770 1082
1610780 1086
1610790 1088
1610800 1091
1610810 1091
1610820 1094
1610830 1096
1610840 1096
1610850 1097
1610860 1101
1610870 1101
1610880 1104
1610890 1109
1610900 1109
1610910 1113
1610920 1117
1610930 1117
1610940 1119
1610950 1121
1610960 1121
1610970 1124
1610980 1128
1610990 1128
1611000 1130
1611010 1133
1611020 1133
1611030 1137
1611040 1139
1611050 1139
1611060 1141
1611070 1140
1611080 1140
1611090 1140
1611100 1139
1611110 1139
1611120 1138
1611130 1136
1611140 1134
1611150 1134
1611160 1130
1611170 1124
1611180 1124
1611190 1114
1611200 1108
1611210 1108
1611220 1100
1611230 1094
1611240 1094
1611250 1087
1611260 1080
1611270 1080
1611280 1073
1611290 1068
1611300 1068
1611310 1063
1611320 1058
1611330 1058
1611340 1052
1611350 1045
1611360 1045
1611370 1039
1611380 1031
1611390 1030
1611400 1023
1611410 1018
1611420 1018
1611430 1012
1611440 1007
1611450 1007
1611460 1002
1611470 995
1611480 991
1611490 991
1611500 983
1611510 976
1611520 976
1611530 968
1611540 960
1611550 960
1611560 952
1611570 944
1611580 944
1611590 936
1611600 930
1611610 930
1611620 924
1611630 918
1611640 918
1611650 913
1611660 904
1611670 904
1611680 900
1611690 892
1611700 892
1611710 886
1611720 881
1611730 881
1611740 875
1611750 869
1611760 869
1611770 863
1611780 856
1611790 850
1611800 850
1611810 844
1611820 839
1611830 839
1611840 835
1611850 832
1611860 832
1611870 830
1611880 829
1611890 829
1611900 829
1611910 827
1611920 827
1611930 822
1611940 820
1611950 820
1611960 819
1611970 818
1611980 818
1611990 817
1612000 816
1612010 816
1612020 815
1612030 813
1612040 813
1612050 810
1612060 806
1612070 806
1612080 799
1612090 792
1612100 792
1612110 786
1612120 781
1612130 777
1612140 777
1612150 774
1612160 772
1612170 772
1612180 768
1612190 761
1612200 761
1612210 753
1612220 746
1612230 746
1612240 740
1612250 735
1612260 735
1612270 733
1612280 732
1612290 732
1612300 730
1612310 733
1612320 733
1612330 737
1612340 741
1612350 741
1612360 737
1612370 735
1612380 735
1612390 735
1612400 734
1612410 734
1612420 735
1612430 735
1612440 735
1612450 734
1612460 734
1612470 735
1612480 735
1612490 735
1612500 735
1612510 735
1612520 736
1612530 735
1612540 735
1612550 736
1612560 740
1612570 740
1612580 743
1612590 747
1612600 747
1612610 748
1612620 749
1612630 749
1612640 755
1612650 760
1612660 760
1612670 761
1612680 766
1612690 766
1612700 770
1612710 776
1612720 776
1612730 782
1612740 786
1612750 786
1612760 791
1612770 795
1612780 800
1612790 800
1612800 806
1612810 811
1612820 811
1612830 818
1612840 824
1612850 824
1612860 831
1612870 838
1612880 838
1612890 846
1612900 853
1612910 853
1612920 859
1612930 865
1612940 865
1612950 870
1612960 873
1612970 873
1612980 873
1612990 873
1613000 873
1613010 875
1613020 877
1613030 877
1613040 879
1613050 881
1613060 881
1613070 883
1613080 886
1613090 886
1613100 888
1613110 890
1613120 893
1613130 893
1613140 896
1613150 899
1613160 899
1613170 902
1613180 902
1613190 902
1613200 901
1613210 901
1613220 901
1613230 901
1613240 901
1613250 901
1613260 901
1613270 902
1613280 902
1613290 903
1613300 901
1613310 901
1613320 898
1613330 894
1613340 894
1613350 892
1613360 890
1613370 890
1613380 889
1613390 885
1613400 885
1613410 888
1613420 892
1613430 892
1613440 895
1613450 900
1613460 905
1613470 905
1613480 908
1613490 910
1613500 910
1613510 913
1613520 915
1613530 915
1613540 916
1613550 917
1613560 917
1613570 919
1613580 921
1613590 921
1613600 924
1613610 928
1613620 928
1613630 931
1613640 933
1613650 933
1613660 936
1613670 937
1613680 937
1613690 939
1613700 941
1613710 941
1613720 943
1613730 945
1613740 945
1613750 945
1613760 945
1613770 945
1613780 945
1613790 946
1613800 946
1613810 946
1613820 945
1613830 945
1613840 945
1613850 947
1613860 949
1613870 949
1613880 951
1613890 952
1613900 952
1613910 952
1613920 952
1613930 952
1613940 951
1613950 949
1613960 949
1613970 948
1613980 950
1613990 950
1614000 951
1614010 950
1614020 950
1614030 948
1614040 945
1614050 945
1614060 947
1614070 948
1614080 948
1614090 951
1614100 953
1614110 954
1614120 954
1614130 955
1614140 956
1614150 956
1614160 958
1614170 960
1614180 960
1614190 961
1614200 963
1614210 963
1614220 964
1614230 964
1614240 964
1614250 965
1614260 966
1614270 966
1614280 967
1614290 969
1614300 969
1614310 968
1614320 966
1614330 966
1614340 964
1614350 962
1614360 962
1614370 960
1614380 958
1614390 958
1614400 960
1614410 959
1614420 959
1614430 957
1614440 954
1614450 953
1614460 953
1614470 954
1614480 954
1614490 954
1614500 954
1614510 952
1614520 952
1614530 953
1614540 953
1614550 953
1614560 955
1614570 957
1614580 957
1614590 960
1614600 960
1614610 960
1614620 957
1614630 955
1614640 955
1614650 953
1614660 952
1614670 952
1614680 953
1614690 953
1614700 953
1614710 955
1614720 956
1614730 956
1614740 956
1614750 955
1614760 955
1614770 955
1614780 954
1614790 952
1614800 952
1614810 950
1614820 947
1614830 947
1614840 945
1614850 941
1614860 941
1614870 936
1614880 932
1614890 932
1614900 930
1614910 928
1614920 928
1614930 928
1614940 929
1614950 929
1614960 931
1614970 933
1614980 933
1614990 937
1615000 940
1615010 940
1615020 942
1615030 945
1615040 945
1615050 946
1615060 946
1615070 946
1615080 945
1615090 948
1615100 949
1615110 949
1615120 950
1615130 951
1615140 951
1615150 951
1615160 952
1615170 952
1615180 949
1615190 946
1615200 946
1615210 945
1615220 947
1615230 947
1615240 947
1615250 948
1615260 948
1615270 948
1615280 948
1615290 948
1615300 946
1615310 940
1615320 940
1615330 937
1615340 944
1615350 944
1615360 943
1615370 943
1615380 943
1615390 943
1615400 944
1615410 944
1615420 943
1615430 944
1615440 945
1615450 945
1615460 945
1615470 944
1615480 944
1615490 943
1615500 941
1615510 941
1615520 940
1615530 939
1615540 939
1615550 936
1615560 934
1615570 934
1615580 933
1615590 932
1615600 932
1615610 931
1615620 930
1615630 930
1615640 930
1615650 929
1615660 929
1615670 928
1615680 927
1615690 927
1615700 926
1615710 925
1615720 925
1615730 924
1615740 923
1615750 921
1615760 921
1615770 919
1615780 916
1615790 916
1615800 915
1615810 915
1615820 915
1615830 914
1615840 910
1615850 910
1615860 912
1615870 913
1615880 913
1615890 914
1615900 916
1615910 916
1615920 918
1615930 918
1615940 918
1615950 918
1615960 919
1615970 919
1615980 918
1615990 916
1616000 916
1616010 915
1616020 914
1616030 914
1616040 912
1616050 911
1616060 911
1616070 911
1616080 912
1616090 914
1616100 914
1616110 915
1616120 917
1616130 917
1616140 917
1616150 917
1616160 917
1616170 916
1616180 914
1616190 914
1616200 911
1616210 910
1616220 910
1616230 908
1616240 907
1616250 907
1616260 903
1616270 898
1616280 898
1616290 894
1616300 890
1616310 890
1616320 886
1616330 884
1616340 881
1616350 879
1616360 876
1616370 876
1616380 872
1616390 870
1616400 870
1616410 867
1616420 863
1616430 860
1616440 860
1616450 857
1616460 854
1616470 854
1616480 851
1616490 847
1616500 847
1616510 842
1616520 836
1616530 836
1616540 834
1616550 835
1616560 835
1616570 837
1616580 839
1616590 839
1616600 841
1616610 843
1616620 843
1616630 844
1616640 846
1616650 846
1616660 846
1616670 847
1616680 847
1616690 849
1616700 852
1616710 852
1616720 856
1616730 860
1616740 862
1616750 862
1616760 863
1616770 864
1616780 864
1616790 865
1616800 867
1616810 867
1616820 869
1616830 871
1616840 871
1616850 871
1616860 871
1616870 871
1616880 870
1616890 868
1616900 868
1616910 867
1616920 866
1616930 866
1616940 864
1616950 863
1616960 863
1616970 861
1616980 859
1616990 859
1617000 856
1617010 854
1617020 854
1617030 852
1617040 851
1617050 851
1617060 849
1617070 847
1617080 845
1617090 845
1617100 845
1617110 846
1617120 846
1617130 848
1617140 850
1617150 850
1617160 852
1617170 853
1617180 853
1617190 854
1617200 855
1617210 855
1617220 855
1617230 854
1617240 854
1617250 852
1617260 851
1617270 851
1617280 849
1617290 847
1617300 845
1617310 844
1617320 842
1617330 842
1617340 841
1617350 842
1617360 842
1617370 841
1617380 840
1617390 840
1617400 841
1617410 843
1617420 840
1617430 840
1617440 833
1617450 827
1617460 827
1617470 824
1617480 822
1617490 822
1617500 820
1617510 818
1617520 818
1617530 817
1617540 816
1617550 816
1617560 813
1617570 811
1617580 811
1617590 808
1617600 806
1617610 806
1617620 806
1617630 806
1617640 806
1617650 807
1617660 807
1617670 807
1617680 808
1617690 808
1617700 808
1617710 807
1617720 807
1617730 806
1617740 806
1617750 805
1617760 804
1617770 804
1617780 802
1617790 801
1617800 801
1617810 799
1617820 797
1617830 797
1617840 793
1617850 790
1617860 790
1617870 785
1617880 780
1617890 780
1617900 777
1617910 775
1617920 775
1617930 771
1617940 767
1617950 767
1617960 765
1617970 762
1617980 762
1617990 760
1618000 755
1618010 755
1618020 750
1618030 745
1618040 745
1618050 743
1618060 743
1618070 742
1618080 742
1618090 741
1618100 740
1618110 740
1618120 739
1618130 738
1618140 738
1618150 738
1618160 738
1618170 738
1618180 737
1618190 736
1618200 736
1618210 736
1618220 736
1618230 736
1618240 736
1618250 736
1618260 735
1618270 734
1618280 733
1618290 733
1618300 732
1618310 731
1618320 731
1618330 730
1618340 730
1618350 730
1618360 729
1618370 728
1618380 728
1618390 728
1618400 727
1618410 726
1618420 726
1618430 726
1618440 725
1618450 725
1618460 725
1618470 724
1618480 724
1618490 723
1618500 723
1618510 723
1618520 723
1618530 723
1618540 723
1618550 724
1618560 725
1618570 725
1618580 726
1618590 726
1618600 726
1618610 726
1618620 725
1618630 725
1618640 724
1618650 723
1618660 723
1618670 722
1618680 721
1618690 721
1618700 720
1618710 719
1618720 718
1618730 718
1618740 717
1618750 717
1618760 717
1618770 717
1618780 717
1618790 717
1618800 716
1618810 714
1618820 714
1618830 712
1618840 711
1618850 711
1618860 709
1618870 709
1618880 709
1618890 709
1618900 709
1618910 709
1618920 710
1618930 710
1618940 710
1618950 711
1618960 711
1618970 711
1618980 712
1618990 712
1619000 712
1619010 712
1619020 713
1619030 713
1619040 713
1619050 714
1619060 714
1619070 714
1619080 714
1619090 715
1619100 715
1619110 714
1619120 714
1619130 714
1619140 714
1619150 714
1619160 714
1619170 714
1619180 714
1619190 714
1619200 713
1619210 713
1619220 711
1619230 712
1619240 712
1619250 712
1619260 712
1619270 712
1619280 712
1619290 712
1619300 712
1619310 712
1619320 712
1619330 711
1619340 711
1619350 709
1619360 707
1619370 707
1619380 707
1619390 707
1619400 707
1619410 707
1619420 706
1619430 706
1619440 706
1619450 706
1619460 706
1619470 706
1619480 706
1619490 706
1619500 706
1619510 706
1619520 706
1619530 706
1619540 706
1619550 706
1619560 706
1619570 706
1619580 706
1619590 706
1619600 706
1619610 706
1619620 706
1619630 706
1619640 706
1619650 706
1619660 706
1619670 706
1619680 706
1619690 706
1619700 706
1619710 706
1619720 706
1619730 706
1619740 706
1619750 706
1619760 706
1619770 706
1619780 706
1619790 706
1619800 706
1619810 706
1619820 706
1619830 706
1619840 706
1619850 706
1619860 706
1619870 706
1619880 706
1619890 706
1619900 706
1619910 706
1619920 706
1619930 706
1619940 706
1619950 706
1619960 706
1619970 706
1619980 706
1619990 706
