1600000 1957
1600010 1963
1600020 1963
1600030 1968
1600040 1973
1600050 1973
1600060 1980
1600070 1985
1600080 1985
1600090 1991
1600100 1996
1600110 1996
1600120 2001
1600130 2005
1600140 2009
1600150 2009
1600160 2014
1600170 2018
1600180 2018
1600190 2022
1600200 2027
1600210 2027
1600220 2031
1600230 2036
1600240 2036
1600250 2040
1600260 2044
1600270 2044
1600280 2049
1600290 2053
1600300 2053
1600310 2057
1600320 2061
1600330 2061
1600340 2066
1600350 2071
1600360 2071
1600370 2076
1600380 2080
1600390 2080
1600400 2084
1600410 2089
1600420 2089
1600430 2092
1600440 2096
1600450 2096
1600460 2101
1600470 2105
1600480 2109
1600490 2109
1600500 2113
1600510 2110
1600520 2110
1600530 2103
1600540 2088
1600550 2088
1600560 2075
1600570 2063
1600580 2063
1600590 2051
1600600 2038
1600610 2038
1600620 2028
1600630 2019
1600640 2019
1600650 2012
1600660 2010
1600670 2010
1600680 2008
1600690 2004
1600700 2004
1600710 2000
1600720 1993
1600730 1993
1600740 1989
1600750 1980
1600760 1980
1600770 1968
1600780 1960
1600790 1960
1600800 1954
1600810 1947
1600820 1936
1600830 1936
1600840 1927
1600850 1917
1600860 1917
1600870 1903
1600880 1894
1600890 1894
1600900 1888
1600910 1881
1600920 1881
1600930 1875
1600940 1872
1600950 1872
1600960 1872
1600970 1872
1600980 1872
1600990 1872
1601000 1875
1601010 1875
1601020 1878
1601030 1881
1601040 1881
1601050 1884
1601060 1888
1601070 1888
1601080 1893
1601090 1897
1601100 1897
1601110 1899
1601120 1901
1601130 1903
1601140 1903
1601150 1904
1601160 1909
1601170 1909
1601180 1917
1601190 1925
1601200 1925
1601210 1931
1601220 1936
1601230 1936
1601240 1940
1601250 1944
1601260 1944
1601270 1947
1601280 1951
1601290 1951
1601300 1953
1601310 1956
1601320 1956
1601330 1953
1601340 1959
1601350 1959
1601360 1967
1601370 1974
1601380 1974
1601390 1980
1601400 1985
1601410 1985
1601420 1983
1601430 1978
1601440 1978
1601450 1971
1601460 1963
1601470 1954
1601480 1954
1601490 1945
1601500 1936
1601510 1936
1601520 1923
1601530 1919
1601540 1919
1601550 1917
1601560 1915
1601570 1915
1601580 1913
1601590 1913
1601600 1913
1601610 1913
1601620 1913
1601630 1913
1601640 1913
1601650 1912
1601660 1912
1601670 1911
1601680 1911
1601690 1911
1601700 1910
1601710 1911
1601720 1911
1601730 1909
1601740 1906
1601750 1906
1601760 1906
1601770 1904
1601780 1903
1601790 1903
1601800 1901
1601810 1899
1601820 1899
1601830 1898
1601840 1895
1601850 1895
1601860 1895
1601870 1894
1601880 1894
1601890 1892
1601900 1890
1601910 1890
1601920 1887
1601930 1887
1601940 1887
1601950 1886
1601960 1886
1601970 1886
1601980 1884
1601990 1883
1602000 1883
1602010 1882
1602020 1880
1602030 1880
1602040 1880
1602050 1883
1602060 1883
1602070 1887
1602080 1889
1602090 1889
1602100 1890
1602110 1890
1602120 1890
1602130 1890
1602140 1890
1602150 1890
1602160 1890
1602170 1891
1602180 1892
1602190 1892
1602200 1893
1602210 1894
1602220 1894
1602230 1893
1602240 1891
1602250 1891
1602260 1891
1602270 1890
1602280 1890
1602290 1890
1602300 1891
1602310 1891
1602320 1894
1602330 1896
1602340 1896
1602350 1899
1602360 1901
1602370 1901
1602380 1905
1602390 1911
1602400 1911
1602410 1919
1602420 1926
1602430 1935
1602440 1935
1602450 1943
1602460 1951
1602470 1951
1602480 1960
1602490 1968
1602500 1968
1602510 1976
1602520 1984
1602530 1984
1602540 1992
1602550 2000
1602560 2000
1602570 2010
1602580 2016
1602590 2016
1602600 2022
1602610 2027
1602620 2027
1602630 2034
1602640 2043
1602650 2043
1602660 2049
1602670 2053
1602680 2053
1602690 2057
1602700 2061
1602710 2061
1602720 2066
1602730 2070
1602740 2070
1602750 2075
1602760 2080
1602770 2085
1602780 2085
1602790 2090
1602800 2096
1602810 2096
1602820 2097
1602830 2094
1602840 2094
1602850 2090
1602860 2086
1602870 2086
1602880 2085
1602890 2084
1602900 2084
1602910 2083
1602920 2081
1602930 2081
1602940 2078
1602950 2076
1602960 2076
1602970 2074
1602980 2073
1602990 2073
1603000 2072
1603010 2068
1603020 2068
1603030 2066
1603040 2064
1603050 2064
1603060 2063
1603070 2062
1603080 2062
1603090 2060
1603100 2059
1603110 2057
1603120 2057
1603130 2056
1603140 2055
1603150 2055
1603160 2053
1603170 2052
1603180 2052
1603190 2051
1603200 2050
1603210 2050
1603220 2049
1603230 2048
1603240 2048
1603250 2049
1603260 2049
1603270 2049
1603280 2050
1603290 2049
1603300 2049
1603310 2048
1603320 2048
1603330 2048
1603340 2049
1603350 2050
1603360 2050
1603370 2051
1603380 2052
1603390 2052
1603400 2053
1603410 2053
1603420 2049
1603430 2049
1603440 2042
1603450 2035
1603460 2035
1603470 2028
1603480 2022
1603490 2022
1603500 2015
1603510 2008
1603520 2008
1603530 2001
1603540 1993
1603550 1993
1603560 1985
1603570 1975
1603580 1975
1603590 1965
1603600 1960
1603610 1960
1603620 1958
1603630 1958
1603640 1958
1603650 1967
1603660 1959
1603670 1959
1603680 1946
1603690 1942
1603700 1942
1603710 1929
1603720 1915
1603730 1915
1603740 1897
1603750 1876
1603760 1864
1603770 1864
1603780 1856
1603790 1847
1603800 1847
1603810 1840
1603820 1833
1603830 1833
1603840 1826
1603850 1819
1603860 1819
1603870 1813
1603880 1807
1603890 1807
1603900 1804
1603910 1800
1603920 1800
1603930 1797
1603940 1794
1603950 1794
1603960 1790
1603970 1788
1603980 1788
1603990 1786
1604000 1784
1604010 1784
1604020 1783
1604030 1781
1604040 1781
1604050 1779
1604060 1776
1604070 1776
1604080 1773
1604090 1768
1604100 1766
1604110 1766
1604120 1762
1604130 1758
1604140 1758
1604150 1754
1604160 1749
1604170 1749
1604180 1745
1604190 1742
1604200 1742
1604210 1737
1604220 1733
1604230 1733
1604240 1730
1604250 1726
1604260 1726
1604270 1720
1604280 1712
1604290 1712
1604300 1704
1604310 1699
1604320 1699
1604330 1698
1604340 1698
1604350 1698
1604360 1699
1604370 1698
1604380 1698
1604390 1699
1604400 1699
1604410 1698
1604420 1698
1604430 1696
1604440 1696
1604450 1696
1604460 1698
1604470 1698
1604480 1698
1604490 1701
1604500 1705
1604510 1705
1604520 1710
1604530 1715
1604540 1715
1604550 1722
1604560 1722
1604570 1722
1604580 1727
1604590 1734
1604600 1734
1604610 1740
1604620 1746
1604630 1746
1604640 1754
1604650 1761
1604660 1761
1604670 1768
1604680 1775
1604690 1775
1604700 1782
1604710 1788
1604720 1788
1604730 1795
1604740 1800
1604750 1803
1604760 1803
1604770 1797
1604780 1790
1604790 1790
1604800 1783
1604810 1776
1604820 1776
1604830 1769
1604840 1762
1604850 1762
1604860 1755
1604870 1748
1604880 1748
1604890 1740
1604900 1733
1604910 1733
1604920 1726
1604930 1719
1604940 1719
1604950 1712
1604960 1705
1604970 1705
1604980 1698
1604990 1692
1605000 1692
1605010 1685
1605020 1678
1605030 1678
1605040 1671
1605050 1664
1605060 1658
1605070 1658
1605080 1651
1605090 1644
1605100 1644
1605110 1638
1605120 1631
1605130 1631
1605140 1625
1605150 1618
1605160 1618
1605170 1611
1605180 1605
1605190 1605
1605200 1599
1605210 1593
1605220 1593
1605230 1588
1605240 1582
1605250 1582
1605260 1576
1605270 1570
1605280 1570
1605290 1564
1605300 1558
1605310 1558
1605320 1552
1605330 1546
1605340 1546
1605350 1540
1605360 1534
1605370 1534
1605380 1528
1605390 1522
1605400 1517
1605410 1517
1605420 1511
1605430 1505
1605440 1505
1605450 1500
1605460 1494
1605470 1494
1605480 1488
1605490 1482
1605500 1482
1605510 1476
1605520 1470
1605530 1470
1605540 1464
1605550 1458
1605560 1458
1605570 1452
1605580 1447
1605590 1447
1605600 1443
1605610 1439
1605620 1438
1605630 1433
1605640 1428
1605650 1428
1605660 1424
1605670 1419
1605680 1419
1605690 1415
1605700 1410
1605710 1410
1605720 1406
1605730 1403
1605740 1399
1605750 1399
1605760 1395
1605770 1391
1605780 1391
1605790 1387
1605800 1383
1605810 1383
1605820 1379
1605830 1376
1605840 1376
1605850 1372
1605860 1368
1605870 1368
1605880 1365
1605890 1361
1605900 1361
1605910 1359
1605920 1357
1605930 1357
1605940 1355
1605950 1353
1605960 1353
1605970 1351
1605980 1349
1605990 1349
1606000 1347
1606010 1345
1606020 1345
1606030 1343
1606040 1341
1606050 1339
1606060 1339
1606070 1338
1606080 1336
1606090 1336
1606100 1335
1606110 1333
1606120 1333
1606130 1332
1606140 1330
1606150 1330
1606160 1327
1606170 1323
1606180 1323
1606190 1320
1606200 1317
1606210 1317
1606220 1314
1606230 1310
1606240 1310
1606250 1302
1606260 1293
1606270 1293
1606280 1285
1606290 1278
1606300 1278
1606310 1271
1606320 1266
1606330 1266
1606340 1262
1606350 1257
1606360 1257
1606370 1250
1606380 1243
1606390 1237
1606400 1237
1606410 1234
1606420 1229
1606430 1229
1606440 1221
1606450 1214
1606460 1214
1606470 1206
1606480 1204
1606490 1204
1606500 1198
1606510 1186
1606520 1186
1606530 1175
1606540 1168
1606550 1168
1606560 1165
1606570 1163
1606580 1163
1606590 1164
1606600 1165
1606610 1165
1606620 1168
1606630 1171
1606640 1171
1606650 1174
1606660 1176
1606670 1168
1606680 1167
1606690 1166
1606700 1165
1606710 1165
1606720 1165
1606730 1165
1606740 1165
1606750 1164
1606760 1162
1606770 1162
1606780 1161
1606790 1158
1606800 1158
1606810 1157
1606820 1162
1606830 1162
1606840 1170
1606850 1178
1606860 1178
1606870 1183
1606880 1185
1606890 1185
1606900 1189
1606910 1192
1606920 1192
1606930 1196
1606940 1198
1606950 1198
1606960 1201
1606970 1205
1606980 1205
1606990 1209
1607000 1213
1607010 1213
1607020 1217
1607030 1220
1607040 1224
1607050 1224
1607060 1228
1607070 1232
1607080 1232
1607090 1237
1607100 1241
1607110 1241
1607120 1248
1607130 1253
1607140 1253
1607150 1255
1607160 1258
1607170 1258
1607180 1261
1607190 1261
1607200 1261
1607210 1260
1607220 1259
1607230 1259
1607240 1259
1607250 1259
1607260 1259
1607270 1259
1607280 1259
1607290 1259
1607300 1259
1607310 1260
1607320 1260
1607330 1259
1607340 1259
1607350 1259
1607360 1261
1607370 1263
1607380 1265
1607390 1265
1607400 1268
1607410 1272
1607420 1272
1607430 1278
1607440 1284
1607450 1284
1607460 1288
1607470 1290
1607480 1290
1607490 1286
1607500 1277
1607510 1277
1607520 1270
1607530 1264
1607540 1264
1607550 1258
1607560 1254
1607570 1254
1607580 1249
1607590 1245
1607600 1245
1607610 1241
1607620 1240
1607630 1240
1607640 1242
1607650 1245
1607660 1245
1607670 1248
1607680 1251
1607690 1253
1607700 1253
1607710 1254
1607720 1252
1607730 1252
1607740 1250
1607750 1245
1607760 1245
1607770 1241
1607780 1237
1607790 1237
1607800 1235
1607810 1233
1607820 1233
1607830 1234
1607840 1233
1607850 1233
1607860 1230
1607870 1231
1607880 1231
1607890 1231
1607900 1228
1607910 1228
1607920 1225
1607930 1221
1607940 1221
1607950 1219
1607960 1224
1607970 1224
1607980 1232
1607990 1235
1608000 1235
1608010 1239
1608020 1244
1608030 1249
1608040 1249
1608050 1255
1608060 1259
1608070 1259
1608080 1260
1608090 1259
1608100 1259
1608110 1256
1608120 1251
1608130 1251
1608140 1246
1608150 1242
1608160 1242
1608170 1239
1608180 1236
1608190 1236
1608200 1234
1608210 1232
1608220 1232
1608230 1231
1608240 1232
1608250 1232
1608260 1231
1608270 1227
1608280 1227
1608290 1223
1608300 1223
1608310 1223
1608320 1222
1608330 1219
1608340 1216
1608350 1216
1608360 1213
1608370 1209
1608380 1209
1608390 1207
1608400 1205
1608410 1205
1608420 1204
1608430 1203
1608440 1203
1608450 1201
1608460 1200
1608470 1200
1608480 1200
1608490 1202
1608500 1202
1608510 1207
1608520 1211
1608530 1211
1608540 1213
1608550 1214
1608560 1214
1608570 1213
1608580 1212
1608590 1212
1608600 1209
1608610 1205
1608620 1205
1608630 1201
1608640 1197
1608650 1197
1608660 1193
1608670 1190
1608680 1186
1608690 1186
1608700 1183
1608710 1180
1608720 1180
1608730 1177
1608740 1174
1608750 1172
1608760 1171
1608770 1168
1608780 1168
1608790 1167
1608800 1164
1608810 1164
1608820 1161
1608830 1160
1608840 1160
1608850 1158
1608860 1155
1608870 1155
1608880 1151
1608890 1150
1608900 1150
1608910 1147
1608920 1145
1608930 1145
1608940 1144
1608950 1143
1608960 1143
1608970 1141
1608980 1138
1608990 1138
1609000 1134
1609010 1132
1609020 1130
1609030 1130
1609040 1127
1609050 1122
1609060 1122
1609070 1118
1609080 1115
1609090 1115
1609100 1113
1609110 1110
1609120 1110
1609130 1108
1609140 1107
1609150 1107
1609160 1107
1609170 1110
1609180 1110
1609190 1112
1609200 1112
1609210 1112
1609220 1112
1609230 1113
1609240 1113
1609250 1114
1609260 1113
1609270 1113
1609280 1111
1609290 1109
1609300 1109
1609310 1106
1609320 1104
1609330 1101
1609340 1101
1609350 1098
1609360 1096
1609370 1096
1609380 1094
1609390 1090
1609400 1090
1609410 1087
1609420 1084
1609430 1084
1609440 1081
1609450 1079
1609460 1079
1609470 1075
1609480 1071
1609490 1071
1609500 1066
1609510 1062
1609520 1062
1609530 1060
1609540 1058
1609550 1058
1609560 1056
1609570 1053
1609580 1053
1609590 1048
1609600 1044
1609610 1044
1609620 1039
1609630 1035
1609640 1035
1609650 1032
1609660 1025
1609670 1022
1609680 1022
1609690 1021
1609700 1020
1609710 1020
1609720 1017
1609730 1015
1609740 1015
1609750 1013
1609760 1011
1609770 1011
1609780 1009
1609790 1010
1609800 1010
1609810 1016
1609820 1023
1609830 1023
1609840 1030
1609850 1038
1609860 1038
1609870 1044
1609880 1047
1609890 1047
1609900 1050
1609910 1052
1609920 1052
1609930 1057
1609940 1062
1609950 1062
1609960 1067
1609970 1072
1609980 1076
1609990 1076
1610000 1080
1610010 1083
1610020 1083
1610030 1086
1610040 1088
1610050 1088
1610060 1092
1610070 1096
1610080 1096
1610090 1099
1610100 1101
1610110 1101
1610120 1105
1610130 1109
1610140 1109
1610150 1115
1610160 1119
1610170 1119
1610180 1123
1610190 1128
1610200 1128
1610210 1132
1610220 1136
1610230 1136
1610240 1140
1610250 1145
1610260 1145
1610270 1149
1610280 1152
1610290 1152
1610300 1155
1610310 1158
1610320 1162
1610330 1162
1610340 1165
1610350 1169
1610360 1169
1610370 1174
1610380 1178
1610390 1178
1610400 1181
1610410 1183
1610420 1183
1610430 1187
1610440 1191
1610450 1191
1610460 1195
1610470 1198
1610480 1198
1610490 1202
1610500 1205
1610510 1205
1610520 1209
1610530 1213
1610540 1213
1610550 1216
1610560 1219
1610570 1219
1610580 1222
1610590 1225
1610600 1225
1610610 1228
1610620 1229
1610630 1229
1610640 1231
1610650 1232
1610660 1231
1610670 1231
1610680 1231
1610690 1231
1610700 1231
1610710 1232
1610720 1234
1610730 1234
1610740 1236
1610750 1237
1610760 1237
1610770 1240
1610780 1242
1610790 1242
1610800 1243
1610810 1243
1610820 1243
1610830 1244
1610840 1245
1610850 1245
1610860 1244
1610870 1243
1610880 1243
1610890 1242
1610900 1240
1610910 1240
1610920 1236
1610930 1231
1610940 1231
1610950 1227
1610960 1225
1610970 1223
1610980 1223
1610990 1220
1611000 1216
1611010 1216
1611020 1210
1611030 1204
1611040 1204
1611050 1199
1611060 1194
1611070 1194
1611080 1190
1611090 1187
1611100 1187
1611110 1184
1611120 1182
1611130 1182
1611140 1179
1611150 1178
1611160 1178
1611170 1178
1611180 1175
1611190 1175
1611200 1173
1611210 1171
1611220 1171
1611230 1168
1611240 1166
1611250 1166
1611260 1163
1611270 1161
1611280 1161
1611290 1158
1611300 1156
1611310 1154
1611320 1154
1611330 1152
1611340 1148
1611350 1148
1611360 1144
1611370 1143
1611380 1143
1611390 1138
1611400 1130
1611410 1130
1611420 1120
1611430 1108
1611440 1108
1611450 1099
1611460 1090
1611470 1090
1611480 1082
1611490 1075
1611500 1075
1611510 1068
1611520 1059
1611530 1059
1611540 1049
1611550 1039
1611560 1039
1611570 1030
1611580 1022
1611590 1022
1611600 1014
1611610 1004
1611620 995
1611630 995
1611640 988
1611650 984
1611660 984
1611670 977
1611680 974
1611690 974
1611700 968
1611710 962
1611720 962
1611730 957
1611740 952
1611750 952
1611760 948
1611770 942
1611780 942
1611790 936
1611800 931
1611810 936
1611820 932
1611830 927
1611840 927
1611850 922
1611860 918
1611870 918
1611880 912
1611890 908
1611900 908
1611910 906
1611920 899
1611930 899
1611940 893
1611950 888
1611960 884
1611970 884
1611980 880
1611990 877
1612000 877
1612010 873
1612020 869
1612030 869
1612040 864
1612050 861
1612060 861
1612070 858
1612080 853
1612090 853
1612100 847
1612110 841
1612120 841
1612130 838
1612140 837
1612150 837
1612160 839
1612170 836
1612180 836
1612190 832
1612200 827
1612210 827
1612220 822
1612230 818
1612240 818
1612250 814
1612260 809
1612270 809
1612280 801
1612290 792
1612300 784
1612310 784
1612320 777
1612330 769
1612340 769
1612350 766
1612360 758
1612370 758
1612380 754
1612390 752
1612400 752
1612410 754
1612420 755
1612430 755
1612440 756
1612450 761
1612460 761
1612470 770
1612480 778
1612490 778
1612500 786
1612510 794
1612520 794
1612530 802
1612540 811
1612550 811
1612560 819
1612570 821
1612580 821
1612590 828
1612600 836
1612610 845
1612620 845
1612630 851
1612640 858
1612650 858
1612660 867
1612670 872
1612680 872
1612690 874
1612700 876
1612710 876
1612720 880
1612730 883
1612740 883
1612750 884
1612760 887
1612770 887
1612780 891
1612790 896
1612800 891
1612810 898
1612820 905
1612830 905
1612840 912
1612850 919
1612860 919
1612870 924
1612880 929
1612890 929
1612900 934
1612910 939
1612920 939
1612930 944
1612940 948
1612950 952
1612960 952
1612970 956
1612980 959
1612990 959
1613000 964
1613010 970
1613020 970
1613030 974
1613040 977
1613050 977
1613060 980
1613070 984
1613080 984
1613090 989
1613100 995
1613110 995
1613120 999
1613130 1004
1613140 1004
1613150 1008
1613160 1012
1613170 1012
1613180 1016
1613190 1019
1613200 1019
1613210 1021
1613220 1024
1613230 1024
1613240 1028
1613250 1032
1613260 1032
1613270 1035
1613280 1039
1613290 1042
1613300 1042
1613310 1044
1613320 1043
1613330 1043
1613340 1040
1613350 1039
1613360 1039
1613370 1038
1613380 1037
1613390 1037
1613400 1035
1613410 1031
1613420 1031
1613430 1028
1613440 1028
1613450 1028
1613460 1031
1613470 1034
1613480 1034
1613490 1038
1613500 1042
1613510 1042
1613520 1047
1613530 1050
1613540 1050
1613550 1050
1613560 1048
1613570 1048
1613580 1045
1613590 1042
1613600 1041
1613610 1041
1613620 1041
1613630 1040
1613640 1040
1613650 1039
1613660 1039
1613670 1039
1613680 1041
1613690 1042
1613700 1042
1613710 1041
1613720 1042
1613730 1042
1613740 1042
1613750 1041
1613760 1041
1613770 1041
1613780 1042
1613790 1042
1613800 1038
1613810 1039
1613820 1039
1613830 1040
1613840 1042
1613850 1042
1613860 1043
1613870 1044
1613880 1044
1613890 1046
1613900 1046
1613910 1046
1613920 1046
1613930 1046
1613940 1047
1613950 1047
1613960 1048
1613970 1050
1613980 1050
1613990 1051
1614000 1052
1614010 1052
1614020 1054
1614030 1056
1614040 1056
1614050 1057
1614060 1059
1614070 1059
1614080 1061
1614090 1062
1614100 1062
1614110 1066
1614120 1068
1614130 1068
1614140 1069
1614150 1068
1614160 1068
1614170 1069
1614180 1070
1614190 1070
1614200 1071
1614210 1072
1614220 1072
1614230 1072
1614240 1071
1614250 1070
1614260 1070
1614270 1068
1614280 1068
1614290 1068
1614300 1069
1614310 1068
1614320 1068
1614330 1066
1614340 1064
1614350 1064
1614360 1062
1614370 1062
1614380 1062
1614390 1061
1614400 1064
1614410 1064
1614420 1065
1614430 1066
1614440 1066
1614450 1066
1614460 1066
1614470 1066
1614480 1064
1614490 1064
1614500 1064
1614510 1064
1614520 1066
1614530 1066
1614540 1066
1614550 1066
1614560 1066
1614570 1067
1614580 1068
1614590 1068
1614600 1068
1614610 1069
1614620 1071
1614630 1071
1614640 1072
1614650 1072
1614660 1072
1614670 1072
1614680 1072
1614690 1072
1614700 1071
1614710 1072
1614720 1072
1614730 1072
1614740 1074
1614750 1074
1614760 1075
1614770 1073
1614780 1073
1614790 1070
1614800 1069
1614810 1069
1614820 1070
1614830 1070
1614840 1070
1614850 1067
1614860 1062
1614870 1062
1614880 1063
1614890 1065
1614900 1065
1614910 1066
1614920 1064
1614930 1059
1614940 1059
1614950 1054
1614960 1050
1614970 1050
1614980 1047
1614990 1046
1615000 1046
1615010 1046
1615020 1046
1615030 1046
1615040 1045
1615050 1043
1615060 1043
1615070 1042
1615080 1042
1615090 1042
1615100 1042
1615110 1041
1615120 1041
1615130 1041
1615140 1040
1615150 1040
1615160 1040
1615170 1040
1615180 1040
1615190 1041
1615200 1042
1615210 1042
1615220 1042
1615230 1038
1615240 1037
1615250 1037
1615260 1041
1615270 1044
1615280 1044
1615290 1047
1615300 1050
1615310 1050
1615320 1053
1615330 1053
1615340 1053
1615350 1051
1615360 1048
1615370 1048
1615380 1046
1615390 1045
1615400 1045
1615410 1045
1615420 1046
1615430 1046
1615440 1048
1615450 1047
1615460 1047
1615470 1047
1615480 1052
1615490 1052
1615500 1055
1615510 1058
1615520 1058
1615530 1060
1615540 1063
1615550 1063
1615560 1064
1615570 1065
1615580 1067
1615590 1067
1615600 1069
1615610 1071
1615620 1071
1615630 1072
1615640 1071
1615650 1071
1615660 1071
1615670 1072
1615680 1072
1615690 1074
1615700 1074
1615710 1074
1615720 1072
1615730 1070
1615740 1070
1615750 1072
1615760 1069
1615770 1069
1615780 1069
1615790 1068
1615800 1068
1615810 1069
1615820 1071
1615830 1071
1615840 1072
1615850 1071
1615860 1071
1615870 1070
1615880 1068
1615890 1067
1615900 1067
1615910 1068
1615920 1067
1615930 1067
1615940 1065
1615950 1063
1615960 1063
1615970 1060
1615980 1057
1615990 1057
1616000 1054
1616010 1051
1616020 1051
1616030 1049
1616040 1047
1616050 1047
1616060 1047
1616070 1045
1616080 1045
1616090 1045
1616100 1043
1616110 1043
1616120 1039
1616130 1034
1616140 1034
1616150 1030
1616160 1028
1616170 1028
1616180 1024
1616190 1019
1616200 1019
1616210 1015
1616220 1006
1616230 1001
1616240 1001
1616250 1004
1616260 1007
1616270 1007
1616280 1010
1616290 1012
1616300 1012
1616310 1015
1616320 1017
1616330 1017
1616340 1018
1616350 1019
1616360 1019
1616370 1018
1616380 1017
1616390 1017
1616400 1013
1616410 1015
1616420 1015
1616430 1014
1616440 1011
1616450 1011
1616460 1005
1616470 1001
1616480 1001
1616490 999
1616500 1000
1616510 1000
1616520 1001
1616530 1002
1616540 1002
1616550 1003
1616560 1003
1616570 1002
1616580 1002
1616590 1001
1616600 1001
1616610 1001
1616620 999
1616630 997
1616640 997
1616650 994
1616660 988
1616670 988
1616680 985
1616690 992
1616700 992
1616710 997
1616720 1000
1616730 996
1616740 996
1616750 996
1616760 996
1616770 996
1616780 997
1616790 997
1616800 997
1616810 999
1616820 999
1616830 1000
1616840 1001
1616850 1001
1616860 1002
1616870 1003
1616880 1003
1616890 1003
1616900 1003
1616910 1002
1616920 1002
1616930 1002
1616940 1001
1616950 1001
1616960 1000
1616970 998
1616980 998
1616990 997
1617000 998
1617010 998
1617020 997
1617030 996
1617040 996
1617050 996
1617060 995
1617070 995
1617080 993
1617090 991
1617100 991
1617110 989
1617120 986
1617130 986
1617140 983
1617150 982
1617160 982
1617170 982
1617180 981
1617190 981
1617200 981
1617210 980
1617220 980
1617230 980
1617240 978
1617250 978
1617260 978
1617270 978
1617280 978
1617290 978
1617300 977
1617310 976
1617320 976
1617330 977
1617340 977
1617350 977
1617360 977
1617370 977
1617380 977
1617390 977
1617400 975
1617410 975
1617420 975
1617430 974
1617440 974
1617450 971
1617460 970
1617470 970
1617480 969
1617490 967
1617500 967
1617510 964
1617520 960
1617530 960
1617540 959
1617550 959
1617560 955
1617570 955
1617580 950
1617590 947
1617600 947
1617610 941
1617620 936
1617630 936
1617640 928
1617650 922
1617660 922
1617670 916
1617680 910
1617690 910
1617700 905
1617710 903
1617720 903
1617730 898
1617740 894
1617750 894
1617760 893
1617770 894
1617780 894
1617790 892
1617800 888
1617810 888
1617820 884
1617830 882
1617840 882
1617850 879
1617860 877
1617870 876
1617880 876
1617890 874
1617900 873
1617910 873
1617920 871
1617930 869
1617940 869
1617950 868
1617960 864
1617970 864
1617980 859
1617990 855
1618000 855
1618010 851
1618020 848
1618030 848
1618040 845
1618050 842
1618060 842
1618070 838
1618080 834
1618090 834
1618100 830
1618110 825
1618120 825
1618130 819
1618140 817
1618150 817
1618160 818
1618170 819
1618180 819
1618190 822
1618200 825
1618210 830
1618220 830
1618230 836
1618240 843
1618250 843
1618260 846
1618270 847
1618280 847
1618290 846
1618300 845
1618310 845
1618320 845
1618330 846
1618340 846
1618350 849
1618360 851
1618370 851
1618380 853
1618390 853
1618400 853
1618410 851
1618420 852
1618430 852
1618440 853
1618450 856
1618460 856
1618470 858
1618480 861
1618490 861
1618500 864
1618510 868
1618520 870
1618530 870
1618540 870
1618550 871
1618560 871
1618570 873
1618580 875
1618590 875
1618600 877
1618610 879
1618620 879
1618630 879
1618640 879
1618650 879
1618660 877
1618670 879
1618680 879
1618690 878
1618700 877
1618710 877
1618720 877
1618730 876
1618740 876
1618750 874
1618760 873
1618770 873
1618780 873
1618790 874
1618800 874
1618810 874
1618820 874
1618830 874
1618840 874
1618850 873
1618860 873
1618870 873
1618880 872
1618890 873
1618900 873
1618910 873
1618920 874
1618930 874
1618940 873
1618950 872
1618960 872
1618970 872
1618980 871
1618990 871
1619000 867
1619010 862
1619020 862
1619030 859
1619040 855
1619050 855
1619060 849
1619070 841
1619080 841
1619090 833
1619100 827
1619110 827
1619120 823
1619130 821
1619140 821
1619150 817
1619160 816
1619170 816
1619180 822
1619190 830
1619200 836
1619210 836
1619220 844
1619230 851
1619240 851
1619250 854
1619260 858
1619270 858
1619280 861
1619290 860
1619300 860
1619310 858
1619320 856
1619330 856
1619340 860
1619350 864
1619360 864
1619370 865
1619380 866
1619390 866
1619400 870
1619410 874
1619420 874
1619430 878
1619440 879
1619450 879
1619460 877
1619470 872
1619480 872
1619490 867
1619500 863
1619510 860
1619520 860
1619530 858
1619540 864
1619550 864
1619560 871
1619570 873
1619580 873
1619590 868
1619600 862
1619610 857
1619620 852
1619630 853
1619640 853
1619650 852
1619660 851
1619670 851
1619680 852
1619690 851
1619700 851
1619710 849
1619720 844
1619730 844
1619740 838
1619750 833
1619760 833
1619770 831
1619780 830
1619790 830
1619800 828
1619810 823
1619820 823
1619830 817
1619840 813
1619850 809
1619860 809
1619870 804
1619880 799
1619890 799
1619900 793
1619910 786
1619920 786
1619930 790
1619940 798
1619950 798
1619960 803
1619970 808
1619980 808
1619990 814
