1600000 1930
1600010 1930
1600020 1933
1600030 1937
1600040 1937
1600050 1940
1600060 1943
1600070 1943
1600080 1946
1600090 1946
1600100 1946
1600110 1937
1600120 1923
1600130 1923
1600140 1917
1600150 1920
1600160 1920
1600170 1923
1600180 1909
1600190 1909
1600200 1892
1600210 1888
1600220 1888
1600230 1889
1600240 1883
1600250 1883
1600260 1873
1600270 1865
1600280 1858
1600290 1858
1600300 1857
1600310 1855
1600320 1855
1600330 1854
1600340 1854
1600350 1854
1600360 1852
1600370 1850
1600380 1850
1600390 1848
1600400 1848
1600410 1848
1600420 1847
1600430 1847
1600440 1847
1600450 1847
1600460 1846
1600470 1846
1600480 1844
1600490 1835
1600500 1835
1600510 1833
1600520 1831
1600530 1831
1600540 1831
1600550 1830
1600560 1830
1600570 1830
1600580 1834
1600590 1834
1600600 1841
1600610 1849
1600620 1857
1600630 1857
1600640 1860
1600650 1848
1600660 1848
1600670 1840
1600680 1835
1600690 1835
1600700 1832
1600710 1830
1600720 1830
1600730 1828
1600740 1829
1600750 1829
1600760 1829
1600770 1828
1600780 1828
1600790 1827
1600800 1827
1600810 1827
1600820 1824
1600830 1822
1600840 1822
1600850 1821
1600860 1824
1600870 1824
1600880 1824
1600890 1823
1600900 1823
1600910 1820
1600920 1821
1600930 1821
1600940 1821
1600950 1822
1600960 1819
1600970 1819
1600980 1813
1600990 1807
1601000 1807
1601010 1802
1601020 1796
1601030 1796
1601040 1790
1601050 1784
1601060 1784
1601070 1780
1601080 1780
1601090 1780
1601100 1778
1601110 1778
1601120 1778
1601130 1777
1601140 1776
1601150 1776
1601160 1773
1601170 1768
1601180 1768
1601190 1764
1601200 1760
1601210 1760
1601220 1757
1601230 1754
1601240 1754
1601250 1752
1601260 1749
1601270 1746
1601280 1746
1601290 1743
1601300 1739
1601310 1739
1601320 1735
1601330 1732
1601340 1732
1601350 1733
1601360 1738
1601370 1738
1601380 1742
1601390 1743
1601400 1743
1601410 1743
1601420 1743
1601430 1743
1601440 1743
1601450 1744
1601460 1744
1601470 1747
1601480 1749
1601490 1749
1601500 1751
1601510 1755
1601520 1755
1601530 1761
1601540 1764
1601550 1764
1601560 1762
1601570 1760
1601580 1760
1601590 1759
1601600 1761
1601610 1763
1601620 1763
1601630 1764
1601640 1765
1601650 1765
1601660 1765
1601670 1766
1601680 1766
1601690 1766
1601700 1765
1601710 1765
1601720 1765
1601730 1765
1601740 1765
1601750 1764
1601760 1765
1601770 1765
1601780 1767
1601790 1769
1601800 1769
1601810 1770
1601820 1772
1601830 1772
1601840 1773
1601850 1774
1601860 1774
1601870 1774
1601880 1772
1601890 1772
1601900 1767
1601910 1765
1601920 1765
1601930 1766
1601940 1766
1601950 1767
1601960 1767
1601970 1768
1601980 1770
1601990 1770
1602000 1772
1602010 1775
1602020 1775
1602030 1779
1602040 1784
1602050 1784
1602060 1791
1602070 1799
1602080 1799
1602090 1807
1602100 1816
1602110 1816
1602120 1822
1602130 1829
1602140 1829
1602150 1837
1602160 1843
1602170 1843
1602180 1849
1602190 1854
1602200 1854
1602210 1860
1602220 1867
1602230 1867
1602240 1875
1602250 1884
1602260 1891
1602270 1891
1602280 1897
1602290 1903
1602300 1903
1602310 1910
1602320 1918
1602330 1918
1602340 1925
1602350 1932
1602360 1932
1602370 1937
1602380 1944
1602390 1944
1602400 1951
1602410 1957
1602420 1957
1602430 1962
1602440 1967
1602450 1967
1602460 1972
1602470 1975
1602480 1975
1602490 1979
1602500 1983
1602510 1983
1602520 1987
1602530 1993
1602540 1993
1602550 1998
1602560 2005
1602570 2005
1602580 2013
1602590 2020
1602600 2027
1602610 2027
1602620 2034
1602630 2040
1602640 2040
1602650 2045
1602660 2049
1602670 2049
1602680 2053
1602690 2055
1602700 2055
1602710 2057
1602720 2062
1602730 2062
1602740 2069
1602750 2075
1602760 2075
1602770 2079
1602780 2084
1602790 2084
1602800 2088
1602810 2092
1602820 2092
1602830 2097
1602840 2103
1602850 2103
1602860 2104
1602870 2100
1602880 2100
1602890 2096
1602900 2089
1602910 2089
1602920 2080
1602930 2072
1602940 2063
1602950 2063
1602960 2052
1602970 2038
1602980 2038
1602990 2029
1603000 2023
1603010 2023
1603020 2018
1603030 2013
1603040 2013
1603050 2008
1603060 2006
1603070 2006
1603080 2004
1603090 2000
1603100 2000
1603110 1996
1603120 1992
1603130 1992
1603140 1990
1603150 1986
1603160 1986
1603170 1983
1603180 1980
1603190 1980
1603200 1979
1603210 1977
1603220 1977
1603230 1975
1603240 1972
1603250 1969
1603260 1969
1603270 1966
1603280 1963
1603290 1963
1603300 1961
1603310 1958
1603320 1958
1603330 1955
1603340 1952
1603350 1952
1603360 1949
1603370 1946
1603380 1946
1603390 1945
1603400 1943
1603410 1943
1603420 1941
1603430 1939
1603440 1939
1603450 1937
1603460 1935
1603470 1935
1603480 1933
1603490 1931
1603500 1931
1603510 1930
1603520 1929
1603530 1929
1603540 1928
1603550 1926
1603560 1926
1603570 1925
1603580 1923
1603590 1921
1603600 1921
1603610 1919
1603620 1917
1603630 1917
1603640 1915
1603650 1914
1603660 1914
1603670 1914
1603680 1914
1603690 1914
1603700 1912
1603710 1910
1603720 1910
1603730 1907
1603740 1904
1603750 1908
1603760 1905
1603770 1900
1603780 1900
1603790 1895
1603800 1889
1603810 1889
1603820 1884
1603830 1878
1603840 1878
1603850 1872
1603860 1868
1603870 1868
1603880 1867
1603890 1864
1603900 1860
1603910 1860
1603920 1853
1603930 1843
1603940 1843
1603950 1832
1603960 1823
1603970 1823
1603980 1815
1603990 1807
1604000 1807
1604010 1798
1604020 1790
1604030 1790
1604040 1782
1604050 1775
1604060 1775
1604070 1766
1604080 1757
1604090 1757
1604100 1749
1604110 1739
1604120 1739
1604130 1730
1604140 1721
1604150 1721
1604160 1712
1604170 1702
1604180 1702
1604190 1694
1604200 1686
1604210 1686
1604220 1677
1604230 1668
1604240 1660
1604250 1660
1604260 1653
1604270 1647
1604280 1647
1604290 1642
1604300 1637
1604310 1637
1604320 1631
1604330 1627
1604340 1627
1604350 1622
1604360 1618
1604370 1618
1604380 1613
1604390 1608
1604400 1608
1604410 1603
1604420 1597
1604430 1597
1604440 1590
1604450 1581
1604460 1581
1604470 1573
1604480 1568
1604490 1568
1604500 1571
1604510 1577
1604520 1577
1604530 1583
1604540 1585
1604550 1585
1604560 1586
1604570 1584
1604580 1581
1604590 1581
1604600 1579
1604610 1576
1604620 1576
1604630 1577
1604640 1578
1604650 1578
1604660 1578
1604670 1577
1604680 1577
1604690 1579
1604700 1582
1604710 1582
1604720 1584
1604730 1586
1604740 1586
1604750 1587
1604760 1588
1604770 1588
1604780 1591
1604790 1596
1604800 1596
1604810 1599
1604820 1590
1604830 1590
1604840 1589
1604850 1589
1604860 1589
1604870 1590
1604880 1590
1604890 1591
1604900 1591
1604910 1592
1604920 1592
1604930 1592
1604940 1591
1604950 1590
1604960 1590
1604970 1590
1604980 1590
1604990 1590
1605000 1590
1605010 1589
1605020 1589
1605030 1589
1605040 1588
1605050 1588
1605060 1586
1605070 1584
1605080 1584
1605090 1581
1605100 1577
1605110 1577
1605120 1575
1605130 1572
1605140 1572
1605150 1568
1605160 1562
1605170 1562
1605180 1555
1605190 1548
1605200 1548
1605210 1541
1605220 1535
1605230 1529
1605240 1529
1605250 1522
1605260 1516
1605270 1516
1605280 1510
1605290 1504
1605300 1504
1605310 1498
1605320 1492
1605330 1492
1605340 1486
1605350 1482
1605360 1482
1605370 1476
1605380 1471
1605390 1471
1605400 1465
1605410 1459
1605420 1459
1605430 1454
1605440 1450
1605450 1450
1605460 1446
1605470 1442
1605480 1442
1605490 1437
1605500 1432
1605510 1432
1605520 1426
1605530 1421
1605540 1421
1605550 1415
1605560 1410
1605570 1404
1605580 1404
1605590 1399
1605600 1395
1605610 1395
1605620 1390
1605630 1385
1605640 1385
1605650 1381
1605660 1376
1605670 1376
1605680 1371
1605690 1366
1605700 1366
1605710 1362
1605720 1357
1605730 1357
1605740 1353
1605750 1347
1605760 1347
1605770 1342
1605780 1336
1605790 1336
1605800 1331
1605810 1327
1605820 1327
1605830 1322
1605840 1318
1605850 1318
1605860 1313
1605870 1310
1605880 1305
1605890 1305
1605900 1300
1605910 1296
1605920 1296
1605930 1292
1605940 1289
1605950 1289
1605960 1284
1605970 1280
1605980 1280
1605990 1275
1606000 1271
1606010 1271
1606020 1267
1606030 1264
1606040 1264
1606050 1260
1606060 1257
1606070 1257
1606080 1254
1606090 1250
1606100 1250
1606110 1246
1606120 1242
1606130 1242
1606140 1238
1606150 1234
1606160 1234
1606170 1230
1606180 1227
1606190 1227
1606200 1225
1606210 1222
1606220 1221
1606230 1221
1606240 1218
1606250 1215
1606260 1215
1606270 1210
1606280 1205
1606290 1205
1606300 1201
1606310 1201
1606320 1201
1606330 1202
1606340 1201
1606350 1201
1606360 1199
1606370 1197
1606380 1197
1606390 1194
1606400 1192
1606410 1192
1606420 1190
1606430 1189
1606440 1189
1606450 1189
1606460 1188
1606470 1188
1606480 1187
1606490 1186
1606500 1186
1606510 1185
1606520 1183
1606530 1183
1606540 1181
1606550 1178
1606560 1176
1606570 1176
1606580 1175
1606590 1174
1606600 1174
1606610 1172
1606620 1170
1606630 1170
1606640 1168
1606650 1166
1606660 1166
1606670 1162
1606680 1160
1606690 1160
1606700 1159
1606710 1157
1606720 1157
1606730 1155
1606740 1152
1606750 1152
1606760 1150
1606770 1147
1606780 1147
1606790 1144
1606800 1141
1606810 1141
1606820 1136
1606830 1133
1606840 1133
1606850 1129
1606860 1126
1606870 1122
1606880 1122
1606890 1119
1606900 1114
1606910 1114
1606920 1104
1606930 1088
1606940 1088
1606950 1078
1606960 1077
1606970 1077
1606980 1083
1606990 1092
1607000 1092
1607010 1100
1607020 1106
1607030 1106
1607040 1114
1607050 1123
1607060 1123
1607070 1130
1607080 1131
1607090 1131
1607100 1124
1607110 1116
1607120 1116
1607130 1111
1607140 1108
1607150 1108
1607160 1106
1607170 1104
1607180 1104
1607190 1102
1607200 1098
1607210 1092
1607220 1092
1607230 1090
1607240 1090
1607250 1090
1607260 1087
1607270 1080
1607280 1080
1607290 1070
1607300 1067
1607310 1067
1607320 1068
1607330 1068
1607340 1068
1607350 1072
1607360 1067
1607370 1067
1607380 1065
1607390 1070
1607400 1070
1607410 1066
1607420 1062
1607430 1062
1607440 1066
1607450 1065
1607460 1065
1607470 1068
1607480 1067
1607490 1067
1607500 1063
1607510 1069
1607520 1069
1607530 1075
1607540 1082
1607550 1082
1607560 1082
1607570 1075
1607580 1079
1607590 1079
1607600 1087
1607610 1089
1607620 1089
1607630 1087
1607640 1085
1607650 1085
1607660 1082
1607670 1081
1607680 1081
1607690 1081
1607700 1080
1607710 1080
1607720 1080
1607730 1081
1607740 1081
1607750 1083
1607760 1083
1607770 1083
1607780 1082
1607790 1085
1607800 1085
1607810 1089
1607820 1095
1607830 1095
1607840 1099
1607850 1105
1607860 1110
1607870 1110
1607880 1117
1607890 1125
1607900 1125
1607910 1132
1607920 1136
1607930 1136
1607940 1143
1607950 1147
1607960 1147
1607970 1144
1607980 1144
1607990 1144
1608000 1144
1608010 1144
1608020 1144
1608030 1148
1608040 1152
1608050 1152
1608060 1153
1608070 1154
1608080 1154
1608090 1156
1608100 1159
1608110 1159
1608120 1161
1608130 1163
1608140 1163
1608150 1165
1608160 1166
1608170 1166
1608180 1167
1608190 1167
1608200 1168
1608210 1168
1608220 1169
1608230 1169
1608240 1169
1608250 1169
1608260 1168
1608270 1168
1608280 1168
1608290 1169
1608300 1169
1608310 1169
1608320 1169
1608330 1169
1608340 1169
1608350 1170
1608360 1170
1608370 1170
1608380 1171
1608390 1171
1608400 1172
1608410 1172
1608420 1172
1608430 1172
1608440 1172
1608450 1172
1608460 1172
1608470 1172
1608480 1172
1608490 1170
1608500 1169
1608510 1169
1608520 1168
1608530 1169
1608540 1168
1608550 1168
1608560 1168
1608570 1168
1608580 1168
1608590 1168
1608600 1168
1608610 1168
1608620 1169
1608630 1168
1608640 1168
1608650 1167
1608660 1166
1608670 1166
1608680 1165
1608690 1164
1608700 1164
1608710 1163
1608720 1162
1608730 1162
1608740 1161
1608750 1159
1608760 1159
1608770 1158
1608780 1157
1608790 1157
1608800 1156
1608810 1155
1608820 1155
1608830 1154
1608840 1153
1608850 1151
1608860 1151
1608870 1150
1608880 1149
1608890 1149
1608900 1149
1608910 1148
1608920 1148
1608930 1149
1608940 1150
1608950 1150
1608960 1151
1608970 1152
1608980 1152
1608990 1154
1609000 1160
1609010 1160
1609020 1161
1609030 1163
1609040 1163
1609050 1164
1609060 1166
1609070 1166
1609080 1167
1609090 1168
1609100 1168
1609110 1170
1609120 1171
1609130 1171
1609140 1172
1609150 1173
1609160 1173
1609170 1174
1609180 1174
1609190 1176
1609200 1176
1609210 1178
1609220 1181
1609230 1181
1609240 1183
1609250 1183
1609260 1183
1609270 1180
1609280 1175
1609290 1175
1609300 1171
1609310 1168
1609320 1168
1609330 1164
1609340 1161
1609350 1161
1609360 1158
1609370 1155
1609380 1155
1609390 1150
1609400 1145
1609410 1145
1609420 1139
1609430 1132
1609440 1132
1609450 1126
1609460 1120
1609470 1120
1609480 1115
1609490 1109
1609500 1109
1609510 1105
1609520 1101
1609530 1097
1609540 1097
1609550 1093
1609560 1089
1609570 1089
1609580 1085
1609590 1081
1609600 1081
1609610 1077
1609620 1073
1609630 1073
1609640 1069
1609650 1067
1609660 1067
1609670 1062
1609680 1055
1609690 1055
1609700 1047
1609710 1041
1609720 1041
1609730 1035
1609740 1026
1609750 1026
1609760 1020
1609770 1013
1609780 1013
1609790 1007
1609800 1001
1609810 1001
1609820 994
1609830 986
1609840 980
1609850 980
1609860 973
1609870 965
1609880 965
1609890 956
1609900 947
1609910 947
1609920 939
1609930 937
1609940 937
1609950 942
1609960 945
1609970 945
1609980 952
1609990 958
1610000 958
1610010 962
1610020 965
1610030 958
1610040 962
1610050 967
1610060 967
1610070 972
1610080 975
1610090 975
1610100 979
1610110 986
1610120 986
1610130 995
1610140 1004
1610150 1004
1610160 1013
1610170 1021
1610180 1029
1610190 1029
1610200 1035
1610210 1040
1610220 1040
1610230 1042
1610240 1045
1610250 1045
1610260 1049
1610270 1052
1610280 1052
1610290 1053
1610300 1054
1610310 1054
1610320 1054
1610330 1057
1610340 1057
1610350 1060
1610360 1060
1610370 1060
1610380 1059
1610390 1059
1610400 1059
1610410 1063
1610420 1062
1610430 1062
1610440 1060
1610450 1059
1610460 1059
1610470 1059
1610480 1059
1610490 1059
1610500 1059
1610510 1059
1610520 1058
1610530 1058
1610540 1057
1610550 1057
1610560 1057
1610570 1058
1610580 1059
1610590 1059
1610600 1060
1610610 1061
1610620 1061
1610630 1061
1610640 1063
1610650 1063
1610660 1065
1610670 1067
1610680 1067
1610690 1071
1610700 1073
1610710 1073
1610720 1074
1610730 1076
1610740 1076
1610750 1078
1610760 1079
1610770 1079
1610780 1082
1610790 1087
1610800 1087
1610810 1090
1610820 1092
1610830 1093
1610840 1093
1610850 1095
1610860 1098
1610870 1098
1610880 1102
1610890 1107
1610900 1107
1610910 1111
1610920 1114
1610930 1114
1610940 1116
1610950 1118
1610960 1118
1610970 1121
1610980 1125
1610990 1125
1611000 1125
1611010 1129
1611020 1129
1611030 1132
1611040 1133
1611050 1133
1611060 1136
1611070 1136
1611080 1136
1611090 1136
1611100 1135
1611110 1135
1611120 1134
1611130 1132
1611140 1132
1611150 1129
1611160 1125
1611170 1119
1611180 1119
1611190 1112
1611200 1104
1611210 1104
1611220 1096
1611230 1091
1611240 1091
1611250 1085
1611260 1078
1611270 1078
1611280 1072
1611290 1068
1611300 1068
1611310 1064
1611320 1058
1611330 1058
1611340 1050
1611350 1043
1611360 1043
1611370 1036
1611380 1030
1611390 1030
1611400 1024
1611410 1019
1611420 1019
1611430 1014
1611440 1008
1611450 1008
1611460 1002
1611470 994
1611480 989
1611490 989
1611500 982
1611510 975
1611520 975
1611530 967
1611540 959
1611550 959
1611560 951
1611570 943
1611580 943
1611590 936
1611600 930
1611610 930
1611620 925
1611630 920
1611640 920
1611650 914
1611660 906
1611670 906
1611680 901
1611690 895
1611700 895
1611710 888
1611720 883
1611730 883
1611740 877
1611750 871
1611760 871
1611770 864
1611780 857
1611790 857
1611800 850
1611810 844
1611820 838
1611830 838
1611840 833
1611850 829
1611860 829
1611870 825
1611880 823
1611890 823
1611900 823
1611910 821
1611920 821
1611930 817
1611940 814
1611950 814
1611960 812
1611970 809
1611980 809
1611990 809
1612000 810
1612010 810
1612020 809
1612030 808
1612040 808
1612050 797
1612060 795
1612070 795
1612080 791
1612090 787
1612100 787
1612110 783
1612120 779
1612130 779
1612140 774
1612150 770
1612160 766
1612170 766
1612180 762
1612190 756
1612200 756
1612210 749
1612220 743
1612230 743
1612240 740
1612250 735
1612260 735
1612270 733
1612280 730
1612290 730
1612300 730
1612310 734
1612320 734
1612330 740
1612340 737
1612350 737
1612360 735
1612370 734
1612380 734
1612390 734
1612400 734
1612410 734
1612420 734
1612430 734
1612440 734
1612450 733
1612460 733
1612470 735
1612480 735
1612490 735
1612500 735
1612510 735
1612520 735
1612530 735
1612540 735
1612550 735
1612560 736
1612570 736
1612580 739
1612590 743
1612600 743
1612610 746
1612620 747
1612630 747
1612640 750
1612650 756
1612660 756
1612670 759
1612680 761
1612690 761
1612700 766
1612710 773
1612720 773
1612730 777
1612740 781
1612750 781
1612760 786
1612770 790
1612780 790
1612790 794
1612800 799
1612810 804
1612820 804
1612830 810
1612840 817
1612850 817
1612860 824
1612870 833
1612880 833
1612890 840
1612900 846
1612910 846
1612920 852
1612930 857
1612940 857
1612950 862
1612960 865
1612970 865
1612980 865
1612990 867
1613000 867
1613010 869
1613020 872
1613030 872
1613040 872
1613050 875
1613060 875
1613070 879
1613080 882
1613090 882
1613100 886
1613110 888
1613120 888
1613130 890
1613140 894
1613150 897
1613160 897
1613170 897
1613180 897
1613190 897
1613200 896
1613210 897
1613220 897
1613230 897
1613240 898
1613250 898
1613260 899
1613270 900
1613280 900
1613290 899
1613300 896
1613310 896
1613320 891
1613330 888
1613340 888
1613350 885
1613360 883
1613370 883
1613380 883
1613390 883
1613400 883
1613410 886
1613420 891
1613430 891
1613440 895
1613450 899
1613460 903
1613470 903
1613480 907
1613490 910
1613500 910
1613510 913
1613520 915
1613530 915
1613540 916
1613550 917
1613560 917
1613570 919
1613580 921
1613590 921
1613600 924
1613610 927
1613620 927
1613630 929
1613640 931
1613650 931
1613660 932
1613670 934
1613680 934
1613690 936
1613700 939
1613710 939
1613720 940
1613730 941
1613740 941
1613750 942
1613760 942
1613770 942
1613780 942
1613790 942
1613800 942
1613810 942
1613820 943
1613830 944
1613840 944
1613850 945
1613860 947
1613870 947
1613880 948
1613890 949
1613900 949
1613910 950
1613920 949
1613930 949
1613940 948
1613950 947
1613960 947
1613970 949
1613980 950
1613990 950
1614000 950
1614010 951
1614020 951
1614030 948
1614040 940
1614050 940
1614060 941
1614070 945
1614080 945
1614090 946
1614100 947
1614110 947
1614120 949
1614130 949
1614140 951
1614150 951
1614160 952
1614170 953
1614180 953
1614190 953
1614200 954
1614210 954
1614220 955
1614230 957
1614240 957
1614250 959
1614260 962
1614270 962
1614280 962
1614290 960
1614300 960
1614310 959
1614320 957
1614330 957
1614340 954
1614350 951
1614360 951
1614370 953
1614380 955
1614390 955
1614400 956
1614410 953
1614420 953
1614430 950
1614440 948
1614450 949
1614460 949
1614470 951
1614480 953
1614490 953
1614500 952
1614510 950
1614520 950
1614530 949
1614540 950
1614550 950
1614560 952
1614570 953
1614580 953
1614590 956
1614600 958
1614610 958
1614620 956
1614630 955
1614640 955
1614650 953
1614660 952
1614670 952
1614680 952
1614690 950
1614700 950
1614710 950
1614720 950
1614730 950
1614740 950
1614750 950
1614760 950
1614770 950
1614780 949
1614790 948
1614800 948
1614810 945
1614820 943
1614830 943
1614840 941
1614850 937
1614860 937
1614870 933
1614880 930
1614890 930
1614900 927
1614910 925
1614920 925
1614930 926
1614940 926
1614950 926
1614960 927
1614970 930
1614980 930
1614990 932
1615000 935
1615010 935
1615020 934
1615030 937
1615040 937
1615050 938
1615060 937
1615070 937
1615080 937
1615090 939
1615100 939
1615110 941
1615120 942
1615130 943
1615140 943
1615150 943
1615160 943
1615170 943
1615180 941
1615190 939
1615200 939
1615210 938
1615220 938
1615230 938
1615240 939
1615250 940
1615260 940
1615270 940
1615280 939
1615290 939
1615300 937
1615310 931
1615320 931
1615330 928
1615340 934
1615350 934
1615360 939
1615370 940
1615380 940
1615390 941
1615400 941
1615410 941
1615420 940
1615430 941
1615440 941
1615450 941
1615460 941
1615470 940
1615480 940
1615490 939
1615500 938
1615510 938
1615520 936
1615530 934
1615540 934
1615550 932
1615560 930
1615570 930
1615580 928
1615590 928
1615600 928
1615610 927
1615620 927
1615630 927
1615640 927
1615650 927
1615660 927
1615670 926
1615680 925
1615690 925
1615700 924
1615710 923
1615720 923
1615730 922
1615740 921
1615750 921
1615760 919
1615770 916
1615780 915
1615790 915
1615800 914
1615810 915
1615820 915
1615830 911
1615840 906
1615850 906
1615860 905
1615870 906
1615880 906
1615890 908
1615900 910
1615910 910
1615920 911
1615930 912
1615940 912
1615950 912
1615960 913
1615970 913
1615980 914
1615990 914
1616000 909
1616010 909
1616020 908
1616030 908
1616040 908
1616050 906
1616060 906
1616070 905
1616080 904
1616090 904
1616100 904
1616110 904
1616120 907
1616130 907
1616140 909
1616150 910
1616160 910
1616170 908
1616180 906
1616190 906
1616200 905
1616210 904
1616220 904
1616230 903
1616240 901
1616250 901
1616260 898
1616270 894
1616280 894
1616290 889
1616300 883
1616310 883
1616320 880
1616330 878
1616340 878
1616350 876
1616360 873
1616370 873
1616380 870
1616390 867
1616400 867
1616410 865
1616420 863
1616430 859
1616440 859
1616450 856
1616460 853
1616470 853
1616480 851
1616490 847
1616500 847
1616510 844
1616520 838
1616530 838
1616540 831
1616550 832
1616560 832
1616570 835
1616580 837
1616590 837
1616600 839
1616610 841
1616620 841
1616630 842
1616640 843
1616650 843
1616660 843
1616670 844
1616680 844
1616690 847
1616700 850
1616710 850
1616720 854
1616730 857
1616740 857
1616750 859
1616760 860
1616770 861
1616780 861
1616790 861
1616800 864
1616810 864
1616820 865
1616830 866
1616840 866
1616850 865
1616860 864
1616870 864
1616880 864
1616890 863
1616900 863
1616910 863
1616920 862
1616930 862
1616940 861
1616950 860
1616960 860
1616970 854
1616980 851
1616990 851
1617000 848
1617010 846
1617020 846
1617030 843
1617040 842
1617050 842
1617060 841
1617070 842
1617080 842
1617090 842
1617100 843
1617110 845
1617120 845
1617130 846
1617140 847
1617150 847
1617160 848
1617170 847
1617180 847
1617190 848
1617200 848
1617210 848
1617220 848
1617230 846
1617240 846
1617250 846
1617260 844
1617270 844
1617280 843
1617290 843
1617300 843
1617310 842
1617320 839
1617330 839
1617340 837
1617350 838
1617360 838
1617370 838
1617380 837
1617390 837
1617400 837
1617410 838
1617420 838
1617430 838
1617440 833
1617450 827
1617460 827
1617470 822
1617480 819
1617490 819
1617500 817
1617510 815
1617520 815
1617530 814
1617540 812
1617550 812
1617560 810
1617570 807
1617580 807
1617590 805
1617600 803
1617610 803
1617620 803
1617630 803
1617640 803
1617650 804
1617660 804
1617670 804
1617680 805
1617690 805
1617700 805
1617710 805
1617720 804
1617730 804
1617740 804
1617750 803
1617760 801
1617770 801
1617780 800
1617790 798
1617800 798
1617810 795
1617820 793
1617830 793
1617840 790
1617850 787
1617860 787
1617870 783
1617880 778
1617890 778
1617900 775
1617910 770
1617920 770
1617930 765
1617940 760
1617950 760
1617960 759
1617970 755
1617980 755
1617990 753
1618000 750
1618010 750
1618020 744
1618030 741
1618040 741
1618050 740
1618060 740
1618070 740
1618080 739
1618090 739
1618100 738
1618110 738
1618120 737
1618130 736
1618140 736
1618150 735
1618160 735
1618170 735
1618180 735
1618190 735
1618200 735
1618210 734
1618220 733
1618230 733
1618240 733
1618250 733
1618260 733
1618270 732
1618280 731
1618290 731
1618300 730
1618310 729
1618320 729
1618330 729
1618340 729
1618350 729
1618360 728
1618370 728
1618380 728
1618390 727
1618400 726
1618410 726
1618420 726
1618430 725
1618440 724
1618450 724
1618460 724
1618470 723
1618480 723
1618490 722
1618500 722
1618510 722
1618520 721
1618530 721
1618540 721
1618550 721
1618560 722
1618570 722
1618580 722
1618590 722
1618600 722
1618610 722
1618620 722
1618630 722
1618640 721
1618650 720
1618660 720
1618670 719
1618680 718
1618690 718
1618700 717
1618710 715
1618720 715
1618730 714
1618740 714
1618750 715
1618760 715
1618770 715
1618780 714
1618790 714
1618800 713
1618810 713
1618820 713
1618830 711
1618840 711
1618850 711
1618860 711
1618870 711
1618880 713
1618890 713
1618900 713
1618910 713
1618920 713
1618930 713
1618940 713
1618950 713
1618960 713
1618970 713
1618980 713
1618990 713
1619000 713
1619010 713
1619020 713
1619030 713
1619040 712
1619050 712
1619060 712
1619070 712
1619080 712
1619090 712
1619100 712
1619110 712
1619120 712
1619130 712
1619140 712
1619150 712
1619160 712
1619170 712
1619180 712
1619190 712
1619200 712
1619210 711
1619220 711
1619230 711
1619240 711
1619250 711
1619260 711
1619270 711
1619280 711
1619290 710
1619300 710
1619310 710
1619320 709
1619330 708
1619340 708
1619350 707
1619360 707
1619370 707
1619380 707
1619390 706
1619400 706
1619410 706
1619420 706
1619430 706
1619440 706
1619450 706
1619460 706
1619470 706
1619480 705
1619490 706
1619500 706
1619510 706
1619520 706
1619530 706
1619540 706
1619550 706
1619560 706
1619570 706
1619580 706
1619590 706
1619600 706
1619610 706
1619620 706
1619630 706
1619640 706
1619650 706
1619660 706
1619670 706
1619680 706
1619690 706
1619700 706
1619710 706
1619720 706
1619730 706
1619740 706
1619750 706
1619760 706
1619770 706
1619780 706
1619790 706
1619800 706
1619810 706
1619820 706
1619830 706
1619840 706
1619850 706
1619860 706
1619870 706
1619880 706
1619890 706
1619900 706
1619910 706
1619920 706
1619930 706
1619940 706
1619950 706
1619960 706
1619970 706
1619980 706
1619990 706
