1600000 1939
1600010 1945
1600020 1945
1600030 1950
1600040 1955
1600050 1955
1600060 1959
1600070 1963
1600080 1963
1600090 1969
1600100 1973
1600110 1973
1600120 1978
1600130 1983
1600140 1983
1600150 1988
1600160 1993
1600170 1993
1600180 1998
1600190 2004
1600200 2004
1600210 2010
1600220 2016
1600230 2016
1600240 2022
1600250 2027
1600260 2032
1600270 2032
1600280 2037
1600290 2042
1600300 2042
1600310 2047
1600320 2053
1600330 2053
1600340 2058
1600350 2064
1600360 2064
1600370 2068
1600380 2073
1600390 2073
1600400 2078
1600410 2082
1600420 2082
1600430 2086
1600440 2087
1600450 2087
1600460 2076
1600470 2069
1600480 2058
1600490 2049
1600500 2035
1600510 2035
1600520 2024
1600530 2015
1600540 2015
1600550 2006
1600560 1996
1600570 1996
1600580 1986
1600590 1977
1600600 1968
1600610 1968
1600620 1963
1600630 1955
1600640 1955
1600650 1950
1600660 1942
1600670 1942
1600680 1935
1600690 1925
1600700 1925
1600710 1915
1600720 1908
1600730 1908
1600740 1901
1600750 1895
1600760 1895
1600770 1890
1600780 1885
1600790 1885
1600800 1880
1600810 1876
1600820 1876
1600830 1872
1600840 1871
1600850 1871
1600860 1872
1600870 1872
1600880 1872
1600890 1870
1600900 1868
1600910 1869
1600920 1869
1600930 1868
1600940 1868
1600950 1868
1600960 1867
1600970 1867
1600980 1867
1600990 1870
1601000 1870
1601010 1870
1601020 1868
1601030 1867
1601040 1867
1601050 1869
1601060 1873
1601070 1873
1601080 1877
1601090 1879
1601100 1879
1601110 1878
1601120 1879
1601130 1879
1601140 1881
1601150 1880
1601160 1880
1601170 1879
1601180 1881
1601190 1881
1601200 1883
1601210 1884
1601220 1884
1601230 1886
1601240 1888
1601250 1891
1601260 1891
1601270 1897
1601280 1902
1601290 1902
1601300 1907
1601310 1913
1601320 1913
1601330 1912
1601340 1913
1601350 1913
1601360 1917
1601370 1921
1601380 1921
1601390 1926
1601400 1929
1601410 1929
1601420 1922
1601430 1915
1601440 1915
1601450 1911
1601460 1902
1601470 1902
1601480 1887
1601490 1878
1601500 1878
1601510 1869
1601520 1865
1601530 1865
1601540 1863
1601550 1861
1601560 1861
1601570 1860
1601580 1854
1601590 1855
1601600 1855
1601610 1856
1601620 1856
1601630 1856
1601640 1856
1601650 1856
1601660 1856
1601670 1856
1601680 1855
1601690 1855
1601700 1854
1601710 1852
1601720 1852
1601730 1851
1601740 1851
1601750 1851
1601760 1850
1601770 1849
1601780 1849
1601790 1847
1601800 1847
1601810 1847
1601820 1847
1601830 1846
1601840 1846
1601850 1846
1601860 1847
1601870 1847
1601880 1847
1601890 1847
1601900 1847
1601910 1847
1601920 1848
1601930 1848
1601940 1848
1601950 1848
1601960 1848
1601970 1848
1601980 1847
1601990 1847
1602000 1847
1602010 1847
1602020 1847
1602030 1847
1602040 1846
1602050 1846
1602060 1846
1602070 1844
1602080 1844
1602090 1844
1602100 1843
1602110 1842
1602120 1842
1602130 1844
1602140 1846
1602150 1846
1602160 1848
1602170 1851
1602180 1851
1602190 1853
1602200 1856
1602210 1856
1602220 1858
1602230 1860
1602240 1863
1602250 1863
1602260 1865
1602270 1868
1602280 1868
1602290 1873
1602300 1879
1602310 1879
1602320 1886
1602330 1892
1602340 1892
1602350 1900
1602360 1909
1602370 1909
1602380 1918
1602390 1927
1602400 1927
1602410 1937
1602420 1947
1602430 1947
1602440 1954
1602450 1959
1602460 1959
1602470 1967
1602480 1976
1602490 1976
1602500 1984
1602510 1992
1602520 1992
1602530 1999
1602540 2007
1602550 2014
1602560 2014
1602570 2018
1602580 2023
1602590 2023
1602600 2027
1602610 2033
1602620 2033
1602630 2038
1602640 2045
1602650 2045
1602660 2049
1602670 2058
1602680 2058
1602690 2066
1602700 2074
1602710 2074
1602720 2081
1602730 2088
1602740 2088
1602750 2096
1602760 2105
1602770 2105
1602780 2103
1602790 2097
1602800 2097
1602810 2090
1602820 2083
1602830 2083
1602840 2076
1602850 2069
1602860 2069
1602870 2064
1602880 2059
1602890 2055
1602900 2055
1602910 2054
1602920 2054
1602930 2054
1602940 2055
1602950 2055
1602960 2055
1602970 2055
1602980 2055
1602990 2055
1603000 2054
1603010 2053
1603020 2053
1603030 2051
1603040 2049
1603050 2049
1603060 2046
1603070 2043
1603080 2043
1603090 2040
1603100 2037
1603110 2037
1603120 2033
1603130 2030
1603140 2030
1603150 2028
1603160 2025
1603170 2025
1603180 2023
1603190 2021
1603200 2021
1603210 2020
1603220 2020
1603230 2019
1603240 2019
1603250 2018
1603260 2017
1603270 2017
1603280 2018
1603290 2018
1603300 2018
1603310 2019
1603320 2020
1603330 2020
1603340 2020
1603350 2020
1603360 2020
1603370 2020
1603380 2020
1603390 2020
1603400 2019
1603410 2019
1603420 2019
1603430 2019
1603440 2019
1603450 2019
1603460 2018
1603470 2015
1603480 2015
1603490 2012
1603500 2007
1603510 2007
1603520 2002
1603530 1996
1603540 1990
1603550 1990
1603560 1983
1603570 1976
1603580 1976
1603590 1970
1603600 1964
1603610 1964
1603620 1957
1603630 1950
1603640 1950
1603650 1943
1603660 1936
1603670 1936
1603680 1927
1603690 1912
1603700 1912
1603710 1902
1603720 1895
1603730 1895
1603740 1890
1603750 1879
1603760 1879
1603770 1871
1603780 1862
1603790 1862
1603800 1856
1603810 1855
1603820 1855
1603830 1854
1603840 1844
1603850 1844
1603860 1827
1603870 1815
1603880 1805
1603890 1805
1603900 1798
1603910 1792
1603920 1792
1603930 1786
1603940 1779
1603950 1779
1603960 1773
1603970 1769
1603980 1769
1603990 1764
1604000 1759
1604010 1759
1604020 1754
1604030 1750
1604040 1750
1604050 1748
1604060 1746
1604070 1746
1604080 1743
1604090 1739
1604100 1739
1604110 1739
1604120 1740
1604130 1740
1604140 1742
1604150 1738
1604160 1738
1604170 1731
1604180 1723
1604190 1716
1604200 1716
1604210 1710
1604220 1703
1604230 1703
1604240 1696
1604250 1688
1604260 1688
1604270 1677
1604280 1670
1604290 1670
1604300 1665
1604310 1661
1604320 1661
1604330 1658
1604340 1656
1604350 1656
1604360 1654
1604370 1653
1604380 1653
1604390 1654
1604400 1654
1604410 1654
1604420 1654
1604430 1654
1604440 1654
1604450 1655
1604460 1658
1604470 1658
1604480 1659
1604490 1660
1604500 1660
1604510 1663
1604520 1667
1604530 1671
1604540 1671
1604550 1676
1604560 1681
1604570 1681
1604580 1689
1604590 1697
1604600 1697
1604610 1705
1604620 1713
1604630 1713
1604640 1721
1604650 1724
1604660 1724
1604670 1726
1604680 1735
1604690 1735
1604700 1744
1604710 1750
1604720 1750
1604730 1755
1604740 1761
1604750 1761
1604760 1766
1604770 1770
1604780 1770
1604790 1774
1604800 1772
1604810 1770
1604820 1764
1604830 1758
1604840 1758
1604850 1751
1604860 1745
1604870 1738
1604880 1738
1604890 1731
1604900 1724
1604910 1724
1604920 1717
1604930 1710
1604940 1710
1604950 1703
1604960 1695
1604970 1695
1604980 1688
1604990 1681
1605000 1681
1605010 1674
1605020 1667
1605030 1667
1605040 1660
1605050 1653
1605060 1653
1605070 1646
1605080 1639
1605090 1639
1605100 1632
1605110 1625
1605120 1625
1605130 1618
1605140 1611
1605150 1611
1605160 1604
1605170 1598
1605180 1591
1605190 1591
1605200 1584
1605210 1578
1605220 1578
1605230 1571
1605240 1564
1605250 1564
1605260 1557
1605270 1550
1605280 1550
1605290 1543
1605300 1537
1605310 1537
1605320 1531
1605330 1526
1605340 1526
1605350 1520
1605360 1514
1605370 1514
1605380 1508
1605390 1503
1605400 1503
1605410 1498
1605420 1493
1605430 1493
1605440 1489
1605450 1484
1605460 1484
1605470 1480
1605480 1475
1605490 1475
1605500 1470
1605510 1465
1605520 1460
1605530 1460
1605540 1455
1605550 1451
1605560 1451
1605570 1446
1605580 1441
1605590 1441
1605600 1436
1605610 1430
1605620 1430
1605630 1424
1605640 1419
1605650 1419
1605660 1414
1605670 1409
1605680 1409
1605690 1404
1605700 1399
1605710 1399
1605720 1394
1605730 1388
1605740 1388
1605750 1383
1605760 1378
1605770 1378
1605780 1374
1605790 1370
1605800 1370
1605810 1366
1605820 1363
1605830 1363
1605840 1360
1605850 1357
1605860 1352
1605870 1352
1605880 1350
1605890 1347
1605900 1347
1605910 1344
1605920 1342
1605930 1342
1605940 1339
1605950 1337
1605960 1337
1605970 1334
1605980 1332
1605990 1332
1606000 1330
1606010 1328
1606020 1328
1606030 1326
1606040 1324
1606050 1324
1606060 1322
1606070 1320
1606080 1320
1606090 1319
1606100 1317
1606110 1317
1606120 1317
1606130 1316
1606140 1316
1606150 1314
1606160 1313
1606170 1311
1606180 1311
1606190 1308
1606200 1305
1606210 1305
1606220 1303
1606230 1300
1606240 1300
1606250 1298
1606260 1295
1606270 1295
1606280 1292
1606290 1289
1606300 1289
1606310 1286
1606320 1282
1606330 1282
1606340 1280
1606350 1278
1606360 1278
1606370 1277
1606380 1275
1606390 1275
1606400 1273
1606410 1271
1606420 1271
1606430 1268
1606440 1263
1606450 1263
1606460 1257
1606470 1252
1606480 1252
1606490 1246
1606500 1242
1606510 1234
1606520 1234
1606530 1225
1606540 1218
1606550 1218
1606560 1211
1606570 1206
1606580 1206
1606590 1202
1606600 1201
1606610 1201
1606620 1202
1606630 1199
1606640 1199
1606650 1190
1606660 1181
1606670 1181
1606680 1172
1606690 1163
1606700 1163
1606710 1156
1606720 1151
1606730 1151
1606740 1146
1606750 1139
1606760 1139
1606770 1134
1606780 1129
1606790 1129
1606800 1127
1606810 1130
1606820 1135
1606830 1135
1606840 1139
1606850 1144
1606860 1144
1606870 1148
1606880 1155
1606890 1155
1606900 1163
1606910 1170
1606920 1170
1606930 1173
1606940 1175
1606950 1175
1606960 1178
1606970 1183
1606980 1183
1606990 1187
1607000 1192
1607010 1192
1607020 1194
1607030 1194
1607040 1194
1607050 1197
1607060 1204
1607070 1204
1607080 1209
1607090 1212
1607100 1212
1607110 1213
1607120 1214
1607130 1214
1607140 1215
1607150 1216
1607160 1217
1607170 1217
1607180 1217
1607190 1218
1607200 1218
1607210 1219
1607220 1220
1607230 1220
1607240 1220
1607250 1220
1607260 1220
1607270 1220
1607280 1221
1607290 1221
1607300 1223
1607310 1227
1607320 1227
1607330 1230
1607340 1233
1607350 1233
1607360 1235
1607370 1238
1607380 1238
1607390 1242
1607400 1247
1607410 1247
1607420 1249
1607430 1252
1607440 1252
1607450 1251
1607460 1248
1607470 1248
1607480 1246
1607490 1241
1607500 1236
1607510 1236
1607520 1231
1607530 1227
1607540 1227
1607550 1224
1607560 1220
1607570 1220
1607580 1218
1607590 1217
1607600 1217
1607610 1216
1607620 1215
1607630 1215
1607640 1214
1607650 1218
1607660 1218
1607670 1223
1607680 1227
1607690 1227
1607700 1231
1607710 1232
1607720 1232
1607730 1231
1607740 1230
1607750 1230
1607760 1229
1607770 1228
1607780 1228
1607790 1228
1607800 1225
1607810 1219
1607820 1219
1607830 1212
1607840 1205
1607850 1205
1607860 1200
1607870 1195
1607880 1195
1607890 1190
1607900 1187
1607910 1187
1607920 1186
1607930 1191
1607940 1191
1607950 1198
1607960 1202
1607970 1202
1607980 1209
1607990 1217
1608000 1217
1608010 1224
1608020 1231
1608030 1231
1608040 1238
1608050 1246
1608060 1246
1608070 1250
1608080 1255
1608090 1255
1608100 1257
1608110 1259
1608120 1259
1608130 1261
1608140 1260
1608150 1259
1608160 1259
1608170 1256
1608180 1253
1608190 1253
1608200 1250
1608210 1248
1608220 1248
1608230 1246
1608240 1244
1608250 1244
1608260 1241
1608270 1238
1608280 1238
1608290 1234
1608300 1229
1608310 1229
1608320 1224
1608330 1220
1608340 1220
1608350 1217
1608360 1218
1608370 1218
1608380 1217
1608390 1217
1608400 1217
1608410 1217
1608420 1216
1608430 1216
1608440 1215
1608450 1213
1608460 1213
1608470 1212
1608480 1213
1608490 1218
1608500 1218
1608510 1220
1608520 1221
1608530 1221
1608540 1221
1608550 1220
1608560 1220
1608570 1218
1608580 1216
1608590 1216
1608600 1215
1608610 1213
1608620 1213
1608630 1211
1608640 1207
1608650 1207
1608660 1205
1608670 1205
1608680 1205
1608690 1206
1608700 1208
1608710 1208
1608720 1209
1608730 1210
1608740 1210
1608750 1210
1608760 1207
1608770 1207
1608780 1203
1608790 1198
1608800 1194
1608810 1194
1608820 1190
1608830 1187
1608840 1187
1608850 1185
1608860 1182
1608870 1182
1608880 1178
1608890 1174
1608900 1174
1608910 1169
1608920 1165
1608930 1165
1608940 1160
1608950 1157
1608960 1157
1608970 1153
1608980 1150
1608990 1144
1609000 1141
1609010 1138
1609020 1138
1609030 1136
1609040 1135
1609050 1135
1609060 1134
1609070 1134
1609080 1134
1609090 1134
1609100 1134
1609110 1134
1609120 1134
1609130 1133
1609140 1133
1609150 1133
1609160 1133
1609170 1132
1609180 1132
1609190 1131
1609200 1129
1609210 1129
1609220 1128
1609230 1128
1609240 1128
1609250 1127
1609260 1125
1609270 1125
1609280 1123
1609290 1121
1609300 1121
1609310 1118
1609320 1115
1609330 1115
1609340 1111
1609350 1108
1609360 1108
1609370 1105
1609380 1103
1609390 1103
1609400 1100
1609410 1097
1609420 1097
1609430 1093
1609440 1088
1609450 1083
1609460 1083
1609470 1078
1609480 1073
1609490 1073
1609500 1069
1609510 1066
1609520 1066
1609530 1063
1609540 1059
1609550 1059
1609560 1057
1609570 1054
1609580 1054
1609590 1051
1609600 1049
1609610 1049
1609620 1047
1609630 1045
1609640 1045
1609650 1042
1609660 1039
1609670 1039
1609680 1035
1609690 1031
1609700 1031
1609710 1027
1609720 1024
1609730 1024
1609740 1022
1609750 1018
1609760 1018
1609770 1012
1609780 1006
1609790 999
1609800 999
1609810 996
1609820 1001
1609830 1001
1609840 1009
1609850 1018
1609860 1018
1609870 1028
1609880 1035
1609890 1035
1609900 1041
1609910 1047
1609920 1047
1609930 1052
1609940 1057
1609950 1057
1609960 1062
1609970 1067
1609980 1067
1609990 1071
1610000 1076
1610010 1075
1610020 1080
1610030 1085
1610040 1085
1610050 1091
1610060 1096
1610070 1096
1610080 1100
1610090 1104
1610100 1104
1610110 1107
1610120 1110
1610130 1112
1610140 1112
1610150 1115
1610160 1118
1610170 1118
1610180 1120
1610190 1123
1610200 1123
1610210 1126
1610220 1128
1610230 1128
1610240 1132
1610250 1136
1610260 1136
1610270 1140
1610280 1141
1610290 1141
1610300 1144
1610310 1148
1610320 1148
1610330 1153
1610340 1158
1610350 1158
1610360 1161
1610370 1165
1610380 1165
1610390 1167
1610400 1169
1610410 1169
1610420 1171
1610430 1173
1610440 1176
1610450 1176
1610460 1178
1610470 1181
1610480 1181
1610490 1184
1610500 1186
1610510 1186
1610520 1188
1610530 1190
1610540 1190
1610550 1193
1610560 1195
1610570 1195
1610580 1198
1610590 1200
1610600 1200
1610610 1203
1610620 1206
1610630 1206
1610640 1209
1610650 1209
1610660 1209
1610670 1206
1610680 1204
1610690 1204
1610700 1202
1610710 1200
1610720 1200
1610730 1197
1610740 1196
1610750 1196
1610760 1195
1610770 1197
1610780 1198
1610790 1198
1610800 1199
1610810 1200
1610820 1200
1610830 1202
1610840 1205
1610850 1205
1610860 1207
1610870 1209
1610880 1209
1610890 1209
1610900 1208
1610910 1208
1610920 1206
1610930 1205
1610940 1205
1610950 1204
1610960 1202
1610970 1202
1610980 1199
1610990 1195
1611000 1195
1611010 1193
1611020 1190
1611030 1189
1611040 1186
1611050 1182
1611060 1182
1611070 1178
1611080 1173
1611090 1169
1611100 1169
1611110 1165
1611120 1161
1611130 1161
1611140 1157
1611150 1153
1611160 1153
1611170 1151
1611180 1149
1611190 1149
1611200 1146
1611210 1143
1611220 1143
1611230 1140
1611240 1137
1611250 1137
1611260 1133
1611270 1130
1611280 1130
1611290 1128
1611300 1127
1611310 1127
1611320 1127
1611330 1127
1611340 1127
1611350 1125
1611360 1121
1611370 1121
1611380 1117
1611390 1112
1611400 1112
1611410 1105
1611420 1098
1611430 1092
1611440 1092
1611450 1085
1611460 1079
1611470 1079
1611480 1074
1611490 1068
1611500 1068
1611510 1062
1611520 1058
1611530 1058
1611540 1053
1611550 1049
1611560 1049
1611570 1046
1611580 1042
1611590 1042
1611600 1039
1611610 1035
1611620 1035
1611630 1030
1611640 1024
1611650 1024
1611660 1016
1611670 1010
1611680 1010
1611690 1004
1611700 998
1611710 998
1611720 993
1611730 988
1611740 988
1611750 982
1611760 978
1611770 973
1611780 973
1611790 968
1611800 963
1611810 963
1611820 957
1611830 951
1611840 951
1611850 944
1611860 937
1611870 937
1611880 931
1611890 924
1611900 924
1611910 916
1611920 910
1611930 910
1611940 907
1611950 903
1611960 903
1611970 896
1611980 887
1611990 887
1612000 878
1612010 869
1612020 869
1612030 861
1612040 850
1612050 850
1612060 840
1612070 830
1612080 823
1612090 823
1612100 819
1612110 818
1612120 818
1612130 816
1612140 813
1612150 813
1612160 810
1612170 805
1612180 805
1612190 799
1612200 792
1612210 792
1612220 785
1612230 780
1612240 780
1612250 775
1612260 772
1612270 772
1612280 769
1612290 767
1612300 767
1612310 765
1612320 761
1612330 761
1612340 756
1612350 752
1612360 752
1612370 748
1612380 744
1612390 744
1612400 746
1612410 748
1612420 752
1612430 752
1612440 756
1612450 760
1612460 760
1612470 761
1612480 761
1612490 761
1612500 763
1612510 767
1612520 767
1612530 769
1612540 772
1612550 772
1612560 776
1612570 781
1612580 781
1612590 786
1612600 792
1612610 792
1612620 800
1612630 803
1612640 803
1612650 809
1612660 816
1612670 816
1612680 823
1612690 829
1612700 829
1612710 835
1612720 841
1612730 841
1612740 846
1612750 853
1612760 860
1612770 860
1612780 867
1612790 877
1612800 877
1612810 889
1612820 897
1612830 897
1612840 904
1612850 911
1612860 911
1612870 916
1612880 922
1612890 922
1612900 928
1612910 933
1612920 933
1612930 939
1612940 943
1612950 943
1612960 947
1612970 951
1612980 951
1612990 955
1613000 960
1613010 960
1613020 965
1613030 962
1613040 962
1613050 967
1613060 971
1613070 977
1613080 977
1613090 983
1613100 990
1613110 990
1613120 997
1613130 1001
1613140 1001
1613150 1004
1613160 1009
1613170 1009
1613180 1012
1613190 1010
1613200 1010
1613210 1006
1613220 1002
1613230 1002
1613240 999
1613250 996
1613260 996
1613270 994
1613280 993
1613290 993
1613300 994
1613310 996
1613320 996
1613330 999
1613340 1002
1613350 1002
1613360 1004
1613370 1006
1613380 1006
1613390 1007
1613400 1003
1613410 1000
1613420 1000
1613430 998
1613440 998
1613450 998
1613460 998
1613470 999
1613480 999
1613490 999
1613500 997
1613510 997
1613520 994
1613530 992
1613540 992
1613550 989
1613560 987
1613570 987
1613580 986
1613590 986
1613600 986
1613610 986
1613620 986
1613630 986
1613640 986
1613650 986
1613660 986
1613670 988
1613680 989
1613690 989
1613700 991
1613710 994
1613720 998
1613730 998
1613740 1000
1613750 1002
1613760 1002
1613770 1004
1613780 1006
1613790 1006
1613800 1007
1613810 1009
1613820 1009
1613830 1011
1613840 1012
1613850 1012
1613860 1014
1613870 1014
1613880 1014
1613890 1014
1613900 1015
1613910 1015
1613920 1015
1613930 1014
1613940 1014
1613950 1013
1613960 1013
1613970 1013
1613980 1015
1613990 1018
1614000 1018
1614010 1021
1614020 1023
1614030 1019
1614040 1021
1614050 1024
1614060 1025
1614070 1025
1614080 1027
1614090 1029
1614100 1029
1614110 1031
1614120 1032
1614130 1032
1614140 1032
1614150 1032
1614160 1032
1614170 1033
1614180 1033
1614190 1033
1614200 1032
1614210 1031
1614220 1031
1614230 1029
1614240 1028
1614250 1028
1614260 1027
1614270 1027
1614280 1027
1614290 1028
1614300 1027
1614310 1027
1614320 1025
1614330 1023
1614340 1023
1614350 1022
1614360 1023
1614370 1023
1614380 1024
1614390 1023
1614400 1024
1614410 1024
1614420 1024
1614430 1024
1614440 1024
1614450 1025
1614460 1024
1614470 1024
1614480 1025
1614490 1026
1614500 1026
1614510 1026
1614520 1027
1614530 1027
1614540 1029
1614550 1030
1614560 1030
1614570 1031
1614580 1032
1614590 1032
1614600 1033
1614610 1035
1614620 1035
1614630 1037
1614640 1038
1614650 1038
1614660 1039
1614670 1041
1614680 1041
1614690 1042
1614700 1040
1614710 1038
1614720 1038
1614730 1036
1614740 1035
1614750 1035
1614760 1034
1614770 1033
1614780 1033
1614790 1031
1614800 1030
1614810 1030
1614820 1031
1614830 1030
1614840 1030
1614850 1027
1614860 1025
1614870 1025
1614880 1024
1614890 1024
1614900 1024
1614910 1026
1614920 1029
1614930 1029
1614940 1031
1614950 1033
1614960 1033
1614970 1034
1614980 1034
1614990 1034
1615000 1033
1615010 1029
1615020 1029
1615030 1026
1615040 1023
1615050 1021
1615060 1021
1615070 1019
1615080 1018
1615090 1018
1615100 1018
1615110 1019
1615120 1019
1615130 1018
1615140 1016
1615150 1016
1615160 1015
1615170 1015
1615180 1015
1615190 1016
1615200 1015
1615210 1015
1615220 1010
1615230 1008
1615240 1008
1615250 1011
1615260 1012
1615270 1012
1615280 1012
1615290 1012
1615300 1012
1615310 1013
1615320 1013
1615330 1013
1615340 1013
1615350 1014
1615360 1014
1615370 1014
1615380 1014
1615390 1013
1615400 1013
1615410 1012
1615420 1011
1615430 1011
1615440 1011
1615450 1012
1615460 1012
1615470 1013
1615480 1014
1615490 1014
1615500 1016
1615510 1019
1615520 1019
1615530 1021
1615540 1023
1615550 1023
1615560 1025
1615570 1027
1615580 1027
1615590 1028
1615600 1029
1615610 1029
1615620 1030
1615630 1031
1615640 1031
1615650 1031
1615660 1030
1615670 1030
1615680 1029
1615690 1029
1615700 1029
1615710 1029
1615720 1029
1615730 1029
1615740 1029
1615750 1028
1615760 1028
1615770 1028
1615780 1028
1615790 1028
1615800 1028
1615810 1029
1615820 1030
1615830 1030
1615840 1029
1615850 1028
1615860 1028
1615870 1027
1615880 1025
1615890 1025
1615900 1023
1615910 1022
1615920 1022
1615930 1018
1615940 1016
1615950 1016
1615960 1016
1615970 1017
1615980 1017
1615990 1014
1616000 1014
1616010 1014
1616020 1015
1616030 1015
1616040 1015
1616050 1015
1616060 1013
1616070 1010
1616080 1010
1616090 1009
1616100 1008
1616110 1008
1616120 1008
1616130 1009
1616140 1009
1616150 1010
1616160 1010
1616170 1010
1616180 1009
1616190 1007
1616200 1007
1616210 1007
1616220 1005
1616230 1005
1616240 1003
1616250 1001
1616260 1001
1616270 997
1616280 991
1616290 991
1616300 983
1616310 975
1616320 975
1616330 967
1616340 957
1616350 957
1616360 952
1616370 952
1616380 952
1616390 952
1616400 950
1616410 949
1616420 949
1616430 948
1616440 947
1616450 947
1616460 948
1616470 949
1616480 949
1616490 949
1616500 949
1616510 949
1616520 949
1616530 947
1616540 947
1616550 947
1616560 947
1616570 947
1616580 947
1616590 946
1616600 946
1616610 945
1616620 945
1616630 945
1616640 945
1616650 946
1616660 946
1616670 942
1616680 938
1616690 943
1616700 943
1616710 948
1616720 955
1616730 955
1616740 961
1616750 967
1616760 967
1616770 973
1616780 976
1616790 976
1616800 979
1616810 981
1616820 981
1616830 981
1616840 980
1616850 980
1616860 978
1616870 977
1616880 977
1616890 977
1616900 976
1616910 976
1616920 975
1616930 975
1616940 975
1616950 973
1616960 968
1616970 968
1616980 967
1616990 966
1617000 966
1617010 964
1617020 961
1617030 958
1617040 958
1617050 958
1617060 956
1617070 956
1617080 955
1617090 955
1617100 955
1617110 956
1617120 955
1617130 955
1617140 954
1617150 952
1617160 952
1617170 950
1617180 949
1617190 949
1617200 946
1617210 943
1617220 943
1617230 941
1617240 941
1617250 941
1617260 941
1617270 940
1617280 940
1617290 940
1617300 939
1617310 939
1617320 939
1617330 939
1617340 939
1617350 939
1617360 940
1617370 941
1617380 941
1617390 941
1617400 941
1617410 941
1617420 942
1617430 942
1617440 942
1617450 942
1617460 941
1617470 941
1617480 940
1617490 938
1617500 938
1617510 937
1617520 937
1617530 937
1617540 937
1617550 936
1617560 936
1617570 932
1617580 925
1617590 925
1617600 918
1617610 913
1617620 913
1617630 908
1617640 904
1617650 904
1617660 899
1617670 894
1617680 889
1617690 889
1617700 884
1617710 880
1617720 880
1617730 877
1617740 876
1617750 876
1617760 877
1617770 876
1617780 876
1617790 876
1617800 874
1617810 874
1617820 868
1617830 862
1617840 862
1617850 860
1617860 858
1617870 858
1617880 855
1617890 852
1617900 852
1617910 848
1617920 841
1617930 841
1617940 838
1617950 833
1617960 833
1617970 828
1617980 824
1617990 824
1618000 820
1618010 817
1618020 812
1618030 812
1618040 808
1618050 805
1618060 805
1618070 803
1618080 801
1618090 801
1618100 797
1618110 793
1618120 793
1618130 791
1618140 786
1618150 786
1618160 780
1618170 784
1618180 784
1618190 791
1618200 797
1618210 797
1618220 799
1618230 802
1618240 802
1618250 803
1618260 805
1618270 805
1618280 807
1618290 809
1618300 809
1618310 811
1618320 810
1618330 806
1618340 806
1618350 804
1618360 806
1618370 806
1618380 809
1618390 813
1618400 813
1618410 816
1618420 819
1618430 819
1618440 820
1618450 820
1618460 820
1618470 820
1618480 822
1618490 822
1618500 826
1618510 830
1618520 830
1618530 832
1618540 832
1618550 832
1618560 833
1618570 836
1618580 836
1618590 840
1618600 843
1618610 843
1618620 846
1618630 849
1618640 849
1618650 850
1618660 849
1618670 844
1618680 844
1618690 839
1618700 836
1618710 836
1618720 835
1618730 836
1618740 836
1618750 837
1618760 836
1618770 836
1618780 835
1618790 835
1618800 835
1618810 835
1618820 835
1618830 835
1618840 835
1618850 835
1618860 835
1618870 832
1618880 832
1618890 832
1618900 832
1618910 830
1618920 830
1618930 828
1618940 825
1618950 825
1618960 822
1618970 818
1618980 818
1618990 815
1619000 811
1619010 808
1619020 808
1619030 805
1619040 803
1619050 803
1619060 802
1619070 800
1619080 800
1619090 798
1619100 795
1619110 795
1619120 789
1619130 785
1619140 785
1619150 781
1619160 781
1619170 781
1619180 783
1619190 785
1619200 785
1619210 791
1619220 796
1619230 796
1619240 801
1619250 805
1619260 805
1619270 809
1619280 813
1619290 813
1619300 817
1619310 819
1619320 821
1619330 821
1619340 822
1619350 823
1619360 823
1619370 823
1619380 822
1619390 822
1619400 821
1619410 820
1619420 820
1619430 819
1619440 817
1619450 817
1619460 816
1619470 815
1619480 815
1619490 815
1619500 814
1619510 814
1619520 813
1619530 810
1619540 810
1619550 806
1619560 802
1619570 802
1619580 800
1619590 800
1619600 800
1619610 799
1619620 800
1619630 800
1619640 801
1619650 801
1619660 801
1619670 801
1619680 800
1619690 799
1619700 799
1619710 798
1619720 797
1619730 797
1619740 796
1619750 794
1619760 794
1619770 793
1619780 791
1619790 791
1619800 788
1619810 785
1619820 784
1619830 783
1619840 779
1619850 779
1619860 776
1619870 772
1619880 772
1619890 768
1619900 763
1619910 763
1619920 756
1619930 754
1619940 754
1619950 760
1619960 763
1619970 763
1619980 765
1619990 768
