1600000 1281
1600010 1286
1600020 1286
1600030 1289
1600040 1289
1600050 1289
1600060 1289
1600070 1288
1600080 1287
1600090 1287
1600100 1285
1600110 1284
1600120 1284
1600130 1284
1600140 1283
1600150 1283
1600160 1282
1600170 1281
1600180 1281
1600190 1280
1600200 1279
1600210 1279
1600220 1278
1600230 1277
1600240 1277
1600250 1277
1600260 1276
1600270 1276
1600280 1275
1600290 1275
1600300 1275
1600310 1274
1600320 1273
1600330 1273
1600340 1273
1600350 1273
1600360 1273
1600370 1273
1600380 1272
1600390 1272
1600400 1272
1600410 1272
1600420 1272
1600430 1272
1600440 1273
1600450 1274
1600460 1274
1600470 1274
1600480 1274
1600490 1274
1600500 1274
1600510 1275
1600520 1275
1600530 1274
1600540 1273
1600550 1273
1600560 1271
1600570 1267
1600580 1267
1600590 1263
1600600 1258
1600610 1258
1600620 1253
1600630 1248
1600640 1248
1600650 1244
1600660 1240
1600670 1240
1600680 1235
1600690 1230
1600700 1230
1600710 1225
1600720 1222
1600730 1220
1600740 1220
1600750 1218
1600760 1215
1600770 1215
1600780 1212
1600790 1209
1600800 1209
1600810 1206
1600820 1204
1600830 1204
1600840 1198
1600850 1196
1600860 1196
1600870 1194
1600880 1192
1600890 1192
1600900 1190
1600910 1188
1600920 1188
1600930 1188
1600940 1187
1600950 1187
1600960 1187
1600970 1186
1600980 1186
1600990 1184
1601000 1179
1601010 1179
1601020 1175
1601030 1173
1601040 1173
1601050 1172
1601060 1171
1601070 1170
1601080 1170
1601090 1169
1601100 1169
1601110 1169
1601120 1168
1601130 1167
1601140 1167
1601150 1167
1601160 1165
1601170 1165
1601180 1164
1601190 1163
1601200 1163
1601210 1162
1601220 1160
1601230 1160
1601240 1159
1601250 1158
1601260 1158
1601270 1157
1601280 1156
1601290 1156
1601300 1155
1601310 1154
1601320 1154
1601330 1152
1601340 1149
1601350 1149
1601360 1144
1601370 1139
1601380 1139
1601390 1134
1601400 1130
1601410 1127
1601420 1127
1601430 1130
1601440 1137
1601450 1137
1601460 1143
1601470 1148
1601480 1148
1601490 1153
1601500 1155
1601510 1155
1601520 1158
1601530 1161
1601540 1161
1601550 1164
1601560 1165
1601570 1165
1601580 1165
1601590 1166
1601600 1166
1601610 1166
1601620 1168
1601630 1168
1601640 1170
1601650 1172
1601660 1172
1601670 1174
1601680 1175
1601690 1175
1601700 1177
1601710 1178
1601720 1178
1601730 1179
1601740 1179
1601750 1179
1601760 1179
1601770 1178
1601780 1178
1601790 1178
1601800 1178
1601810 1178
1601820 1178
1601830 1180
1601840 1183
1601850 1183
1601860 1185
1601870 1187
1601880 1187
1601890 1189
1601900 1191
1601910 1191
1601920 1193
1601930 1194
1601940 1194
1601950 1197
1601960 1199
1601970 1199
1601980 1200
1601990 1201
1602000 1201
1602010 1201
1602020 1197
1602030 1197
1602040 1195
1602050 1195
1602060 1195
1602070 1194
1602080 1193
1602090 1193
1602100 1193
1602110 1193
1602120 1193
1602130 1193
1602140 1193
1602150 1194
1602160 1194
1602170 1195
1602180 1196
1602190 1196
1602200 1200
1602210 1203
1602220 1203
1602230 1204
1602240 1204
1602250 1204
1602260 1202
1602270 1199
1602280 1199
1602290 1195
1602300 1193
1602310 1193
1602320 1195
1602330 1195
1602340 1195
1602350 1194
1602360 1185
1602370 1185
1602380 1176
1602390 1168
1602400 1168
1602410 1163
1602420 1159
1602430 1155
1602440 1155
1602450 1154
1602460 1154
1602470 1154
1602480 1151
1602490 1147
1602500 1147
1602510 1140
1602520 1135
1602530 1135
1602540 1132
1602550 1128
1602560 1128
1602570 1125
1602580 1123
1602590 1123
1602600 1121
1602610 1118
1602620 1118
1602630 1115
1602640 1112
1602650 1112
1602660 1110
1602670 1109
1602680 1109
1602690 1108
1602700 1107
1602710 1107
1602720 1106
1602730 1104
1602740 1104
1602750 1102
1602760 1100
1602770 1099
1602780 1099
1602790 1100
1602800 1101
1602810 1101
1602820 1102
1602830 1102
1602840 1102
1602850 1097
1602860 1092
1602870 1092
1602880 1088
1602890 1085
1602900 1085
1602910 1083
1602920 1074
1602930 1074
1602940 1041
1602950 1028
1602960 1028
1602970 1020
1602980 1012
1602990 1012
1603000 1004
1603010 996
1603020 992
1603030 984
1603040 977
1603050 977
1603060 970
1603070 962
1603080 962
1603090 954
1603100 945
1603110 937
1603120 937
1603130 929
1603140 921
1603150 921
1603160 913
1603170 905
1603180 905
1603190 898
1603200 893
1603210 893
1603220 891
1603230 894
1603240 894
1603250 897
1603260 898
1603270 898
1603280 897
1603290 897
1603300 897
1603310 898
1603320 897
1603330 897
1603340 899
1603350 900
1603360 900
1603370 902
1603380 904
1603390 904
1603400 905
1603410 908
1603420 908
1603430 912
1603440 916
1603450 917
1603460 917
1603470 916
1603480 914
1603490 914
1603500 911
1603510 908
1603520 908
1603530 907
1603540 904
1603550 904
1603560 901
1603570 898
1603580 898
1603590 894
1603600 891
1603610 891
1603620 888
1603630 885
1603640 885
1603650 882
1603660 879
1603670 879
1603680 876
1603690 874
1603700 874
1603710 874
1603720 873
1603730 873
1603740 872
1603750 870
1603760 870
1603770 867
1603780 864
1603790 860
1603800 860
1603810 856
1603820 855
1603830 855
1603840 853
1603850 852
1603860 852
1603870 851
1603880 848
1603890 848
1603900 846
1603910 843
1603920 843
1603930 840
1603940 842
1603950 842
1603960 847
1603970 852
1603980 852
1603990 857
1604000 860
1604010 860
1604020 864
1604030 868
1604040 868
1604050 870
1604060 872
1604070 872
1604080 874
1604090 874
1604100 874
1604110 874
1604120 874
1604130 873
1604140 873
1604150 873
1604160 872
1604170 872
1604180 870
1604190 865
1604200 865
1604210 858
1604220 852
1604230 852
1604240 847
1604250 839
1604260 839
1604270 835
1604280 835
1604290 835
1604300 835
1604310 836
1604320 836
1604330 840
1604340 844
1604350 844
1604360 843
1604370 843
1604380 843
1604390 842
1604400 841
1604410 841
1604420 840
1604430 839
1604440 839
1604450 838
1604460 837
1604470 835
1604480 835
1604490 835
1604500 833
1604510 833
1604520 832
1604530 831
1604540 831
1604550 830
1604560 830
1604570 830
1604580 829
1604590 828
1604600 828
1604610 827
1604620 825
1604630 825
1604640 825
1604650 825
1604660 825
1604670 825
1604680 825
1604690 825
1604700 825
1604710 825
1604720 825
1604730 824
1604740 823
1604750 823
1604760 822
1604770 821
1604780 821
1604790 820
1604800 819
1604810 818
1604820 818
1604830 816
1604840 815
1604850 815
1604860 813
1604870 812
1604880 812
1604890 810
1604900 809
1604910 809
1604920 808
1604930 806
1604940 806
1604950 805
1604960 804
1604970 804
1604980 802
1604990 800
1605000 800
1605010 799
1605020 798
1605030 798
1605040 796
1605050 795
1605060 795
1605070 794
1605080 792
1605090 792
1605100 791
1605110 790
1605120 790
1605130 788
1605140 787
1605150 786
1605160 786
1605170 785
1605180 784
1605190 784
1605200 782
1605210 781
1605220 781
1605230 780
1605240 779
1605250 779
1605260 778
1605270 777
1605280 777
1605290 776
1605300 775
1605310 775
1605320 773
1605330 772
1605340 772
1605350 772
1605360 771
1605370 771
1605380 771
1605390 771
1605400 771
1605410 772
1605420 772
1605430 772
1605440 772
1605450 772
1605460 772
1605470 772
1605480 772
1605490 772
1605500 772
1605510 772
1605520 772
1605530 772
1605540 773
1605550 772
1605560 772
1605570 771
1605580 771
1605590 771
1605600 772
1605610 771
1605620 771
1605630 771
1605640 771
1605650 771
1605660 771
1605670 771
1605680 771
1605690 771
1605700 771
1605710 771
1605720 772
1605730 771
1605740 771
1605750 771
1605760 771
1605770 771
1605780 770
1605790 769
1605800 769
1605810 768
1605820 767
1605830 766
1605840 766
1605850 765
1605860 764
1605870 764
1605880 764
1605890 764
1605900 764
1605910 764
1605920 763
1605930 763
1605940 763
1605950 763
1605960 763
1605970 763
1605980 762
1605990 762
1606000 761
1606010 761
1606020 761
1606030 759
1606040 758
1606050 758
1606060 757
1606070 757
1606080 757
1606090 755
1606100 754
1606110 754
1606120 755
1606130 755
1606140 755
1606150 754
1606160 753
1606170 752
1606180 752
1606190 751
1606200 750
1606210 749
1606220 748
1606230 747
1606240 747
1606250 745
1606260 744
1606270 744
1606280 743
1606290 743
1606300 743
1606310 741
1606320 739
1606330 739
1606340 738
1606350 737
1606360 737
1606370 736
1606380 734
1606390 734
1606400 733
1606410 732
1606420 732
1606430 731
1606440 730
1606450 730
1606460 729
1606470 728
1606480 728
1606490 726
1606500 724
1606510 723
1606520 723
1606530 721
1606540 720
1606550 720
1606560 719
1606570 718
1606580 718
1606590 717
1606600 716
1606610 716
1606620 715
1606630 714
1606640 714
1606650 713
1606660 712
1606670 712
1606680 711
1606690 710
1606700 710
1606710 709
1606720 708
1606730 708
1606740 707
1606750 706
1606760 706
1606770 705
1606780 704
1606790 704
1606800 703
1606810 702
1606820 702
1606830 701
1606840 700
1606850 699
1606860 699
1606870 699
1606880 698
1606890 698
1606900 697
1606910 696
1606920 696
1606930 695
1606940 695
1606950 695
1606960 694
1606970 694
1606980 694
1606990 694
1607000 693
1607010 693
1607020 693
1607030 693
1607040 693
1607050 693
1607060 693
1607070 693
1607080 693
1607090 693
1607100 693
1607110 692
1607120 691
1607130 691
1607140 691
1607150 690
1607160 690
1607170 690
1607180 690
1607190 689
1607200 689
1607210 689
1607220 689
1607230 689
1607240 689
1607250 688
1607260 688
1607270 688
1607280 688
1607290 688
1607300 688
1607310 688
1607320 688
1607330 688
1607340 688
1607350 688
1607360 688
1607370 688
1607380 688
1607390 687
1607400 687
1607410 687
1607420 687
1607430 688
1607440 688
1607450 688
1607460 688
1607470 688
1607480 688
1607490 688
1607500 688
1607510 688
1607520 687
1607530 688
1607540 688
1607550 688
1607560 688
1607570 688
1607580 688
1607590 688
1607600 688
1607610 688
1607620 688
1607630 688
1607640 688
1607650 688
1607660 688
1607670 688
1607680 688
1607690 688
1607700 688
1607710 688
1607720 688
1607730 688
1607740 688
1607750 688
1607760 688
1607770 688
1607780 688
1607790 688
1607800 688
1607810 688
1607820 688
1607830 688
1607840 688
1607850 688
1607860 688
1607870 688
1607880 688
1607890 688
1607900 688
1607910 688
1607920 689
1607930 689
1607940 689
1607950 689
1607960 689
1607970 689
1607980 689
1607990 689
1608000 689
1608010 689
1608020 689
1608030 689
1608040 689
1608050 689
1608060 689
1608070 689
1608080 689
1608090 689
1608100 690
1608110 690
1608120 690
1608130 690
1608140 690
1608150 690
1608160 690
1608170 690
1608180 690
1608190 691
1608200 691
1608210 692
1608220 692
1608230 692
1608240 692
1608250 692
1608260 692
1608270 692
1608280 692
1608290 692
1608300 691
1608310 691
1608320 691
1608330 691
1608340 691
1608350 692
1608360 692
1608370 692
1608380 692
1608390 693
1608400 693
1608410 693
1608420 693
1608430 693
1608440 693
1608450 693
1608460 693
1608470 693
1608480 693
1608490 693
1608500 693
1608510 693
1608520 693
1608530 693
1608540 693
1608550 693
1608560 693
1608570 693
1608580 693
1608590 693
1608600 693
1608610 693
1608620 693
1608630 694
1608640 694
1608650 694
1608660 694
1608670 694
1608680 694
1608690 694
1608700 694
1608710 694
1608720 694
1608730 695
1608740 695
1608750 695
1608760 696
1608770 696
1608780 696
1608790 696
1608800 696
1608810 696
1608820 697
1608830 697
1608840 697
1608850 698
1608860 698
1608870 698
1608880 698
1608890 698
1608900 698
1608910 698
1608920 697
1608930 697
1608940 698
1608950 697
1608960 697
1608970 697
1608980 697
1608990 697
1609000 696
1609010 696
1609020 696
1609030 696
1609040 696
1609050 696
1609060 696
1609070 696
1609080 696
1609090 696
1609100 696
1609110 696
1609120 696
1609130 695
1609140 695
1609150 695
1609160 695
1609170 695
1609180 695
1609190 695
1609200 695
1609210 695
1609220 695
1609230 695
1609240 695
1609250 695
1609260 695
1609270 695
1609280 695
1609290 695
1609300 695
1609310 695
1609320 694
1609330 694
1609340 694
1609350 693
1609360 693
1609370 694
1609380 695
1609390 695
1609400 696
1609410 696
1609420 696
1609430 696
1609440 695
1609450 695
1609460 693
1609470 693
1609480 693
1609490 692
1609500 692
1609510 692
1609520 692
1609530 693
1609540 693
1609550 693
1609560 693
1609570 693
1609580 693
1609590 693
1609600 694
1609610 694
1609620 694
1609630 695
1609640 695
1609650 695
1609660 695
1609670 695
1609680 696
1609690 697
1609700 697
1609710 697
1609720 697
1609730 697
1609740 696
1609750 695
1609760 695
1609770 695
1609780 694
1609790 694
1609800 693
1609810 693
1609820 693
1609830 693
1609840 692
1609850 692
1609860 692
1609870 692
1609880 692
1609890 692
1609900 692
1609910 691
1609920 691
1609930 692
1609940 691
1609950 691
1609960 691
1609970 691
1609980 691
1609990 691
1610000 691
1610010 691
1610020 691
1610030 691
1610040 691
1610050 692
1610060 692
1610070 692
1610080 691
1610090 691
1610100 691
1610110 691
1610120 691
1610130 691
1610140 691
1610150 692
1610160 692
1610170 692
1610180 692
1610190 692
1610200 692
1610210 692
1610220 692
1610230 692
1610240 692
1610250 691
1610260 691
1610270 692
1610280 691
1610290 691
1610300 691
1610310 692
1610320 692
1610330 692
1610340 692
1610350 692
1610360 692
1610370 692
1610380 692
1610390 691
1610400 691
1610410 691
1610420 692
1610430 692
1610440 692
1610450 691
1610460 691
1610470 691
1610480 691
1610490 691
1610500 691
1610510 692
1610520 694
1610530 694
1610540 694
1610550 691
1610560 691
1610570 691
1610580 691
1610590 692
1610600 692
1610610 692
1610620 693
1610630 693
1610640 693
1610650 693
1610660 693
1610670 693
1610680 694
1610690 694
1610700 694
1610710 694
1610720 694
1610730 694
1610740 695
1610750 695
1610760 696
1610770 696
1610780 696
1610790 696
1610800 697
1610810 697
1610820 697
1610830 698
1610840 698
1610850 698
1610860 699
1610870 699
1610880 700
1610890 700
1610900 700
1610910 701
1610920 702
1610930 702
1610940 702
1610950 703
1610960 704
1610970 704
1610980 705
1610990 706
1611000 706
1611010 707
1611020 708
1611030 708
1611040 709
1611050 709
1611060 709
1611070 710
1611080 711
1611090 711
1611100 712
1611110 712
1611120 712
1611130 713
1611140 714
1611150 714
1611160 715
1611170 716
1611180 716
1611190 717
1611200 717
1611210 717
1611220 718
1611230 719
1611240 719
1611250 720
1611260 721
1611270 722
1611280 722
1611290 723
1611300 724
1611310 724
1611320 725
1611330 726
1611340 726
1611350 727
1611360 728
1611370 728
1611380 729
1611390 731
1611400 731
1611410 732
1611420 734
1611430 734
1611440 735
1611450 735
1611460 735
1611470 735
1611480 736
1611490 736
1611500 737
1611510 737
1611520 737
1611530 739
1611540 740
1611550 740
1611560 740
1611570 741
1611580 741
1611590 741
1611600 741
1611610 741
1611620 741
1611630 743
1611640 743
1611650 743
1611660 743
1611670 744
1611680 744
1611690 744
1611700 745
1611710 745
1611720 747
1611730 755
1611740 755
1611750 760
1611760 764
1611770 764
1611780 765
1611790 767
1611800 767
1611810 771
1611820 772
1611830 772
1611840 774
1611850 775
1611860 775
1611870 775
1611880 775
1611890 775
1611900 774
1611910 774
1611920 774
1611930 773
1611940 774
1611950 773
1611960 773
1611970 774
1611980 775
1611990 775
1612000 776
1612010 777
1612020 777
1612030 776
1612040 775
1612050 775
1612060 773
1612070 773
1612080 773
1612090 772
1612100 772
1612110 772
1612120 771
1612130 769
1612140 769
1612150 768
1612160 767
1612170 767
1612180 766
1612190 768
1612200 768
1612210 771
1612220 774
1612230 774
1612240 777
1612250 779
1612260 779
1612270 780
1612280 781
1612290 783
1612300 783
1612310 784
1612320 786
1612330 786
1612340 787
1612350 789
1612360 792
1612370 793
1612380 795
1612390 795
1612400 796
1612410 797
1612420 797
1612430 798
1612440 800
1612450 800
1612460 801
1612470 801
1612480 801
1612490 800
1612500 799
1612510 799
1612520 798
1612530 799
1612540 799
1612550 801
1612560 803
1612570 803
1612580 804
1612590 804
1612600 804
1612610 804
1612620 806
1612630 810
1612640 810
1612650 812
1612660 814
1612670 814
1612680 817
1612690 820
1612700 820
1612710 824
1612720 826
1612730 826
1612740 828
1612750 830
1612760 830
1612770 832
1612780 835
1612790 835
1612800 835
1612810 835
1612820 835
1612830 838
1612840 840
1612850 840
1612860 841
1612870 843
1612880 843
1612890 846
1612900 848
1612910 848
1612920 850
1612930 851
1612940 851
1612950 852
1612960 852
1612970 852
1612980 852
1612990 851
1613000 848
1613010 848
1613020 845
1613030 848
1613040 848
1613050 849
1613060 847
1613070 847
1613080 845
1613090 846
1613100 846
1613110 849
1613120 853
1613130 853
1613140 856
1613150 859
1613160 859
1613170 861
1613180 863
1613190 863
1613200 866
1613210 869
1613220 869
1613230 871
1613240 873
1613250 873
1613260 875
1613270 876
1613280 876
1613290 877
1613300 877
1613310 878
1613320 878
1613330 878
1613340 877
1613350 877
1613360 881
1613370 880
1613380 880
1613390 879
1613400 878
1613410 878
1613420 879
1613430 879
1613440 879
1613450 879
1613460 880
1613470 880
1613480 882
1613490 884
1613500 884
1613510 887
1613520 889
1613530 889
1613540 890
1613550 891
1613560 891
1613570 890
1613580 889
1613590 889
1613600 889
1613610 889
1613620 889
1613630 892
1613640 894
1613650 897
1613660 897
1613670 900
1613680 904
1613690 904
1613700 907
1613710 907
1613720 907
1613730 907
1613740 908
1613750 908
1613760 910
1613770 912
1613780 912
1613790 911
1613800 911
1613810 911
1613820 909
1613830 911
1613840 911
1613850 914
1613860 915
1613870 915
1613880 913
1613890 913
1613900 913
1613910 912
1613920 912
1613930 912
1613940 913
1613950 912
1613960 912
1613970 911
1613980 913
1613990 915
1614000 915
1614010 917
1614020 919
1614030 919
1614040 920
1614050 921
1614060 921
1614070 923
1614080 925
1614090 925
1614100 927
1614110 930
1614120 930
1614130 932
1614140 933
1614150 933
1614160 935
1614170 937
1614180 937
1614190 938
1614200 939
1614210 939
1614220 940
1614230 941
1614240 941
1614250 941
1614260 940
1614270 940
1614280 939
1614290 938
1614300 938
1614310 937
1614320 936
1614330 936
1614340 936
1614350 940
1614360 940
1614370 940
1614380 941
1614390 944
1614400 944
1614410 946
1614420 948
1614430 948
1614440 950
1614450 951
1614460 951
1614470 954
1614480 958
1614490 958
1614500 964
1614510 970
1614520 970
1614530 974
1614540 977
1614550 977
1614560 980
1614570 984
1614580 984
1614590 988
1614600 993
1614610 993
1614620 997
1614630 1000
1614640 1000
1614650 1005
1614660 1009
1614670 1014
1614680 1014
1614690 1019
1614700 1022
1614710 1022
1614720 1024
1614730 1026
1614740 1026
1614750 1028
1614760 1029
1614770 1029
1614780 1030
1614790 1029
1614800 1029
1614810 1028
1614820 1027
1614830 1027
1614840 1026
1614850 1024
1614860 1024
1614870 1022
1614880 1020
1614890 1020
1614900 1019
1614910 1018
1614920 1018
1614930 1016
1614940 1015
1614950 1015
1614960 1014
1614970 1013
1614980 1013
1614990 1012
1615000 1006
1615010 996
1615020 996
1615030 988
1615040 981
1615050 981
1615060 976
1615070 970
1615080 970
1615090 965
1615100 960
1615110 960
1615120 953
1615130 946
1615140 946
1615150 942
1615160 939
1615170 939
1615180 937
1615190 933
1615200 933
1615210 930
1615220 929
1615230 929
1615240 924
1615250 919
1615260 919
1615270 915
1615280 909
1615290 909
1615300 902
1615310 902
1615320 902
1615330 908
1615340 913
1615350 920
1615360 920
1615370 925
1615380 930
1615390 930
1615400 934
1615410 940
1615420 940
1615430 943
1615440 945
1615450 945
1615460 948
1615470 950
1615480 950
1615490 952
1615500 953
1615510 953
1615520 954
1615530 955
1615540 955
1615550 957
1615560 959
1615570 959
1615580 962
1615590 964
1615600 964
1615610 966
1615620 967
1615630 967
1615640 969
1615650 970
1615660 970
1615670 973
1615680 974
1615690 977
1615700 977
1615710 982
1615720 987
1615730 987
1615740 991
1615750 992
1615760 992
1615770 993
1615780 994
1615790 994
1615800 995
1615810 997
1615820 997
1615830 997
1615840 998
1615850 998
1615860 998
1615870 998
1615880 998
1615890 999
1615900 999
1615910 999
1615920 1000
1615930 1000
1615940 1000
1615950 1001
1615960 1001
1615970 1001
1615980 1001
1615990 1003
1616000 1003
1616010 1005
1616020 1006
1616030 1006
1616040 1006
1616050 1005
1616060 1003
1616070 1003
1616080 1002
1616090 1003
1616100 1003
1616110 1003
1616120 1003
1616130 1003
1616140 1004
1616150 1005
1616160 1005
1616170 1008
1616180 1010
1616190 1010
1616200 1011
1616210 1013
1616220 1013
1616230 1015
1616240 1017
1616250 1017
1616260 1019
1616270 1020
1616280 1020
1616290 1023
1616300 1026
1616310 1028
1616320 1030
1616330 1032
1616340 1032
1616350 1034
1616360 1035
1616370 1034
1616380 1034
1616390 1032
1616400 1026
1616410 1026
1616420 1018
1616430 1013
1616440 1013
1616450 1010
1616460 1008
1616470 1008
1616480 1007
1616490 1006
1616500 1006
1616510 1005
1616520 1006
1616530 1006
1616540 1006
1616550 1007
1616560 1007
1616570 1010
1616580 1014
1616590 1014
1616600 1015
1616610 1013
1616620 1013
1616630 1011
1616640 1008
1616650 1008
1616660 1004
1616670 1000
1616680 1000
1616690 998
1616700 995
1616710 992
1616720 992
1616730 989
1616740 981
1616750 981
1616760 974
1616770 968
1616780 968
1616790 963
1616800 959
1616810 959
1616820 955
1616830 950
1616840 950
1616850 946
1616860 951
1616870 951
1616880 956
1616890 957
1616900 957
1616910 958
1616920 961
1616930 961
1616940 964
1616950 967
1616960 967
1616970 969
1616980 972
1616990 972
1617000 976
1617010 981
1617020 981
1617030 986
1617040 994
1617050 998
1617060 998
1617070 999
1617080 999
1617090 999
1617100 1001
1617110 1002
1617120 1002
1617130 1004
1617140 1004
1617150 1004
1617160 1005
1617170 1005
1617180 1005
1617190 1006
1617200 1008
1617210 1008
1617220 1009
1617230 1011
1617240 1011
1617250 1012
1617260 1014
1617270 1014
1617280 1019
1617290 1021
1617300 1021
1617310 1023
1617320 1024
1617330 1024
1617340 1025
1617350 1026
1617360 1026
1617370 1025
1617380 1024
1617390 1025
1617400 1025
1617410 1027
1617420 1028
1617430 1028
1617440 1029
1617450 1029
1617460 1029
1617470 1030
1617480 1031
1617490 1031
1617500 1031
1617510 1030
1617520 1030
1617530 1030
1617540 1029
1617550 1029
1617560 1028
1617570 1028
1617580 1028
1617590 1028
1617600 1029
1617610 1029
1617620 1029
1617630 1029
1617640 1029
1617650 1029
1617660 1028
1617670 1028
1617680 1027
1617690 1025
1617700 1025
1617710 1022
1617720 1021
1617730 1020
1617740 1020
1617750 1020
1617760 1020
1617770 1020
1617780 1021
1617790 1021
1617800 1021
1617810 1021
1617820 1021
1617830 1021
1617840 1021
1617850 1020
1617860 1020
1617870 1020
1617880 1020
1617890 1020
1617900 1020
1617910 1019
1617920 1019
1617930 1018
1617940 1017
1617950 1017
1617960 1015
1617970 1015
1617980 1015
1617990 1015
1618000 1015
1618010 1015
1618020 1015
1618030 1016
1618040 1016
1618050 1017
1618060 1018
1618070 1018
1618080 1018
1618090 1019
1618100 1019
1618110 1019
1618120 1019
1618130 1019
1618140 1019
1618150 1019
1618160 1019
1618170 1019
1618180 1018
1618190 1016
1618200 1016
1618210 1015
1618220 1015
1618230 1015
1618240 1017
1618250 1017
1618260 1017
1618270 1016
1618280 1014
1618290 1014
1618300 1013
1618310 1011
1618320 1011
1618330 1009
1618340 1004
1618350 1004
1618360 998
1618370 991
1618380 991
1618390 984
1618400 977
1618410 971
1618420 971
1618430 966
1618440 961
1618450 961
1618460 956
1618470 951
1618480 951
1618490 946
1618500 943
1618510 943
1618520 942
1618530 940
1618540 940
1618550 935
1618560 928
1618570 928
1618580 920
1618590 913
1618600 913
1618610 909
1618620 908
1618630 908
1618640 908
1618650 910
1618660 910
1618670 913
1618680 915
1618690 915
1618700 915
1618710 914
1618720 914
1618730 913
1618740 909
1618750 902
1618760 902
1618770 894
1618780 891
1618790 891
1618800 889
1618810 885
1618820 885
1618830 885
1618840 887
1618850 887
1618860 887
1618870 890
1618880 890
1618890 896
1618900 903
1618910 903
1618920 912
1618930 918
1618940 918
1618950 923
1618960 923
1618970 923
1618980 923
1618990 922
1619000 922
1619010 920
1619020 919
1619030 919
1619040 917
1619050 915
1619060 915
1619070 913
1619080 911
1619090 909
1619100 909
1619110 907
1619120 905
1619130 905
1619140 900
1619150 895
1619160 895
1619170 890
1619180 887
1619190 889
1619200 887
1619210 884
1619220 884
1619230 877
1619240 871
1619250 871
1619260 864
1619270 853
1619280 853
1619290 844
1619300 836
1619310 836
1619320 828
1619330 822
1619340 822
1619350 818
1619360 814
1619370 814
1619380 815
1619390 821
1619400 821
1619410 826
1619420 833
1619430 842
1619440 842
1619450 849
1619460 854
1619470 854
1619480 859
1619490 866
1619500 866
1619510 872
1619520 877
1619530 877
1619540 883
1619550 888
1619560 888
1619570 893
1619580 898
1619590 898
1619600 902
1619610 902
1619620 902
1619630 905
1619640 908
1619650 908
1619660 913
1619670 916
1619680 916
1619690 920
1619700 923
1619710 923
1619720 926
1619730 928
1619740 928
1619750 929
1619760 932
1619770 935
1619780 935
1619790 937
1619800 939
1619810 939
1619820 942
1619830 945
1619840 945
1619850 950
1619860 956
1619870 956
1619880 962
1619890 967
1619900 967
1619910 971
1619920 974
1619930 974
1619940 977
1619950 981
1619960 981
1619970 987
1619980 992
1619990 992
