1600000 981
1600010 981
1600020 978
1600030 976
1600040 976
1600050 974
1600060 971
1600070 971
1600080 969
1600090 967
1600100 967
1600110 966
1600120 963
1600130 963
1600140 959
1600150 957
1600160 957
1600170 955
1600180 951
1600190 951
1600200 948
1600210 943
1600220 943
1600230 940
1600240 937
1600250 937
1600260 935
1600270 932
1600280 932
1600290 931
1600300 929
1600310 929
1600320 927
1600330 923
1600340 920
1600350 920
1600360 924
1600370 934
1600380 934
1600390 941
1600400 949
1600410 949
1600420 955
1600430 963
1600440 963
1600450 970
1600460 976
1600470 976
1600480 977
1600490 980
1600500 980
1600510 983
1600520 987
1600530 987
1600540 992
1600550 995
1600560 995
1600570 997
1600580 999
1600590 999
1600600 1001
1600610 1002
1600620 1002
1600630 1002
1600640 1004
1600650 1004
1600660 1004
1600670 1004
1600680 1005
1600690 1005
1600700 1007
1600710 1008
1600720 1008
1600730 1010
1600740 1013
1600750 1013
1600760 1017
1600770 1020
1600780 1020
1600790 1022
1600800 1023
1600810 1023
1600820 1023
1600830 1022
1600840 1022
1600850 1025
1600860 1030
1600870 1030
1600880 1035
1600890 1039
1600900 1039
1600910 1041
1600920 1043
1600930 1043
1600940 1043
1600950 1043
1600960 1043
1600970 1045
1600980 1047
1600990 1047
1601000 1050
1601010 1051
1601020 1051
1601030 1053
1601040 1055
1601050 1056
1601060 1056
1601070 1057
1601080 1057
1601090 1057
1601100 1056
1601110 1056
1601120 1056
1601130 1059
1601140 1063
1601150 1063
1601160 1069
1601170 1076
1601180 1076
1601190 1081
1601200 1082
1601210 1082
1601220 1079
1601230 1075
1601240 1075
1601250 1071
1601260 1069
1601270 1069
1601280 1066
1601290 1063
1601300 1063
1601310 1057
1601320 1054
1601330 1054
1601340 1053
1601350 1053
1601360 1053
1601370 1056
1601380 1061
1601390 1066
1601400 1066
1601410 1073
1601420 1078
1601430 1078
1601440 1078
1601450 1076
1601460 1076
1601470 1076
1601480 1078
1601490 1078
1601500 1080
1601510 1081
1601520 1081
1601530 1079
1601540 1075
1601550 1075
1601560 1073
1601570 1071
1601580 1071
1601590 1068
1601600 1062
1601610 1062
1601620 1056
1601630 1049
1601640 1049
1601650 1056
1601660 1065
1601670 1065
1601680 1073
1601690 1079
1601700 1079
1601710 1085
1601720 1091
1601730 1091
1601740 1096
1601750 1102
1601760 1107
1601770 1107
1601780 1111
1601790 1114
1601800 1114
1601810 1117
1601820 1120
1601830 1120
1601840 1124
1601850 1126
1601860 1126
1601870 1128
1601880 1131
1601890 1131
1601900 1133
1601910 1136
1601920 1136
1601930 1140
1601940 1143
1601950 1143
1601960 1146
1601970 1150
1601980 1150
1601990 1153
1602000 1156
1602010 1156
1602020 1158
1602030 1160
1602040 1160
1602050 1161
1602060 1164
1602070 1164
1602080 1167
1602090 1175
1602100 1175
1602110 1175
1602120 1174
1602130 1173
1602140 1173
1602150 1172
1602160 1169
1602170 1169
1602180 1164
1602190 1158
1602200 1158
1602210 1155
1602220 1152
1602230 1152
1602240 1151
1602250 1151
1602260 1151
1602270 1150
1602280 1148
1602290 1148
1602300 1145
1602310 1142
1602320 1142
1602330 1139
1602340 1134
1602350 1134
1602360 1131
1602370 1126
1602380 1126
1602390 1122
1602400 1118
1602410 1118
1602420 1115
1602430 1112
1602440 1112
1602450 1109
1602460 1103
1602470 1097
1602480 1097
1602490 1092
1602500 1087
1602510 1087
1602520 1082
1602530 1079
1602540 1079
1602550 1077
1602560 1074
1602570 1074
1602580 1068
1602590 1063
1602600 1063
1602610 1059
1602620 1054
1602630 1054
1602640 1050
1602650 1047
1602660 1047
1602670 1043
1602680 1038
1602690 1038
1602700 1031
1602710 1024
1602720 1024
1602730 1019
1602740 1015
1602750 1015
1602760 1013
1602770 1011
1602780 1011
1602790 1008
1602800 1006
1602810 1004
1602820 1004
1602830 1001
1602840 997
1602850 997
1602860 993
1602870 988
1602880 988
1602890 983
1602900 979
1602910 979
1602920 974
1602930 970
1602940 970
1602950 965
1602960 958
1602970 958
1602980 952
1602990 944
1603000 944
1603010 935
1603020 938
1603030 938
1603040 936
1603050 930
1603060 930
1603070 926
1603080 923
1603090 923
1603100 920
1603110 921
1603120 921
1603130 922
1603140 922
1603150 922
1603160 922
1603170 927
1603180 938
1603190 938
1603200 943
1603210 947
1603220 947
1603230 951
1603240 952
1603250 952
1603260 950
1603270 951
1603280 951
1603290 958
1603300 963
1603310 963
1603320 968
1603330 975
1603340 975
1603350 982
1603360 988
1603370 988
1603380 992
1603390 999
1603400 999
1603410 1004
1603420 1010
1603430 1010
1603440 1014
1603450 1020
1603460 1020
1603470 1027
1603480 1034
1603490 1034
1603500 1040
1603510 1044
1603520 1048
1603530 1048
1603540 1053
1603550 1059
1603560 1059
1603570 1066
1603580 1071
1603590 1071
1603600 1076
1603610 1080
1603620 1080
1603630 1086
1603640 1093
1603650 1093
1603660 1097
1603670 1099
1603680 1099
1603690 1102
1603700 1106
1603710 1106
1603720 1111
1603730 1116
1603740 1116
1603750 1122
1603760 1126
1603770 1126
1603780 1131
1603790 1135
1603800 1135
1603810 1137
1603820 1140
1603830 1140
1603840 1141
1603850 1144
1603860 1147
1603870 1147
1603880 1152
1603890 1155
1603900 1155
1603910 1159
1603920 1164
1603930 1164
1603940 1170
1603950 1175
1603960 1175
1603970 1180
1603980 1185
1603990 1185
1604000 1190
1604010 1194
1604020 1194
1604030 1199
1604040 1204
1604050 1204
1604060 1210
1604070 1215
1604080 1215
1604090 1220
1604100 1225
1604110 1225
1604120 1228
1604130 1231
1604140 1231
1604150 1234
1604160 1238
1604170 1238
1604180 1241
1604190 1243
1604200 1243
1604210 1245
1604220 1247
1604230 1248
1604240 1248
1604250 1250
1604260 1253
1604270 1253
1604280 1256
1604290 1260
1604300 1260
1604310 1263
1604320 1266
1604330 1266
1604340 1269
1604350 1273
1604360 1273
1604370 1277
1604380 1280
1604390 1280
1604400 1283
1604410 1286
1604420 1286
1604430 1288
1604440 1292
1604450 1292
1604460 1297
1604470 1304
1604480 1304
1604490 1313
1604500 1320
1604510 1320
1604520 1327
1604530 1331
1604540 1331
1604550 1334
1604560 1336
1604570 1338
1604580 1338
1604590 1340
1604600 1344
1604610 1344
1604620 1347
1604630 1350
1604640 1350
1604650 1353
1604660 1355
1604670 1355
1604680 1360
1604690 1367
1604700 1367
1604710 1372
1604720 1373
1604730 1373
1604740 1373
1604750 1373
1604760 1373
1604770 1372
1604780 1371
1604790 1371
1604800 1369
1604810 1368
1604820 1368
1604830 1367
1604840 1366
1604850 1366
1604860 1364
1604870 1361
1604880 1361
1604890 1358
1604900 1356
1604910 1356
1604920 1353
1604930 1350
1604940 1347
1604950 1347
1604960 1343
1604970 1337
1604980 1337
1604990 1334
1605000 1329
1605010 1329
1605020 1326
1605030 1322
1605040 1322
1605050 1318
1605060 1313
1605070 1313
1605080 1307
1605090 1301
1605100 1301
1605110 1294
1605120 1288
1605130 1288
1605140 1283
1605150 1277
1605160 1277
1605170 1272
1605180 1266
1605190 1266
1605200 1261
1605210 1255
1605220 1255
1605230 1249
1605240 1243
1605250 1243
1605260 1236
1605270 1230
1605280 1225
1605290 1225
1605300 1221
1605310 1217
1605320 1215
1605330 1211
1605340 1207
1605350 1207
1605360 1202
1605370 1198
1605380 1198
1605390 1193
1605400 1186
1605410 1186
1605420 1181
1605430 1178
1605440 1178
1605450 1174
1605460 1171
1605470 1171
1605480 1166
1605490 1162
1605500 1162
1605510 1158
1605520 1155
1605530 1155
1605540 1151
1605550 1147
1605560 1147
1605570 1143
1605580 1138
1605590 1138
1605600 1134
1605610 1129
1605620 1129
1605630 1124
1605640 1116
1605650 1108
1605660 1108
1605670 1108
1605680 1109
1605690 1109
1605700 1108
1605710 1106
1605720 1106
1605730 1105
1605740 1105
1605750 1105
1605760 1103
1605770 1104
1605780 1104
1605790 1103
1605800 1102
1605810 1102
1605820 1101
1605830 1101
1605840 1101
1605850 1098
1605860 1097
1605870 1097
1605880 1095
1605890 1094
1605900 1094
1605910 1093
1605920 1091
1605930 1091
1605940 1088
1605950 1083
1605960 1083
1605970 1079
1605980 1075
1605990 1072
1606000 1072
1606010 1071
1606020 1070
1606030 1070
1606040 1068
1606050 1066
1606060 1066
1606070 1064
1606080 1060
1606090 1060
1606100 1060
1606110 1058
1606120 1058
1606130 1056
1606140 1054
1606150 1054
1606160 1052
1606170 1050
1606180 1050
1606190 1046
1606200 1043
1606210 1043
1606220 1041
1606230 1038
1606240 1038
1606250 1035
1606260 1031
1606270 1031
1606280 1027
1606290 1022
1606300 1022
1606310 1016
1606320 1013
1606330 1013
1606340 1011
1606350 1010
1606360 1008
1606370 1009
1606380 1006
1606390 1009
1606400 1009
1606410 1011
1606420 1009
1606430 1009
1606440 1008
1606450 1008
1606460 1008
1606470 1008
1606480 1009
1606490 1009
1606500 1013
1606510 1017
1606520 1017
1606530 1021
1606540 1022
1606550 1022
1606560 1025
1606570 1025
1606580 1025
1606590 1022
1606600 1015
1606610 1015
1606620 1006
1606630 1004
1606640 1004
1606650 1009
1606660 1010
1606670 1010
1606680 1008
1606690 1005
1606700 1006
1606710 1006
1606720 1007
1606730 1008
1606740 1008
1606750 1011
1606760 1013
1606770 1013
1606780 1016
1606790 1022
1606800 1022
1606810 1026
1606820 1028
1606830 1028
1606840 1027
1606850 1024
1606860 1024
1606870 1022
1606880 1024
1606890 1024
1606900 1028
1606910 1034
1606920 1034
1606930 1040
1606940 1044
1606950 1044
1606960 1048
1606970 1051
1606980 1051
1606990 1051
1607000 1051
1607010 1051
1607020 1052
1607030 1055
1607040 1055
1607050 1058
1607060 1059
1607070 1061
1607080 1061
1607090 1065
1607100 1068
1607110 1068
1607120 1071
1607130 1074
1607140 1074
1607150 1076
1607160 1079
1607170 1079
1607180 1082
1607190 1084
1607200 1084
1607210 1087
1607220 1089
1607230 1089
1607240 1092
1607250 1094
1607260 1094
1607270 1097
1607280 1100
1607290 1100
1607300 1103
1607310 1105
1607320 1105
1607330 1108
1607340 1109
1607350 1109
1607360 1110
1607370 1112
1607380 1112
1607390 1114
1607400 1122
1607410 1129
1607420 1125
1607430 1131
1607440 1134
1607450 1134
1607460 1138
1607470 1140
1607480 1140
1607490 1142
1607500 1145
1607510 1145
1607520 1149
1607530 1153
1607540 1153
1607550 1156
1607560 1160
1607570 1160
1607580 1164
1607590 1167
1607600 1167
1607610 1172
1607620 1176
1607630 1176
1607640 1180
1607650 1185
1607660 1185
1607670 1188
1607680 1190
1607690 1190
1607700 1192
1607710 1196
1607720 1196
1607730 1199
1607740 1203
1607750 1203
1607760 1207
1607770 1210
1607780 1211
1607790 1211
1607800 1213
1607810 1215
1607820 1215
1607830 1217
1607840 1219
1607850 1219
1607860 1222
1607870 1225
1607880 1225
1607890 1227
1607900 1228
1607910 1228
1607920 1231
1607930 1233
1607940 1233
1607950 1236
1607960 1239
1607970 1239
1607980 1244
1607990 1247
1608000 1247
1608010 1249
1608020 1252
1608030 1252
1608040 1255
1608050 1257
1608060 1257
1608070 1259
1608080 1262
1608090 1262
1608100 1265
1608110 1268
1608120 1271
1608130 1271
1608140 1274
1608150 1278
1608160 1278
1608170 1281
1608180 1283
1608190 1283
1608200 1286
1608210 1290
1608220 1290
1608230 1293
1608240 1296
1608250 1296
1608260 1298
1608270 1300
1608280 1300
1608290 1303
1608300 1307
1608310 1307
1608320 1310
1608330 1312
1608340 1312
1608350 1313
1608360 1315
1608370 1315
1608380 1317
1608390 1320
1608400 1320
1608410 1323
1608420 1326
1608430 1326
1608440 1327
1608450 1330
1608460 1330
1608470 1332
1608480 1334
1608490 1337
1608500 1337
1608510 1339
1608520 1341
1608530 1341
1608540 1343
1608550 1345
1608560 1345
1608570 1347
1608580 1349
1608590 1349
1608600 1350
1608610 1352
1608620 1352
1608630 1354
1608640 1356
1608650 1356
1608660 1358
1608670 1359
1608680 1359
1608690 1361
1608700 1363
1608710 1363
1608720 1365
1608730 1367
1608740 1367
1608750 1369
1608760 1371
1608770 1371
1608780 1373
1608790 1375
1608800 1375
1608810 1377
1608820 1380
1608830 1382
1608840 1382
1608850 1385
1608860 1387
1608870 1387
1608880 1389
1608890 1391
1608900 1391
1608910 1394
1608920 1397
1608930 1397
1608940 1399
1608950 1400
1608960 1400
1608970 1402
1608980 1403
1608990 1403
1609000 1405
1609010 1406
1609020 1406
1609030 1408
1609040 1410
1609050 1410
1609060 1413
1609070 1415
1609080 1415
1609090 1416
1609100 1417
1609110 1417
1609120 1417
1609130 1417
1609140 1417
1609150 1417
1609160 1417
1609170 1417
1609180 1416
1609190 1415
1609200 1414
1609210 1414
1609220 1413
1609230 1413
1609240 1413
1609250 1412
1609260 1407
1609270 1407
1609280 1400
1609290 1393
1609300 1393
1609310 1387
1609320 1383
1609330 1383
1609340 1379
1609350 1377
1609360 1377
1609370 1376
1609380 1373
1609390 1373
1609400 1370
1609410 1367
1609420 1367
1609430 1365
1609440 1362
1609450 1362
1609460 1360
1609470 1357
1609480 1357
1609490 1354
1609500 1351
1609510 1351
1609520 1349
1609530 1346
1609540 1343
1609550 1343
1609560 1338
1609570 1333
1609580 1333
1609590 1328
1609600 1324
1609610 1324
1609620 1322
1609630 1319
1609640 1319
1609650 1316
1609660 1312
1609670 1312
1609680 1309
1609690 1304
1609700 1304
1609710 1300
1609720 1297
1609730 1297
1609740 1294
1609750 1291
1609760 1291
1609770 1287
1609780 1281
1609790 1281
1609800 1276
1609810 1273
1609820 1273
1609830 1270
1609840 1267
1609850 1267
1609860 1263
1609870 1260
1609880 1260
1609890 1257
1609900 1254
1609910 1251
1609920 1251
1609930 1247
1609940 1241
1609950 1241
1609960 1234
1609970 1227
1609980 1227
1609990 1220
1610000 1214
1610010 1214
1610020 1209
1610030 1203
1610040 1203
1610050 1197
1610060 1192
1610070 1192
1610080 1187
1610090 1185
1610100 1185
1610110 1182
1610120 1179
1610130 1179
1610140 1176
1610150 1172
1610160 1172
1610170 1167
1610180 1164
1610190 1164
1610200 1161
1610210 1158
1610220 1158
1610230 1154
1610240 1149
1610250 1143
1610260 1143
1610270 1137
1610280 1132
1610290 1132
1610300 1129
1610310 1127
1610320 1127
1610330 1124
1610340 1120
1610350 1120
1610360 1116
1610370 1113
1610380 1113
1610390 1109
1610400 1106
1610410 1106
1610420 1104
1610430 1102
1610440 1102
1610450 1099
1610460 1097
1610470 1097
1610480 1094
1610490 1091
1610500 1090
1610510 1086
1610520 1081
1610530 1081
1610540 1075
1610550 1071
1610560 1071
1610570 1068
1610580 1062
1610590 1062
1610600 1059
1610610 1052
1610620 1045
1610630 1045
1610640 1040
1610650 1044
1610660 1044
1610670 1049
1610680 1054
1610690 1054
1610700 1059
1610710 1064
1610720 1064
1610730 1068
1610740 1072
1610750 1072
1610760 1075
1610770 1079
1610780 1079
1610790 1084
1610800 1088
1610810 1088
1610820 1091
1610830 1093
1610840 1093
1610850 1096
1610860 1101
1610870 1101
1610880 1107
1610890 1113
1610900 1113
1610910 1120
1610920 1126
1610930 1126
1610940 1132
1610950 1138
1610960 1144
1610970 1144
1610980 1148
1610990 1151
1611000 1151
1611010 1153
1611020 1158
1611030 1158
1611040 1163
1611050 1167
1611060 1167
1611070 1171
1611080 1173
1611090 1173
1611100 1175
1611110 1176
1611120 1176
1611130 1180
1611140 1186
1611150 1186
1611160 1194
1611170 1202
1611180 1202
1611190 1212
1611200 1221
1611210 1221
1611220 1229
1611230 1236
1611240 1236
1611250 1242
1611260 1247
1611270 1247
1611280 1252
1611290 1255
1611300 1255
1611310 1260
1611320 1265
1611330 1274
1611340 1274
1611350 1282
1611360 1286
1611370 1286
1611380 1288
1611390 1288
1611400 1288
1611410 1289
1611420 1289
1611430 1289
1611440 1290
1611450 1291
1611460 1291
1611470 1292
1611480 1293
1611490 1293
1611500 1295
1611510 1295
1611520 1295
1611530 1296
1611540 1297
1611550 1297
1611560 1298
1611570 1300
1611580 1300
1611590 1302
1611600 1304
1611610 1304
1611620 1305
1611630 1305
1611640 1305
1611650 1305
1611660 1305
1611670 1304
1611680 1304
1611690 1304
1611700 1305
1611710 1305
1611720 1306
1611730 1306
1611740 1306
1611750 1307
1611760 1308
1611770 1308
1611780 1310
1611790 1312
1611800 1312
1611810 1313
1611820 1315
1611830 1315
1611840 1317
1611850 1320
1611860 1320
1611870 1323
1611880 1324
1611890 1324
1611900 1325
1611910 1326
1611920 1326
1611930 1327
1611940 1327
1611950 1327
1611960 1327
1611970 1327
1611980 1327
1611990 1327
1612000 1327
1612010 1327
1612020 1326
1612030 1326
1612040 1326
1612050 1326
1612060 1325
1612070 1324
1612080 1324
1612090 1324
1612100 1323
1612110 1323
1612120 1321
1612130 1321
1612140 1321
1612150 1321
1612160 1322
1612170 1322
1612180 1321
1612190 1321
1612200 1321
1612210 1320
1612220 1319
1612230 1319
1612240 1317
1612250 1316
1612260 1316
1612270 1313
1612280 1310
1612290 1310
1612300 1307
1612310 1303
1612320 1303
1612330 1300
1612340 1296
1612350 1296
1612360 1292
1612370 1287
1612380 1283
1612390 1283
1612400 1277
1612410 1271
1612420 1271
1612430 1266
1612440 1260
1612450 1260
1612460 1254
1612470 1249
1612480 1249
1612490 1243
1612500 1237
1612510 1237
1612520 1235
1612530 1229
1612540 1229
1612550 1224
1612560 1219
1612570 1219
1612580 1214
1612590 1208
1612600 1208
1612610 1203
1612620 1198
1612630 1198
1612640 1193
1612650 1188
1612660 1188
1612670 1183
1612680 1177
1612690 1177
1612700 1172
1612710 1167
1612720 1167
1612730 1162
1612740 1160
1612750 1161
1612760 1161
1612770 1163
1612780 1163
1612790 1163
1612800 1162
1612810 1162
1612820 1162
1612830 1163
1612840 1164
1612850 1164
1612860 1166
1612870 1167
1612880 1167
1612890 1168
1612900 1168
1612910 1168
1612920 1169
1612930 1169
1612940 1169
1612950 1170
1612960 1171
1612970 1171
1612980 1171
1612990 1172
1613000 1172
1613010 1173
1613020 1174
1613030 1174
1613040 1176
1613050 1177
1613060 1177
1613070 1179
1613080 1180
1613090 1182
1613100 1182
1613110 1184
1613120 1186
1613130 1186
1613140 1187
1613150 1189
1613160 1189
1613170 1191
1613180 1193
1613190 1193
1613200 1195
1613210 1197
1613220 1197
1613230 1198
1613240 1200
1613250 1200
1613260 1202
1613270 1204
1613280 1204
1613290 1206
1613300 1208
1613310 1208
1613320 1211
1613330 1212
1613340 1212
1613350 1215
1613360 1216
1613370 1216
1613380 1218
1613390 1220
1613400 1220
1613410 1221
1613420 1223
1613430 1223
1613440 1224
1613450 1225
1613460 1226
1613470 1226
1613480 1227
1613490 1227
1613500 1227
1613510 1228
1613520 1225
1613530 1225
1613540 1226
1613550 1226
1613560 1226
1613570 1228
1613580 1230
1613590 1230
1613600 1232
1613610 1233
1613620 1233
1613630 1235
1613640 1238
1613650 1238
1613660 1242
1613670 1247
1613680 1247
1613690 1250
1613700 1256
1613710 1256
1613720 1260
1613730 1263
1613740 1263
1613750 1266
1613760 1269
1613770 1269
1613780 1272
1613790 1277
1613800 1284
1613810 1284
1613820 1290
1613830 1294
1613840 1294
1613850 1295
1613860 1294
1613870 1294
1613880 1291
1613890 1290
1613900 1290
1613910 1290
1613920 1292
1613930 1292
1613940 1294
1613950 1295
1613960 1295
1613970 1296
1613980 1298
1613990 1298
1614000 1302
1614010 1304
1614020 1304
1614030 1306
1614040 1308
1614050 1308
1614060 1310
1614070 1313
1614080 1313
1614090 1318
1614100 1323
1614110 1323
1614120 1328
1614130 1334
1614140 1341
1614150 1341
1614160 1348
1614170 1354
1614180 1354
1614190 1360
1614200 1366
1614210 1366
1614220 1372
1614230 1378
1614240 1378
1614250 1383
1614260 1389
1614270 1389
1614280 1394
1614290 1398
1614300 1398
1614310 1401
1614320 1403
1614330 1403
1614340 1404
1614350 1404
1614360 1404
1614370 1405
1614380 1406
1614390 1406
1614400 1404
1614410 1400
1614420 1400
1614430 1396
1614440 1394
1614450 1394
1614460 1390
1614470 1387
1614480 1387
1614490 1387
1614500 1381
1614510 1380
1614520 1380
1614530 1375
1614540 1373
1614550 1373
1614560 1377
1614570 1384
1614580 1384
1614590 1394
1614600 1403
1614610 1403
1614620 1413
1614630 1414
1614640 1414
1614650 1411
1614660 1410
1614670 1410
1614680 1414
1614690 1419
1614700 1419
1614710 1426
1614720 1431
1614730 1431
1614740 1434
1614750 1437
1614760 1437
1614770 1440
1614780 1443
1614790 1443
1614800 1445
1614810 1446
1614820 1446
1614830 1449
1614840 1453
1614850 1458
1614860 1458
1614870 1461
1614880 1462
1614890 1462
1614900 1465
1614910 1467
1614920 1467
1614930 1470
1614940 1472
1614950 1472
1614960 1474
1614970 1475
1614980 1475
1614990 1476
1615000 1476
1615010 1476
1615020 1475
1615030 1474
1615040 1474
1615050 1478
1615060 1482
1615070 1482
1615080 1484
1615090 1486
1615100 1486
1615110 1487
1615120 1488
1615130 1488
1615140 1490
1615150 1492
1615160 1492
1615170 1494
1615180 1496
1615190 1496
1615200 1499
1615210 1500
1615220 1498
1615230 1498
1615240 1494
1615250 1491
1615260 1491
1615270 1489
1615280 1489
1615290 1489
1615300 1495
1615310 1504
1615320 1504
1615330 1514
1615340 1522
1615350 1522
1615360 1527
1615370 1531
1615380 1531
1615390 1533
1615400 1534
1615410 1534
1615420 1539
1615430 1545
1615440 1545
1615450 1550
1615460 1555
1615470 1555
1615480 1558
1615490 1558
1615500 1558
1615510 1562
1615520 1566
1615530 1566
1615540 1572
1615550 1577
1615560 1582
1615570 1582
1615580 1585
1615590 1588
1615600 1588
1615610 1593
1615620 1600
1615630 1600
1615640 1607
1615650 1611
1615660 1611
1615670 1616
1615680 1621
1615690 1621
1615700 1624
1615710 1628
1615720 1628
1615730 1634
1615740 1640
1615750 1640
1615760 1646
1615770 1651
1615780 1651
1615790 1657
1615800 1663
1615810 1663
1615820 1668
1615830 1673
1615840 1673
1615850 1681
1615860 1689
1615870 1689
1615880 1696
1615890 1698
1615900 1698
1615910 1694
1615920 1690
1615930 1687
1615940 1687
1615950 1685
1615960 1684
1615970 1684
1615980 1683
1615990 1682
1616000 1682
1616010 1681
1616020 1680
1616030 1680
1616040 1679
1616050 1678
1616060 1678
1616070 1678
1616080 1676
1616090 1676
1616100 1675
1616110 1674
1616120 1674
1616130 1673
1616140 1671
1616150 1671
1616160 1669
1616170 1666
1616180 1666
1616190 1664
1616200 1660
1616210 1660
1616220 1658
1616230 1655
1616240 1655
1616250 1652
1616260 1650
1616270 1646
1616280 1646
1616290 1642
1616300 1638
1616310 1638
1616320 1635
1616330 1630
1616340 1630
1616350 1625
1616360 1621
1616370 1621
1616380 1618
1616390 1615
1616400 1615
1616410 1611
1616420 1608
1616430 1608
1616440 1605
1616450 1601
1616460 1598
1616470 1594
1616480 1590
1616490 1590
1616500 1586
1616510 1585
1616520 1585
1616530 1583
1616540 1580
1616550 1580
1616560 1577
1616570 1574
1616580 1574
1616590 1569
1616600 1566
1616610 1566
1616620 1564
1616630 1562
1616640 1560
1616650 1560
1616660 1558
1616670 1556
1616680 1556
1616690 1554
1616700 1551
1616710 1551
1616720 1549
1616730 1548
1616740 1548
1616750 1548
1616760 1547
1616770 1547
1616780 1545
1616790 1541
1616800 1541
1616810 1538
1616820 1535
1616830 1535
1616840 1532
1616850 1529
1616860 1529
1616870 1525
1616880 1520
1616890 1520
1616900 1517
1616910 1514
1616920 1514
1616930 1512
1616940 1510
1616950 1510
1616960 1507
1616970 1505
1616980 1504
1616990 1504
1617000 1503
1617010 1501
1617020 1501
1617030 1500
1617040 1500
1617050 1500
1617060 1498
1617070 1496
1617080 1496
1617090 1494
1617100 1491
1617110 1491
1617120 1489
1617130 1488
1617140 1488
1617150 1485
1617160 1483
1617170 1483
1617180 1479
1617190 1476
1617200 1476
1617210 1473
1617220 1470
1617230 1470
1617240 1467
1617250 1463
1617260 1463
1617270 1461
1617280 1458
1617290 1458
1617300 1454
1617310 1452
1617320 1452
1617330 1449
1617340 1446
1617350 1443
1617360 1443
1617370 1441
1617380 1438
1617390 1438
1617400 1435
1617410 1431
1617420 1431
1617430 1425
1617440 1422
1617450 1422
1617460 1419
1617470 1418
1617480 1418
1617490 1415
1617500 1413
1617510 1413
1617520 1413
1617530 1412
1617540 1412
1617550 1409
1617560 1406
1617570 1406
1617580 1404
1617590 1400
1617600 1400
1617610 1397
1617620 1393
1617630 1393
1617640 1390
1617650 1387
1617660 1387
1617670 1384
1617680 1381
1617690 1378
1617700 1378
1617710 1374
1617720 1368
1617730 1368
1617740 1365
1617750 1362
1617760 1362
1617770 1357
1617780 1354
1617790 1354
1617800 1351
1617810 1348
1617820 1348
1617830 1346
1617840 1342
1617850 1342
1617860 1336
1617870 1331
1617880 1331
1617890 1327
1617900 1321
1617910 1321
1617920 1314
1617930 1310
1617940 1310
1617950 1306
1617960 1301
1617970 1301
1617980 1296
1617990 1293
1618000 1293
1618010 1291
1618020 1289
1618030 1289
1618040 1286
1618050 1281
1618060 1277
1618070 1277
1618080 1274
1618090 1270
1618100 1270
1618110 1267
1618120 1264
1618130 1264
1618140 1259
1618150 1256
1618160 1256
1618170 1253
1618180 1250
1618190 1250
1618200 1246
1618210 1245
1618220 1245
1618230 1240
1618240 1236
1618250 1236
1618260 1227
1618270 1219
1618280 1219
1618290 1214
1618300 1210
1618310 1210
1618320 1206
1618330 1200
1618340 1200
1618350 1195
1618360 1189
1618370 1189
1618380 1183
1618390 1176
1618400 1172
1618410 1172
1618420 1171
1618430 1173
1618440 1173
1618450 1180
1618460 1187
1618470 1187
1618480 1189
1618490 1188
1618500 1188
1618510 1186
1618520 1183
1618530 1183
1618540 1183
1618550 1186
1618560 1186
1618570 1189
1618580 1192
1618590 1192
1618600 1199
1618610 1205
1618620 1205
1618630 1209
1618640 1210
1618650 1210
1618660 1211
1618670 1212
1618680 1212
1618690 1213
1618700 1214
1618710 1214
1618720 1214
1618730 1214
1618740 1214
1618750 1217
1618760 1219
1618770 1222
1618780 1222
1618790 1226
1618800 1232
1618810 1232
1618820 1237
1618830 1244
1618840 1244
1618850 1252
1618860 1259
1618870 1259
1618880 1264
1618890 1269
1618900 1269
1618910 1273
1618920 1275
1618930 1275
1618940 1277
1618950 1280
1618960 1280
1618970 1285
1618980 1291
1618990 1291
1619000 1298
1619010 1303
1619020 1303
1619030 1308
1619040 1313
1619050 1313
1619060 1316
1619070 1316
1619080 1316
1619090 1319
1619100 1325
1619110 1330
1619120 1330
1619130 1334
1619140 1337
1619150 1337
1619160 1340
1619170 1344
1619180 1344
1619190 1349
1619200 1354
1619210 1354
1619220 1359
1619230 1364
1619240 1364
1619250 1369
1619260 1374
1619270 1374
1619280 1378
1619290 1382
1619300 1382
1619310 1385
1619320 1388
1619330 1388
1619340 1380
1619350 1380
1619360 1380
1619370 1386
1619380 1390
1619390 1390
1619400 1394
1619410 1398
1619420 1398
1619430 1398
1619440 1402
1619450 1402
1619460 1409
1619470 1416
1619480 1422
1619490 1422
1619500 1427
1619510 1432
1619520 1432
1619530 1440
1619540 1447
1619550 1447
1619560 1455
1619570 1460
1619580 1460
1619590 1464
1619600 1468
1619610 1468
1619620 1473
1619630 1476
1619640 1476
1619650 1479
1619660 1483
1619670 1483
1619680 1487
1619690 1491
1619700 1491
1619710 1496
1619720 1500
1619730 1500
1619740 1504
1619750 1510
1619760 1510
1619770 1514
1619780 1519
1619790 1519
1619800 1523
1619810 1526
1619820 1528
1619830 1528
1619840 1529
1619850 1529
1619860 1529
1619870 1527
1619880 1527
1619890 1527
1619900 1528
1619910 1531
1619920 1531
1619930 1535
1619940 1537
1619950 1537
1619960 1539
1619970 1537
1619980 1537
1619990 1535
