1600000 1111
1600010 1108
1600020 1108
1600030 1106
1600040 1104
1600050 1104
1600060 1103
1600070 1100
1600080 1100
1600090 1098
1600100 1097
1600110 1096
1600120 1096
1600130 1095
1600140 1094
1600150 1094
1600160 1091
1600170 1090
1600180 1090
1600190 1089
1600200 1087
1600210 1087
1600220 1086
1600230 1085
1600240 1085
1600250 1084
1600260 1083
1600270 1083
1600280 1081
1600290 1077
1600300 1077
1600310 1070
1600320 1064
1600330 1064
1600340 1058
1600350 1052
1600360 1052
1600370 1046
1600380 1038
1600390 1038
1600400 1033
1600410 1037
1600420 1037
1600430 1045
1600440 1051
1600450 1051
1600460 1057
1600470 1065
1600480 1074
1600490 1074
1600500 1082
1600510 1089
1600520 1089
1600530 1092
1600540 1095
1600550 1095
1600560 1100
1600570 1103
1600580 1109
1600590 1111
1600600 1111
1600610 1111
1600620 1113
1600630 1117
1600640 1117
1600650 1121
1600660 1124
1600670 1124
1600680 1127
1600690 1131
1600700 1131
1600710 1135
1600720 1140
1600730 1140
1600740 1143
1600750 1147
1600760 1147
1600770 1151
1600780 1154
1600790 1154
1600800 1157
1600810 1159
1600820 1161
1600830 1161
1600840 1163
1600850 1166
1600860 1166
1600870 1169
1600880 1171
1600890 1171
1600900 1171
1600910 1171
1600920 1171
1600930 1173
1600940 1178
1600950 1178
1600960 1181
1600970 1183
1600980 1183
1600990 1186
1601000 1188
1601010 1188
1601020 1188
1601030 1187
1601040 1187
1601050 1188
1601060 1189
1601070 1189
1601080 1190
1601090 1192
1601100 1192
1601110 1194
1601120 1196
1601130 1196
1601140 1198
1601150 1200
1601160 1200
1601170 1202
1601180 1204
1601190 1205
1601200 1205
1601210 1208
1601220 1211
1601230 1211
1601240 1213
1601250 1218
1601260 1218
1601270 1221
1601280 1223
1601290 1223
1601300 1226
1601310 1230
1601320 1230
1601330 1234
1601340 1238
1601350 1238
1601360 1245
1601370 1253
1601380 1253
1601390 1255
1601400 1252
1601410 1252
1601420 1250
1601430 1247
1601440 1247
1601450 1243
1601460 1240
1601470 1240
1601480 1237
1601490 1234
1601500 1234
1601510 1232
1601520 1229
1601530 1225
1601540 1225
1601550 1218
1601560 1212
1601570 1212
1601580 1210
1601590 1213
1601600 1213
1601610 1213
1601620 1211
1601630 1211
1601640 1213
1601650 1214
1601660 1214
1601670 1216
1601680 1220
1601690 1220
1601700 1221
1601710 1226
1601720 1226
1601730 1230
1601740 1235
1601750 1235
1601760 1238
1601770 1240
1601780 1240
1601790 1242
1601800 1243
1601810 1243
1601820 1245
1601830 1246
1601840 1246
1601850 1249
1601860 1253
1601870 1253
1601880 1254
1601890 1257
1601900 1259
1601910 1259
1601920 1263
1601930 1267
1601940 1267
1601950 1271
1601960 1273
1601970 1273
1601980 1275
1601990 1278
1602000 1278
1602010 1283
1602020 1288
1602030 1288
1602040 1293
1602050 1296
1602060 1296
1602070 1298
1602080 1299
1602090 1299
1602100 1298
1602110 1296
1602120 1296
1602130 1294
1602140 1292
1602150 1292
1602160 1288
1602170 1284
1602180 1284
1602190 1280
1602200 1275
1602210 1275
1602220 1270
1602230 1266
1602240 1262
1602250 1262
1602260 1256
1602270 1252
1602280 1252
1602290 1246
1602300 1241
1602310 1241
1602320 1238
1602330 1234
1602340 1234
1602350 1228
1602360 1224
1602370 1224
1602380 1218
1602390 1212
1602400 1212
1602410 1206
1602420 1202
1602430 1202
1602440 1197
1602450 1191
1602460 1191
1602470 1186
1602480 1181
1602490 1181
1602500 1178
1602510 1175
1602520 1175
1602530 1171
1602540 1166
1602550 1166
1602560 1161
1602570 1157
1602580 1157
1602590 1152
1602600 1147
1602610 1143
1602620 1143
1602630 1139
1602640 1135
1602650 1135
1602660 1131
1602670 1127
1602680 1127
1602690 1123
1602700 1119
1602710 1119
1602720 1114
1602730 1109
1602740 1109
1602750 1105
1602760 1100
1602770 1102
1602780 1096
1602790 1089
1602800 1089
1602810 1084
1602820 1081
1602830 1081
1602840 1078
1602850 1075
1602860 1075
1602870 1071
1602880 1068
1602890 1068
1602900 1062
1602910 1057
1602920 1057
1602930 1053
1602940 1047
1602950 1042
1602960 1042
1602970 1036
1602980 1030
1602990 1030
1603000 1025
1603010 1021
1603020 1021
1603030 1015
1603040 1009
1603050 1009
1603060 1001
1603070 995
1603080 995
1603090 991
1603100 984
1603110 984
1603120 984
1603130 992
1603140 992
1603150 998
1603160 1000
1603170 1000
1603180 994
1603190 984
1603200 984
1603210 982
1603220 989
1603230 989
1603240 998
1603250 1005
1603260 1005
1603270 1012
1603280 1019
1603290 1019
1603300 1026
1603310 1031
1603320 1035
1603330 1035
1603340 1041
1603350 1044
1603360 1044
1603370 1047
1603380 1051
1603390 1051
1603400 1055
1603410 1061
1603420 1061
1603430 1066
1603440 1069
1603450 1069
1603460 1072
1603470 1074
1603480 1074
1603490 1076
1603500 1080
1603510 1080
1603520 1084
1603530 1089
1603540 1089
1603550 1094
1603560 1099
1603570 1099
1603580 1105
1603590 1109
1603600 1109
1603610 1114
1603620 1118
1603630 1118
1603640 1122
1603650 1126
1603660 1130
1603670 1130
1603680 1133
1603690 1137
1603700 1137
1603710 1140
1603720 1144
1603730 1144
1603740 1148
1603750 1152
1603760 1152
1603770 1155
1603780 1158
1603790 1158
1603800 1160
1603810 1162
1603820 1162
1603830 1163
1603840 1164
1603850 1167
1603860 1167
1603870 1167
1603880 1167
1603890 1166
1603900 1167
1603910 1167
1603920 1167
1603930 1166
1603940 1166
1603950 1165
1603960 1165
1603970 1165
1603980 1166
1603990 1169
1604000 1169
1604010 1175
1604020 1180
1604030 1184
1604040 1184
1604050 1189
1604060 1193
1604070 1193
1604080 1197
1604090 1201
1604100 1201
1604110 1206
1604120 1210
1604130 1210
1604140 1214
1604150 1218
1604160 1218
1604170 1223
1604180 1228
1604190 1228
1604200 1234
1604210 1241
1604220 1241
1604230 1248
1604240 1255
1604250 1255
1604260 1262
1604270 1267
1604280 1267
1604290 1273
1604300 1278
1604310 1278
1604320 1283
1604330 1289
1604340 1289
1604350 1294
1604360 1300
1604370 1306
1604380 1306
1604390 1312
1604400 1316
1604410 1316
1604420 1320
1604430 1325
1604440 1325
1604450 1330
1604460 1335
1604470 1335
1604480 1340
1604490 1345
1604500 1345
1604510 1350
1604520 1355
1604530 1355
1604540 1359
1604550 1362
1604560 1362
1604570 1364
1604580 1366
1604590 1366
1604600 1368
1604610 1370
1604620 1370
1604630 1372
1604640 1373
1604650 1373
1604660 1373
1604670 1374
1604680 1374
1604690 1374
1604700 1375
1604710 1375
1604720 1375
1604730 1375
1604740 1374
1604750 1374
1604760 1374
1604770 1373
1604780 1373
1604790 1371
1604800 1369
1604810 1369
1604820 1365
1604830 1359
1604840 1359
1604850 1353
1604860 1346
1604870 1346
1604880 1340
1604890 1333
1604900 1333
1604910 1326
1604920 1319
1604930 1319
1604940 1313
1604950 1308
1604960 1308
1604970 1303
1604980 1298
1604990 1298
1605000 1294
1605010 1289
1605020 1289
1605030 1285
1605040 1281
1605050 1281
1605060 1277
1605070 1273
1605080 1270
1605090 1270
1605100 1266
1605110 1259
1605120 1259
1605130 1253
1605140 1248
1605150 1248
1605160 1244
1605170 1241
1605180 1241
1605190 1237
1605200 1235
1605210 1235
1605220 1230
1605230 1227
1605240 1227
1605250 1227
1605260 1227
1605270 1227
1605280 1226
1605290 1224
1605300 1224
1605310 1222
1605320 1218
1605330 1218
1605340 1214
1605350 1210
1605360 1210
1605370 1205
1605380 1200
1605390 1200
1605400 1196
1605410 1192
1605420 1192
1605430 1189
1605440 1184
1605450 1180
1605460 1180
1605470 1176
1605480 1175
1605490 1175
1605500 1172
1605510 1168
1605520 1168
1605530 1166
1605540 1164
1605550 1164
1605560 1161
1605570 1157
1605580 1157
1605590 1149
1605600 1153
1605610 1153
1605620 1157
1605630 1160
1605640 1160
1605650 1163
1605660 1169
1605670 1169
1605680 1173
1605690 1172
1605700 1172
1605710 1175
1605720 1179
1605730 1179
1605740 1181
1605750 1183
1605760 1183
1605770 1185
1605780 1188
1605790 1190
1605800 1190
1605810 1191
1605820 1192
1605830 1192
1605840 1192
1605850 1191
1605860 1191
1605870 1191
1605880 1192
1605890 1192
1605900 1192
1605910 1191
1605920 1191
1605930 1190
1605940 1189
1605950 1189
1605960 1187
1605970 1187
1605980 1192
1605990 1191
1606000 1189
1606010 1189
1606020 1187
1606030 1182
1606040 1182
1606050 1178
1606060 1174
1606070 1174
1606080 1171
1606090 1168
1606100 1168
1606110 1165
1606120 1161
1606130 1161
1606140 1157
1606150 1155
1606160 1152
1606170 1152
1606180 1148
1606190 1145
1606200 1145
1606210 1142
1606220 1140
1606230 1140
1606240 1139
1606250 1138
1606260 1138
1606270 1136
1606280 1134
1606290 1134
1606300 1132
1606310 1130
1606320 1130
1606330 1128
1606340 1125
1606350 1125
1606360 1122
1606370 1119
1606380 1119
1606390 1116
1606400 1113
1606410 1113
1606420 1109
1606430 1103
1606440 1103
1606450 1095
1606460 1087
1606470 1087
1606480 1077
1606490 1070
1606500 1070
1606510 1068
1606520 1071
1606530 1076
1606540 1076
1606550 1080
1606560 1085
1606570 1085
1606580 1087
1606590 1092
1606600 1092
1606610 1098
1606620 1103
1606630 1103
1606640 1106
1606650 1107
1606660 1107
1606670 1108
1606680 1108
1606690 1108
1606700 1108
1606710 1108
1606720 1108
1606730 1108
1606740 1108
1606750 1108
1606760 1110
1606770 1110
1606780 1110
1606790 1110
1606800 1112
1606810 1112
1606820 1115
1606830 1118
1606840 1118
1606850 1118
1606860 1119
1606870 1121
1606880 1121
1606890 1121
1606900 1121
1606910 1121
1606920 1123
1606930 1125
1606940 1125
1606950 1127
1606960 1129
1606970 1129
1606980 1131
1606990 1134
1607000 1134
1607010 1136
1607020 1138
1607030 1147
1607040 1148
1607050 1148
1607060 1148
1607070 1146
1607080 1144
1607090 1144
1607100 1141
1607110 1141
1607120 1141
1607130 1142
1607140 1144
1607150 1144
1607160 1146
1607170 1148
1607180 1148
1607190 1150
1607200 1152
1607210 1152
1607220 1153
1607230 1155
1607240 1155
1607250 1155
1607260 1156
1607270 1158
1607280 1158
1607290 1158
1607300 1159
1607310 1159
1607320 1160
1607330 1162
1607340 1162
1607350 1166
1607360 1167
1607370 1167
1607380 1169
1607390 1168
1607400 1168
1607410 1167
1607420 1166
1607430 1166
1607440 1164
1607450 1164
1607460 1164
1607470 1163
1607480 1163
1607490 1163
1607500 1163
1607510 1163
1607520 1163
1607530 1163
1607540 1162
1607550 1162
1607560 1162
1607570 1161
1607580 1161
1607590 1161
1607600 1161
1607610 1161
1607620 1161
1607630 1161
1607640 1161
1607650 1161
1607660 1161
1607670 1161
1607680 1161
1607690 1160
1607700 1159
1607710 1159
1607720 1158
1607730 1153
1607740 1153
1607750 1150
1607760 1150
1607770 1150
1607780 1155
1607790 1159
1607800 1159
1607810 1162
1607820 1164
1607830 1164
1607840 1168
1607850 1171
1607860 1171
1607870 1175
1607880 1179
1607890 1179
1607900 1184
1607910 1188
1607920 1188
1607930 1193
1607940 1197
1607950 1200
1607960 1200
1607970 1203
1607980 1207
1607990 1207
1608000 1211
1608010 1215
1608020 1215
1608030 1219
1608040 1223
1608050 1223
1608060 1226
1608070 1227
1608080 1227
1608090 1230
1608100 1233
1608110 1233
1608120 1237
1608130 1240
1608140 1240
1608150 1243
1608160 1246
1608170 1246
1608180 1248
1608190 1250
1608200 1250
1608210 1253
1608220 1255
1608230 1255
1608240 1257
1608250 1258
1608260 1258
1608270 1259
1608280 1260
1608290 1261
1608300 1261
1608310 1263
1608320 1266
1608330 1266
1608340 1268
1608350 1269
1608360 1269
1608370 1271
1608380 1272
1608390 1272
1608400 1272
1608410 1272
1608420 1272
1608430 1273
1608440 1275
1608450 1275
1608460 1276
1608470 1277
1608480 1277
1608490 1278
1608500 1279
1608510 1279
1608520 1279
1608530 1280
1608540 1280
1608550 1281
1608560 1281
1608570 1281
1608580 1280
1608590 1279
1608600 1279
1608610 1280
1608620 1282
1608630 1282
1608640 1282
1608650 1283
1608660 1284
1608670 1284
1608680 1286
1608690 1287
1608700 1287
1608710 1289
1608720 1291
1608730 1291
1608740 1293
1608750 1295
1608760 1295
1608770 1296
1608780 1298
1608790 1298
1608800 1300
1608810 1301
1608820 1301
1608830 1302
1608840 1303
1608850 1303
1608860 1305
1608870 1307
1608880 1307
1608890 1309
1608900 1311
1608910 1311
1608920 1313
1608930 1315
1608940 1315
1608950 1315
1608960 1317
1608970 1317
1608980 1320
1608990 1323
1609000 1324
1609010 1324
1609020 1325
1609030 1325
1609040 1325
1609050 1326
1609060 1325
1609070 1325
1609080 1326
1609090 1328
1609100 1324
1609110 1326
1609120 1327
1609130 1327
1609140 1327
1609150 1327
1609160 1327
1609170 1326
1609180 1325
1609190 1325
1609200 1323
1609210 1321
1609220 1321
1609230 1320
1609240 1318
1609250 1318
1609260 1317
1609270 1314
1609280 1314
1609290 1311
1609300 1308
1609310 1308
1609320 1304
1609330 1301
1609340 1301
1609350 1299
1609360 1296
1609370 1291
1609380 1291
1609390 1288
1609400 1284
1609410 1284
1609420 1282
1609430 1279
1609440 1279
1609450 1275
1609460 1272
1609470 1272
1609480 1270
1609490 1267
1609500 1267
1609510 1263
1609520 1259
1609530 1259
1609540 1256
1609550 1254
1609560 1254
1609570 1252
1609580 1249
1609590 1249
1609600 1246
1609610 1244
1609620 1244
1609630 1242
1609640 1239
1609650 1239
1609660 1236
1609670 1233
1609680 1233
1609690 1229
1609700 1226
1609710 1222
1609720 1222
1609730 1217
1609740 1211
1609750 1211
1609760 1207
1609770 1201
1609780 1201
1609790 1197
1609800 1194
1609810 1194
1609820 1191
1609830 1188
1609840 1188
1609850 1184
1609860 1179
1609870 1179
1609880 1174
1609890 1170
1609900 1170
1609910 1165
1609920 1162
1609930 1162
1609940 1159
1609950 1155
1609960 1155
1609970 1153
1609980 1150
1609990 1150
1610000 1147
1610010 1144
1610020 1144
1610030 1141
1610040 1139
1610050 1139
1610060 1137
1610070 1135
1610080 1134
1610090 1134
1610100 1133
1610110 1131
1610120 1129
1610130 1127
1610140 1125
1610150 1125
1610160 1123
1610170 1120
1610180 1120
1610190 1117
1610200 1113
1610210 1113
1610220 1107
1610230 1101
1610240 1101
1610250 1097
1610260 1092
1610270 1092
1610280 1089
1610290 1086
1610300 1086
1610310 1082
1610320 1078
1610330 1078
1610340 1073
1610350 1069
1610360 1069
1610370 1067
1610380 1064
1610390 1064
1610400 1061
1610410 1058
1610420 1058
1610430 1055
1610440 1050
1610450 1044
1610460 1044
1610470 1039
1610480 1036
1610490 1036
1610500 1033
1610510 1027
1610520 1027
1610530 1025
1610540 1023
1610550 1023
1610560 1017
1610570 1010
1610580 1010
1610590 1003
1610600 999
1610610 999
1610620 992
1610630 984
1610640 984
1610650 978
1610660 975
1610670 975
1610680 971
1610690 970
1610700 970
1610710 977
1610720 985
1610730 985
1610740 990
1610750 996
1610760 996
1610770 1000
1610780 1006
1610790 1011
1610800 1011
1610810 1014
1610820 1019
1610830 1019
1610840 1024
1610850 1026
1610860 1026
1610870 1028
1610880 1031
1610890 1031
1610900 1033
1610910 1034
1610920 1034
1610930 1037
1610940 1038
1610950 1038
1610960 1043
1610970 1047
1610980 1047
1610990 1050
1611000 1056
1611010 1056
1611020 1062
1611030 1069
1611040 1069
1611050 1074
1611060 1076
1611070 1076
1611080 1078
1611090 1079
1611100 1079
1611110 1081
1611120 1082
1611130 1082
1611140 1080
1611150 1081
1611160 1082
1611170 1082
1611180 1084
1611190 1085
1611200 1085
1611210 1086
1611220 1088
1611230 1088
1611240 1089
1611250 1090
1611260 1090
1611270 1090
1611280 1091
1611290 1091
1611300 1092
1611310 1093
1611320 1093
1611330 1096
1611340 1099
1611350 1099
1611360 1100
1611370 1102
1611380 1102
1611390 1104
1611400 1106
1611410 1106
1611420 1107
1611430 1109
1611440 1109
1611450 1110
1611460 1113
1611470 1113
1611480 1115
1611490 1117
1611500 1120
1611510 1120
1611520 1121
1611530 1123
1611540 1123
1611550 1124
1611560 1124
1611570 1124
1611580 1124
1611590 1122
1611600 1122
1611610 1125
1611620 1130
1611630 1130
1611640 1135
1611650 1138
1611660 1138
1611670 1141
1611680 1143
1611690 1143
1611700 1144
1611710 1145
1611720 1145
1611730 1146
1611740 1145
1611750 1145
1611760 1145
1611770 1144
1611780 1144
1611790 1144
1611800 1143
1611810 1143
1611820 1143
1611830 1145
1611840 1145
1611850 1148
1611860 1149
1611870 1150
1611880 1150
1611890 1150
1611900 1150
1611910 1150
1611920 1151
1611930 1151
1611940 1151
1611950 1151
1611960 1151
1611970 1151
1611980 1151
1611990 1150
1612000 1150
1612010 1150
1612020 1150
1612030 1150
1612040 1148
1612050 1146
1612060 1146
1612070 1144
1612080 1146
1612090 1146
1612100 1150
1612110 1155
1612120 1155
1612130 1159
1612140 1158
1612150 1158
1612160 1161
1612170 1162
1612180 1162
1612190 1162
1612200 1161
1612210 1159
1612220 1159
1612230 1157
1612240 1156
1612250 1156
1612260 1158
1612270 1161
1612280 1161
1612290 1163
1612300 1165
1612310 1165
1612320 1166
1612330 1167
1612340 1167
1612350 1167
1612360 1166
1612370 1166
1612380 1165
1612390 1162
1612400 1162
1612410 1163
1612420 1166
1612430 1166
1612440 1169
1612450 1172
1612460 1172
1612470 1174
1612480 1176
1612490 1176
1612500 1178
1612510 1180
1612520 1180
1612530 1181
1612540 1183
1612550 1183
1612560 1184
1612570 1186
1612580 1188
1612590 1188
1612600 1190
1612610 1191
1612620 1191
1612630 1194
1612640 1196
1612650 1196
1612660 1199
1612670 1203
1612680 1203
1612690 1207
1612700 1211
1612710 1211
1612720 1215
1612730 1218
1612740 1218
1612750 1221
1612760 1225
1612770 1225
1612780 1228
1612790 1230
1612800 1230
1612810 1233
1612820 1236
1612830 1236
1612840 1238
1612850 1239
1612860 1239
1612870 1237
1612880 1234
1612890 1234
1612900 1231
1612910 1227
1612920 1224
1612930 1224
1612940 1221
1612950 1217
1612960 1217
1612970 1214
1612980 1210
1612990 1210
1613000 1206
1613010 1201
1613020 1201
1613030 1196
1613040 1191
1613050 1191
1613060 1187
1613070 1186
1613080 1186
1613090 1187
1613100 1188
1613110 1188
1613120 1189
1613130 1190
1613140 1190
1613150 1191
1613160 1191
1613170 1191
1613180 1192
1613190 1193
1613200 1193
1613210 1194
1613220 1196
1613230 1196
1613240 1196
1613250 1196
1613260 1196
1613270 1200
1613280 1201
1613290 1201
1613300 1201
1613310 1202
1613320 1203
1613330 1203
1613340 1204
1613350 1204
1613360 1204
1613370 1205
1613380 1206
1613390 1206
1613400 1207
1613410 1207
1613420 1207
1613430 1208
1613440 1208
1613450 1208
1613460 1209
1613470 1210
1613480 1210
1613490 1211
1613500 1212
1613510 1212
1613520 1213
1613530 1214
1613540 1214
1613550 1215
1613560 1216
1613570 1216
1613580 1217
1613590 1218
1613600 1218
1613610 1219
1613620 1220
1613630 1221
1613640 1221
1613650 1222
1613660 1223
1613670 1223
1613680 1224
1613690 1225
1613700 1225
1613710 1225
1613720 1227
1613730 1227
1613740 1228
1613750 1229
1613760 1229
1613770 1230
1613780 1231
1613790 1231
1613800 1232
1613810 1233
1613820 1233
1613830 1235
1613840 1236
1613850 1236
1613860 1237
1613870 1239
1613880 1239
1613890 1240
1613900 1242
1613910 1242
1613920 1243
1613930 1244
1613940 1244
1613950 1245
1613960 1246
1613970 1246
1613980 1247
1613990 1248
1614000 1249
1614010 1249
1614020 1251
1614030 1252
1614040 1252
1614050 1253
1614060 1254
1614070 1254
1614080 1255
1614090 1258
1614100 1258
1614110 1260
1614120 1260
1614130 1260
1614140 1261
1614150 1263
1614160 1263
1614170 1264
1614180 1265
1614190 1265
1614200 1267
1614210 1268
1614220 1268
1614230 1269
1614240 1271
1614250 1271
1614260 1273
1614270 1275
1614280 1275
1614290 1276
1614300 1277
1614310 1277
1614320 1279
1614330 1280
1614340 1281
1614350 1281
1614360 1282
1614370 1283
1614380 1283
1614390 1285
1614400 1288
1614410 1288
1614420 1290
1614430 1291
1614440 1291
1614450 1293
1614460 1294
1614470 1294
1614480 1296
1614490 1298
1614500 1298
1614510 1300
1614520 1302
1614530 1302
1614540 1303
1614550 1305
1614560 1305
1614570 1306
1614580 1308
1614590 1308
1614600 1310
1614610 1312
1614620 1312
1614630 1313
1614640 1313
1614650 1313
1614660 1316
1614670 1318
1614680 1318
1614690 1321
1614700 1323
1614710 1325
1614720 1325
1614730 1326
1614740 1328
1614750 1328
1614760 1330
1614770 1331
1614780 1331
1614790 1333
1614800 1333
1614810 1333
1614820 1335
1614830 1335
1614840 1335
1614850 1335
1614860 1336
1614870 1336
1614880 1337
1614890 1341
1614900 1341
1614910 1346
1614920 1350
1614930 1350
1614940 1354
1614950 1359
1614960 1359
1614970 1363
1614980 1366
1614990 1366
1615000 1369
1615010 1373
1615020 1373
1615030 1380
1615040 1387
1615050 1389
1615060 1389
1615070 1394
1615080 1398
1615090 1398
1615100 1402
1615110 1406
1615120 1401
1615130 1405
1615140 1409
1615150 1409
1615160 1413
1615170 1416
1615180 1416
1615190 1420
1615200 1425
1615210 1425
1615220 1430
1615230 1436
1615240 1436
1615250 1442
1615260 1448
1615270 1448
1615280 1452
1615290 1455
1615300 1455
1615310 1459
1615320 1463
1615330 1463
1615340 1466
1615350 1471
1615360 1471
1615370 1475
1615380 1479
1615390 1479
1615400 1483
1615410 1485
1615420 1486
1615430 1486
1615440 1487
1615450 1488
1615460 1488
1615470 1488
1615480 1490
1615490 1490
1615500 1491
1615510 1492
1615520 1492
1615530 1497
1615540 1505
1615550 1505
1615560 1512
1615570 1516
1615580 1516
1615590 1518
1615600 1518
1615610 1518
1615620 1518
1615630 1519
1615640 1519
1615650 1525
1615660 1532
1615670 1532
1615680 1539
1615690 1544
1615700 1544
1615710 1545
1615720 1548
1615730 1548
1615740 1552
1615750 1557
1615760 1561
1615770 1561
1615780 1565
1615790 1569
1615800 1569
1615810 1572
1615820 1575
1615830 1575
1615840 1577
1615850 1580
1615860 1580
1615870 1581
1615880 1583
1615890 1583
1615900 1584
1615910 1585
1615920 1585
1615930 1586
1615940 1587
1615950 1587
1615960 1587
1615970 1587
1615980 1587
1615990 1586
1616000 1585
1616010 1585
1616020 1583
1616030 1582
1616040 1582
1616050 1579
1616060 1577
1616070 1577
1616080 1575
1616090 1572
1616100 1569
1616110 1567
1616120 1564
1616130 1562
1616140 1562
1616150 1559
1616160 1556
1616170 1556
1616180 1553
1616190 1550
1616200 1550
1616210 1546
1616220 1542
1616230 1542
1616240 1537
1616250 1531
1616260 1531
1616270 1527
1616280 1523
1616290 1523
1616300 1518
1616310 1513
1616320 1513
1616330 1508
1616340 1503
1616350 1503
1616360 1499
1616370 1497
1616380 1497
1616390 1495
1616400 1493
1616410 1493
1616420 1491
1616430 1489
1616440 1489
1616450 1486
1616460 1484
1616470 1482
1616480 1482
1616490 1480
1616500 1478
1616510 1478
1616520 1475
1616530 1472
1616540 1472
1616550 1470
1616560 1466
1616570 1466
1616580 1462
1616590 1459
1616600 1459
1616610 1456
1616620 1454
1616630 1454
1616640 1451
1616650 1449
1616660 1449
1616670 1446
1616680 1443
1616690 1443
1616700 1444
1616710 1445
1616720 1445
1616730 1444
1616740 1443
1616750 1443
1616760 1442
1616770 1440
1616780 1440
1616790 1438
1616800 1437
1616810 1437
1616820 1435
1616830 1432
1616840 1431
1616850 1431
1616860 1429
1616870 1427
1616880 1427
1616890 1424
1616900 1421
1616910 1421
1616920 1417
1616930 1414
1616940 1414
1616950 1412
1616960 1409
1616970 1409
1616980 1406
1616990 1401
1617000 1401
1617010 1394
1617020 1387
1617030 1387
1617040 1381
1617050 1376
1617060 1380
1617070 1375
1617080 1370
1617090 1370
1617100 1368
1617110 1367
1617120 1367
1617130 1365
1617140 1361
1617150 1361
1617160 1359
1617170 1357
1617180 1356
1617190 1356
1617200 1353
1617210 1348
1617220 1348
1617230 1345
1617240 1342
1617250 1342
1617260 1340
1617270 1339
1617280 1339
1617290 1339
1617300 1339
1617310 1339
1617320 1336
1617330 1336
1617340 1336
1617350 1336
1617360 1332
1617370 1332
1617380 1329
1617390 1327
1617400 1327
1617410 1325
1617420 1319
1617430 1319
1617440 1314
1617450 1310
1617460 1310
1617470 1306
1617480 1301
1617490 1301
1617500 1298
1617510 1296
1617520 1296
1617530 1297
1617540 1300
1617550 1302
1617560 1302
1617570 1302
1617580 1303
1617590 1303
1617600 1306
1617610 1312
1617620 1312
1617630 1314
1617640 1313
1617650 1313
1617660 1312
1617670 1309
1617680 1309
1617690 1304
1617700 1299
1617710 1299
1617720 1293
1617730 1289
1617740 1289
1617750 1286
1617760 1281
1617770 1281
1617780 1276
1617790 1271
1617800 1271
1617810 1266
1617820 1260
1617830 1260
1617840 1254
1617850 1248
1617860 1248
1617870 1244
1617880 1242
1617890 1240
1617900 1240
1617910 1240
1617920 1239
1617930 1239
1617940 1239
1617950 1238
1617960 1238
1617970 1238
1617980 1237
1617990 1237
1618000 1236
1618010 1235
1618020 1235
1618030 1236
1618040 1235
1618050 1235
1618060 1233
1618070 1232
1618080 1232
1618090 1230
1618100 1228
1618110 1228
1618120 1226
1618130 1224
1618140 1224
1618150 1220
1618160 1211
1618170 1211
1618180 1209
1618190 1208
1618200 1208
1618210 1209
1618220 1211
1618230 1211
1618240 1212
1618250 1213
1618260 1220
1618270 1220
1618280 1227
1618290 1234
1618300 1234
1618310 1239
1618320 1238
1618330 1238
1618340 1238
1618350 1239
1618360 1239
1618370 1237
1618380 1236
1618390 1236
1618400 1238
1618410 1240
1618420 1240
1618430 1244
1618440 1249
1618450 1249
1618460 1252
1618470 1256
1618480 1256
1618490 1262
1618500 1265
1618510 1265
1618520 1268
1618530 1273
1618540 1273
1618550 1278
1618560 1282
1618570 1282
1618580 1285
1618590 1288
1618600 1288
1618610 1290
1618620 1290
1618630 1288
1618640 1288
1618650 1285
1618660 1290
1618670 1290
1618680 1300
1618690 1307
1618700 1307
1618710 1312
1618720 1317
1618730 1317
1618740 1321
1618750 1324
1618760 1324
1618770 1327
1618780 1330
1618790 1330
1618800 1332
1618810 1334
1618820 1334
1618830 1337
1618840 1340
1618850 1340
1618860 1344
1618870 1346
1618880 1346
1618890 1349
1618900 1351
1618910 1351
1618920 1352
1618930 1353
1618940 1353
1618950 1354
1618960 1355
1618970 1353
1618980 1358
1618990 1354
1619000 1351
1619010 1351
1619020 1349
1619030 1346
1619040 1346
1619050 1338
1619060 1329
1619070 1329
1619080 1322
1619090 1312
1619100 1312
1619110 1318
1619120 1325
1619130 1325
1619140 1333
1619150 1341
1619160 1341
1619170 1349
1619180 1357
1619190 1357
1619200 1358
1619210 1356
1619220 1356
1619230 1355
1619240 1355
1619250 1355
1619260 1355
1619270 1354
1619280 1354
1619290 1353
1619300 1352
1619310 1352
1619320 1352
1619330 1353
1619340 1358
1619350 1358
1619360 1362
1619370 1367
1619380 1367
1619390 1372
1619400 1378
1619410 1378
1619420 1384
1619430 1390
1619440 1390
1619450 1395
1619460 1402
1619470 1402
1619480 1409
1619490 1415
1619500 1415
1619510 1424
1619520 1435
1619530 1435
1619540 1444
1619550 1453
1619560 1453
1619570 1462
1619580 1470
1619590 1470
1619600 1476
1619610 1483
1619620 1483
1619630 1489
1619640 1495
1619650 1495
1619660 1500
1619670 1506
1619680 1513
1619690 1513
1619700 1521
1619710 1528
1619720 1528
1619730 1535
1619740 1543
1619750 1543
1619760 1550
1619770 1556
1619780 1556
1619790 1563
1619800 1569
1619810 1569
1619820 1576
1619830 1582
1619840 1582
1619850 1587
1619860 1593
1619870 1593
1619880 1598
1619890 1602
1619900 1602
1619910 1606
1619920 1609
1619930 1609
1619940 1612
1619950 1614
1619960 1614
1619970 1615
1619980 1615
1619990 1615
