1600000 1358
1600010 1353
1600020 1346
1600030 1346
1600040 1340
1600050 1335
1600060 1329
1600070 1329
1600080 1324
1600090 1320
1600100 1320
1600110 1316
1600120 1312
1600130 1312
1600140 1310
1600150 1307
1600160 1307
1600170 1303
1600180 1297
1600190 1297
1600200 1291
1600210 1289
1600220 1289
1600230 1287
1600240 1283
1600250 1283
1600260 1280
1600270 1276
1600280 1276
1600290 1272
1600300 1267
1600310 1267
1600320 1262
1600330 1257
1600340 1257
1600350 1251
1600360 1244
1600370 1244
1600380 1236
1600390 1231
1600400 1231
1600410 1227
1600420 1223
1600430 1219
1600440 1219
1600450 1216
1600460 1213
1600470 1213
1600480 1208
1600490 1203
1600500 1203
1600510 1198
1600520 1193
1600530 1193
1600540 1189
1600550 1186
1600560 1186
1600570 1183
1600580 1178
1600590 1178
1600600 1174
1600610 1170
1600620 1170
1600630 1167
1600640 1163
1600650 1163
1600660 1158
1600670 1155
1600680 1155
1600690 1151
1600700 1147
1600710 1147
1600720 1144
1600730 1138
1600740 1138
1600750 1131
1600760 1125
1600770 1125
1600780 1118
1600790 1113
1600800 1107
1600810 1107
1600820 1100
1600830 1092
1600840 1092
1600850 1083
1600860 1076
1600870 1076
1600880 1070
1600890 1065
1600900 1065
1600910 1058
1600920 1051
1600930 1051
1600940 1044
1600950 1038
1600960 1038
1600970 1031
1600980 1024
1600990 1024
1601000 1015
1601010 1011
1601020 1011
1601030 1012
1601040 1015
1601050 1015
1601060 1016
1601070 1017
1601080 1006
1601090 1007
1601100 1011
1601110 1011
1601120 1010
1601130 1004
1601140 1004
1601150 999
1601160 995
1601170 987
1601180 987
1601190 982
1601200 980
1601210 980
1601220 980
1601230 983
1601240 983
1601250 990
1601260 995
1601270 995
1601280 998
1601290 1001
1601300 1001
1601310 1004
1601320 1006
1601330 1006
1601340 1008
1601350 1010
1601360 1010
1601370 1012
1601380 1013
1601390 1013
1601400 1014
1601410 1014
1601420 1014
1601430 1012
1601440 1007
1601450 1007
1601460 1002
1601470 996
1601480 996
1601490 990
1601500 993
1601510 993
1601520 997
1601530 1000
1601540 1002
1601550 1002
1601560 1002
1601570 1003
1601580 1003
1601590 1005
1601600 1010
1601610 1010
1601620 1015
1601630 1020
1601640 1020
1601650 1024
1601660 1027
1601670 1027
1601680 1030
1601690 1033
1601700 1033
1601710 1036
1601720 1039
1601730 1039
1601740 1042
1601750 1044
1601760 1044
1601770 1046
1601780 1047
1601790 1047
1601800 1046
1601810 1045
1601820 1045
1601830 1044
1601840 1044
1601850 1044
1601860 1046
1601870 1047
1601880 1047
1601890 1048
1601900 1048
1601910 1047
1601920 1047
1601930 1048
1601940 1047
1601950 1047
1601960 1047
1601970 1046
1601980 1046
1601990 1044
1602000 1043
1602010 1043
1602020 1042
1602030 1041
1602040 1041
1602050 1040
1602060 1039
1602070 1039
1602080 1038
1602090 1037
1602100 1037
1602110 1037
1602120 1036
1602130 1036
1602140 1036
1602150 1036
1602160 1036
1602170 1032
1602180 1031
1602190 1031
1602200 1030
1602210 1028
1602220 1028
1602230 1026
1602240 1024
1602250 1024
1602260 1023
1602270 1020
1602280 1017
1602290 1017
1602300 1014
1602310 1011
1602320 1011
1602330 1007
1602340 1004
1602350 1004
1602360 998
1602370 991
1602380 991
1602390 986
1602400 980
1602410 980
1602420 976
1602430 971
1602440 971
1602450 965
1602460 961
1602470 961
1602480 953
1602490 947
1602500 947
1602510 940
1602520 931
1602530 931
1602540 923
1602550 916
1602560 916
1602570 910
1602580 903
1602590 903
1602600 899
1602610 901
1602620 901
1602630 904
1602640 907
1602650 909
1602660 909
1602670 913
1602680 916
1602690 916
1602700 919
1602710 922
1602720 922
1602730 925
1602740 928
1602750 928
1602760 930
1602770 931
1602780 931
1602790 933
1602800 935
1602810 935
1602820 938
1602830 940
1602840 940
1602850 943
1602860 947
1602870 947
1602880 950
1602890 953
1602900 953
1602910 956
1602920 958
1602930 958
1602940 961
1602950 963
1602960 963
1602970 964
1602980 964
1602990 964
1603000 964
1603010 964
1603020 962
1603030 962
1603040 960
1603050 959
1603060 959
1603070 957
1603080 956
1603090 956
1603100 954
1603110 952
1603120 952
1603130 949
1603140 947
1603150 947
1603160 945
1603170 942
1603180 942
1603190 939
1603200 935
1603210 935
1603220 932
1603230 930
1603240 930
1603250 927
1603260 922
1603270 922
1603280 919
1603290 916
1603300 916
1603310 914
1603320 911
1603330 911
1603340 908
1603350 905
1603360 905
1603370 902
1603380 900
1603390 898
1603400 898
1603410 895
1603420 893
1603430 893
1603440 890
1603450 886
1603460 886
1603470 883
1603480 879
1603490 879
1603500 874
1603510 869
1603520 869
1603530 864
1603540 859
1603550 859
1603560 852
1603570 845
1603580 845
1603590 837
1603600 827
1603610 827
1603620 815
1603630 803
1603640 803
1603650 799
1603660 806
1603670 806
1603680 814
1603690 821
1603700 821
1603710 826
1603720 830
1603730 830
1603740 834
1603750 838
1603760 841
1603770 841
1603780 844
1603790 846
1603800 846
1603810 848
1603820 850
1603830 850
1603840 852
1603850 855
1603860 855
1603870 857
1603880 859
1603890 859
1603900 861
1603910 864
1603920 864
1603930 864
1603940 864
1603950 864
1603960 863
1603970 862
1603980 862
1603990 861
1604000 860
1604010 860
1604020 859
1604030 858
1604040 858
1604050 857
1604060 855
1604070 855
1604080 854
1604090 852
1604100 852
1604110 851
1604120 849
1604130 847
1604140 847
1604150 844
1604160 840
1604170 840
1604180 835
1604190 831
1604200 831
1604210 828
1604220 824
1604230 824
1604240 820
1604250 817
1604260 817
1604270 813
1604280 811
1604290 811
1604300 809
1604310 807
1604320 807
1604330 800
1604340 797
1604350 797
1604360 794
1604370 791
1604380 791
1604390 788
1604400 783
1604410 783
1604420 777
1604430 770
1604440 770
1604450 762
1604460 754
1604470 754
1604480 748
1604490 741
1604500 734
1604510 734
1604520 729
1604530 728
1604540 728
1604550 728
1604560 731
1604570 731
1604580 737
1604590 745
1604600 745
1604610 752
1604620 759
1604630 759
1604640 766
1604650 776
1604660 776
1604670 786
1604680 794
1604690 794
1604700 801
1604710 808
1604720 808
1604730 813
1604740 820
1604750 820
1604760 825
1604770 832
1604780 832
1604790 840
1604800 848
1604810 848
1604820 856
1604830 863
1604840 863
1604850 869
1604860 873
1604870 878
1604880 878
1604890 885
1604900 890
1604910 890
1604920 892
1604930 893
1604940 893
1604950 895
1604960 897
1604970 897
1604980 901
1604990 904
1605000 904
1605010 906
1605020 908
1605030 908
1605040 912
1605050 916
1605060 916
1605070 919
1605080 921
1605090 921
1605100 923
1605110 925
1605120 925
1605130 927
1605140 928
1605150 928
1605160 930
1605170 932
1605180 932
1605190 935
1605200 936
1605210 937
1605220 937
1605230 937
1605240 938
1605250 938
1605260 941
1605270 945
1605280 945
1605290 948
1605300 951
1605310 951
1605320 954
1605330 958
1605340 958
1605350 963
1605360 968
1605370 968
1605380 972
1605390 974
1605400 974
1605410 978
1605420 981
1605430 981
1605440 981
1605450 982
1605460 982
1605470 983
1605480 985
1605490 985
1605500 984
1605510 982
1605520 982
1605530 982
1605540 983
1605550 983
1605560 983
1605570 985
1605580 987
1605590 987
1605600 989
1605610 991
1605620 991
1605630 992
1605640 992
1605650 992
1605660 990
1605670 991
1605680 991
1605690 993
1605700 994
1605710 994
1605720 994
1605730 994
1605740 994
1605750 999
1605760 1002
1605770 1002
1605780 1005
1605790 1010
1605800 1010
1605810 1014
1605820 1017
1605830 1017
1605840 1019
1605850 1022
1605860 1022
1605870 1025
1605880 1029
1605890 1029
1605900 1032
1605910 1036
1605920 1036
1605930 1040
1605940 1044
1605950 1048
1605960 1048
1605970 1051
1605980 1053
1605990 1053
1606000 1053
1606010 1053
1606020 1053
1606030 1053
1606040 1053
1606050 1053
1606060 1054
1606070 1055
1606080 1055
1606090 1055
1606100 1055
1606110 1055
1606120 1055
1606130 1053
1606140 1053
1606150 1052
1606160 1050
1606170 1050
1606180 1048
1606190 1046
1606200 1046
1606210 1044
1606220 1039
1606230 1039
1606240 1035
1606250 1036
1606260 1036
1606270 1035
1606280 1029
1606290 1029
1606300 1029
1606310 1036
1606320 1041
1606330 1041
1606340 1049
1606350 1054
1606360 1054
1606370 1058
1606380 1061
1606390 1061
1606400 1064
1606410 1066
1606420 1066
1606430 1066
1606440 1067
1606450 1061
1606460 1068
1606470 1073
1606480 1073
1606490 1079
1606500 1085
1606510 1085
1606520 1093
1606530 1101
1606540 1101
1606550 1107
1606560 1111
1606570 1111
1606580 1112
1606590 1110
1606600 1110
1606610 1109
1606620 1109
1606630 1109
1606640 1109
1606650 1109
1606660 1109
1606670 1110
1606680 1111
1606690 1111
1606700 1111
1606710 1110
1606720 1109
1606730 1109
1606740 1108
1606750 1107
1606760 1107
1606770 1107
1606780 1105
1606790 1105
1606800 1104
1606810 1102
1606820 1102
1606830 1099
1606840 1097
1606850 1097
1606860 1095
1606870 1093
1606880 1093
1606890 1090
1606900 1087
1606910 1087
1606920 1084
1606930 1080
1606940 1080
1606950 1074
1606960 1067
1606970 1067
1606980 1062
1606990 1057
1607000 1057
1607010 1053
1607020 1049
1607030 1049
1607040 1045
1607050 1040
1607060 1033
1607070 1033
1607080 1023
1607090 1015
1607100 1015
1607110 1009
1607120 1003
1607130 1003
1607140 997
1607150 993
1607160 993
1607170 989
1607180 984
1607190 984
1607200 975
1607210 966
1607220 966
1607230 957
1607240 954
1607250 954
1607260 962
1607270 975
1607280 975
1607290 985
1607300 990
1607310 990
1607320 995
1607330 1000
1607340 1000
1607350 1004
1607360 1008
1607370 1008
1607380 1012
1607390 1015
1607400 1015
1607410 1018
1607420 1021
1607430 1024
1607440 1024
1607450 1028
1607460 1032
1607470 1032
1607480 1036
1607490 1034
1607500 1034
1607510 1037
1607520 1039
1607530 1039
1607540 1041
1607550 1043
1607560 1043
1607570 1045
1607580 1046
1607590 1046
1607600 1047
1607610 1049
1607620 1049
1607630 1050
1607640 1050
1607650 1050
1607660 1052
1607670 1053
1607680 1053
1607690 1055
1607700 1055
1607710 1055
1607720 1057
1607730 1057
1607740 1057
1607750 1057
1607760 1057
1607770 1057
1607780 1056
1607790 1055
1607800 1055
1607810 1055
1607820 1053
1607830 1052
1607840 1052
1607850 1051
1607860 1048
1607870 1048
1607880 1047
1607890 1045
1607900 1045
1607910 1043
1607920 1041
1607930 1041
1607940 1038
1607950 1036
1607960 1036
1607970 1034
1607980 1031
1607990 1031
1608000 1029
1608010 1027
1608020 1027
1608030 1026
1608040 1025
1608050 1025
1608060 1025
1608070 1023
1608080 1023
1608090 1022
1608100 1021
1608110 1021
1608120 1019
1608130 1019
1608140 1019
1608150 1018
1608160 1015
1608170 1014
1608180 1014
1608190 1014
1608200 1013
1608210 1013
1608220 1011
1608230 1010
1608240 1010
1608250 1009
1608260 1007
1608270 1007
1608280 1005
1608290 1004
1608300 1004
1608310 1002
1608320 1002
1608330 1002
1608340 1001
1608350 1001
1608360 1001
1608370 1001
1608380 1000
1608390 1000
1608400 998
1608410 1001
1608420 1001
1608430 1002
1608440 1001
1608450 1001
1608460 1002
1608470 1002
1608480 1002
1608490 999
1608500 995
1608510 995
1608520 993
1608530 987
1608540 986
1608550 986
1608560 981
1608570 975
1608580 975
1608590 969
1608600 964
1608610 964
1608620 961
1608630 957
1608640 957
1608650 952
1608660 947
1608670 947
1608680 941
1608690 935
1608700 935
1608710 931
1608720 926
1608730 926
1608740 922
1608750 918
1608760 918
1608770 914
1608780 909
1608790 909
1608800 903
1608810 899
1608820 899
1608830 895
1608840 891
1608850 891
1608860 886
1608870 881
1608880 881
1608890 876
1608900 872
1608910 867
1608920 867
1608930 863
1608940 858
1608950 858
1608960 852
1608970 846
1608980 846
1608990 840
1609000 834
1609010 834
1609020 829
1609030 824
1609040 824
1609050 820
1609060 816
1609070 816
1609080 810
1609090 804
1609100 804
1609110 799
1609120 793
1609130 793
1609140 789
1609150 787
1609160 787
1609170 783
1609180 779
1609190 779
1609200 775
1609210 770
1609220 770
1609230 766
1609240 762
1609250 762
1609260 760
1609270 756
1609280 751
1609290 751
1609300 744
1609310 738
1609320 738
1609330 733
1609340 728
1609350 728
1609360 725
1609370 722
1609380 722
1609390 719
1609400 716
1609410 716
1609420 713
1609430 711
1609440 711
1609450 709
1609460 707
1609470 707
1609480 705
1609490 704
1609500 704
1609510 703
1609520 702
1609530 702
1609540 701
1609550 700
1609560 699
1609570 698
1609580 697
1609590 697
1609600 695
1609610 694
1609620 694
1609630 693
1609640 687
1609650 686
1609660 686
1609670 687
1609680 688
1609690 688
1609700 688
1609710 690
1609720 690
1609730 691
1609740 691
1609750 691
1609760 694
1609770 695
1609780 695
1609790 696
1609800 697
1609810 697
1609820 698
1609830 698
1609840 698
1609850 699
1609860 700
1609870 700
1609880 702
1609890 703
1609900 703
1609910 704
1609920 705
1609930 705
1609940 705
1609950 706
1609960 706
1609970 707
1609980 707
1609990 707
1610000 709
1610010 710
1610020 711
1610030 711
1610040 710
1610050 711
1610060 711
1610070 712
1610080 714
1610090 714
1610100 716
1610110 717
1610120 717
1610130 718
1610140 719
1610150 719
1610160 720
1610170 720
1610180 720
1610190 721
1610200 722
1610210 722
1610220 722
1610230 723
1610240 723
1610250 724
1610260 725
1610270 725
1610280 726
1610290 728
1610300 728
1610310 729
1610320 730
1610330 730
1610340 731
1610350 732
1610360 732
1610370 733
1610380 733
1610390 734
1610400 734
1610410 735
1610420 736
1610430 736
1610440 736
1610450 737
1610460 737
1610470 737
1610480 736
1610490 736
1610500 737
1610510 737
1610520 737
1610530 739
1610540 741
1610550 741
1610560 744
1610570 746
1610580 750
1610590 755
1610600 759
1610610 759
1610620 760
1610630 761
1610640 761
1610650 762
1610660 764
1610670 764
1610680 766
1610690 767
1610700 767
1610710 769
1610720 771
1610730 773
1610740 773
1610750 775
1610760 778
1610770 778
1610780 781
1610790 784
1610800 784
1610810 787
1610820 790
1610830 790
1610840 793
1610850 797
1610860 797
1610870 801
1610880 806
1610890 806
1610900 811
1610910 816
1610920 816
1610930 822
1610940 828
1610950 828
1610960 833
1610970 839
1610980 839
1610990 844
1611000 849
1611010 849
1611020 853
1611030 854
1611040 854
1611050 860
1611060 865
1611070 865
1611080 869
1611090 873
1611100 877
1611110 877
1611120 881
1611130 885
1611140 885
1611150 890
1611160 894
1611170 894
1611180 897
1611190 900
1611200 900
1611210 904
1611220 906
1611230 906
1611240 908
1611250 910
1611260 910
1611270 908
1611280 903
1611290 903
1611300 900
1611310 901
1611320 901
1611330 901
1611340 901
1611350 901
1611360 900
1611370 901
1611380 901
1611390 905
1611400 909
1611410 909
1611420 909
1611430 911
1611440 911
1611450 910
1611460 908
1611470 913
1611480 913
1611490 917
1611500 918
1611510 918
1611520 919
1611530 922
1611540 922
1611550 918
1611560 916
1611570 916
1611580 921
1611590 919
1611600 919
1611610 919
1611620 921
1611630 921
1611640 924
1611650 931
1611660 931
1611670 937
1611680 943
1611690 943
1611700 948
1611710 953
1611720 953
1611730 958
1611740 961
1611750 961
1611760 965
1611770 970
1611780 970
1611790 975
1611800 979
1611810 979
1611820 981
1611830 983
1611840 986
1611850 986
1611860 990
1611870 994
1611880 994
1611890 1000
1611900 1007
1611910 1007
1611920 1013
1611930 1017
1611940 1017
1611950 1021
1611960 1024
1611970 1024
1611980 1027
1611990 1030
1612000 1030
1612010 1034
1612020 1038
1612030 1038
1612040 1040
1612050 1041
1612060 1041
1612070 1046
1612080 1052
1612090 1052
1612100 1057
1612110 1061
1612120 1061
1612130 1063
1612140 1067
1612150 1067
1612160 1070
1612170 1072
1612180 1072
1612190 1074
1612200 1077
1612210 1080
1612220 1080
1612230 1083
1612240 1085
1612250 1085
1612260 1090
1612270 1095
1612280 1095
1612290 1098
1612300 1102
1612310 1102
1612320 1105
1612330 1106
1612340 1106
1612350 1110
1612360 1116
1612370 1116
1612380 1121
1612390 1123
1612400 1123
1612410 1127
1612420 1130
1612430 1130
1612440 1135
1612450 1139
1612460 1139
1612470 1142
1612480 1146
1612490 1146
1612500 1149
1612510 1152
1612520 1152
1612530 1154
1612540 1158
1612550 1158
1612560 1164
1612570 1172
1612580 1179
1612590 1179
1612600 1185
1612610 1190
1612620 1190
1612630 1197
1612640 1204
1612650 1204
1612660 1208
1612670 1211
1612680 1211
1612690 1217
1612700 1224
1612710 1224
1612720 1230
1612730 1234
1612740 1234
1612750 1237
1612760 1239
1612770 1239
1612780 1239
1612790 1240
1612800 1240
1612810 1241
1612820 1244
1612830 1244
1612840 1246
1612850 1248
1612860 1248
1612870 1250
1612880 1251
1612890 1251
1612900 1252
1612910 1254
1612920 1254
1612930 1255
1612940 1256
1612950 1258
1612960 1258
1612970 1261
1612980 1271
1612990 1271
1613000 1282
1613010 1282
1613020 1282
1613030 1278
1613040 1287
1613050 1287
1613060 1285
1613070 1286
1613080 1286
1613090 1287
1613100 1291
1613110 1291
1613120 1290
1613130 1290
1613140 1290
1613150 1292
1613160 1296
1613170 1296
1613180 1303
1613190 1311
1613200 1311
1613210 1317
1613220 1319
1613230 1319
1613240 1321
1613250 1320
1613260 1320
1613270 1319
1613280 1319
1613290 1319
1613300 1324
1613310 1331
1613320 1339
1613330 1339
1613340 1343
1613350 1347
1613360 1347
1613370 1351
1613380 1356
1613390 1356
1613400 1361
1613410 1366
1613420 1366
1613430 1371
1613440 1376
1613450 1376
1613460 1381
1613470 1383
1613480 1383
1613490 1382
1613500 1380
1613510 1380
1613520 1378
1613530 1376
1613540 1376
1613550 1377
1613560 1382
1613570 1382
1613580 1388
1613590 1389
1613600 1389
1613610 1397
1613620 1403
1613630 1403
1613640 1407
1613650 1408
1613660 1408
1613670 1410
1613680 1412
1613690 1414
1613700 1414
1613710 1417
1613720 1419
1613730 1419
1613740 1423
1613750 1427
1613760 1427
1613770 1431
1613780 1435
1613790 1435
1613800 1434
1613810 1430
1613820 1430
1613830 1427
1613840 1420
1613850 1420
1613860 1412
1613870 1405
1613880 1405
1613890 1396
1613900 1388
1613910 1388
1613920 1378
1613930 1371
1613940 1371
1613950 1364
1613960 1359
1613970 1359
1613980 1354
1613990 1350
1614000 1350
1614010 1345
1614020 1341
1614030 1341
1614040 1337
1614050 1334
1614060 1331
1614070 1331
1614080 1328
1614090 1328
1614100 1328
1614110 1336
1614120 1343
1614130 1343
1614140 1349
1614150 1354
1614160 1354
1614170 1356
1614180 1356
1614190 1356
1614200 1357
1614210 1359
1614220 1359
1614230 1360
1614240 1364
1614250 1364
1614260 1369
1614270 1374
1614280 1374
1614290 1385
1614300 1397
1614310 1397
1614320 1407
1614330 1414
1614340 1414
1614350 1423
1614360 1431
1614370 1431
1614380 1429
1614390 1426
1614400 1426
1614410 1429
1614420 1434
1614430 1439
1614440 1439
1614450 1445
1614460 1450
1614470 1450
1614480 1458
1614490 1466
1614500 1466
1614510 1473
1614520 1481
1614530 1481
1614540 1487
1614550 1491
1614560 1491
1614570 1493
1614580 1488
1614590 1488
1614600 1490
1614610 1491
1614620 1491
1614630 1493
1614640 1495
1614650 1495
1614660 1498
1614670 1501
1614680 1501
1614690 1504
1614700 1507
1614710 1507
1614720 1509
1614730 1512
1614740 1512
1614750 1516
1614760 1519
1614770 1519
1614780 1523
1614790 1527
1614800 1533
1614810 1533
1614820 1538
1614830 1544
1614840 1544
1614850 1549
1614860 1549
1614870 1549
1614880 1549
1614890 1544
1614900 1544
1614910 1541
1614920 1542
1614930 1542
1614940 1547
1614950 1550
1614960 1550
1614970 1542
1614980 1530
1614990 1530
1615000 1520
1615010 1513
1615020 1513
1615030 1511
1615040 1515
1615050 1515
1615060 1510
1615070 1501
1615080 1501
1615090 1494
1615100 1507
1615110 1507
1615120 1502
1615130 1496
1615140 1496
1615150 1486
1615160 1475
1615170 1469
1615180 1469
1615190 1458
1615200 1445
1615210 1445
1615220 1438
1615230 1430
1615240 1430
1615250 1424
1615260 1416
1615270 1416
1615280 1396
1615290 1356
1615300 1356
1615310 1344
1615320 1338
1615330 1338
1615340 1331
1615350 1324
1615360 1324
1615370 1317
1615380 1310
1615390 1310
1615400 1304
1615410 1298
1615420 1298
1615430 1294
1615440 1291
1615450 1291
1615460 1290
1615470 1287
1615480 1287
1615490 1285
1615500 1285
1615510 1285
1615520 1285
1615530 1285
1615540 1285
1615550 1285
1615560 1284
1615570 1284
1615580 1284
1615590 1283
1615600 1283
1615610 1283
1615620 1282
1615630 1280
1615640 1280
1615650 1279
1615660 1276
1615670 1276
1615680 1273
1615690 1270
1615700 1270
1615710 1268
1615720 1266
1615730 1266
1615740 1264
1615750 1262
1615760 1262
1615770 1261
1615780 1255
1615790 1255
1615800 1253
1615810 1247
1615820 1247
1615830 1238
1615840 1227
1615850 1227
1615860 1225
1615870 1231
1615880 1231
1615890 1231
1615900 1230
1615910 1222
1615920 1222
1615930 1227
1615940 1236
1615950 1236
1615960 1240
1615970 1244
1615980 1244
1615990 1248
1616000 1252
1616010 1252
1616020 1259
1616030 1264
1616040 1264
1616050 1265
1616060 1263
1616070 1263
1616080 1261
1616090 1260
1616100 1260
1616110 1261
1616120 1263
1616130 1263
1616140 1265
1616150 1266
1616160 1266
1616170 1267
1616180 1270
1616190 1270
1616200 1276
1616210 1284
1616220 1284
1616230 1295
1616240 1304
1616250 1304
1616260 1310
1616270 1315
1616280 1320
1616290 1320
1616300 1326
1616310 1333
1616320 1333
1616330 1339
1616340 1343
1616350 1343
1616360 1348
1616370 1351
1616380 1351
1616390 1345
1616400 1336
1616410 1336
1616420 1326
1616430 1316
1616440 1316
1616450 1309
1616460 1300
1616470 1300
1616480 1293
1616490 1286
1616500 1286
1616510 1280
1616520 1276
1616530 1276
1616540 1265
1616550 1264
1616560 1264
1616570 1262
1616580 1253
1616590 1253
1616600 1248
1616610 1247
1616620 1247
1616630 1247
1616640 1244
1616650 1244
1616660 1244
1616670 1240
1616680 1234
1616690 1234
1616700 1228
1616710 1222
1616720 1222
1616730 1213
1616740 1205
1616750 1205
1616760 1211
1616770 1218
1616780 1218
1616790 1218
1616800 1239
1616810 1239
1616820 1239
1616830 1230
1616840 1230
1616850 1221
1616860 1203
1616870 1203
1616880 1205
1616890 1211
1616900 1211
1616910 1208
1616920 1203
1616930 1203
1616940 1199
1616950 1194
1616960 1194
1616970 1190
1616980 1190
1616990 1193
1617000 1193
1617010 1198
1617020 1197
1617030 1197
1617040 1201
1617050 1200
1617060 1200
1617070 1173
1617080 1155
1617090 1155
1617100 1144
1617110 1143
1617120 1143
1617130 1147
1617140 1152
1617150 1152
1617160 1138
1617170 1108
1617180 1108
1617190 1078
1617200 1059
1617210 1059
1617220 1062
1617230 1068
1617240 1068
1617250 1073
1617260 1081
1617270 1081
1617280 1088
1617290 1088
1617300 1088
1617310 1094
1617320 1108
1617330 1108
1617340 1121
1617350 1132
1617360 1144
1617370 1144
1617380 1144
1617390 1145
1617400 1145
1617410 1138
1617420 1126
1617430 1126
1617440 1108
1617450 1093
1617460 1093
1617470 1084
1617480 1075
1617490 1075
1617500 1055
1617510 1055
1617520 1055
1617530 1062
1617540 1070
1617550 1070
1617560 1077
1617570 1084
1617580 1084
1617590 1090
1617600 1097
1617610 1097
1617620 1109
1617630 1124
1617640 1124
1617650 1130
1617660 1141
1617670 1141
1617680 1150
1617690 1160
1617700 1160
1617710 1173
1617720 1189
1617730 1207
1617740 1207
1617750 1212
1617760 1221
1617770 1221
1617780 1220
1617790 1224
1617800 1224
1617810 1244
1617820 1263
1617830 1263
1617840 1263
1617850 1269
1617860 1269
1617870 1282
1617880 1303
1617890 1303
1617900 1305
1617910 1308
1617920 1308
1617930 1313
1617940 1320
1617950 1320
1617960 1329
1617970 1340
1617980 1340
1617990 1354
1618000 1366
1618010 1366
1618020 1371
1618030 1371
1618040 1371
1618050 1375
1618060 1374
1618070 1374
1618080 1373
1618090 1372
1618100 1376
1618110 1376
1618120 1385
1618130 1391
1618140 1391
1618150 1395
1618160 1394
1618170 1394
1618180 1394
1618190 1393
1618200 1393
1618210 1393
1618220 1398
1618230 1398
1618240 1401
1618250 1397
1618260 1397
1618270 1391
1618280 1385
1618290 1385
1618300 1379
1618310 1372
1618320 1372
1618330 1370
1618340 1370
1618350 1370
1618360 1362
1618370 1358
1618380 1358
1618390 1367
1618400 1360
1618410 1360
1618420 1351
1618430 1344
1618440 1344
1618450 1346
1618460 1341
1618470 1345
1618480 1345
1618490 1341
1618500 1337
1618510 1337
1618520 1336
1618530 1332
1618540 1332
1618550 1332
1618560 1337
1618570 1337
1618580 1342
1618590 1336
1618600 1336
1618610 1328
1618620 1321
1618630 1321
1618640 1313
1618650 1306
1618660 1306
1618670 1299
1618680 1291
1618690 1291
1618700 1283
1618710 1276
1618720 1276
1618730 1271
1618740 1267
1618750 1267
1618760 1262
1618770 1256
1618780 1256
1618790 1250
1618800 1243
1618810 1243
1618820 1237
1618830 1234
1618840 1231
1618850 1231
1618860 1229
1618870 1227
1618880 1227
1618890 1224
1618900 1221
1618910 1221
1618920 1218
1618930 1215
1618940 1215
1618950 1212
1618960 1210
1618970 1210
1618980 1207
1618990 1204
1619000 1204
1619010 1201
1619020 1198
1619030 1198
1619040 1196
1619050 1193
1619060 1193
1619070 1191
1619080 1189
1619090 1189
1619100 1188
1619110 1187
1619120 1187
1619130 1186
1619140 1184
1619150 1184
1619160 1181
1619170 1179
1619180 1179
1619190 1176
1619200 1172
1619210 1171
1619220 1171
1619230 1172
1619240 1173
1619250 1173
1619260 1171
1619270 1169
1619280 1169
1619290 1168
1619300 1166
1619310 1166
1619320 1162
1619330 1160
1619340 1160
1619350 1159
1619360 1157
1619370 1157
1619380 1154
1619390 1153
1619400 1153
1619410 1150
1619420 1146
1619430 1146
1619440 1143
1619450 1139
1619460 1139
1619470 1137
1619480 1134
1619490 1134
1619500 1131
1619510 1128
1619520 1128
1619530 1126
1619540 1123
1619550 1123
1619560 1120
1619570 1118
1619580 1115
1619590 1115
1619600 1113
1619610 1110
1619620 1110
1619630 1108
1619640 1106
1619650 1106
1619660 1104
1619670 1102
1619680 1102
1619690 1101
1619700 1098
1619710 1098
1619720 1095
1619730 1092
1619740 1092
1619750 1090
1619760 1088
1619770 1088
1619780 1088
1619790 1088
1619800 1088
1619810 1089
1619820 1089
1619830 1089
1619840 1088
1619850 1087
1619860 1087
1619870 1085
1619880 1082
1619890 1082
1619900 1079
1619910 1076
1619920 1076
1619930 1074
1619940 1073
1619950 1072
1619960 1072
1619970 1072
1619980 1074
1619990 1074
