1600000 1146
1600010 1153
1600020 1158
1600030 1158
1600040 1165
1600050 1171
1600060 1171
1600070 1177
1600080 1184
1600090 1184
1600100 1191
1600110 1196
1600120 1196
1600130 1201
1600140 1205
1600150 1205
1600160 1209
1600170 1214
1600180 1214
1600190 1219
1600200 1224
1600210 1224
1600220 1228
1600230 1232
1600240 1232
1600250 1236
1600260 1240
1600270 1244
1600280 1244
1600290 1246
1600300 1248
1600310 1248
1600320 1250
1600330 1252
1600340 1252
1600350 1254
1600360 1256
1600370 1256
1600380 1258
1600390 1261
1600400 1261
1600410 1264
1600420 1267
1600430 1267
1600440 1270
1600450 1272
1600460 1272
1600470 1276
1600480 1280
1600490 1280
1600500 1284
1600510 1288
1600520 1288
1600530 1293
1600540 1297
1600550 1297
1600560 1302
1600570 1306
1600580 1306
1600590 1311
1600600 1316
1600610 1316
1600620 1320
1600630 1325
1600640 1325
1600650 1328
1600660 1332
1600670 1335
1600680 1335
1600690 1338
1600700 1341
1600710 1341
1600720 1343
1600730 1346
1600740 1346
1600750 1350
1600760 1353
1600770 1353
1600780 1357
1600790 1361
1600800 1361
1600810 1365
1600820 1368
1600830 1368
1600840 1371
1600850 1373
1600860 1373
1600870 1373
1600880 1373
1600890 1373
1600900 1374
1600910 1374
1600920 1374
1600930 1374
1600940 1374
1600950 1374
1600960 1373
1600970 1372
1600980 1372
1600990 1371
1601000 1370
1601010 1370
1601020 1369
1601030 1368
1601040 1367
1601050 1367
1601060 1366
1601070 1365
1601080 1365
1601090 1363
1601100 1363
1601110 1363
1601120 1364
1601130 1371
1601140 1371
1601150 1373
1601160 1375
1601170 1375
1601180 1376
1601190 1377
1601200 1377
1601210 1380
1601220 1383
1601230 1383
1601240 1386
1601250 1388
1601260 1388
1601270 1389
1601280 1390
1601290 1390
1601300 1391
1601310 1391
1601320 1391
1601330 1392
1601340 1391
1601350 1391
1601360 1392
1601370 1392
1601380 1392
1601390 1393
1601400 1393
1601410 1393
1601420 1394
1601430 1395
1601440 1395
1601450 1395
1601460 1396
1601470 1397
1601480 1397
1601490 1397
1601500 1397
1601510 1397
1601520 1398
1601530 1398
1601540 1398
1601550 1400
1601560 1401
1601570 1401
1601580 1401
1601590 1401
1601600 1401
1601610 1400
1601620 1398
1601630 1398
1601640 1398
1601650 1398
1601660 1398
1601670 1398
1601680 1398
1601690 1398
1601700 1397
1601710 1396
1601720 1396
1601730 1392
1601740 1388
1601750 1388
1601760 1382
1601770 1377
1601780 1377
1601790 1375
1601800 1370
1601810 1370
1601820 1365
1601830 1362
1601840 1360
1601850 1360
1601860 1354
1601870 1348
1601880 1348
1601890 1343
1601900 1337
1601910 1337
1601920 1332
1601930 1326
1601940 1326
1601950 1321
1601960 1316
1601970 1316
1601980 1310
1601990 1304
1602000 1304
1602010 1299
1602020 1296
1602030 1296
1602040 1296
1602050 1295
1602060 1295
1602070 1295
1602080 1297
1602090 1297
1602100 1300
1602110 1302
1602120 1302
1602130 1303
1602140 1304
1602150 1304
1602160 1306
1602170 1309
1602180 1309
1602190 1312
1602200 1315
1602210 1318
1602220 1324
1602230 1327
1602240 1332
1602250 1332
1602260 1334
1602270 1338
1602280 1338
1602290 1343
1602300 1347
1602310 1347
1602320 1353
1602330 1357
1602340 1357
1602350 1358
1602360 1359
1602370 1359
1602380 1361
1602390 1363
1602400 1363
1602410 1363
1602420 1364
1602430 1364
1602440 1365
1602450 1365
1602460 1365
1602470 1366
1602480 1367
1602490 1367
1602500 1368
1602510 1367
1602520 1367
1602530 1367
1602540 1367
1602550 1367
1602560 1366
1602570 1366
1602580 1366
1602590 1366
1602600 1366
1602610 1366
1602620 1366
1602630 1366
1602640 1366
1602650 1366
1602660 1365
1602670 1364
1602680 1364
1602690 1362
1602700 1365
1602710 1365
1602720 1370
1602730 1374
1602740 1374
1602750 1377
1602760 1380
1602770 1380
1602780 1384
1602790 1389
1602800 1389
1602810 1394
1602820 1400
1602830 1400
1602840 1405
1602850 1410
1602860 1410
1602870 1416
1602880 1421
1602890 1421
1602900 1426
1602910 1430
1602920 1430
1602930 1431
1602940 1429
1602950 1429
1602960 1424
1602970 1418
1602980 1418
1602990 1412
1603000 1408
1603010 1404
1603020 1404
1603030 1401
1603040 1396
1603050 1396
1603060 1392
1603070 1387
1603080 1387
1603090 1385
1603100 1382
1603110 1382
1603120 1380
1603130 1379
1603140 1379
1603150 1380
1603160 1379
1603170 1379
1603180 1378
1603190 1380
1603200 1380
1603210 1383
1603220 1384
1603230 1384
1603240 1384
1603250 1383
1603260 1383
1603270 1381
1603280 1382
1603290 1382
1603300 1385
1603310 1394
1603320 1394
1603330 1399
1603340 1403
1603350 1403
1603360 1407
1603370 1412
1603380 1416
1603390 1416
1603400 1422
1603410 1425
1603420 1425
1603430 1425
1603440 1420
1603450 1420
1603460 1411
1603470 1403
1603480 1403
1603490 1395
1603500 1387
1603510 1387
1603520 1380
1603530 1372
1603540 1372
1603550 1366
1603560 1360
1603570 1360
1603580 1355
1603590 1350
1603600 1350
1603610 1344
1603620 1339
1603630 1339
1603640 1334
1603650 1329
1603660 1329
1603670 1324
1603680 1322
1603690 1322
1603700 1320
1603710 1320
1603720 1320
1603730 1318
1603740 1317
1603750 1317
1603760 1315
1603770 1312
1603780 1311
1603790 1311
1603800 1310
1603810 1309
1603820 1309
1603830 1310
1603840 1311
1603850 1311
1603860 1310
1603870 1308
1603880 1308
1603890 1306
1603900 1304
1603910 1304
1603920 1302
1603930 1301
1603940 1301
1603950 1300
1603960 1301
1603970 1301
1603980 1297
1603990 1294
1604000 1294
1604010 1293
1604020 1294
1604030 1294
1604040 1296
1604050 1299
1604060 1299
1604070 1301
1604080 1304
1604090 1304
1604100 1306
1604110 1306
1604120 1306
1604130 1307
1604140 1307
1604150 1307
1604160 1307
1604170 1306
1604180 1305
1604190 1305
1604200 1304
1604210 1303
1604220 1303
1604230 1302
1604240 1300
1604250 1300
1604260 1298
1604270 1296
1604280 1296
1604290 1294
1604300 1291
1604310 1291
1604320 1288
1604330 1283
1604340 1283
1604350 1275
1604360 1267
1604370 1267
1604380 1257
1604390 1249
1604400 1249
1604410 1240
1604420 1232
1604430 1232
1604440 1223
1604450 1215
1604460 1215
1604470 1208
1604480 1201
1604490 1201
1604500 1193
1604510 1186
1604520 1186
1604530 1179
1604540 1172
1604550 1172
1604560 1166
1604570 1160
1604580 1153
1604590 1153
1604600 1146
1604610 1140
1604620 1140
1604630 1131
1604640 1122
1604650 1122
1604660 1115
1604670 1107
1604680 1107
1604690 1097
1604700 1082
1604710 1082
1604720 1072
1604730 1077
1604740 1077
1604750 1083
1604760 1089
1604770 1089
1604780 1096
1604790 1092
1604800 1092
1604810 1083
1604820 1082
1604830 1082
1604840 1087
1604850 1093
1604860 1093
1604870 1098
1604880 1102
1604890 1102
1604900 1106
1604910 1110
1604920 1110
1604930 1111
1604940 1113
1604950 1114
1604960 1114
1604970 1115
1604980 1115
1604990 1115
1605000 1113
1605010 1112
1605020 1112
1605030 1110
1605040 1107
1605050 1107
1605060 1103
1605070 1100
1605080 1100
1605090 1097
1605100 1094
1605110 1094
1605120 1090
1605130 1085
1605140 1085
1605150 1082
1605160 1078
1605170 1078
1605180 1074
1605190 1069
1605200 1069
1605210 1064
1605220 1059
1605230 1059
1605240 1055
1605250 1050
1605260 1050
1605270 1046
1605280 1042
1605290 1042
1605300 1037
1605310 1032
1605320 1032
1605330 1027
1605340 1022
1605350 1018
1605360 1018
1605370 1014
1605380 1008
1605390 1008
1605400 1001
1605410 994
1605420 994
1605430 987
1605440 984
1605450 984
1605460 976
1605470 968
1605480 968
1605490 961
1605500 954
1605510 954
1605520 947
1605530 941
1605540 941
1605550 935
1605560 928
1605570 928
1605580 922
1605590 916
1605600 916
1605610 910
1605620 904
1605630 904
1605640 898
1605650 891
1605660 891
1605670 886
1605680 878
1605690 878
1605700 870
1605710 863
1605720 863
1605730 856
1605740 848
1605750 842
1605760 842
1605770 835
1605780 828
1605790 828
1605800 822
1605810 815
1605820 815
1605830 808
1605840 804
1605850 804
1605860 802
1605870 801
1605880 801
1605890 797
1605900 794
1605910 794
1605920 789
1605930 786
1605940 786
1605950 784
1605960 781
1605970 781
1605980 780
1605990 778
1606000 778
1606010 776
1606020 776
1606030 776
1606040 779
1606050 783
1606060 783
1606070 783
1606080 781
1606090 781
1606100 779
1606110 778
1606120 777
1606130 777
1606140 776
1606150 775
1606160 775
1606170 773
1606180 771
1606190 771
1606200 769
1606210 767
1606220 767
1606230 765
1606240 763
1606250 763
1606260 761
1606270 759
1606280 759
1606290 758
1606300 756
1606310 756
1606320 754
1606330 752
1606340 752
1606350 750
1606360 748
1606370 748
1606380 746
1606390 744
1606400 744
1606410 742
1606420 740
1606430 740
1606440 738
1606450 737
1606460 737
1606470 735
1606480 734
1606490 734
1606500 732
1606510 730
1606520 728
1606530 728
1606540 727
1606550 725
1606560 725
1606570 724
1606580 722
1606590 722
1606600 721
1606610 719
1606620 719
1606630 718
1606640 717
1606650 717
1606660 715
1606670 714
1606680 714
1606690 713
1606700 713
1606710 713
1606720 712
1606730 711
1606740 711
1606750 711
1606760 710
1606770 710
1606780 709
1606790 709
1606800 709
1606810 708
1606820 708
1606830 708
1606840 707
1606850 706
1606860 706
1606870 705
1606880 704
1606890 704
1606900 704
1606910 703
1606920 702
1606930 702
1606940 702
1606950 702
1606960 702
1606970 701
1606980 701
1606990 701
1607000 701
1607010 700
1607020 700
1607030 699
1607040 698
1607050 698
1607060 698
1607070 698
1607080 698
1607090 698
1607100 698
1607110 698
1607120 698
1607130 697
1607140 697
1607150 697
1607160 697
1607170 697
1607180 697
1607190 698
1607200 698
1607210 698
1607220 699
1607230 699
1607240 699
1607250 698
1607260 698
1607270 698
1607280 697
1607290 697
1607300 697
1607310 696
1607320 696
1607330 696
1607340 695
1607350 695
1607360 695
1607370 694
1607380 694
1607390 694
1607400 693
1607410 693
1607420 693
1607430 692
1607440 692
1607450 692
1607460 692
1607470 692
1607480 692
1607490 692
1607500 691
1607510 691
1607520 691
1607530 687
1607540 689
1607550 684
1607560 680
1607570 680
1607580 679
1607590 680
1607600 680
1607610 681
1607620 682
1607630 682
1607640 682
1607650 682
1607660 682
1607670 682
1607680 682
1607690 682
1607700 682
1607710 682
1607720 682
1607730 682
1607740 681
1607750 682
1607760 682
1607770 681
1607780 681
1607790 681
1607800 681
1607810 680
1607820 680
1607830 680
1607840 680
1607850 680
1607860 680
1607870 680
1607880 680
1607890 680
1607900 682
1607910 682
1607920 684
1607930 686
1607940 686
1607950 686
1607960 687
1607970 687
1607980 687
1607990 687
1608000 687
1608010 688
1608020 688
1608030 688
1608040 688
1608050 688
1608060 688
1608070 688
1608080 688
1608090 688
1608100 688
1608110 689
1608120 689
1608130 689
1608140 689
1608150 689
1608160 689
1608170 690
1608180 690
1608190 690
1608200 690
1608210 690
1608220 690
1608230 690
1608240 690
1608250 690
1608260 690
1608270 691
1608280 691
1608290 691
1608300 691
1608310 691
1608320 691
1608330 691
1608340 691
1608350 691
1608360 691
1608370 691
1608380 691
1608390 691
1608400 691
1608410 691
1608420 691
1608430 691
1608440 691
1608450 691
1608460 691
1608470 691
1608480 691
1608490 691
1608500 691
1608510 691
1608520 692
1608530 692
1608540 692
1608550 692
1608560 692
1608570 692
1608580 693
1608590 693
1608600 693
1608610 693
1608620 693
1608630 693
1608640 693
1608650 693
1608660 693
1608670 693
1608680 693
1608690 694
1608700 694
1608710 694
1608720 694
1608730 695
1608740 695
1608750 695
1608760 695
1608770 695
1608780 696
1608790 696
1608800 696
1608810 696
1608820 696
1608830 696
1608840 696
1608850 695
1608860 695
1608870 695
1608880 695
1608890 695
1608900 695
1608910 695
1608920 695
1608930 695
1608940 695
1608950 695
1608960 695
1608970 695
1608980 695
1608990 695
1609000 695
1609010 695
1609020 695
1609030 695
1609040 695
1609050 695
1609060 694
1609070 694
1609080 694
1609090 694
1609100 693
1609110 693
1609120 693
1609130 692
1609140 692
1609150 692
1609160 691
1609170 691
1609180 690
1609190 690
1609200 690
1609210 688
1609220 687
1609230 687
1609240 689
1609250 690
1609260 690
1609270 690
1609280 691
1609290 691
1609300 691
1609310 692
1609320 693
1609330 693
1609340 694
1609350 695
1609360 695
1609370 696
1609380 697
1609390 697
1609400 697
1609410 697
1609420 697
1609430 698
1609440 698
1609450 698
1609460 698
1609470 698
1609480 698
1609490 699
1609500 700
1609510 700
1609520 700
1609530 698
1609540 698
1609550 695
1609560 693
1609570 693
1609580 691
1609590 689
1609600 689
1609610 689
1609620 686
1609630 686
1609640 684
1609650 684
1609660 683
1609670 683
1609680 683
1609690 683
1609700 683
1609710 682
1609720 684
1609730 684
1609740 691
1609750 699
1609760 699
1609770 708
1609780 716
1609790 716
1609800 724
1609810 732
1609820 732
1609830 738
1609840 741
1609850 741
1609860 744
1609870 747
1609880 747
1609890 750
1609900 753
1609910 753
1609920 756
1609930 760
1609940 760
1609950 763
1609960 766
1609970 766
1609980 768
1609990 771
1610000 771
1610010 774
1610020 776
1610030 779
1610040 779
1610050 782
1610060 784
1610070 784
1610080 785
1610090 787
1610100 787
1610110 789
1610120 791
1610130 791
1610140 794
1610150 796
1610160 796
1610170 798
1610180 800
1610190 800
1610200 803
1610210 805
1610220 805
1610230 808
1610240 811
1610250 811
1610260 813
1610270 815
1610280 815
1610290 817
1610300 819
1610310 819
1610320 822
1610330 825
1610340 825
1610350 827
1610360 830
1610370 830
1610380 832
1610390 834
1610400 834
1610410 836
1610420 838
1610430 840
1610440 840
1610450 844
1610460 846
1610470 846
1610480 848
1610490 844
1610500 844
1610510 839
1610520 833
1610530 833
1610540 827
1610550 823
1610560 823
1610570 820
1610580 818
1610590 818
1610600 816
1610610 815
1610620 815
1610630 819
1610640 820
1610650 820
1610660 819
1610670 819
1610680 819
1610690 818
1610700 819
1610710 819
1610720 821
1610730 827
1610740 827
1610750 833
1610760 836
1610770 836
1610780 838
1610790 842
1610800 842
1610810 847
1610820 852
1610830 858
1610840 858
1610850 865
1610860 873
1610870 873
1610880 883
1610890 893
1610900 893
1610910 900
1610920 900
1610930 900
1610940 899
1610950 900
1610960 900
1610970 901
1610980 901
1610990 901
1611000 903
1611010 909
1611020 909
1611030 913
1611040 916
1611050 916
1611060 919
1611070 921
1611080 921
1611090 923
1611100 924
1611110 924
1611120 926
1611130 926
1611140 926
1611150 927
1611160 928
1611170 928
1611180 928
1611190 928
1611200 928
1611210 928
1611220 930
1611230 932
1611240 932
1611250 934
1611260 938
1611270 938
1611280 940
1611290 942
1611300 942
1611310 946
1611320 952
1611330 952
1611340 955
1611350 958
1611360 958
1611370 960
1611380 964
1611390 964
1611400 969
1611410 974
1611420 974
1611430 980
1611440 985
1611450 985
1611460 991
1611470 998
1611480 998
1611490 1001
1611500 1004
1611510 1004
1611520 1006
1611530 1009
1611540 1009
1611550 1012
1611560 1016
1611570 1016
1611580 1020
1611590 1024
1611600 1028
1611610 1028
1611620 1032
1611630 1036
1611640 1036
1611650 1047
1611660 1051
1611670 1051
1611680 1056
1611690 1060
1611700 1060
1611710 1064
1611720 1069
1611730 1069
1611740 1072
1611750 1065
1611760 1065
1611770 1049
1611780 1036
1611790 1036
1611800 1029
1611810 1020
1611820 1020
1611830 1012
1611840 1004
1611850 1004
1611860 995
1611870 988
1611880 988
1611890 981
1611900 976
1611910 976
1611920 972
1611930 969
1611940 969
1611950 967
1611960 965
1611970 965
1611980 964
1611990 962
1612000 959
1612010 959
1612020 955
1612030 951
1612040 951
1612050 946
1612060 943
1612070 943
1612080 939
1612090 936
1612100 936
1612110 933
1612120 928
1612130 928
1612140 924
1612150 918
1612160 918
1612170 913
1612180 909
1612190 909
1612200 905
1612210 902
1612220 902
1612230 899
1612240 897
1612250 897
1612260 895
1612270 892
1612280 892
1612290 887
1612300 882
1612310 882
1612320 876
1612330 868
1612340 868
1612350 864
1612360 863
1612370 863
1612380 857
1612390 852
1612400 847
1612410 847
1612420 841
1612430 835
1612440 835
1612450 829
1612460 825
1612470 825
1612480 822
1612490 816
1612500 816
1612510 811
1612520 807
1612530 807
1612540 803
1612550 797
1612560 797
1612570 793
1612580 787
1612590 787
1612600 781
1612610 777
1612620 777
1612630 771
1612640 766
1612650 768
1612660 768
1612670 767
1612680 767
1612690 767
1612700 767
1612710 767
1612720 767
1612730 766
1612740 766
1612750 765
1612760 765
1612770 765
1612780 765
1612790 765
1612800 768
1612810 768
1612820 770
1612830 768
1612840 768
1612850 764
1612860 762
1612870 762
1612880 763
1612890 763
1612900 763
1612910 767
1612920 770
1612930 770
1612940 772
1612950 776
1612960 776
1612970 777
1612980 775
1612990 775
1613000 774
1613010 770
1613020 770
1613030 766
1613040 762
1613050 762
1613060 759
1613070 758
1613080 758
1613090 758
1613100 759
1613110 759
1613120 759
1613130 758
1613140 758
1613150 756
1613160 752
1613170 747
1613180 747
1613190 743
1613200 739
1613210 739
1613220 735
1613230 731
1613240 731
1613250 729
1613260 726
1613270 726
1613280 724
1613290 721
1613300 721
1613310 716
1613320 712
1613330 712
1613340 709
1613350 705
1613360 705
1613370 704
1613380 705
1613390 705
1613400 705
1613410 705
1613420 705
1613430 705
1613440 704
1613450 704
1613460 703
1613470 702
1613480 702
1613490 701
1613500 700
1613510 700
1613520 700
1613530 699
1613540 699
1613550 699
1613560 698
1613570 699
1613580 699
1613590 699
1613600 698
1613610 698
1613620 698
1613630 698
1613640 698
1613650 700
1613660 703
1613670 703
1613680 708
1613690 713
1613700 713
1613710 718
1613720 723
1613730 723
1613740 726
1613750 727
1613760 727
1613770 727
1613780 727
1613790 727
1613800 727
1613810 726
1613820 726
1613830 726
1613840 726
1613850 726
1613860 726
1613870 726
1613880 726
1613890 725
1613900 724
1613910 724
1613920 720
1613930 713
1613940 713
1613950 712
1613960 718
1613970 724
1613980 724
1613990 726
1614000 727
1614010 727
1614020 727
1614030 728
1614040 728
1614050 728
1614060 729
1614070 729
1614080 729
1614090 729
1614100 729
1614110 729
1614120 729
1614130 729
1614140 729
1614150 728
1614160 728
1614170 727
1614180 727
1614190 727
1614200 727
1614210 726
1614220 726
1614230 723
1614240 719
1614250 719
1614260 714
1614270 717
1614280 717
1614290 722
1614300 728
1614310 728
1614320 732
1614330 735
1614340 736
1614350 736
1614360 738
1614370 740
1614380 740
1614390 741
1614400 742
1614410 742
1614420 743
1614430 744
1614440 744
1614450 745
1614460 746
1614470 746
1614480 747
1614490 748
1614500 748
1614510 748
1614520 749
1614530 749
1614540 749
1614550 749
1614560 749
1614570 749
1614580 749
1614590 749
1614600 749
1614610 750
1614620 750
1614630 750
1614640 752
1614650 752
1614660 751
1614670 750
1614680 750
1614690 749
1614700 749
1614710 749
1614720 748
1614730 748
1614740 747
1614750 747
1614760 746
1614770 745
1614780 745
1614790 744
1614800 743
1614810 743
1614820 741
1614830 740
1614840 740
1614850 738
1614860 737
1614870 737
1614880 736
1614890 736
1614900 736
1614910 736
1614920 735
1614930 735
1614940 735
1614950 736
1614960 736
1614970 738
1614980 739
1614990 739
1615000 740
1615010 741
1615020 741
1615030 741
1615040 741
1615050 741
1615060 741
1615070 741
1615080 741
1615090 741
1615100 736
1615110 736
1615120 729
1615130 721
1615140 719
1615150 719
1615160 720
1615170 720
1615180 720
1615190 721
1615200 722
1615210 722
1615220 726
1615230 731
1615240 731
1615250 736
1615260 741
1615270 741
1615280 745
1615290 748
1615300 748
1615310 751
1615320 756
1615330 756
1615340 760
1615350 763
1615360 763
1615370 764
1615380 766
1615390 766
1615400 767
1615410 769
1615420 769
1615430 771
1615440 776
1615450 776
1615460 776
1615470 776
1615480 776
1615490 779
1615500 783
1615510 786
1615520 786
1615530 790
1615540 794
1615550 794
1615560 797
1615570 802
1615580 802
1615590 807
1615600 811
1615610 811
1615620 816
1615630 821
1615640 821
1615650 827
1615660 834
1615670 834
1615680 840
1615690 845
1615700 845
1615710 850
1615720 855
1615730 855
1615740 859
1615750 864
1615760 864
1615770 869
1615780 873
1615790 873
1615800 876
1615810 881
1615820 881
1615830 884
1615840 887
1615850 887
1615860 890
1615870 892
1615880 892
1615890 894
1615900 898
1615910 902
1615920 902
1615930 907
1615940 913
1615950 913
1615960 919
1615970 924
1615980 924
1615990 929
1616000 934
1616010 934
1616020 939
1616030 944
1616040 944
1616050 949
1616060 954
1616070 954
1616080 957
1616090 960
1616100 960
1616110 963
1616120 966
1616130 966
1616140 970
1616150 973
1616160 973
1616170 976
1616180 980
1616190 980
1616200 982
1616210 986
1616220 986
1616230 989
1616240 992
1616250 992
1616260 993
1616270 993
1616280 993
1616290 993
1616300 991
1616310 986
1616320 986
1616330 984
1616340 983
1616350 983
1616360 982
1616370 980
1616380 980
1616390 974
1616400 966
1616410 966
1616420 958
1616430 953
1616440 953
1616450 955
1616460 957
1616470 957
1616480 960
1616490 961
1616500 961
1616510 963
1616520 959
1616530 959
1616540 955
1616550 957
1616560 957
1616570 959
1616580 958
1616590 965
1616600 964
1616610 963
1616620 963
1616630 961
1616640 956
1616650 956
1616660 955
1616670 958
1616680 962
1616690 962
1616700 966
1616710 969
1616720 969
1616730 968
1616740 969
1616750 969
1616760 966
1616770 964
1616780 964
1616790 962
1616800 965
1616810 965
1616820 969
1616830 972
1616840 972
1616850 970
1616860 963
1616870 963
1616880 959
1616890 959
1616900 959
1616910 962
1616920 967
1616930 967
1616940 974
1616950 978
1616960 978
1616970 983
1616980 988
1616990 988
1617000 991
1617010 992
1617020 992
1617030 998
1617040 1003
1617050 1003
1617060 1003
1617070 998
1617080 994
1617090 994
1617100 990
1617110 989
1617120 989
1617130 992
1617140 992
1617150 992
1617160 990
1617170 987
1617180 987
1617190 987
1617200 989
1617210 989
1617220 993
1617230 992
1617240 992
1617250 986
1617260 981
1617270 981
1617280 977
1617290 977
1617300 977
1617310 976
1617320 977
1617330 977
1617340 985
1617350 987
1617360 987
1617370 991
1617380 997
1617390 997
1617400 1002
1617410 1008
1617420 1008
1617430 1014
1617440 1020
1617450 1020
1617460 1027
1617470 1034
1617480 1040
1617490 1040
1617500 1047
1617510 1052
1617520 1052
1617530 1057
1617540 1060
1617550 1060
1617560 1067
1617570 1069
1617580 1069
1617590 1071
1617600 1070
1617610 1070
1617620 1070
1617630 1071
1617640 1071
1617650 1075
1617660 1080
1617670 1080
1617680 1084
1617690 1089
1617700 1089
1617710 1094
1617720 1099
1617730 1099
1617740 1104
1617750 1109
1617760 1109
1617770 1114
1617780 1117
1617790 1117
1617800 1117
1617810 1122
1617820 1122
1617830 1128
1617840 1133
1617850 1133
1617860 1139
1617870 1143
1617880 1148
1617890 1148
1617900 1155
1617910 1163
1617920 1163
1617930 1174
1617940 1184
1617950 1184
1617960 1190
1617970 1198
1617980 1198
1617990 1206
1618000 1211
1618010 1211
1618020 1211
1618030 1216
1618040 1216
1618050 1222
1618060 1228
1618070 1228
1618080 1233
1618090 1239
1618100 1239
1618110 1249
1618120 1261
1618130 1261
1618140 1268
1618150 1270
1618160 1270
1618170 1273
1618180 1278
1618190 1278
1618200 1284
1618210 1290
1618220 1290
1618230 1296
1618240 1299
1618250 1300
1618260 1300
1618270 1298
1618280 1297
1618290 1297
1618300 1295
1618310 1292
1618320 1292
1618330 1287
1618340 1280
1618350 1280
1618360 1274
1618370 1269
1618380 1269
1618390 1265
1618400 1264
1618410 1264
1618420 1265
1618430 1267
1618440 1267
1618450 1267
1618460 1266
1618470 1266
1618480 1265
1618490 1265
1618500 1265
1618510 1271
1618520 1274
1618530 1274
1618540 1279
1618550 1284
1618560 1284
1618570 1288
1618580 1290
1618590 1290
1618600 1291
1618610 1291
1618620 1291
1618630 1291
1618640 1289
1618650 1286
1618660 1286
1618670 1288
1618680 1290
1618690 1290
1618700 1291
1618710 1293
1618720 1293
1618730 1295
1618740 1298
1618750 1298
1618760 1300
1618770 1303
1618780 1303
1618790 1305
1618800 1307
1618810 1307
1618820 1310
1618830 1313
1618840 1313
1618850 1315
1618860 1317
1618870 1317
1618880 1319
1618890 1321
1618900 1321
1618910 1322
1618920 1323
1618930 1323
1618940 1323
1618950 1324
1618960 1324
1618970 1323
1618980 1322
1618990 1322
1619000 1320
1619010 1317
1619020 1317
1619030 1313
1619040 1309
1619050 1309
1619060 1309
1619070 1310
1619080 1312
1619090 1312
1619100 1315
1619110 1318
1619120 1318
1619130 1321
1619140 1325
1619150 1325
1619160 1329
1619170 1334
1619180 1334
1619190 1337
1619200 1341
1619210 1341
1619220 1344
1619230 1347
1619240 1347
1619250 1349
1619260 1351
1619270 1351
1619280 1353
1619290 1355
1619300 1355
1619310 1357
1619320 1358
1619330 1358
1619340 1359
1619350 1360
1619360 1360
1619370 1361
1619380 1361
1619390 1361
1619400 1361
1619410 1362
1619420 1363
1619430 1363
1619440 1362
1619450 1358
1619460 1358
1619470 1354
1619480 1351
1619490 1351
1619500 1348
1619510 1345
1619520 1345
1619530 1342
1619540 1338
1619550 1338
1619560 1333
1619570 1327
1619580 1327
1619590 1322
1619600 1316
1619610 1316
1619620 1311
1619630 1306
1619640 1306
1619650 1301
1619660 1294
1619670 1294
1619680 1289
1619690 1288
1619700 1288
1619710 1288
1619720 1285
1619730 1285
1619740 1280
1619750 1274
1619760 1274
1619770 1267
1619780 1262
1619790 1262
1619800 1260
1619810 1259
1619820 1258
1619830 1258
1619840 1255
1619850 1250
1619860 1250
1619870 1245
1619880 1241
1619890 1241
1619900 1236
1619910 1232
1619920 1232
1619930 1228
1619940 1225
1619950 1225
1619960 1220
1619970 1214
1619980 1214
1619990 1210
