1600000 1114
1600010 1114
1600020 1112
1600030 1111
1600040 1110
1600050 1110
1600060 1112
1600070 1115
1600080 1115
1600090 1118
1600100 1120
1600110 1120
1600120 1123
1600130 1126
1600140 1126
1600150 1131
1600160 1135
1600170 1135
1600180 1141
1600190 1145
1600200 1145
1600210 1148
1600220 1151
1600230 1151
1600240 1154
1600250 1161
1600260 1161
1600270 1164
1600280 1166
1600290 1166
1600300 1168
1600310 1169
1600320 1169
1600330 1170
1600340 1171
1600350 1171
1600360 1173
1600370 1176
1600380 1176
1600390 1178
1600400 1180
1600410 1180
1600420 1182
1600430 1183
1600440 1184
1600450 1184
1600460 1182
1600470 1177
1600480 1177
1600490 1172
1600500 1170
1600510 1170
1600520 1171
1600530 1175
1600540 1175
1600550 1179
1600560 1185
1600570 1185
1600580 1189
1600590 1193
1600600 1193
1600610 1195
1600620 1197
1600630 1197
1600640 1199
1600650 1201
1600660 1201
1600670 1205
1600680 1208
1600690 1208
1600700 1211
1600710 1213
1600720 1213
1600730 1216
1600740 1219
1600750 1219
1600760 1222
1600770 1225
1600780 1225
1600790 1227
1600800 1230
1600810 1230
1600820 1233
1600830 1235
1600840 1235
1600850 1238
1600860 1241
1600870 1244
1600880 1244
1600890 1246
1600900 1250
1600910 1250
1600920 1252
1600930 1254
1600940 1254
1600950 1256
1600960 1258
1600970 1258
1600980 1260
1600990 1261
1601000 1261
1601010 1262
1601020 1263
1601030 1263
1601040 1265
1601050 1267
1601060 1267
1601070 1268
1601080 1270
1601090 1270
1601100 1272
1601110 1273
1601120 1273
1601130 1276
1601140 1280
1601150 1280
1601160 1284
1601170 1286
1601180 1286
1601190 1288
1601200 1289
1601210 1289
1601220 1289
1601230 1290
1601240 1290
1601250 1290
1601260 1290
1601270 1288
1601280 1288
1601290 1287
1601300 1286
1601310 1286
1601320 1286
1601330 1286
1601340 1286
1601350 1291
1601360 1291
1601370 1291
1601380 1291
1601390 1291
1601400 1291
1601410 1291
1601420 1291
1601430 1291
1601440 1292
1601450 1294
1601460 1294
1601470 1295
1601480 1297
1601490 1297
1601500 1299
1601510 1301
1601520 1301
1601530 1304
1601540 1307
1601550 1307
1601560 1310
1601570 1312
1601580 1312
1601590 1315
1601600 1318
1601610 1318
1601620 1320
1601630 1323
1601640 1323
1601650 1325
1601660 1328
1601670 1328
1601680 1330
1601690 1331
1601700 1333
1601710 1333
1601720 1333
1601730 1333
1601740 1333
1601750 1333
1601760 1333
1601770 1333
1601780 1334
1601790 1335
1601800 1335
1601810 1336
1601820 1337
1601830 1337
1601840 1339
1601850 1341
1601860 1341
1601870 1342
1601880 1343
1601890 1343
1601900 1346
1601910 1348
1601920 1348
1601930 1351
1601940 1354
1601950 1354
1601960 1356
1601970 1360
1601980 1360
1601990 1364
1602000 1368
1602010 1368
1602020 1371
1602030 1374
1602040 1374
1602050 1377
1602060 1380
1602070 1380
1602080 1383
1602090 1387
1602100 1391
1602110 1391
1602120 1397
1602130 1402
1602140 1402
1602150 1407
1602160 1413
1602170 1413
1602180 1418
1602190 1423
1602200 1423
1602210 1428
1602220 1433
1602230 1433
1602240 1437
1602250 1440
1602260 1440
1602270 1443
1602280 1443
1602290 1443
1602300 1438
1602310 1431
1602320 1431
1602330 1423
1602340 1415
1602350 1415
1602360 1408
1602370 1401
1602380 1401
1602390 1394
1602400 1386
1602410 1386
1602420 1379
1602430 1373
1602440 1373
1602450 1368
1602460 1363
1602470 1363
1602480 1359
1602490 1359
1602500 1359
1602510 1358
1602520 1357
1602530 1357
1602540 1357
1602550 1358
1602560 1360
1602570 1360
1602580 1362
1602590 1359
1602600 1359
1602610 1357
1602620 1355
1602630 1355
1602640 1355
1602650 1357
1602660 1357
1602670 1358
1602680 1359
1602690 1359
1602700 1361
1602710 1363
1602720 1363
1602730 1364
1602740 1364
1602750 1364
1602760 1364
1602770 1365
1602780 1365
1602790 1367
1602800 1367
1602810 1367
1602820 1364
1602830 1353
1602840 1353
1602850 1339
1602860 1328
1602870 1328
1602880 1320
1602890 1312
1602900 1312
1602910 1304
1602920 1296
1602930 1289
1602940 1289
1602950 1283
1602960 1278
1602970 1278
1602980 1273
1602990 1268
1603000 1268
1603010 1265
1603020 1265
1603030 1265
1603040 1265
1603050 1266
1603060 1266
1603070 1267
1603080 1269
1603090 1269
1603100 1271
1603110 1273
1603120 1273
1603130 1274
1603140 1275
1603150 1275
1603160 1275
1603170 1276
1603180 1276
1603190 1278
1603200 1282
1603210 1282
1603220 1283
1603230 1286
1603240 1286
1603250 1292
1603260 1299
1603270 1299
1603280 1302
1603290 1306
1603300 1306
1603310 1311
1603320 1316
1603330 1316
1603340 1323
1603350 1328
1603360 1332
1603370 1332
1603380 1335
1603390 1337
1603400 1337
1603410 1337
1603420 1338
1603430 1338
1603440 1339
1603450 1340
1603460 1340
1603470 1342
1603480 1343
1603490 1343
1603500 1345
1603510 1347
1603520 1351
1603530 1352
1603540 1353
1603550 1353
1603560 1354
1603570 1357
1603580 1357
1603590 1359
1603600 1362
1603610 1362
1603620 1365
1603630 1367
1603640 1367
1603650 1362
1603660 1353
1603670 1353
1603680 1349
1603690 1348
1603700 1348
1603710 1345
1603720 1345
1603730 1345
1603740 1344
1603750 1340
1603760 1334
1603770 1334
1603780 1328
1603790 1314
1603800 1314
1603810 1298
1603820 1290
1603830 1290
1603840 1287
1603850 1283
1603860 1283
1603870 1280
1603880 1279
1603890 1279
1603900 1277
1603910 1278
1603920 1278
1603930 1280
1603940 1284
1603950 1284
1603960 1289
1603970 1294
1603980 1294
1603990 1302
1604000 1304
1604010 1304
1604020 1292
1604030 1279
1604040 1279
1604050 1271
1604060 1269
1604070 1269
1604080 1270
1604090 1259
1604100 1259
1604110 1245
1604120 1238
1604130 1238
1604140 1235
1604150 1233
1604160 1233
1604170 1234
1604180 1236
1604190 1241
1604200 1241
1604210 1247
1604220 1255
1604230 1255
1604240 1265
1604250 1275
1604260 1275
1604270 1284
1604280 1292
1604290 1292
1604300 1295
1604310 1292
1604320 1292
1604330 1291
1604340 1291
1604350 1291
1604360 1290
1604370 1286
1604380 1286
1604390 1284
1604400 1279
1604410 1279
1604420 1268
1604430 1257
1604440 1257
1604450 1246
1604460 1239
1604470 1239
1604480 1233
1604490 1226
1604500 1226
1604510 1220
1604520 1225
1604530 1225
1604540 1234
1604550 1242
1604560 1242
1604570 1249
1604580 1256
1604590 1261
1604600 1261
1604610 1268
1604620 1274
1604630 1274
1604640 1279
1604650 1281
1604660 1281
1604670 1283
1604680 1286
1604690 1286
1604700 1292
1604710 1300
1604720 1300
1604730 1300
1604740 1292
1604750 1292
1604760 1289
1604770 1285
1604780 1285
1604790 1279
1604800 1274
1604810 1274
1604820 1271
1604830 1265
1604840 1265
1604850 1258
1604860 1253
1604870 1253
1604880 1249
1604890 1238
1604900 1238
1604910 1227
1604920 1217
1604930 1217
1604940 1209
1604950 1202
1604960 1202
1604970 1195
1604980 1189
1604990 1184
1605000 1184
1605010 1179
1605020 1174
1605030 1174
1605040 1169
1605050 1164
1605060 1164
1605070 1158
1605080 1152
1605090 1152
1605100 1145
1605110 1140
1605120 1140
1605130 1133
1605140 1125
1605150 1125
1605160 1121
1605170 1117
1605180 1117
1605190 1111
1605200 1107
1605210 1107
1605220 1103
1605230 1097
1605240 1097
1605250 1090
1605260 1090
1605270 1090
1605280 1096
1605290 1103
1605300 1103
1605310 1109
1605320 1115
1605330 1115
1605340 1120
1605350 1126
1605360 1126
1605370 1132
1605380 1138
1605390 1138
1605400 1142
1605410 1147
1605420 1153
1605430 1153
1605440 1152
1605450 1143
1605460 1143
1605470 1135
1605480 1131
1605490 1131
1605500 1124
1605510 1120
1605520 1120
1605530 1109
1605540 1099
1605550 1099
1605560 1110
1605570 1118
1605580 1118
1605590 1125
1605600 1131
1605610 1131
1605620 1133
1605630 1135
1605640 1135
1605650 1139
1605660 1150
1605670 1150
1605680 1154
1605690 1158
1605700 1158
1605710 1162
1605720 1165
1605730 1165
1605740 1169
1605750 1172
1605760 1172
1605770 1173
1605780 1173
1605790 1173
1605800 1173
1605810 1173
1605820 1174
1605830 1174
1605840 1174
1605850 1177
1605860 1177
1605870 1179
1605880 1183
1605890 1183
1605900 1188
1605910 1192
1605920 1192
1605930 1197
1605940 1202
1605950 1202
1605960 1206
1605970 1211
1605980 1211
1605990 1216
1606000 1222
1606010 1222
1606020 1228
1606030 1230
1606040 1230
1606050 1233
1606060 1236
1606070 1236
1606080 1239
1606090 1242
1606100 1242
1606110 1245
1606120 1250
1606130 1250
1606140 1254
1606150 1255
1606160 1255
1606170 1256
1606180 1257
1606190 1257
1606200 1258
1606210 1259
1606220 1259
1606230 1259
1606240 1255
1606250 1244
1606260 1244
1606270 1228
1606280 1217
1606290 1217
1606300 1210
1606310 1204
1606320 1204
1606330 1193
1606340 1187
1606350 1187
1606360 1180
1606370 1172
1606380 1172
1606390 1165
1606400 1158
1606410 1158
1606420 1151
1606430 1144
1606440 1144
1606450 1138
1606460 1133
1606470 1133
1606480 1129
1606490 1124
1606500 1124
1606510 1120
1606520 1117
1606530 1117
1606540 1112
1606550 1104
1606560 1104
1606570 1101
1606580 1100
1606590 1100
1606600 1103
1606610 1106
1606620 1106
1606630 1104
1606640 1103
1606650 1102
1606660 1102
1606670 1102
1606680 1102
1606690 1102
1606700 1102
1606710 1103
1606720 1109
1606730 1102
1606740 1089
1606750 1089
1606760 1077
1606770 1066
1606780 1066
1606790 1056
1606800 1067
1606810 1067
1606820 1085
1606830 1102
1606840 1102
1606850 1106
1606860 1109
1606870 1109
1606880 1111
1606890 1110
1606900 1110
1606910 1109
1606920 1114
1606930 1114
1606940 1120
1606950 1127
1606960 1127
1606970 1132
1606980 1138
1606990 1138
1607000 1143
1607010 1149
1607020 1149
1607030 1155
1607040 1160
1607050 1160
1607060 1165
1607070 1165
1607080 1169
1607090 1169
1607100 1177
1607110 1183
1607120 1183
1607130 1186
1607140 1186
1607150 1186
1607160 1190
1607170 1195
1607180 1195
1607190 1199
1607200 1209
1607210 1209
1607220 1219
1607230 1221
1607240 1221
1607250 1225
1607260 1236
1607270 1236
1607280 1239
1607290 1236
1607300 1236
1607310 1232
1607320 1230
1607330 1230
1607340 1230
1607350 1233
1607360 1233
1607370 1235
1607380 1236
1607390 1236
1607400 1239
1607410 1243
1607420 1243
1607430 1248
1607440 1255
1607450 1255
1607460 1263
1607470 1272
1607480 1277
1607490 1277
1607500 1282
1607510 1287
1607520 1287
1607530 1293
1607540 1299
1607550 1299
1607560 1306
1607570 1312
1607580 1312
1607590 1319
1607600 1320
1607610 1320
1607620 1319
1607630 1318
1607640 1318
1607650 1317
1607660 1318
1607670 1318
1607680 1318
1607690 1311
1607700 1311
1607710 1301
1607720 1293
1607730 1293
1607740 1286
1607750 1279
1607760 1284
1607770 1279
1607780 1274
1607790 1274
1607800 1270
1607810 1267
1607820 1267
1607830 1266
1607840 1268
1607850 1268
1607860 1271
1607870 1277
1607880 1277
1607890 1284
1607900 1292
1607910 1300
1607920 1300
1607930 1307
1607940 1310
1607950 1310
1607960 1312
1607970 1315
1607980 1315
1607990 1320
1608000 1329
1608010 1329
1608020 1335
1608030 1336
1608040 1336
1608050 1333
1608060 1333
1608070 1333
1608080 1331
1608090 1330
1608100 1330
1608110 1331
1608120 1334
1608130 1334
1608140 1340
1608150 1343
1608160 1343
1608170 1347
1608180 1352
1608190 1352
1608200 1353
1608210 1347
1608220 1347
1608230 1339
1608240 1331
1608250 1331
1608260 1326
1608270 1322
1608280 1322
1608290 1316
1608300 1310
1608310 1306
1608320 1306
1608330 1305
1608340 1309
1608350 1309
1608360 1315
1608370 1319
1608380 1319
1608390 1322
1608400 1323
1608410 1323
1608420 1325
1608430 1329
1608440 1329
1608450 1334
1608460 1339
1608470 1339
1608480 1344
1608490 1349
1608500 1349
1608510 1348
1608520 1339
1608530 1339
1608540 1331
1608550 1323
1608560 1323
1608570 1316
1608580 1309
1608590 1309
1608600 1302
1608610 1295
1608620 1295
1608630 1288
1608640 1281
1608650 1281
1608660 1274
1608670 1267
1608680 1267
1608690 1259
1608700 1253
1608710 1253
1608720 1247
1608730 1241
1608740 1235
1608750 1235
1608760 1227
1608770 1223
1608780 1223
1608790 1218
1608800 1207
1608810 1207
1608820 1204
1608830 1201
1608840 1201
1608850 1195
1608860 1186
1608870 1186
1608880 1175
1608890 1166
1608900 1166
1608910 1159
1608920 1152
1608930 1152
1608940 1145
1608950 1139
1608960 1139
1608970 1133
1608980 1126
1608990 1126
1609000 1119
1609010 1117
1609020 1117
1609030 1116
1609040 1113
1609050 1113
1609060 1109
1609070 1105
1609080 1105
1609090 1102
1609100 1098
1609110 1098
1609120 1096
1609130 1095
1609140 1091
1609150 1091
1609160 1083
1609170 1074
1609180 1074
1609190 1070
1609200 1069
1609210 1069
1609220 1075
1609230 1080
1609240 1080
1609250 1082
1609260 1083
1609270 1083
1609280 1084
1609290 1085
1609300 1085
1609310 1084
1609320 1080
1609330 1080
1609340 1080
1609350 1083
1609360 1083
1609370 1086
1609380 1088
1609390 1088
1609400 1094
1609410 1097
1609420 1097
1609430 1098
1609440 1099
1609450 1099
1609460 1102
1609470 1105
1609480 1105
1609490 1109
1609500 1107
1609510 1107
1609520 1103
1609530 1101
1609540 1101
1609550 1099
1609560 1097
1609570 1102
1609580 1102
1609590 1111
1609600 1118
1609610 1118
1609620 1124
1609630 1127
1609640 1127
1609650 1131
1609660 1135
1609670 1135
1609680 1139
1609690 1143
1609700 1143
1609710 1147
1609720 1153
1609730 1153
1609740 1158
1609750 1165
1609760 1165
1609770 1171
1609780 1169
1609790 1169
1609800 1165
1609810 1163
1609820 1163
1609830 1169
1609840 1166
1609850 1166
1609860 1169
1609870 1176
1609880 1176
1609890 1184
1609900 1195
1609910 1195
1609920 1202
1609930 1212
1609940 1212
1609950 1218
1609960 1224
1609970 1230
1609980 1230
1609990 1236
1610000 1243
1610010 1243
1610020 1248
1610030 1253
1610040 1253
1610050 1256
1610060 1260
1610070 1260
1610080 1264
1610090 1268
1610100 1268
1610110 1271
1610120 1274
1610130 1274
1610140 1278
1610150 1283
1610160 1283
1610170 1285
1610180 1283
1610190 1283
1610200 1280
1610210 1279
1610220 1279
1610230 1284
1610240 1292
1610250 1292
1610260 1300
1610270 1309
1610280 1309
1610290 1318
1610300 1326
1610310 1326
1610320 1325
1610330 1330
1610340 1330
1610350 1337
1610360 1347
1610370 1347
1610380 1355
1610390 1352
1610400 1358
1610410 1358
1610420 1364
1610430 1372
1610440 1372
1610450 1381
1610460 1390
1610470 1390
1610480 1397
1610490 1400
1610500 1400
1610510 1412
1610520 1424
1610530 1424
1610540 1434
1610550 1445
1610560 1445
1610570 1456
1610580 1464
1610590 1464
1610600 1473
1610610 1476
1610620 1476
1610630 1477
1610640 1480
1610650 1480
1610660 1484
1610670 1487
1610680 1487
1610690 1492
1610700 1499
1610710 1499
1610720 1507
1610730 1515
1610740 1515
1610750 1526
1610760 1536
1610770 1536
1610780 1543
1610790 1549
1610800 1555
1610810 1555
1610820 1559
1610830 1562
1610840 1562
1610850 1571
1610860 1574
1610870 1574
1610880 1578
1610890 1581
1610900 1581
1610910 1581
1610920 1582
1610930 1582
1610940 1583
1610950 1585
1610960 1585
1610970 1586
1610980 1586
1610990 1586
1611000 1585
1611010 1583
1611020 1583
1611030 1575
1611040 1561
1611050 1561
1611060 1552
1611070 1545
1611080 1545
1611090 1539
1611100 1532
1611110 1532
1611120 1511
1611130 1493
1611140 1493
1611150 1474
1611160 1465
1611170 1465
1611180 1455
1611190 1444
1611200 1444
1611210 1441
1611220 1448
1611230 1465
1611240 1465
1611250 1495
1611260 1526
1611270 1526
1611280 1531
1611290 1534
1611300 1534
1611310 1538
1611320 1541
1611330 1541
1611340 1544
1611350 1543
1611360 1543
1611370 1537
1611380 1532
1611390 1532
1611400 1527
1611410 1527
1611420 1527
1611430 1536
1611440 1556
1611450 1556
1611460 1589
1611470 1601
1611480 1601
1611490 1592
1611500 1588
1611510 1588
1611520 1608
1611530 1642
1611540 1642
1611550 1656
1611560 1670
1611570 1670
1611580 1677
1611590 1677
1611600 1677
1611610 1679
1611620 1679
1611630 1681
1611640 1681
1611650 1685
1611660 1683
1611670 1683
1611680 1685
1611690 1689
1611700 1689
1611710 1696
1611720 1713
1611730 1713
1611740 1717
1611750 1723
1611760 1723
1611770 1721
1611780 1718
1611790 1718
1611800 1719
1611810 1722
1611820 1722
1611830 1723
1611840 1723
1611850 1723
1611860 1733
1611870 1738
1611880 1738
1611890 1735
1611900 1735
1611910 1735
1611920 1749
1611930 1757
1611940 1757
1611950 1768
1611960 1775
1611970 1775
1611980 1785
1611990 1795
1612000 1795
1612010 1803
1612020 1811
1612030 1820
1612040 1820
1612050 1829
1612060 1836
1612070 1836
1612080 1843
1612090 1851
1612100 1851
1612110 1859
1612120 1870
1612130 1870
1612140 1897
1612150 1913
1612160 1913
1612170 1892
1612180 1857
1612190 1857
1612200 1869
1612210 1893
1612220 1893
1612230 1902
1612240 1909
1612250 1909
1612260 1897
1612270 1884
1612280 1884
1612290 1876
1612300 1866
1612310 1866
1612320 1856
1612330 1863
1612340 1863
1612350 1868
1612360 1870
1612370 1870
1612380 1873
1612390 1880
1612400 1880
1612410 1880
1612420 1881
1612430 1881
1612440 1882
1612450 1890
1612460 1898
1612470 1898
1612480 1897
1612490 1912
1612500 1912
1612510 1923
1612520 1931
1612530 1931
1612540 1939
1612550 1948
1612560 1948
1612570 1955
1612580 1959
1612590 1959
1612600 1959
1612610 1962
1612620 1962
1612630 1963
1612640 1967
1612650 1967
1612660 1969
1612670 1970
1612680 1970
1612690 1974
1612700 1975
1612710 1975
1612720 1979
1612730 1990
1612740 1990
1612750 1998
1612760 2004
1612770 2004
1612780 2008
1612790 2011
1612800 2011
1612810 2015
1612820 2019
1612830 2019
1612840 2023
1612850 2027
1612860 2023
1612870 2023
1612880 2026
1612890 2030
1612900 2030
1612910 2035
1612920 2040
1612930 2040
1612940 2042
1612950 2045
1612960 2045
1612970 2047
1612980 2045
1612990 2045
1613000 2045
1613010 2045
1613020 2045
1613030 2045
1613040 2042
1613050 2042
1613060 2037
1613070 2031
1613080 2031
1613090 2025
1613100 2019
1613110 2019
1613120 2014
1613130 2008
1613140 2008
1613150 2004
1613160 2001
1613170 2001
1613180 1997
1613190 1994
1613200 1994
1613210 1989
1613220 1985
1613230 1985
1613240 1981
1613250 1977
1613260 1977
1613270 1972
1613280 1967
1613290 1961
1613300 1961
1613310 1957
1613320 1954
1613330 1954
1613340 1949
1613350 1945
1613360 1945
1613370 1941
1613380 1938
1613390 1938
1613400 1939
1613410 1941
1613420 1941
1613430 1943
1613440 1946
1613450 1946
1613460 1949
1613470 1952
1613480 1952
1613490 1956
1613500 1961
1613510 1961
1613520 1965
1613530 1971
1613540 1971
1613550 1978
1613560 1985
1613570 1985
1613580 1992
1613590 1999
1613600 1999
1613610 2005
1613620 2010
1613630 2010
1613640 2007
1613650 1999
1613660 1999
1613670 1990
1613680 1982
1613690 1975
1613700 1975
1613710 1968
1613720 1962
1613730 1962
1613740 1956
1613750 1950
1613760 1950
1613770 1947
1613780 1942
1613790 1942
1613800 1937
1613810 1933
1613820 1933
1613830 1930
1613840 1929
1613850 1929
1613860 1938
1613870 1934
1613880 1934
1613890 1930
1613900 1927
1613910 1927
1613920 1923
1613930 1918
1613940 1918
1613950 1914
1613960 1910
1613970 1910
1613980 1904
1613990 1893
1614000 1893
1614010 1894
1614020 1892
1614030 1892
1614040 1889
1614050 1883
1614060 1883
1614070 1878
1614080 1874
1614090 1874
1614100 1872
1614110 1873
1614120 1872
1614130 1872
1614140 1863
1614150 1855
1614160 1855
1614170 1845
1614180 1836
1614190 1836
1614200 1828
1614210 1822
1614220 1822
1614230 1814
1614240 1807
1614250 1807
1614260 1801
1614270 1796
1614280 1796
1614290 1790
1614300 1781
1614310 1781
1614320 1772
1614330 1764
1614340 1764
1614350 1758
1614360 1752
1614370 1752
1614380 1744
1614390 1736
1614400 1736
1614410 1726
1614420 1713
1614430 1713
1614440 1705
1614450 1693
1614460 1693
1614470 1681
1614480 1679
1614490 1679
1614500 1680
1614510 1682
1614520 1681
1614530 1681
1614540 1680
1614550 1679
1614560 1679
1614570 1676
1614580 1673
1614590 1673
1614600 1669
1614610 1665
1614620 1665
1614630 1661
1614640 1656
1614650 1656
1614660 1650
1614670 1643
1614680 1643
1614690 1639
1614700 1634
1614710 1634
1614720 1629
1614730 1623
1614740 1623
1614750 1616
1614760 1610
1614770 1610
1614780 1603
1614790 1596
1614800 1596
1614810 1584
1614820 1574
1614830 1574
1614840 1566
1614850 1562
1614860 1562
1614870 1555
1614880 1547
1614890 1547
1614900 1535
1614910 1522
1614920 1522
1614930 1513
1614940 1505
1614950 1497
1614960 1497
1614970 1491
1614980 1485
1614990 1485
1615000 1479
1615010 1474
1615020 1474
1615030 1468
1615040 1460
1615050 1460
1615060 1453
1615070 1446
1615080 1446
1615090 1439
1615100 1431
1615110 1431
1615120 1427
1615130 1423
1615140 1423
1615150 1419
1615160 1416
1615170 1416
1615180 1414
1615190 1412
1615200 1412
1615210 1412
1615220 1414
1615230 1414
1615240 1417
1615250 1420
1615260 1420
1615270 1424
1615280 1426
1615290 1426
1615300 1428
1615310 1429
1615320 1429
1615330 1426
1615340 1421
1615350 1416
1615360 1416
1615370 1411
1615380 1407
1615390 1407
1615400 1404
1615410 1402
1615420 1402
1615430 1400
1615440 1399
1615450 1399
1615460 1397
1615470 1396
1615480 1396
1615490 1397
1615500 1397
1615510 1397
1615520 1398
1615530 1397
1615540 1397
1615550 1397
1615560 1399
1615570 1399
1615580 1401
1615590 1403
1615600 1403
1615610 1406
1615620 1406
1615630 1406
1615640 1409
1615650 1411
1615660 1411
1615670 1406
1615680 1409
1615690 1409
1615700 1413
1615710 1415
1615720 1415
1615730 1414
1615740 1416
1615750 1416
1615760 1422
1615770 1430
1615780 1435
1615790 1435
1615800 1443
1615810 1453
1615820 1453
1615830 1457
1615840 1465
1615850 1465
1615860 1474
1615870 1488
1615880 1488
1615890 1497
1615900 1505
1615910 1505
1615920 1514
1615930 1519
1615940 1519
1615950 1523
1615960 1529
1615970 1529
1615980 1535
1615990 1541
1616000 1541
1616010 1542
1616020 1552
1616030 1552
1616040 1556
1616050 1556
1616060 1556
1616070 1560
1616080 1562
1616090 1562
1616100 1564
1616110 1567
1616120 1567
1616130 1571
1616140 1576
1616150 1576
1616160 1581
1616170 1585
1616180 1590
1616190 1590
1616200 1597
1616210 1603
1616220 1603
1616230 1608
1616240 1616
1616250 1616
1616260 1624
1616270 1641
1616280 1641
1616290 1669
1616300 1671
1616310 1671
1616320 1654
1616330 1627
1616340 1627
1616350 1610
1616360 1601
1616370 1601
1616380 1596
1616390 1593
1616400 1593
1616410 1591
1616420 1588
1616430 1588
1616440 1583
1616450 1576
1616460 1576
1616470 1569
1616480 1562
1616490 1562
1616500 1553
1616510 1546
1616520 1546
1616530 1541
1616540 1536
1616550 1536
1616560 1533
1616570 1532
1616580 1532
1616590 1529
1616600 1525
1616610 1522
1616620 1522
1616630 1508
1616640 1498
1616650 1498
1616660 1492
1616670 1483
1616680 1483
1616690 1478
1616700 1472
1616710 1472
1616720 1467
1616730 1458
1616740 1458
1616750 1445
1616760 1429
1616770 1429
1616780 1419
1616790 1413
1616800 1418
1616810 1413
1616820 1408
1616830 1408
1616840 1404
1616850 1399
1616860 1399
1616870 1394
1616880 1389
1616890 1389
1616900 1384
1616910 1379
1616920 1379
1616930 1375
1616940 1370
1616950 1370
1616960 1367
1616970 1366
1616980 1366
1616990 1368
1617000 1370
1617010 1372
1617020 1372
1617030 1372
1617040 1372
1617050 1372
1617060 1370
1617070 1367
1617080 1367
1617090 1364
1617100 1361
1617110 1361
1617120 1358
1617130 1354
1617140 1354
1617150 1350
1617160 1345
1617170 1345
1617180 1340
1617190 1335
1617200 1335
1617210 1335
1617220 1335
1617230 1335
1617240 1334
1617250 1331
1617260 1331
1617270 1327
1617280 1324
1617290 1324
1617300 1323
1617310 1323
1617320 1323
1617330 1322
1617340 1322
1617350 1322
1617360 1322
1617370 1321
1617380 1321
1617390 1320
1617400 1320
1617410 1320
1617420 1320
1617430 1321
1617440 1322
1617450 1322
1617460 1321
1617470 1324
1617480 1324
1617490 1331
1617500 1332
1617510 1332
1617520 1333
1617530 1333
1617540 1333
1617550 1335
1617560 1334
1617570 1334
1617580 1333
1617590 1331
1617600 1331
1617610 1329
1617620 1328
1617630 1328
1617640 1327
1617650 1325
1617660 1325
1617670 1322
1617680 1319
1617690 1319
1617700 1317
1617710 1315
1617720 1315
1617730 1313
1617740 1311
1617750 1311
1617760 1309
1617770 1312
1617780 1312
1617790 1308
1617800 1303
1617810 1303
1617820 1293
1617830 1279
1617840 1263
1617850 1263
1617860 1252
1617870 1240
1617880 1240
1617890 1229
1617900 1221
1617910 1221
1617920 1213
1617930 1205
1617940 1205
1617950 1196
1617960 1187
1617970 1187
1617980 1180
1617990 1172
1618000 1172
1618010 1166
1618020 1161
1618030 1161
1618040 1153
1618050 1141
1618060 1141
1618070 1130
1618080 1119
1618090 1119
1618100 1112
1618110 1106
1618120 1106
1618130 1100
1618140 1094
1618150 1094
1618160 1088
1618170 1082
1618180 1082
1618190 1077
1618200 1076
1618210 1076
1618220 1080
1618230 1082
1618240 1082
1618250 1083
1618260 1083
1618270 1083
1618280 1083
1618290 1082
1618300 1082
1618310 1082
1618320 1080
1618330 1077
1618340 1077
1618350 1072
1618360 1066
1618370 1066
1618380 1062
1618390 1060
1618400 1060
1618410 1061
1618420 1062
1618430 1062
1618440 1063
1618450 1063
1618460 1063
1618470 1065
1618480 1069
1618490 1069
1618500 1074
1618510 1078
1618520 1078
1618530 1082
1618540 1082
1618550 1082
1618560 1080
1618570 1077
1618580 1077
1618590 1074
1618600 1070
1618610 1070
1618620 1066
1618630 1063
1618640 1063
1618650 1058
1618660 1055
1618670 1053
1618680 1053
1618690 1052
1618700 1052
1618710 1052
1618720 1055
1618730 1054
1618740 1054
1618750 1054
1618760 1053
1618770 1053
1618780 1052
1618790 1048
1618800 1048
1618810 1046
1618820 1048
1618830 1048
1618840 1053
1618850 1058
1618860 1058
1618870 1064
1618880 1071
1618890 1071
1618900 1077
1618910 1084
1618920 1084
1618930 1091
1618940 1098
1618950 1098
1618960 1103
1618970 1110
1618980 1110
1618990 1118
1619000 1125
1619010 1125
1619020 1134
1619030 1145
1619040 1145
1619050 1154
1619060 1155
1619070 1156
1619080 1156
1619090 1155
1619100 1150
1619110 1150
1619120 1147
1619130 1140
1619140 1140
1619150 1132
1619160 1123
1619170 1123
1619180 1118
1619190 1114
1619200 1114
1619210 1113
1619220 1117
1619230 1117
1619240 1121
1619250 1121
1619260 1121
1619270 1122
1619280 1119
1619290 1119
1619300 1112
1619310 1105
1619320 1105
1619330 1096
1619340 1088
1619350 1088
1619360 1089
1619370 1095
1619380 1095
1619390 1102
1619400 1101
1619410 1101
1619420 1095
1619430 1088
1619440 1088
1619450 1083
1619460 1080
1619470 1080
1619480 1079
1619490 1077
1619500 1075
1619510 1075
1619520 1073
1619530 1071
1619540 1071
1619550 1070
1619560 1067
1619570 1067
1619580 1062
1619590 1056
1619600 1056
1619610 1049
1619620 1040
1619630 1040
1619640 1030
1619650 1020
1619660 1020
1619670 1011
1619680 1000
1619690 1000
1619700 992
1619710 986
1619720 986
1619730 981
1619740 974
1619750 974
1619760 964
1619770 956
1619780 956
1619790 960
1619800 966
1619810 966
1619820 969
1619830 973
1619840 973
1619850 976
1619860 978
1619870 978
1619880 977
1619890 977
1619900 981
1619910 981
1619920 984
1619930 985
1619940 985
1619950 984
1619960 985
1619970 985
1619980 985
1619990 985
