1600000 1283
1600010 1282
1600020 1282
1600030 1282
1600040 1281
1600050 1281
1600060 1281
1600070 1281
1600080 1281
1600090 1281
1600100 1281
1600110 1281
1600120 1281
1600130 1281
1600140 1281
1600150 1281
1600160 1281
1600170 1282
1600180 1282
1600190 1282
1600200 1282
1600210 1282
1600220 1282
1600230 1282
1600240 1282
1600250 1283
1600260 1284
1600270 1284
1600280 1286
1600290 1287
1600300 1288
1600310 1288
1600320 1288
1600330 1289
1600340 1289
1600350 1290
1600360 1290
1600370 1290
1600380 1291
1600390 1292
1600400 1292
1600410 1292
1600420 1293
1600430 1293
1600440 1296
1600450 1298
1600460 1298
1600470 1302
1600480 1307
1600490 1307
1600500 1312
1600510 1317
1600520 1317
1600530 1320
1600540 1322
1600550 1322
1600560 1324
1600570 1327
1600580 1327
1600590 1329
1600600 1331
1600610 1331
1600620 1333
1600630 1334
1600640 1334
1600650 1334
1600660 1335
1600670 1335
1600680 1334
1600690 1335
1600700 1337
1600710 1337
1600720 1340
1600730 1343
1600740 1343
1600750 1344
1600760 1346
1600770 1346
1600780 1349
1600790 1352
1600800 1352
1600810 1354
1600820 1356
1600830 1356
1600840 1359
1600850 1361
1600860 1361
1600870 1363
1600880 1365
1600890 1365
1600900 1367
1600910 1369
1600920 1369
1600930 1371
1600940 1373
1600950 1377
1600960 1379
1600970 1380
1600980 1380
1600990 1382
1601000 1384
1601010 1384
1601020 1388
1601030 1393
1601040 1393
1601050 1397
1601060 1402
1601070 1402
1601080 1407
1601090 1412
1601100 1412
1601110 1416
1601120 1419
1601130 1422
1601140 1422
1601150 1425
1601160 1427
1601170 1427
1601180 1428
1601190 1430
1601200 1430
1601210 1431
1601220 1433
1601230 1433
1601240 1434
1601250 1435
1601260 1435
1601270 1436
1601280 1437
1601290 1437
1601300 1437
1601310 1437
1601320 1437
1601330 1438
1601340 1440
1601350 1440
1601360 1442
1601370 1445
1601380 1445
1601390 1447
1601400 1449
1601410 1449
1601420 1451
1601430 1453
1601440 1453
1601450 1455
1601460 1457
1601470 1457
1601480 1459
1601490 1461
1601500 1461
1601510 1462
1601520 1464
1601530 1465
1601540 1465
1601550 1467
1601560 1470
1601570 1470
1601580 1473
1601590 1475
1601600 1475
1601610 1478
1601620 1479
1601630 1479
1601640 1481
1601650 1482
1601660 1482
1601670 1484
1601680 1486
1601690 1486
1601700 1489
1601710 1491
1601720 1491
1601730 1494
1601740 1497
1601750 1497
1601760 1500
1601770 1503
1601780 1503
1601790 1506
1601800 1510
1601810 1510
1601820 1513
1601830 1517
1601840 1517
1601850 1520
1601860 1524
1601870 1524
1601880 1526
1601890 1528
1601900 1528
1601910 1532
1601920 1534
1601930 1534
1601940 1536
1601950 1541
1601960 1543
1601970 1543
1601980 1545
1601990 1547
1602000 1547
1602010 1550
1602020 1552
1602030 1552
1602040 1554
1602050 1562
1602060 1562
1602070 1563
1602080 1565
1602090 1565
1602100 1568
1602110 1572
1602120 1572
1602130 1577
1602140 1583
1602150 1583
1602160 1588
1602170 1592
1602180 1592
1602190 1596
1602200 1599
1602210 1599
1602220 1595
1602230 1587
1602240 1587
1602250 1579
1602260 1564
1602270 1564
1602280 1554
1602290 1546
1602300 1546
1602310 1540
1602320 1534
1602330 1534
1602340 1521
1602350 1504
1602360 1491
1602370 1491
1602380 1484
1602390 1478
1602400 1478
1602410 1471
1602420 1466
1602430 1466
1602440 1462
1602450 1458
1602460 1458
1602470 1455
1602480 1454
1602490 1454
1602500 1454
1602510 1456
1602520 1456
1602530 1459
1602540 1461
1602550 1461
1602560 1464
1602570 1468
1602580 1468
1602590 1474
1602600 1480
1602610 1480
1602620 1486
1602630 1489
1602640 1489
1602650 1485
1602660 1481
1602670 1481
1602680 1485
1602690 1491
1602700 1491
1602710 1496
1602720 1502
1602730 1502
1602740 1507
1602750 1513
1602760 1513
1602770 1521
1602780 1528
1602790 1535
1602800 1535
1602810 1543
1602820 1553
1602830 1553
1602840 1560
1602850 1564
1602860 1564
1602870 1565
1602880 1566
1602890 1566
1602900 1567
1602910 1564
1602920 1564
1602930 1558
1602940 1550
1602950 1550
1602960 1540
1602970 1530
1602980 1530
1602990 1522
1603000 1516
1603010 1516
1603020 1510
1603030 1507
1603040 1507
1603050 1506
1603060 1508
1603070 1508
1603080 1507
1603090 1507
1603100 1507
1603110 1506
1603120 1503
1603130 1503
1603140 1505
1603150 1503
1603160 1503
1603170 1503
1603180 1504
1603190 1504
1603200 1506
1603210 1509
1603220 1509
1603230 1509
1603240 1507
1603250 1508
1603260 1508
1603270 1509
1603280 1512
1603290 1512
1603300 1517
1603310 1521
1603320 1521
1603330 1523
1603340 1526
1603350 1526
1603360 1530
1603370 1534
1603380 1534
1603390 1538
1603400 1543
1603410 1543
1603420 1548
1603430 1552
1603440 1552
1603450 1553
1603460 1553
1603470 1553
1603480 1552
1603490 1547
1603500 1547
1603510 1545
1603520 1544
1603530 1544
1603540 1546
1603550 1550
1603560 1550
1603570 1557
1603580 1566
1603590 1566
1603600 1571
1603610 1568
1603620 1567
1603630 1567
1603640 1571
1603650 1573
1603660 1573
1603670 1571
1603680 1570
1603690 1570
1603700 1567
1603710 1565
1603720 1565
1603730 1557
1603740 1553
1603750 1553
1603760 1552
1603770 1551
1603780 1551
1603790 1549
1603800 1547
1603810 1547
1603820 1545
1603830 1542
1603840 1542
1603850 1540
1603860 1538
1603870 1538
1603880 1536
1603890 1536
1603900 1536
1603910 1538
1603920 1537
1603930 1537
1603940 1535
1603950 1533
1603960 1533
1603970 1534
1603980 1535
1603990 1535
1604000 1537
1604010 1539
1604020 1539
1604030 1540
1604040 1539
1604050 1539
1604060 1539
1604070 1538
1604080 1537
1604090 1537
1604100 1535
1604110 1533
1604120 1533
1604130 1536
1604140 1538
1604150 1538
1604160 1537
1604170 1535
1604180 1535
1604190 1532
1604200 1529
1604210 1533
1604220 1531
1604230 1532
1604240 1532
1604250 1528
1604260 1521
1604270 1521
1604280 1515
1604290 1509
1604300 1509
1604310 1503
1604320 1496
1604330 1496
1604340 1488
1604350 1483
1604360 1483
1604370 1480
1604380 1477
1604390 1477
1604400 1474
1604410 1472
1604420 1472
1604430 1471
1604440 1471
1604450 1473
1604460 1473
1604470 1476
1604480 1485
1604490 1485
1604500 1500
1604510 1521
1604520 1521
1604530 1536
1604540 1548
1604550 1548
1604560 1554
1604570 1543
1604580 1543
1604590 1532
1604600 1526
1604610 1526
1604620 1524
1604630 1518
1604640 1518
1604650 1512
1604660 1511
1604670 1511
1604680 1495
1604690 1468
1604700 1468
1604710 1449
1604720 1444
1604730 1444
1604740 1439
1604750 1435
1604760 1435
1604770 1431
1604780 1427
1604790 1427
1604800 1422
1604810 1419
1604820 1419
1604830 1420
1604840 1419
1604850 1419
1604860 1417
1604870 1411
1604880 1408
1604890 1408
1604900 1406
1604910 1404
1604920 1404
1604930 1396
1604940 1392
1604950 1392
1604960 1388
1604970 1385
1604980 1385
1604990 1380
1605000 1374
1605010 1374
1605020 1367
1605030 1365
1605040 1365
1605050 1362
1605060 1361
1605070 1361
1605080 1357
1605090 1352
1605100 1352
1605110 1345
1605120 1337
1605130 1337
1605140 1329
1605150 1326
1605160 1326
1605170 1334
1605180 1341
1605190 1341
1605200 1346
1605210 1346
1605220 1346
1605230 1344
1605240 1343
1605250 1343
1605260 1339
1605270 1335
1605280 1333
1605290 1333
1605300 1331
1605310 1335
1605320 1335
1605330 1336
1605340 1336
1605350 1336
1605360 1338
1605370 1338
1605380 1338
1605390 1336
1605400 1334
1605410 1334
1605420 1331
1605430 1327
1605440 1327
1605450 1321
1605460 1319
1605470 1319
1605480 1318
1605490 1315
1605500 1315
1605510 1312
1605520 1307
1605530 1307
1605540 1305
1605550 1309
1605560 1309
1605570 1302
1605580 1288
1605590 1288
1605600 1281
1605610 1289
1605620 1289
1605630 1307
1605640 1310
1605650 1310
1605660 1311
1605670 1313
1605680 1313
1605690 1311
1605700 1306
1605710 1303
1605720 1303
1605730 1306
1605740 1310
1605750 1310
1605760 1308
1605770 1307
1605780 1307
1605790 1307
1605800 1300
1605810 1300
1605820 1296
1605830 1295
1605840 1295
1605850 1289
1605860 1288
1605870 1288
1605880 1296
1605890 1307
1605900 1307
1605910 1316
1605920 1324
1605930 1324
1605940 1331
1605950 1339
1605960 1339
1605970 1346
1605980 1353
1605990 1353
1606000 1361
1606010 1369
1606020 1369
1606030 1372
1606040 1373
1606050 1373
1606060 1374
1606070 1374
1606080 1374
1606090 1375
1606100 1375
1606110 1376
1606120 1376
1606130 1375
1606140 1370
1606150 1370
1606160 1370
1606170 1369
1606180 1369
1606190 1368
1606200 1371
1606210 1371
1606220 1374
1606230 1377
1606240 1377
1606250 1378
1606260 1377
1606270 1377
1606280 1375
1606290 1372
1606300 1372
1606310 1369
1606320 1364
1606330 1364
1606340 1361
1606350 1360
1606360 1360
1606370 1359
1606380 1358
1606390 1358
1606400 1357
1606410 1359
1606420 1359
1606430 1359
1606440 1359
1606450 1359
1606460 1360
1606470 1361
1606480 1361
1606490 1362
1606500 1359
1606510 1359
1606520 1354
1606530 1348
1606540 1341
1606550 1341
1606560 1334
1606570 1327
1606580 1327
1606590 1320
1606600 1307
1606610 1307
1606620 1282
1606630 1275
1606640 1275
1606650 1281
1606660 1288
1606670 1288
1606680 1296
1606690 1305
1606700 1305
1606710 1311
1606720 1314
1606730 1314
1606740 1318
1606750 1324
1606760 1324
1606770 1327
1606780 1327
1606790 1327
1606800 1327
1606810 1328
1606820 1328
1606830 1333
1606840 1339
1606850 1339
1606860 1349
1606870 1359
1606880 1359
1606890 1367
1606900 1375
1606910 1375
1606920 1387
1606930 1396
1606940 1403
1606950 1403
1606960 1416
1606970 1434
1606980 1434
1606990 1444
1607000 1451
1607010 1451
1607020 1459
1607030 1471
1607040 1471
1607050 1477
1607060 1483
1607070 1483
1607080 1492
1607090 1494
1607100 1494
1607110 1490
1607120 1485
1607130 1485
1607140 1481
1607150 1478
1607160 1478
1607170 1480
1607180 1484
1607190 1484
1607200 1489
1607210 1493
1607220 1493
1607230 1497
1607240 1499
1607250 1499
1607260 1502
1607270 1506
1607280 1506
1607290 1511
1607300 1515
1607310 1515
1607320 1517
1607330 1517
1607340 1517
1607350 1514
1607360 1509
1607370 1505
1607380 1505
1607390 1502
1607400 1502
1607410 1502
1607420 1504
1607430 1508
1607440 1508
1607450 1511
1607460 1514
1607470 1514
1607480 1517
1607490 1518
1607500 1518
1607510 1519
1607520 1522
1607530 1522
1607540 1524
1607550 1527
1607560 1527
1607570 1530
1607580 1533
1607590 1533
1607600 1535
1607610 1538
1607620 1538
1607630 1539
1607640 1538
1607650 1538
1607660 1536
1607670 1534
1607680 1534
1607690 1532
1607700 1529
1607710 1529
1607720 1526
1607730 1521
1607740 1521
1607750 1511
1607760 1499
1607770 1499
1607780 1491
1607790 1486
1607800 1486
1607810 1486
1607820 1485
1607830 1486
1607840 1486
1607850 1487
1607860 1487
1607870 1487
1607880 1491
1607890 1493
1607900 1493
1607910 1492
1607920 1489
1607930 1489
1607940 1489
1607950 1491
1607960 1491
1607970 1489
1607980 1488
1607990 1488
1608000 1487
1608010 1484
1608020 1484
1608030 1488
1608040 1490
1608050 1490
1608060 1491
1608070 1495
1608080 1495
1608090 1502
1608100 1508
1608110 1508
1608120 1510
1608130 1511
1608140 1511
1608150 1513
1608160 1511
1608170 1511
1608180 1509
1608190 1501
1608200 1471
1608210 1471
1608220 1446
1608230 1431
1608240 1431
1608250 1408
1608260 1376
1608270 1376
1608280 1362
1608290 1354
1608300 1354
1608310 1347
1608320 1341
1608330 1341
1608340 1334
1608350 1328
1608360 1328
1608370 1321
1608380 1314
1608390 1314
1608400 1307
1608410 1301
1608420 1301
1608430 1294
1608440 1287
1608450 1287
1608460 1282
1608470 1277
1608480 1277
1608490 1273
1608500 1268
1608510 1268
1608520 1265
1608530 1261
1608540 1261
1608550 1258
1608560 1256
1608570 1256
1608580 1253
1608590 1249
1608600 1249
1608610 1247
1608620 1243
1608630 1237
1608640 1237
1608650 1233
1608660 1230
1608670 1230
1608680 1228
1608690 1227
1608700 1227
1608710 1227
1608720 1225
1608730 1225
1608740 1224
1608750 1223
1608760 1223
1608770 1220
1608780 1217
1608790 1217
1608800 1216
1608810 1216
1608820 1216
1608830 1216
1608840 1214
1608850 1214
1608860 1212
1608870 1210
1608880 1210
1608890 1208
1608900 1206
1608910 1206
1608920 1206
1608930 1206
1608940 1206
1608950 1206
1608960 1204
1608970 1204
1608980 1203
1608990 1200
1609000 1200
1609010 1198
1609020 1196
1609030 1194
1609040 1194
1609050 1193
1609060 1192
1609070 1192
1609080 1192
1609090 1190
1609100 1190
1609110 1190
1609120 1190
1609130 1190
1609140 1189
1609150 1189
1609160 1189
1609170 1190
1609180 1192
1609190 1192
1609200 1194
1609210 1194
1609220 1194
1609230 1196
1609240 1198
1609250 1198
1609260 1195
1609270 1188
1609280 1188
1609290 1181
1609300 1180
1609310 1180
1609320 1187
1609330 1196
1609340 1196
1609350 1205
1609360 1211
1609370 1211
1609380 1214
1609390 1215
1609400 1215
1609410 1217
1609420 1217
1609430 1217
1609440 1217
1609450 1219
1609460 1228
1609470 1228
1609480 1233
1609490 1239
1609500 1239
1609510 1244
1609520 1248
1609530 1248
1609540 1253
1609550 1257
1609560 1257
1609570 1259
1609580 1256
1609590 1256
1609600 1252
1609610 1247
1609620 1247
1609630 1243
1609640 1237
1609650 1237
1609660 1231
1609670 1227
1609680 1227
1609690 1225
1609700 1222
1609710 1222
1609720 1220
1609730 1219
1609740 1219
1609750 1225
1609760 1233
1609770 1233
1609780 1243
1609790 1251
1609800 1251
1609810 1259
1609820 1267
1609830 1267
1609840 1274
1609850 1279
1609860 1285
1609870 1285
1609880 1290
1609890 1296
1609900 1296
1609910 1302
1609920 1308
1609930 1308
1609940 1315
1609950 1318
1609960 1318
1609970 1320
1609980 1321
1609990 1321
1610000 1322
1610010 1324
1610020 1324
1610030 1325
1610040 1325
1610050 1325
1610060 1321
1610070 1317
1610080 1317
1610090 1318
1610100 1319
1610110 1319
1610120 1318
1610130 1318
1610140 1318
1610150 1317
1610160 1315
1610170 1315
1610180 1317
1610190 1318
1610200 1318
1610210 1314
1610220 1313
1610230 1313
1610240 1312
1610250 1314
1610260 1314
1610270 1317
1610280 1320
1610290 1323
1610300 1323
1610310 1329
1610320 1335
1610330 1335
1610340 1344
1610350 1356
1610360 1356
1610370 1357
1610380 1357
1610390 1357
1610400 1358
1610410 1358
1610420 1358
1610430 1361
1610440 1369
1610450 1369
1610460 1377
1610470 1388
1610480 1374
1610490 1379
1610500 1387
1610510 1387
1610520 1394
1610530 1398
1610540 1398
1610550 1405
1610560 1410
1610570 1410
1610580 1417
1610590 1421
1610600 1421
1610610 1424
1610620 1428
1610630 1428
1610640 1433
1610650 1437
1610660 1437
1610670 1443
1610680 1450
1610690 1455
1610700 1455
1610710 1462
1610720 1468
1610730 1468
1610740 1474
1610750 1482
1610760 1482
1610770 1489
1610780 1495
1610790 1495
1610800 1499
1610810 1505
1610820 1505
1610830 1512
1610840 1519
1610850 1519
1610860 1526
1610870 1536
1610880 1536
1610890 1548
1610900 1560
1610910 1560
1610920 1568
1610930 1575
1610940 1575
1610950 1584
1610960 1600
1610970 1600
1610980 1607
1610990 1613
1611000 1613
1611010 1621
1611020 1630
1611030 1630
1611040 1641
1611050 1659
1611060 1659
1611070 1667
1611080 1674
1611090 1674
1611100 1685
1611110 1701
1611120 1713
1611130 1713
1611140 1721
1611150 1727
1611160 1727
1611170 1734
1611180 1741
1611190 1741
1611200 1747
1611210 1753
1611220 1753
1611230 1760
1611240 1765
1611250 1765
1611260 1772
1611270 1779
1611280 1779
1611290 1787
1611300 1792
1611310 1792
1611320 1800
1611330 1811
1611340 1811
1611350 1819
1611360 1825
1611370 1825
1611380 1832
1611390 1838
1611400 1838
1611410 1843
1611420 1847
1611430 1847
1611440 1847
1611450 1840
1611460 1840
1611470 1834
1611480 1830
1611490 1830
1611500 1839
1611510 1878
1611520 1878
1611530 1896
1611540 1907
1611550 1919
1611560 1919
1611570 1940
1611580 1953
1611590 1953
1611600 1961
1611610 1977
1611620 1977
1611630 2009
1611640 2023
1611650 2023
1611660 2009
1611670 1990
1611680 1990
1611690 1982
1611700 1985
1611710 1985
1611720 2003
1611730 2007
1611740 2007
1611750 2007
1611760 2015
1611770 2015
1611780 2007
1611790 1995
1611800 1995
1611810 1989
1611820 1998
1611830 1998
1611840 2007
1611850 2015
1611860 2015
1611870 2021
1611880 2023
1611890 2023
1611900 2024
1611910 2025
1611920 2025
1611930 2026
1611940 2029
1611950 2037
1611960 2037
1611970 2045
1611980 2054
1611990 2054
1612000 2058
1612010 2059
1612020 2059
1612030 2060
1612040 2063
1612050 2063
1612060 2062
1612070 2054
1612080 2054
1612090 2038
1612100 2022
1612110 2022
1612120 2010
1612130 2003
1612140 2003
1612150 1996
1612160 1989
1612170 1989
1612180 1978
1612190 1970
1612200 1970
1612210 1965
1612220 1958
1612230 1958
1612240 1953
1612250 1949
1612260 1949
1612270 1939
1612280 1929
1612290 1929
1612300 1923
1612310 1920
1612320 1920
1612330 1917
1612340 1913
1612350 1913
1612360 1910
1612370 1905
1612380 1900
1612390 1900
1612400 1893
1612410 1888
1612420 1888
1612430 1883
1612440 1880
1612450 1880
1612460 1877
1612470 1871
1612480 1871
1612490 1868
1612500 1853
1612510 1853
1612520 1845
1612530 1836
1612540 1836
1612550 1827
1612560 1819
1612570 1819
1612580 1811
1612590 1805
1612600 1805
1612610 1798
1612620 1790
1612630 1790
1612640 1777
1612650 1768
1612660 1768
1612670 1761
1612680 1756
1612690 1756
1612700 1752
1612710 1744
1612720 1744
1612730 1740
1612740 1738
1612750 1738
1612760 1734
1612770 1729
1612780 1724
1612790 1724
1612800 1721
1612810 1717
1612820 1717
1612830 1712
1612840 1711
1612850 1711
1612860 1712
1612870 1712
1612880 1712
1612890 1711
1612900 1709
1612910 1709
1612920 1707
1612930 1703
1612940 1703
1612950 1700
1612960 1697
1612970 1697
1612980 1693
1612990 1690
1613000 1690
1613010 1690
1613020 1692
1613030 1692
1613040 1694
1613050 1694
1613060 1694
1613070 1694
1613080 1692
1613090 1692
1613100 1689
1613110 1685
1613120 1685
1613130 1679
1613140 1676
1613150 1676
1613160 1684
1613170 1691
1613180 1691
1613190 1696
1613200 1698
1613210 1704
1613220 1704
1613230 1707
1613240 1713
1613250 1713
1613260 1722
1613270 1729
1613280 1729
1613290 1734
1613300 1739
1613310 1739
1613320 1746
1613330 1756
1613340 1756
1613350 1765
1613360 1770
1613370 1770
1613380 1780
1613390 1791
1613400 1791
1613410 1799
1613420 1805
1613430 1805
1613440 1812
1613450 1818
1613460 1818
1613470 1823
1613480 1828
1613490 1828
1613500 1828
1613510 1834
1613520 1834
1613530 1841
1613540 1848
1613550 1848
1613560 1857
1613570 1864
1613580 1864
1613590 1872
1613600 1881
1613610 1894
1613620 1894
1613630 1901
1613640 1909
1613650 1909
1613660 1916
1613670 1916
1613680 1916
1613690 1912
1613700 1905
1613710 1905
1613720 1898
1613730 1890
1613740 1890
1613750 1883
1613760 1876
1613770 1876
1613780 1869
1613790 1863
1613800 1863
1613810 1858
1613820 1850
1613830 1850
1613840 1840
1613850 1831
1613860 1831
1613870 1823
1613880 1817
1613890 1817
1613900 1812
1613910 1807
1613920 1807
1613930 1802
1613940 1798
1613950 1798
1613960 1793
1613970 1785
1613980 1785
1613990 1777
1614000 1771
1614010 1771
1614020 1763
1614030 1756
1614040 1749
1614050 1749
1614060 1740
1614070 1735
1614080 1735
1614090 1730
1614100 1725
1614110 1725
1614120 1720
1614130 1715
1614140 1715
1614150 1707
1614160 1700
1614170 1700
1614180 1695
1614190 1687
1614200 1687
1614210 1682
1614220 1677
1614230 1677
1614240 1670
1614250 1664
1614260 1664
1614270 1658
1614280 1653
1614290 1653
1614300 1650
1614310 1647
1614320 1647
1614330 1641
1614340 1635
1614350 1635
1614360 1629
1614370 1624
1614380 1624
1614390 1618
1614400 1613
1614410 1613
1614420 1609
1614430 1604
1614440 1599
1614450 1599
1614460 1595
1614470 1590
1614480 1590
1614490 1590
1614500 1586
1614510 1586
1614520 1583
1614530 1579
1614540 1579
1614550 1574
1614560 1571
1614570 1571
1614580 1568
1614590 1564
1614600 1564
1614610 1560
1614620 1555
1614630 1555
1614640 1551
1614650 1548
1614660 1548
1614670 1545
1614680 1540
1614690 1540
1614700 1536
1614710 1533
1614720 1533
1614730 1531
1614740 1528
1614750 1528
1614760 1525
1614770 1518
1614780 1518
1614790 1513
1614800 1509
1614810 1509
1614820 1495
1614830 1490
1614840 1490
1614850 1485
1614860 1480
1614870 1474
1614880 1474
1614890 1468
1614900 1461
1614910 1461
1614920 1454
1614930 1448
1614940 1448
1614950 1442
1614960 1437
1614970 1437
1614980 1431
1614990 1426
1615000 1426
1615010 1421
1615020 1416
1615030 1416
1615040 1411
1615050 1405
1615060 1405
1615070 1399
1615080 1393
1615090 1393
1615100 1388
1615110 1383
1615120 1383
1615130 1377
1615140 1372
1615150 1372
1615160 1368
1615170 1363
1615180 1363
1615190 1361
1615200 1358
1615210 1358
1615220 1354
1615230 1351
1615240 1351
1615250 1346
1615260 1338
1615270 1338
1615280 1334
1615290 1331
1615300 1329
1615310 1329
1615320 1327
1615330 1322
1615340 1322
1615350 1306
1615360 1297
1615370 1297
1615380 1289
1615390 1278
1615400 1278
1615410 1272
1615420 1268
1615430 1268
1615440 1267
1615450 1267
1615460 1267
1615470 1268
1615480 1268
1615490 1268
1615500 1270
1615510 1271
1615520 1271
1615530 1271
1615540 1272
1615550 1272
1615560 1272
1615570 1273
1615580 1273
1615590 1273
1615600 1274
1615610 1274
1615620 1276
1615630 1279
1615640 1279
1615650 1283
1615660 1288
1615670 1288
1615680 1293
1615690 1299
1615700 1305
1615710 1305
1615720 1309
1615730 1310
1615740 1310
1615750 1305
1615760 1296
1615770 1296
1615780 1292
1615790 1291
1615800 1291
1615810 1289
1615820 1288
1615830 1288
1615840 1292
1615850 1294
1615860 1294
1615870 1295
1615880 1296
1615890 1296
1615900 1296
1615910 1299
1615920 1299
1615930 1300
1615940 1292
1615950 1292
1615960 1290
1615970 1295
1615980 1295
1615990 1303
1616000 1309
1616010 1309
1616020 1313
1616030 1318
1616040 1318
1616050 1322
1616060 1327
1616070 1327
1616080 1333
1616090 1339
1616100 1339
1616110 1347
1616120 1353
1616130 1359
1616140 1359
1616150 1362
1616160 1369
1616170 1369
1616180 1377
1616190 1384
1616200 1384
1616210 1394
1616220 1404
1616230 1404
1616240 1414
1616250 1425
1616260 1425
1616270 1438
1616280 1446
1616290 1446
1616300 1454
1616310 1459
1616320 1459
1616330 1462
1616340 1468
1616350 1468
1616360 1472
1616370 1475
1616380 1475
1616390 1481
1616400 1485
1616410 1485
1616420 1489
1616430 1495
1616440 1495
1616450 1506
1616460 1513
1616470 1513
1616480 1519
1616490 1524
1616500 1524
1616510 1531
1616520 1539
1616530 1545
1616540 1545
1616550 1551
1616560 1557
1616570 1557
1616580 1561
1616590 1562
1616600 1562
1616610 1562
1616620 1563
1616630 1563
1616640 1569
1616650 1573
1616660 1573
1616670 1579
1616680 1588
1616690 1588
1616700 1594
1616710 1601
1616720 1601
1616730 1607
1616740 1607
1616750 1607
1616760 1609
1616770 1613
1616780 1613
1616790 1615
1616800 1612
1616810 1612
1616820 1605
1616830 1598
1616840 1598
1616850 1595
1616860 1595
1616870 1595
1616880 1594
1616890 1598
1616900 1598
1616910 1608
1616920 1615
1616930 1615
1616940 1625
1616950 1626
1616960 1621
1616970 1621
1616980 1621
1616990 1624
1617000 1624
1617010 1627
1617020 1637
1617030 1637
1617040 1641
1617050 1643
1617060 1643
1617070 1639
1617080 1636
1617090 1636
1617100 1634
1617110 1633
1617120 1633
1617130 1639
1617140 1648
1617150 1648
1617160 1655
1617170 1664
1617180 1664
1617190 1673
1617200 1675
1617210 1675
1617220 1668
1617230 1660
1617240 1660
1617250 1652
1617260 1647
1617270 1647
1617280 1641
1617290 1635
1617300 1635
1617310 1627
1617320 1620
1617330 1620
1617340 1610
1617350 1599
1617360 1589
1617370 1589
1617380 1581
1617390 1574
1617400 1574
1617410 1567
1617420 1561
1617430 1561
1617440 1555
1617450 1550
1617460 1550
1617470 1545
1617480 1538
1617490 1538
1617500 1534
1617510 1532
1617520 1532
1617530 1524
1617540 1514
1617550 1514
1617560 1510
1617570 1506
1617580 1506
1617590 1503
1617600 1501
1617610 1501
1617620 1499
1617630 1496
1617640 1496
1617650 1492
1617660 1488
1617670 1488
1617680 1482
1617690 1479
1617700 1479
1617710 1476
1617720 1471
1617730 1471
1617740 1464
1617750 1456
1617760 1456
1617770 1448
1617780 1439
1617790 1427
1617800 1427
1617810 1415
1617820 1407
1617830 1407
1617840 1398
1617850 1387
1617860 1387
1617870 1375
1617880 1365
1617890 1365
1617900 1358
1617910 1351
1617920 1351
1617930 1343
1617940 1336
1617950 1336
1617960 1331
1617970 1326
1617980 1326
1617990 1320
1618000 1313
1618010 1313
1618020 1308
1618030 1302
1618040 1302
1618050 1297
1618060 1296
1618070 1296
1618080 1291
1618090 1286
1618100 1286
1618110 1282
1618120 1276
1618130 1276
1618140 1270
1618150 1266
1618160 1266
1618170 1265
1618180 1266
1618190 1267
1618200 1267
1618210 1267
1618220 1270
1618230 1270
1618240 1273
1618250 1276
1618260 1276
1618270 1279
1618280 1284
1618290 1284
1618300 1289
1618310 1296
1618320 1296
1618330 1305
1618340 1334
1618350 1334
1618360 1374
1618370 1376
1618380 1384
1618390 1384
1618400 1376
1618410 1376
1618420 1349
1618430 1325
1618440 1325
1618450 1322
1618460 1324
1618470 1324
1618480 1326
1618490 1318
1618500 1318
1618510 1312
1618520 1306
1618530 1306
1618540 1301
1618550 1292
1618560 1292
1618570 1286
1618580 1285
1618590 1285
1618600 1277
1618610 1271
1618620 1268
1618630 1268
1618640 1266
1618650 1257
1618660 1257
1618670 1249
1618680 1245
1618690 1245
1618700 1234
1618710 1212
1618720 1212
1618730 1198
1618740 1190
1618750 1190
1618760 1183
1618770 1176
1618780 1176
1618790 1169
1618800 1164
1618810 1164
1618820 1159
1618830 1153
1618840 1153
1618850 1147
1618860 1140
1618870 1140
1618880 1134
1618890 1130
1618900 1130
1618910 1126
1618920 1122
1618930 1122
1618940 1116
1618950 1114
1618960 1114
1618970 1112
1618980 1110
1618990 1110
1619000 1108
1619010 1105
1619020 1105
1619030 1102
1619040 1098
1619050 1095
1619060 1095
1619070 1094
1619080 1092
1619090 1092
1619100 1091
1619110 1090
1619120 1090
1619130 1090
1619140 1090
1619150 1090
1619160 1088
1619170 1086
1619180 1086
1619190 1084
1619200 1082
1619210 1082
1619220 1080
1619230 1078
1619240 1078
1619250 1077
1619260 1077
1619270 1077
1619280 1076
1619290 1075
1619300 1075
1619310 1073
1619320 1072
1619330 1072
1619340 1068
1619350 1067
1619360 1067
1619370 1067
1619380 1067
1619390 1067
1619400 1069
1619410 1072
1619420 1072
1619430 1077
1619440 1085
1619450 1090
1619460 1090
1619470 1088
1619480 1086
1619490 1086
1619500 1084
1619510 1083
1619520 1083
1619530 1083
1619540 1081
1619550 1081
1619560 1076
1619570 1072
1619580 1072
1619590 1069
1619600 1065
1619610 1065
1619620 1061
1619630 1056
1619640 1056
1619650 1048
1619660 1040
1619670 1040
1619680 1035
1619690 1031
1619700 1031
1619710 1027
1619720 1023
1619730 1023
1619740 1018
1619750 1012
1619760 1012
1619770 1006
1619780 1003
1619790 1003
1619800 1001
1619810 1004
1619820 1004
1619830 1007
1619840 1009
1619850 1009
1619860 1006
1619870 1001
1619880 995
1619890 995
1619900 992
1619910 989
1619920 989
1619930 985
1619940 982
1619950 982
1619960 979
1619970 978
1619980 978
1619990 976
