1600000 973
1600010 967
1600020 961
1600030 961
1600040 955
1600050 950
1600060 945
1600070 945
1600080 940
1600090 935
1600100 935
1600110 931
1600120 927
1600130 927
1600140 924
1600150 922
1600160 922
1600170 922
1600180 922
1600190 922
1600200 923
1600210 923
1600220 923
1600230 923
1600240 922
1600250 922
1600260 921
1600270 921
1600280 921
1600290 922
1600300 924
1600310 924
1600320 927
1600330 931
1600340 931
1600350 935
1600360 939
1600370 939
1600380 944
1600390 949
1600400 949
1600410 954
1600420 958
1600430 958
1600440 963
1600450 969
1600460 969
1600470 974
1600480 980
1600490 986
1600500 986
1600510 992
1600520 998
1600530 998
1600540 1005
1600550 1011
1600560 1011
1600570 1017
1600580 1023
1600590 1023
1600600 1029
1600610 1036
1600620 1036
1600630 1042
1600640 1047
1600650 1047
1600660 1052
1600670 1059
1600680 1059
1600690 1066
1600700 1072
1600710 1072
1600720 1080
1600730 1086
1600740 1086
1600750 1089
1600760 1090
1600770 1090
1600780 1090
1600790 1090
1600800 1090
1600810 1092
1600820 1094
1600830 1094
1600840 1096
1600850 1097
1600860 1097
1600870 1098
1600880 1099
1600890 1099
1600900 1100
1600910 1100
1600920 1101
1600930 1101
1600940 1102
1600950 1102
1600960 1102
1600970 1102
1600980 1103
1600990 1103
1601000 1104
1601010 1105
1601020 1105
1601030 1107
1601040 1108
1601050 1108
1601060 1109
1601070 1110
1601080 1110
1601090 1111
1601100 1112
1601110 1112
1601120 1113
1601130 1114
1601140 1114
1601150 1115
1601160 1116
1601170 1116
1601180 1117
1601190 1118
1601200 1118
1601210 1118
1601220 1118
1601230 1118
1601240 1120
1601250 1121
1601260 1121
1601270 1123
1601280 1124
1601290 1124
1601300 1125
1601310 1127
1601320 1127
1601330 1129
1601340 1130
1601350 1130
1601360 1130
1601370 1131
1601380 1132
1601390 1132
1601400 1133
1601410 1133
1601420 1133
1601430 1133
1601440 1133
1601450 1133
1601460 1132
1601470 1131
1601480 1131
1601490 1131
1601500 1131
1601510 1131
1601520 1130
1601530 1130
1601540 1130
1601550 1129
1601560 1128
1601570 1128
1601580 1128
1601590 1124
1601600 1124
1601610 1124
1601620 1124
1601630 1124
1601640 1124
1601650 1124
1601660 1124
1601670 1125
1601680 1124
1601690 1124
1601700 1121
1601710 1115
1601720 1115
1601730 1109
1601740 1104
1601750 1104
1601760 1098
1601770 1093
1601780 1093
1601790 1088
1601800 1085
1601810 1083
1601820 1083
1601830 1082
1601840 1081
1601850 1081
1601860 1080
1601870 1078
1601880 1078
1601890 1075
1601900 1072
1601910 1072
1601920 1072
1601930 1074
1601940 1074
1601950 1075
1601960 1075
1601970 1075
1601980 1073
1601990 1069
1602000 1069
1602010 1067
1602020 1066
1602030 1066
1602040 1065
1602050 1066
1602060 1066
1602070 1066
1602080 1067
1602090 1067
1602100 1069
1602110 1072
1602120 1072
1602130 1075
1602140 1075
1602150 1075
1602160 1075
1602170 1074
1602180 1074
1602190 1075
1602200 1075
1602210 1075
1602220 1075
1602230 1077
1602240 1078
1602250 1078
1602260 1079
1602270 1081
1602280 1081
1602290 1082
1602300 1085
1602310 1085
1602320 1089
1602330 1091
1602340 1091
1602350 1094
1602360 1098
1602370 1098
1602380 1103
1602390 1107
1602400 1107
1602410 1109
1602420 1112
1602430 1112
1602440 1115
1602450 1118
1602460 1118
1602470 1121
1602480 1123
1602490 1123
1602500 1126
1602510 1129
1602520 1129
1602530 1132
1602540 1134
1602550 1134
1602560 1137
1602570 1139
1602580 1139
1602590 1141
1602600 1144
1602610 1144
1602620 1149
1602630 1154
1602640 1154
1602650 1159
1602660 1164
1602670 1164
1602680 1168
1602690 1170
1602700 1174
1602710 1174
1602720 1178
1602730 1182
1602740 1182
1602750 1185
1602760 1188
1602770 1188
1602780 1190
1602790 1191
1602800 1191
1602810 1192
1602820 1192
1602830 1192
1602840 1191
1602850 1189
1602860 1189
1602870 1187
1602880 1185
1602890 1185
1602900 1182
1602910 1180
1602920 1180
1602930 1178
1602940 1175
1602950 1175
1602960 1172
1602970 1169
1602980 1169
1602990 1165
1603000 1161
1603010 1161
1603020 1157
1603030 1155
1603040 1155
1603050 1154
1603060 1153
1603070 1153
1603080 1153
1603090 1152
1603100 1152
1603110 1149
1603120 1144
1603130 1139
1603140 1139
1603150 1134
1603160 1129
1603170 1129
1603180 1124
1603190 1121
1603200 1121
1603210 1120
1603220 1118
1603230 1118
1603240 1118
1603250 1118
1603260 1118
1603270 1117
1603280 1115
1603290 1115
1603300 1115
1603310 1114
1603320 1114
1603330 1114
1603340 1114
1603350 1114
1603360 1114
1603370 1114
1603380 1114
1603390 1114
1603400 1114
1603410 1114
1603420 1114
1603430 1113
1603440 1113
1603450 1110
1603460 1109
1603470 1109
1603480 1108
1603490 1106
1603500 1106
1603510 1104
1603520 1098
1603530 1098
1603540 1095
1603550 1098
1603560 1100
1603570 1100
1603580 1099
1603590 1098
1603600 1098
1603610 1096
1603620 1090
1603630 1090
1603640 1084
1603650 1079
1603660 1079
1603670 1076
1603680 1073
1603690 1073
1603700 1067
1603710 1062
1603720 1062
1603730 1061
1603740 1063
1603750 1063
1603760 1065
1603770 1060
1603780 1060
1603790 1061
1603800 1059
1603810 1059
1603820 1056
1603830 1051
1603840 1051
1603850 1050
1603860 1050
1603870 1050
1603880 1052
1603890 1052
1603900 1052
1603910 1052
1603920 1051
1603930 1051
1603940 1050
1603950 1052
1603960 1052
1603970 1057
1603980 1063
1603990 1063
1604000 1069
1604010 1072
1604020 1068
1604030 1068
1604040 1065
1604050 1062
1604060 1062
1604070 1063
1604080 1064
1604090 1064
1604100 1065
1604110 1064
1604120 1064
1604130 1061
1604140 1059
1604150 1059
1604160 1057
1604170 1055
1604180 1055
1604190 1054
1604200 1055
1604210 1055
1604220 1057
1604230 1061
1604240 1061
1604250 1067
1604260 1074
1604270 1074
1604280 1080
1604290 1086
1604300 1086
1604310 1090
1604320 1093
1604330 1093
1604340 1094
1604350 1095
1604360 1095
1604370 1095
1604380 1093
1604390 1093
1604400 1092
1604410 1095
1604420 1095
1604430 1100
1604440 1105
1604450 1110
1604460 1110
1604470 1113
1604480 1114
1604490 1114
1604500 1117
1604510 1120
1604520 1120
1604530 1124
1604540 1128
1604550 1128
1604560 1131
1604570 1131
1604580 1131
1604590 1131
1604600 1131
1604610 1131
1604620 1133
1604630 1136
1604640 1136
1604650 1140
1604660 1144
1604670 1144
1604680 1149
1604690 1154
1604700 1154
1604710 1160
1604720 1166
1604730 1166
1604740 1172
1604750 1176
1604760 1176
1604770 1179
1604780 1183
1604790 1183
1604800 1189
1604810 1194
1604820 1194
1604830 1200
1604840 1208
1604850 1208
1604860 1213
1604870 1218
1604880 1224
1604890 1224
1604900 1228
1604910 1233
1604920 1233
1604930 1239
1604940 1244
1604950 1244
1604960 1248
1604970 1252
1604980 1252
1604990 1254
1605000 1256
1605010 1256
1605020 1259
1605030 1263
1605040 1263
1605050 1268
1605060 1273
1605070 1273
1605080 1277
1605090 1281
1605100 1281
1605110 1285
1605120 1290
1605130 1290
1605140 1294
1605150 1299
1605160 1299
1605170 1302
1605180 1306
1605190 1306
1605200 1311
1605210 1315
1605220 1315
1605230 1318
1605240 1323
1605250 1323
1605260 1328
1605270 1333
1605280 1333
1605290 1338
1605300 1343
1605310 1343
1605320 1347
1605330 1351
1605340 1352
1605350 1352
1605360 1353
1605370 1352
1605380 1352
1605390 1350
1605400 1348
1605410 1348
1605420 1345
1605430 1342
1605440 1342
1605450 1338
1605460 1335
1605470 1335
1605480 1332
1605490 1328
1605500 1328
1605510 1325
1605520 1323
1605530 1323
1605540 1321
1605550 1317
1605560 1317
1605570 1313
1605580 1311
1605590 1311
1605600 1307
1605610 1305
1605620 1305
1605630 1303
1605640 1301
1605650 1301
1605660 1298
1605670 1294
1605680 1294
1605690 1290
1605700 1287
1605710 1287
1605720 1286
1605730 1284
1605740 1284
1605750 1282
1605760 1281
1605770 1279
1605780 1279
1605790 1277
1605800 1275
1605810 1275
1605820 1274
1605830 1272
1605840 1272
1605850 1269
1605860 1267
1605870 1267
1605880 1266
1605890 1264
1605900 1261
1605910 1260
1605920 1259
1605930 1259
1605940 1258
1605950 1258
1605960 1258
1605970 1257
1605980 1253
1605990 1253
1606000 1250
1606010 1246
1606020 1246
1606030 1242
1606040 1239
1606050 1239
1606060 1236
1606070 1234
1606080 1234
1606090 1232
1606100 1231
1606110 1231
1606120 1229
1606130 1226
1606140 1226
1606150 1222
1606160 1217
1606170 1217
1606180 1212
1606190 1208
1606200 1206
1606210 1206
1606220 1202
1606230 1196
1606240 1196
1606250 1189
1606260 1186
1606270 1186
1606280 1184
1606290 1182
1606300 1182
1606310 1180
1606320 1177
1606330 1177
1606340 1175
1606350 1170
1606360 1170
1606370 1167
1606380 1164
1606390 1164
1606400 1160
1606410 1158
1606420 1158
1606430 1155
1606440 1152
1606450 1152
1606460 1148
1606470 1143
1606480 1143
1606490 1138
1606500 1134
1606510 1134
1606520 1133
1606530 1130
1606540 1130
1606550 1125
1606560 1119
1606570 1119
1606580 1113
1606590 1107
1606600 1107
1606610 1101
1606620 1094
1606630 1088
1606640 1088
1606650 1083
1606660 1079
1606670 1079
1606680 1075
1606690 1070
1606700 1070
1606710 1066
1606720 1063
1606730 1063
1606740 1059
1606750 1056
1606760 1056
1606770 1053
1606780 1049
1606790 1049
1606800 1043
1606810 1037
1606820 1037
1606830 1032
1606840 1029
1606850 1029
1606860 1027
1606870 1025
1606880 1025
1606890 1024
1606900 1022
1606910 1022
1606920 1019
1606930 1017
1606940 1017
1606950 1016
1606960 1014
1606970 1014
1606980 1011
1606990 1009
1607000 1009
1607010 1005
1607020 1003
1607030 1003
1607040 1001
1607050 999
1607060 999
1607070 997
1607080 995
1607090 994
1607100 994
1607110 993
1607120 992
1607130 992
1607140 991
1607150 990
1607160 990
1607170 989
1607180 988
1607190 988
1607200 988
1607210 987
1607220 987
1607230 986
1607240 986
1607250 986
1607260 985
1607270 984
1607280 984
1607290 984
1607300 984
1607310 984
1607320 984
1607330 985
1607340 985
1607350 985
1607360 986
1607370 986
1607380 986
1607390 987
1607400 987
1607410 987
1607420 987
1607430 987
1607440 988
1607450 989
1607460 989
1607470 990
1607480 992
1607490 992
1607500 994
1607510 996
1607520 998
1607530 998
1607540 1000
1607550 1001
1607560 1001
1607570 1004
1607580 1005
1607590 1005
1607600 1007
1607610 1009
1607620 1009
1607630 1011
1607640 1013
1607650 1013
1607660 1014
1607670 1015
1607680 1015
1607690 1017
1607700 1020
1607710 1020
1607720 1025
1607730 1030
1607740 1030
1607750 1036
1607760 1041
1607770 1041
1607780 1047
1607790 1053
1607800 1053
1607810 1059
1607820 1065
1607830 1065
1607840 1072
1607850 1078
1607860 1078
1607870 1085
1607880 1092
1607890 1092
1607900 1098
1607910 1105
1607920 1105
1607930 1112
1607940 1119
1607950 1126
1607960 1126
1607970 1133
1607980 1140
1607990 1140
1608000 1147
1608010 1154
1608020 1154
1608030 1162
1608040 1169
1608050 1169
1608060 1177
1608070 1184
1608080 1184
1608090 1192
1608100 1199
1608110 1199
1608120 1207
1608130 1214
1608140 1214
1608150 1221
1608160 1227
1608170 1227
1608180 1233
1608190 1240
1608200 1240
1608210 1249
1608220 1266
1608230 1266
1608240 1271
1608250 1276
1608260 1276
1608270 1288
1608280 1302
1608290 1302
1608300 1319
1608310 1326
1608320 1326
1608330 1331
1608340 1338
1608350 1338
1608360 1345
1608370 1356
1608380 1356
1608390 1372
1608400 1395
1608410 1413
1608420 1413
1608430 1420
1608440 1424
1608450 1424
1608460 1423
1608470 1424
1608480 1424
1608490 1428
1608500 1432
1608510 1432
1608520 1435
1608530 1436
1608540 1436
1608550 1437
1608560 1439
1608570 1439
1608580 1442
1608590 1443
1608600 1443
1608610 1440
1608620 1435
1608630 1435
1608640 1432
1608650 1433
1608660 1433
1608670 1437
1608680 1444
1608690 1444
1608700 1451
1608710 1460
1608720 1460
1608730 1469
1608740 1479
1608750 1479
1608760 1489
1608770 1496
1608780 1496
1608790 1500
1608800 1501
1608810 1501
1608820 1496
1608830 1494
1608840 1493
1608850 1493
1608860 1496
1608870 1501
1608880 1501
1608890 1506
1608900 1512
1608910 1512
1608920 1514
1608930 1514
1608940 1514
1608950 1513
1608960 1513
1608970 1513
1608980 1513
1608990 1513
1609000 1513
1609010 1513
1609020 1512
1609030 1506
1609040 1506
1609050 1505
1609060 1505
1609070 1505
1609080 1504
1609090 1504
1609100 1502
1609110 1502
1609120 1502
1609130 1502
1609140 1502
1609150 1502
1609160 1501
1609170 1500
1609180 1500
1609190 1499
1609200 1498
1609210 1498
1609220 1497
1609230 1496
1609240 1496
1609250 1494
1609260 1493
1609270 1491
1609280 1491
1609290 1489
1609300 1486
1609310 1486
1609320 1483
1609330 1480
1609340 1480
1609350 1476
1609360 1473
1609370 1473
1609380 1470
1609390 1467
1609400 1467
1609410 1466
1609420 1465
1609430 1465
1609440 1465
1609450 1465
1609460 1465
1609470 1466
1609480 1467
1609490 1467
1609500 1467
1609510 1466
1609520 1466
1609530 1466
1609540 1465
1609550 1465
1609560 1464
1609570 1462
1609580 1462
1609590 1462
1609600 1462
1609610 1462
1609620 1461
1609630 1461
1609640 1461
1609650 1460
1609660 1459
1609670 1459
1609680 1458
1609690 1455
1609700 1455
1609710 1453
1609720 1452
1609730 1452
1609740 1452
1609750 1450
1609760 1449
1609770 1449
1609780 1449
1609790 1448
1609800 1448
1609810 1447
1609820 1446
1609830 1446
1609840 1445
1609850 1444
1609860 1444
1609870 1443
1609880 1441
1609890 1441
1609900 1439
1609910 1437
1609920 1437
1609930 1435
1609940 1433
1609950 1433
1609960 1430
1609970 1428
1609980 1428
1609990 1426
1610000 1423
1610010 1423
1610020 1416
1610030 1407
1610040 1407
1610050 1396
1610060 1387
1610070 1387
1610080 1380
1610090 1371
1610100 1371
1610110 1363
1610120 1359
1610130 1359
1610140 1356
1610150 1348
1610160 1340
1610170 1340
1610180 1334
1610190 1329
1610200 1329
1610210 1323
1610220 1317
1610230 1317
1610240 1309
1610250 1302
1610260 1302
1610270 1295
1610280 1288
1610290 1288
1610300 1281
1610310 1274
1610320 1274
1610330 1266
1610340 1258
1610350 1258
1610360 1249
1610370 1238
1610380 1238
1610390 1230
1610400 1220
1610410 1220
1610420 1210
1610430 1201
1610440 1201
1610450 1193
1610460 1184
1610470 1184
1610480 1177
1610490 1170
1610500 1170
1610510 1162
1610520 1155
1610530 1155
1610540 1147
1610550 1140
1610560 1140
1610570 1132
1610580 1126
1610590 1119
1610600 1119
1610610 1112
1610620 1105
1610630 1105
1610640 1098
1610650 1091
1610660 1091
1610670 1084
1610680 1078
1610690 1078
1610700 1071
1610710 1064
1610720 1064
1610730 1056
1610740 1049
1610750 1049
1610760 1043
1610770 1036
1610780 1036
1610790 1030
1610800 1023
1610810 1023
1610820 1018
1610830 1011
1610840 1011
1610850 1005
1610860 998
1610870 998
1610880 992
1610890 986
1610900 986
1610910 980
1610920 973
1610930 973
1610940 966
1610950 960
1610960 960
1610970 953
1610980 947
1610990 947
1611000 941
1611010 935
1611020 935
1611030 929
1611040 923
1611050 917
1611060 917
1611070 911
1611080 904
1611090 904
1611100 898
1611110 892
1611120 892
1611130 887
1611140 881
1611150 881
1611160 875
1611170 870
1611180 870
1611190 865
1611200 862
1611210 862
1611220 858
1611230 856
1611240 856
1611250 853
1611260 851
1611270 851
1611280 849
1611290 846
1611300 846
1611310 844
1611320 841
1611330 841
1611340 839
1611350 837
1611360 837
1611370 835
1611380 833
1611390 833
1611400 831
1611410 829
1611420 829
1611430 826
1611440 824
1611450 824
1611460 822
1611470 819
1611480 818
1611490 818
1611500 816
1611510 814
1611520 814
1611530 812
1611540 810
1611550 810
1611560 809
1611570 807
1611580 807
1611590 806
1611600 803
1611610 803
1611620 800
1611630 799
1611640 799
1611650 798
1611660 798
1611670 798
1611680 799
1611690 800
1611700 800
1611710 803
1611720 805
1611730 805
1611740 806
1611750 808
1611760 808
1611770 810
1611780 811
1611790 811
1611800 813
1611810 815
1611820 815
1611830 817
1611840 820
1611850 820
1611860 820
1611870 820
1611880 820
1611890 822
1611900 822
1611910 823
1611920 823
1611930 824
1611940 827
1611950 827
1611960 830
1611970 833
1611980 833
1611990 837
1612000 841
1612010 841
1612020 845
1612030 849
1612040 849
1612050 854
1612060 858
1612070 858
1612080 863
1612090 863
1612100 863
1612110 866
1612120 868
1612130 868
1612140 871
1612150 874
1612160 874
1612170 877
1612180 880
1612190 880
1612200 884
1612210 887
1612220 887
1612230 889
1612240 889
1612250 889
1612260 891
1612270 893
1612280 893
1612290 896
1612300 898
1612310 898
1612320 901
1612330 902
1612340 902
1612350 903
1612360 905
1612370 906
1612380 906
1612390 907
1612400 907
1612410 907
1612420 908
1612430 908
1612440 908
1612450 909
1612460 909
1612470 909
1612480 908
1612490 908
1612500 908
1612510 909
1612520 910
1612530 910
1612540 912
1612550 913
1612560 913
1612570 914
1612580 914
1612590 914
1612600 915
1612610 916
1612620 916
1612630 917
1612640 918
1612650 918
1612660 919
1612670 919
1612680 919
1612690 919
1612700 917
1612710 917
1612720 915
1612730 915
1612740 915
1612750 914
1612760 917
1612770 917
1612780 918
1612790 916
1612800 914
1612810 914
1612820 911
1612830 909
1612840 909
1612850 909
1612860 910
1612870 910
1612880 911
1612890 911
1612900 911
1612910 910
1612920 909
1612930 909
1612940 908
1612950 907
1612960 907
1612970 906
1612980 905
1612990 905
1613000 903
1613010 902
1613020 902
1613030 900
1613040 898
1613050 898
1613060 897
1613070 893
1613080 893
1613090 888
1613100 883
1613110 883
1613120 877
1613130 870
1613140 870
1613150 863
1613160 859
1613170 859
1613180 857
1613190 859
1613200 859
1613210 859
1613220 860
1613230 860
1613240 860
1613250 860
1613260 858
1613270 858
1613280 854
1613290 850
1613300 850
1613310 847
1613320 844
1613330 844
1613340 843
1613350 841
1613360 841
1613370 838
1613380 836
1613390 836
1613400 834
1613410 833
1613420 833
1613430 831
1613440 831
1613450 831
1613460 830
1613470 831
1613480 831
1613490 832
1613500 831
1613510 831
1613520 829
1613530 827
1613540 827
1613550 824
1613560 821
1613570 821
1613580 819
1613590 818
1613600 818
1613610 818
1613620 817
1613630 817
1613640 816
1613650 817
1613660 818
1613670 818
1613680 819
1613690 818
1613700 818
1613710 818
1613720 818
1613730 818
1613740 817
1613750 816
1613760 816
1613770 815
1613780 814
1613790 814
1613800 812
1613810 810
1613820 810
1613830 809
1613840 808
1613850 808
1613860 807
1613870 806
1613880 806
1613890 805
1613900 804
1613910 804
1613920 802
1613930 801
1613940 801
1613950 799
1613960 796
1613970 796
1613980 793
1613990 792
1614000 792
1614010 791
1614020 790
1614030 790
1614040 789
1614050 788
1614060 788
1614070 786
1614080 785
1614090 784
1614100 781
1614110 778
1614120 773
1614130 773
1614140 768
1614150 763
1614160 763
1614170 759
1614180 757
1614190 757
1614200 753
1614210 750
1614220 750
1614230 747
1614240 743
1614250 743
1614260 739
1614270 735
1614280 735
1614290 734
1614300 734
1614310 734
1614320 732
1614330 732
1614340 732
1614350 737
1614360 743
1614370 743
1614380 749
1614390 754
1614400 754
1614410 758
1614420 762
1614430 762
1614440 765
1614450 767
1614460 767
1614470 769
1614480 770
1614490 770
1614500 770
1614510 770
1614520 770
1614530 769
1614540 768
1614550 765
1614560 765
1614570 763
1614580 763
1614590 763
1614600 766
1614610 769
1614620 769
1614630 773
1614640 777
1614650 777
1614660 781
1614670 784
1614680 784
1614690 784
1614700 779
1614710 779
1614720 772
1614730 765
1614740 765
1614750 759
1614760 752
1614770 752
1614780 747
1614790 741
1614800 741
1614810 736
1614820 731
1614830 731
1614840 727
1614850 724
1614860 724
1614870 721
1614880 718
1614890 718
1614900 716
1614910 715
1614920 715
1614930 713
1614940 713
1614950 713
1614960 713
1614970 713
1614980 712
1614990 712
1615000 712
1615010 712
1615020 712
1615030 712
1615040 712
1615050 712
1615060 711
1615070 709
1615080 709
1615090 709
1615100 709
1615110 709
1615120 708
1615130 707
1615140 707
1615150 707
1615160 704
1615170 704
1615180 701
1615190 700
1615200 700
1615210 700
1615220 698
1615230 698
1615240 698
1615250 701
1615260 701
1615270 706
1615280 710
1615290 710
1615300 713
1615310 715
1615320 715
1615330 717
1615340 720
1615350 720
1615360 724
1615370 726
1615380 726
1615390 728
1615400 729
1615410 729
1615420 732
1615430 735
1615440 736
1615450 736
1615460 737
1615470 739
1615480 739
1615490 740
1615500 742
1615510 742
1615520 745
1615530 748
1615540 748
1615550 748
1615560 748
1615570 748
1615580 747
1615590 745
1615600 745
1615610 742
1615620 738
1615630 738
1615640 736
1615650 735
1615660 735
1615670 734
1615680 729
1615690 729
1615700 726
1615710 725
1615720 725
1615730 726
1615740 725
1615750 725
1615760 723
1615770 722
1615780 722
1615790 720
1615800 716
1615810 716
1615820 714
1615830 713
1615840 713
1615850 711
1615860 711
1615870 713
1615880 713
1615890 714
1615900 715
1615910 715
1615920 716
1615930 721
1615940 721
1615950 725
1615960 731
1615970 731
1615980 737
1615990 743
1616000 743
1616010 748
1616020 752
1616030 752
1616040 754
1616050 758
1616060 758
1616070 761
1616080 764
1616090 764
1616100 768
1616110 771
1616120 771
1616130 776
1616140 783
1616150 783
1616160 791
1616170 796
1616180 796
1616190 800
1616200 806
1616210 806
1616220 810
1616230 814
1616240 814
1616250 818
1616260 821
1616270 821
1616280 825
1616290 829
1616300 834
1616310 834
1616320 839
1616330 844
1616340 844
1616350 849
1616360 851
1616370 851
1616380 854
1616390 858
1616400 858
1616410 861
1616420 862
1616430 862
1616440 860
1616450 863
1616460 863
1616470 865
1616480 868
1616490 868
1616500 869
1616510 869
1616520 869
1616530 873
1616540 877
1616550 877
1616560 879
1616570 884
1616580 884
1616590 888
1616600 894
1616610 894
1616620 902
1616630 907
1616640 907
1616650 913
1616660 921
1616670 921
1616680 929
1616690 936
1616700 936
1616710 942
1616720 951
1616730 951
1616740 957
1616750 962
1616760 969
1616770 969
1616780 976
1616790 982
1616800 982
1616810 989
1616820 997
1616830 997
1616840 1006
1616850 1011
1616860 1011
1616870 1017
1616880 1025
1616890 1025
1616900 1032
1616910 1036
1616920 1036
1616930 1042
1616940 1046
1616950 1046
1616960 1050
1616970 1055
1616980 1055
1616990 1061
1617000 1062
1617010 1062
1617020 1062
1617030 1072
1617040 1072
1617050 1075
1617060 1078
1617070 1078
1617080 1083
1617090 1089
1617100 1089
1617110 1096
1617120 1098
1617130 1098
1617140 1098
1617150 1099
1617160 1099
1617170 1100
1617180 1098
1617190 1098
1617200 1098
1617210 1101
1617220 1105
1617230 1105
1617240 1112
1617250 1119
1617260 1119
1617270 1127
1617280 1135
1617290 1135
1617300 1142
1617310 1149
1617320 1149
1617330 1156
1617340 1162
1617350 1162
1617360 1168
1617370 1172
1617380 1172
1617390 1176
1617400 1178
1617410 1178
1617420 1178
1617430 1182
1617440 1182
1617450 1186
1617460 1191
1617470 1191
1617480 1195
1617490 1201
1617500 1201
1617510 1208
1617520 1211
1617530 1211
1617540 1215
1617550 1221
1617560 1221
1617570 1227
1617580 1231
1617590 1231
1617600 1238
1617610 1246
1617620 1255
1617630 1255
1617640 1264
1617650 1272
1617660 1272
1617670 1281
1617680 1288
1617690 1288
1617700 1293
1617710 1298
1617720 1298
1617730 1302
1617740 1306
1617750 1306
1617760 1307
1617770 1307
1617780 1307
1617790 1306
1617800 1304
1617810 1304
1617820 1302
1617830 1300
1617840 1300
1617850 1302
1617860 1305
1617870 1305
1617880 1308
1617890 1313
1617900 1313
1617910 1318
1617920 1322
1617930 1322
1617940 1328
1617950 1334
1617960 1334
1617970 1340
1617980 1346
1617990 1349
1618000 1355
1618010 1361
1618020 1361
1618030 1366
1618040 1372
1618050 1372
1618060 1377
1618070 1382
1618080 1387
1618090 1387
1618100 1391
1618110 1395
1618120 1395
1618130 1398
1618140 1401
1618150 1401
1618160 1403
1618170 1405
1618180 1405
1618190 1408
1618200 1411
1618210 1411
1618220 1415
1618230 1418
1618240 1418
1618250 1422
1618260 1426
1618270 1426
1618280 1429
1618290 1433
1618300 1433
1618310 1436
1618320 1440
1618330 1440
1618340 1444
1618350 1448
1618360 1448
1618370 1451
1618380 1453
1618390 1453
1618400 1457
1618410 1460
1618420 1460
1618430 1465
1618440 1469
1618450 1469
1618460 1473
1618470 1478
1618480 1478
1618490 1482
1618500 1486
1618510 1490
1618520 1490
1618530 1494
1618540 1498
1618550 1498
1618560 1503
1618570 1507
1618580 1507
1618590 1512
1618600 1517
1618610 1517
1618620 1523
1618630 1529
1618640 1529
1618650 1534
1618660 1540
1618670 1540
1618680 1545
1618690 1550
1618700 1550
1618710 1555
1618720 1559
1618730 1559
1618740 1563
1618750 1567
1618760 1567
1618770 1572
1618780 1575
1618790 1575
1618800 1580
1618810 1583
1618820 1583
1618830 1583
1618840 1583
1618850 1583
1618860 1582
1618870 1582
1618880 1582
1618890 1583
1618900 1581
1618910 1581
1618920 1575
1618930 1568
1618940 1559
1618950 1560
1618960 1553
1618970 1546
1618980 1546
1618990 1544
1619000 1542
1619010 1542
1619020 1535
1619030 1522
1619040 1522
1619050 1503
1619060 1485
1619070 1485
1619080 1469
1619090 1458
1619100 1458
1619110 1452
1619120 1446
1619130 1446
1619140 1441
1619150 1440
1619160 1440
1619170 1439
1619180 1437
1619190 1437
1619200 1436
1619210 1435
1619220 1435
1619230 1434
1619240 1435
1619250 1435
1619260 1437
1619270 1440
1619280 1440
1619290 1441
1619300 1441
1619310 1441
1619320 1440
1619330 1440
1619340 1440
1619350 1442
1619360 1448
1619370 1448
1619380 1450
1619390 1450
1619400 1450
1619410 1450
1619420 1441
1619430 1439
1619440 1439
1619450 1457
1619460 1458
1619470 1458
1619480 1454
1619490 1459
1619500 1459
1619510 1470
1619520 1483
1619530 1483
1619540 1477
1619550 1470
1619560 1470
1619570 1465
1619580 1463
1619590 1463
1619600 1458
1619610 1454
1619620 1454
1619630 1451
1619640 1447
1619650 1447
1619660 1442
1619670 1439
1619680 1439
1619690 1435
1619700 1429
1619710 1429
1619720 1422
1619730 1414
1619740 1414
1619750 1408
1619760 1404
1619770 1404
1619780 1401
1619790 1396
1619800 1396
1619810 1396
1619820 1401
1619830 1406
1619840 1406
1619850 1411
1619860 1414
1619870 1414
1619880 1410
1619890 1413
1619900 1405
1619910 1401
1619920 1399
1619930 1399
1619940 1399
1619950 1403
1619960 1403
1619970 1397
1619980 1388
1619990 1388
