1600000 889
1600010 893
1600020 893
1600030 897
1600040 900
1600050 900
1600060 903
1600070 906
1600080 906
1600090 907
1600100 907
1600110 907
1600120 903
1600130 899
1600140 897
1600150 893
1600160 890
1600170 890
1600180 885
1600190 879
1600200 879
1600210 873
1600220 867
1600230 867
1600240 863
1600250 862
1600260 862
1600270 864
1600280 870
1600290 870
1600300 876
1600310 881
1600320 881
1600330 884
1600340 886
1600350 886
1600360 888
1600370 891
1600380 891
1600390 893
1600400 895
1600410 897
1600420 897
1600430 898
1600440 899
1600450 899
1600460 899
1600470 898
1600480 898
1600490 896
1600500 893
1600510 893
1600520 892
1600530 890
1600540 890
1600550 887
1600560 884
1600570 884
1600580 879
1600590 874
1600600 874
1600610 870
1600620 867
1600630 867
1600640 864
1600650 861
1600660 861
1600670 859
1600680 860
1600690 860
1600700 861
1600710 861
1600720 861
1600730 862
1600740 862
1600750 862
1600760 862
1600770 863
1600780 863
1600790 863
1600800 863
1600810 863
1600820 863
1600830 864
1600840 864
1600850 864
1600860 865
1600870 865
1600880 865
1600890 866
1600900 866
1600910 866
1600920 866
1600930 866
1600940 866
1600950 866
1600960 865
1600970 865
1600980 864
1600990 864
1601000 864
1601010 864
1601020 864
1601030 864
1601040 864
1601050 865
1601060 865
1601070 865
1601080 865
1601090 865
1601100 865
1601110 866
1601120 866
1601130 866
1601140 866
1601150 866
1601160 867
1601170 868
1601180 868
1601190 870
1601200 874
1601210 874
1601220 878
1601230 882
1601240 882
1601250 890
1601260 895
1601270 895
1601280 900
1601290 905
1601300 905
1601310 909
1601320 914
1601330 918
1601340 918
1601350 922
1601360 926
1601370 926
1601380 930
1601390 934
1601400 934
1601410 937
1601420 940
1601430 940
1601440 943
1601450 946
1601460 946
1601470 950
1601480 954
1601490 954
1601500 958
1601510 962
1601520 962
1601530 966
1601540 971
1601550 971
1601560 975
1601570 979
1601580 979
1601590 984
1601600 987
1601610 987
1601620 991
1601630 995
1601640 995
1601650 998
1601660 1002
1601670 1002
1601680 1005
1601690 1009
1601700 1009
1601710 1013
1601720 1016
1601730 1016
1601740 1020
1601750 1022
1601760 1024
1601770 1024
1601780 1025
1601790 1026
1601800 1026
1601810 1027
1601820 1028
1601830 1028
1601840 1029
1601850 1030
1601860 1030
1601870 1032
1601880 1033
1601890 1033
1601900 1035
1601910 1036
1601920 1036
1601930 1037
1601940 1038
1601950 1038
1601960 1039
1601970 1040
1601980 1040
1601990 1041
1602000 1042
1602010 1042
1602020 1043
1602030 1044
1602040 1044
1602050 1045
1602060 1046
1602070 1046
1602080 1047
1602090 1048
1602100 1048
1602110 1048
1602120 1049
1602130 1049
1602140 1050
1602150 1051
1602160 1051
1602170 1051
1602180 1052
1602190 1052
1602200 1054
1602210 1056
1602220 1058
1602230 1058
1602240 1060
1602250 1062
1602260 1062
1602270 1063
1602280 1065
1602290 1065
1602300 1067
1602310 1068
1602320 1068
1602330 1070
1602340 1071
1602350 1070
1602360 1071
1602370 1073
1602380 1073
1602390 1074
1602400 1075
1602410 1075
1602420 1076
1602430 1077
1602440 1077
1602450 1078
1602460 1078
1602470 1078
1602480 1079
1602490 1080
1602500 1080
1602510 1081
1602520 1082
1602530 1082
1602540 1084
1602550 1085
1602560 1085
1602570 1086
1602580 1088
1602590 1088
1602600 1089
1602610 1091
1602620 1091
1602630 1092
1602640 1094
1602650 1095
1602660 1095
1602670 1095
1602680 1095
1602690 1095
1602700 1095
1602710 1095
1602720 1095
1602730 1095
1602740 1094
1602750 1094
1602760 1094
1602770 1093
1602780 1093
1602790 1093
1602800 1092
1602810 1092
1602820 1092
1602830 1091
1602840 1091
1602850 1091
1602860 1091
1602870 1091
1602880 1091
1602890 1091
1602900 1091
1602910 1091
1602920 1091
1602930 1091
1602940 1091
1602950 1091
1602960 1091
1602970 1091
1602980 1091
1602990 1091
1603000 1090
1603010 1088
1603020 1088
1603030 1086
1603040 1083
1603050 1083
1603060 1082
1603070 1079
1603080 1079
1603090 1076
1603100 1073
1603110 1070
1603120 1070
1603130 1066
1603140 1069
1603150 1069
1603160 1072
1603170 1074
1603180 1074
1603190 1073
1603200 1075
1603210 1075
1603220 1077
1603230 1078
1603240 1078
1603250 1079
1603260 1078
1603270 1078
1603280 1078
1603290 1080
1603300 1080
1603310 1080
1603320 1082
1603330 1082
1603340 1082
1603350 1084
1603360 1084
1603370 1087
1603380 1089
1603390 1089
1603400 1092
1603410 1093
1603420 1093
1603430 1091
1603440 1094
1603450 1094
1603460 1097
1603470 1100
1603480 1100
1603490 1103
1603500 1106
1603510 1106
1603520 1109
1603530 1112
1603540 1115
1603550 1115
1603560 1117
1603570 1120
1603580 1120
1603590 1124
1603600 1127
1603610 1127
1603620 1130
1603630 1133
1603640 1133
1603650 1136
1603660 1140
1603670 1140
1603680 1143
1603690 1145
1603700 1145
1603710 1148
1603720 1151
1603730 1151
1603740 1154
1603750 1156
1603760 1156
1603770 1158
1603780 1161
1603790 1161
1603800 1163
1603810 1165
1603820 1165
1603830 1167
1603840 1169
1603850 1169
1603860 1171
1603870 1172
1603880 1172
1603890 1174
1603900 1175
1603910 1175
1603920 1176
1603930 1176
1603940 1176
1603950 1177
1603960 1180
1603970 1180
1603980 1182
1603990 1183
1604000 1185
1604010 1185
1604020 1187
1604030 1188
1604040 1188
1604050 1189
1604060 1189
1604070 1189
1604080 1190
1604090 1189
1604100 1189
1604110 1190
1604120 1190
1604130 1190
1604140 1191
1604150 1191
1604160 1191
1604170 1192
1604180 1193
1604190 1193
1604200 1194
1604210 1195
1604220 1195
1604230 1195
1604240 1196
1604250 1196
1604260 1197
1604270 1198
1604280 1198
1604290 1199
1604300 1200
1604310 1200
1604320 1201
1604330 1202
1604340 1202
1604350 1204
1604360 1205
1604370 1205
1604380 1206
1604390 1207
1604400 1207
1604410 1206
1604420 1205
1604430 1205
1604440 1203
1604450 1188
1604460 1178
1604470 1178
1604480 1173
1604490 1170
1604500 1172
1604510 1167
1604520 1161
1604530 1161
1604540 1154
1604550 1146
1604560 1146
1604570 1140
1604580 1133
1604590 1133
1604600 1127
1604610 1121
1604620 1121
1604630 1114
1604640 1107
1604650 1107
1604660 1103
1604670 1097
1604680 1097
1604690 1091
1604700 1086
1604710 1086
1604720 1081
1604730 1076
1604740 1076
1604750 1070
1604760 1066
1604770 1066
1604780 1060
1604790 1054
1604800 1054
1604810 1049
1604820 1046
1604830 1046
1604840 1040
1604850 1034
1604860 1034
1604870 1032
1604880 1031
1604890 1032
1604900 1032
1604910 1037
1604920 1043
1604930 1043
1604940 1051
1604950 1058
1604960 1058
1604970 1064
1604980 1069
1604990 1069
1605000 1075
1605010 1079
1605020 1079
1605030 1084
1605040 1088
1605050 1088
1605060 1091
1605070 1094
1605080 1094
1605090 1095
1605100 1096
1605110 1096
1605120 1097
1605130 1098
1605140 1098
1605150 1099
1605160 1099
1605170 1099
1605180 1098
1605190 1098
1605200 1098
1605210 1097
1605220 1097
1605230 1097
1605240 1097
1605250 1098
1605260 1098
1605270 1099
1605280 1100
1605290 1100
1605300 1100
1605310 1101
1605320 1101
1605330 1101
1605340 1102
1605350 1102
1605360 1102
1605370 1102
1605380 1102
1605390 1102
1605400 1103
1605410 1103
1605420 1103
1605430 1104
1605440 1105
1605450 1105
1605460 1107
1605470 1108
1605480 1108
1605490 1109
1605500 1109
1605510 1109
1605520 1108
1605530 1107
1605540 1107
1605550 1105
1605560 1103
1605570 1101
1605580 1100
1605590 1098
1605600 1098
1605610 1096
1605620 1097
1605630 1097
1605640 1102
1605650 1106
1605660 1106
1605670 1111
1605680 1115
1605690 1115
1605700 1117
1605710 1117
1605720 1117
1605730 1118
1605740 1118
1605750 1118
1605760 1119
1605770 1122
1605780 1125
1605790 1125
1605800 1127
1605810 1128
1605820 1128
1605830 1128
1605840 1127
1605850 1127
1605860 1127
1605870 1126
1605880 1126
1605890 1125
1605900 1123
1605910 1123
1605920 1120
1605930 1119
1605940 1119
1605950 1116
1605960 1111
1605970 1111
1605980 1105
1605990 1099
1606000 1099
1606010 1092
1606020 1085
1606030 1085
1606040 1079
1606050 1074
1606060 1074
1606070 1069
1606080 1065
1606090 1065
1606100 1060
1606110 1054
1606120 1054
1606130 1047
1606140 1040
1606150 1040
1606160 1032
1606170 1024
1606180 1024
1606190 1015
1606200 1008
1606210 1008
1606220 1008
1606230 1016
1606240 1023
1606250 1023
1606260 1025
1606270 1030
1606280 1030
1606290 1034
1606300 1038
1606310 1038
1606320 1042
1606330 1047
1606340 1047
1606350 1052
1606360 1055
1606370 1055
1606380 1060
1606390 1063
1606400 1063
1606410 1060
1606420 1054
1606430 1054
1606440 1047
1606450 1041
1606460 1041
1606470 1037
1606480 1035
1606490 1035
1606500 1035
1606510 1038
1606520 1038
1606530 1041
1606540 1045
1606550 1045
1606560 1048
1606570 1051
1606580 1051
1606590 1055
1606600 1059
1606610 1059
1606620 1063
1606630 1056
1606640 1056
1606650 1057
1606660 1058
1606670 1058
1606680 1060
1606690 1062
1606700 1064
1606710 1064
1606720 1066
1606730 1069
1606740 1069
1606750 1071
1606760 1071
1606770 1071
1606780 1068
1606790 1064
1606800 1064
1606810 1058
1606820 1053
1606830 1053
1606840 1050
1606850 1046
1606860 1046
1606870 1040
1606880 1032
1606890 1032
1606900 1025
1606910 1018
1606920 1018
1606930 1010
1606940 1004
1606950 1004
1606960 997
1606970 988
1606980 988
1606990 978
1607000 968
1607010 968
1607020 957
1607030 947
1607040 947
1607050 938
1607060 930
1607070 930
1607080 922
1607090 915
1607100 915
1607110 908
1607120 901
1607130 895
1607140 895
1607150 888
1607160 881
1607170 881
1607180 876
1607190 870
1607200 870
1607210 866
1607220 863
1607230 863
1607240 862
1607250 864
1607260 864
1607270 866
1607280 868
1607290 868
1607300 869
1607310 870
1607320 870
1607330 871
1607340 872
1607350 872
1607360 873
1607370 874
1607380 874
1607390 875
1607400 876
1607410 876
1607420 877
1607430 878
1607440 878
1607450 879
1607460 880
1607470 880
1607480 881
1607490 882
1607500 882
1607510 882
1607520 883
1607530 883
1607540 884
1607550 885
1607560 885
1607570 886
1607580 886
1607590 887
1607600 887
1607610 888
1607620 888
1607630 888
1607640 889
1607650 891
1607660 891
1607670 890
1607680 891
1607690 891
1607700 895
1607710 901
1607720 901
1607730 907
1607740 912
1607750 912
1607760 917
1607770 920
1607780 920
1607790 923
1607800 926
1607810 926
1607820 930
1607830 934
1607840 934
1607850 939
1607860 944
1607870 944
1607880 951
1607890 957
1607900 957
1607910 963
1607920 970
1607930 970
1607940 977
1607950 982
1607960 982
1607970 987
1607980 994
1607990 994
1608000 1001
1608010 1008
1608020 1017
1608030 1017
1608040 1026
1608050 1032
1608060 1032
1608070 1039
1608080 1044
1608090 1044
1608100 1050
1608110 1056
1608120 1056
1608130 1063
1608140 1071
1608150 1071
1608160 1078
1608170 1085
1608180 1085
1608190 1093
1608200 1101
1608210 1101
1608220 1108
1608230 1112
1608240 1112
1608250 1117
1608260 1122
1608270 1122
1608280 1127
1608290 1132
1608300 1132
1608310 1139
1608320 1147
1608330 1147
1608340 1154
1608350 1160
1608360 1160
1608370 1164
1608380 1167
1608390 1167
1608400 1169
1608410 1170
1608420 1170
1608430 1173
1608440 1173
1608450 1173
1608460 1180
1608470 1184
1608480 1192
1608490 1192
1608500 1196
1608510 1200
1608520 1200
1608530 1202
1608540 1205
1608550 1205
1608560 1206
1608570 1205
1608580 1205
1608590 1204
1608600 1206
1608610 1206
1608620 1206
1608630 1206
1608640 1206
1608650 1207
1608660 1207
1608670 1207
1608680 1207
1608690 1207
1608700 1207
1608710 1203
1608720 1203
1608730 1203
1608740 1203
1608750 1203
1608760 1203
1608770 1202
1608780 1202
1608790 1202
1608800 1202
1608810 1202
1608820 1202
1608830 1201
1608840 1201
1608850 1201
1608860 1200
1608870 1200
1608880 1200
1608890 1199
1608900 1198
1608910 1196
1608920 1196
1608930 1195
1608940 1194
1608950 1194
1608960 1193
1608970 1191
1608980 1191
1608990 1189
1609000 1188
1609010 1188
1609020 1186
1609030 1185
1609040 1185
1609050 1184
1609060 1183
1609070 1183
1609080 1182
1609090 1181
1609100 1181
1609110 1180
1609120 1180
1609130 1180
1609140 1180
1609150 1179
1609160 1179
1609170 1178
1609180 1177
1609190 1177
1609200 1176
1609210 1175
1609220 1175
1609230 1174
1609240 1173
1609250 1173
1609260 1172
1609270 1171
1609280 1171
1609290 1169
1609300 1166
1609310 1166
1609320 1163
1609330 1159
1609340 1159
1609350 1154
1609360 1149
1609370 1143
1609380 1143
1609390 1137
1609400 1131
1609410 1131
1609420 1126
1609430 1120
1609440 1120
1609450 1115
1609460 1110
1609470 1110
1609480 1105
1609490 1101
1609500 1101
1609510 1096
1609520 1092
1609530 1092
1609540 1087
1609550 1082
1609560 1082
1609570 1076
1609580 1070
1609590 1070
1609600 1064
1609610 1058
1609620 1058
1609630 1052
1609640 1046
1609650 1046
1609660 1040
1609670 1035
1609680 1035
1609690 1030
1609700 1025
1609710 1025
1609720 1019
1609730 1014
1609740 1017
1609750 1012
1609760 1008
1609770 1008
1609780 1004
1609790 999
1609800 999
1609810 994
1609820 990
1609830 986
1609840 986
1609850 982
1609860 978
1609870 978
1609880 974
1609890 970
1609900 970
1609910 966
1609920 963
1609930 963
1609940 958
1609950 954
1609960 954
1609970 950
1609980 945
1609990 945
1610000 942
1610010 938
1610020 938
1610030 935
1610040 931
1610050 931
1610060 928
1610070 924
1610080 924
1610090 921
1610100 917
1610110 917
1610120 914
1610130 911
1610140 911
1610150 910
1610160 907
1610170 907
1610180 905
1610190 904
1610200 904
1610210 901
1610220 897
1610230 897
1610240 894
1610250 891
1610260 888
1610270 888
1610280 885
1610290 883
1610300 883
1610310 883
1610320 882
1610330 882
1610340 880
1610350 879
1610360 879
1610370 878
1610380 877
1610390 877
1610400 875
1610410 873
1610420 873
1610430 871
1610440 869
1610450 869
1610460 867
1610470 868
1610480 868
1610490 870
1610500 871
1610510 871
1610520 870
1610530 870
1610540 870
1610550 869
1610560 866
1610570 866
1610580 863
1610590 859
1610600 859
1610610 856
1610620 852
1610630 852
1610640 849
1610650 850
1610660 850
1610670 854
1610680 856
1610690 856
1610700 860
1610710 862
1610720 859
1610730 859
1610740 855
1610750 851
1610760 846
1610770 843
1610780 838
1610790 838
1610800 834
1610810 831
1610820 831
1610830 832
1610840 834
1610850 834
1610860 835
1610870 837
1610880 837
1610890 838
1610900 839
1610910 839
1610920 839
1610930 840
1610940 840
1610950 842
1610960 844
1610970 844
1610980 846
1610990 850
1611000 850
1611010 853
1611020 858
1611030 858
1611040 861
1611050 862
1611060 862
1611070 863
1611080 866
1611090 866
1611100 868
1611110 869
1611120 869
1611130 870
1611140 870
1611150 870
1611160 870
1611170 872
1611180 873
1611190 873
1611200 874
1611210 876
1611220 876
1611230 878
1611240 879
1611250 879
1611260 880
1611270 880
1611280 880
1611290 879
1611300 878
1611310 878
1611320 876
1611330 877
1611340 877
1611350 878
1611360 880
1611370 880
1611380 883
1611390 886
1611400 886
1611410 889
1611420 891
1611430 891
1611440 893
1611450 895
1611460 895
1611470 897
1611480 899
1611490 899
1611500 901
1611510 902
1611520 902
1611530 905
1611540 908
1611550 908
1611560 911
1611570 913
1611580 913
1611590 915
1611600 917
1611610 919
1611620 919
1611630 921
1611640 922
1611650 922
1611660 923
1611670 923
1611680 923
1611690 923
1611700 924
1611710 924
1611720 925
1611730 925
1611740 925
1611750 926
1611760 927
1611770 927
1611780 930
1611790 932
1611800 932
1611810 935
1611820 936
1611830 936
1611840 937
1611850 939
1611860 939
1611870 942
1611880 946
1611890 946
1611900 949
1611910 953
1611920 953
1611930 958
1611940 961
1611950 961
1611960 960
1611970 957
1611980 957
1611990 958
1612000 959
1612010 959
1612020 960
1612030 961
1612040 961
1612050 962
1612060 960
1612070 960
1612080 960
1612090 961
1612100 961
1612110 961
1612120 971
1612130 994
1612140 994
1612150 1008
1612160 1015
1612170 1015
1612180 1021
1612190 1024
1612200 1024
1612210 1028
1612220 1034
1612230 1034
1612240 1045
1612250 1063
1612260 1063
1612270 1084
1612280 1097
1612290 1097
1612300 1106
1612310 1122
1612320 1122
1612330 1141
1612340 1158
1612350 1158
1612360 1163
1612370 1169
1612380 1169
1612390 1175
1612400 1180
1612410 1180
1612420 1186
1612430 1195
1612440 1195
1612450 1203
1612460 1212
1612470 1212
1612480 1225
1612490 1235
1612500 1248
1612510 1248
1612520 1259
1612530 1264
1612540 1264
1612550 1274
1612560 1268
1612570 1268
1612580 1247
1612590 1207
1612600 1207
1612610 1182
1612620 1164
1612630 1164
1612640 1149
1612650 1137
1612660 1137
1612670 1123
1612680 1108
1612690 1108
1612700 1110
1612710 1118
1612720 1118
1612730 1124
1612740 1117
1612750 1117
1612760 1109
1612770 1101
1612780 1127
1612790 1105
1612800 1084
1612810 1084
1612820 1082
1612830 1100
1612840 1100
1612850 1126
1612860 1141
1612870 1141
1612880 1154
1612890 1174
1612900 1174
1612910 1211
1612920 1233
1612930 1233
1612940 1251
1612950 1256
1612960 1252
1612970 1252
1612980 1253
1612990 1256
1613000 1256
1613010 1251
1613020 1248
1613030 1248
1613040 1247
1613050 1250
1613060 1250
1613070 1260
1613080 1277
1613090 1277
1613100 1296
1613110 1314
1613120 1314
1613130 1327
1613140 1326
1613150 1326
1613160 1319
1613170 1312
1613180 1312
1613190 1304
1613200 1297
1613210 1297
1613220 1290
1613230 1283
1613240 1283
1613250 1275
1613260 1268
1613270 1268
1613280 1263
1613290 1258
1613300 1258
1613310 1254
1613320 1252
1613330 1252
1613340 1253
1613350 1257
1613360 1257
1613370 1256
1613380 1261
1613390 1255
1613400 1255
1613410 1252
1613420 1250
1613430 1250
1613440 1256
1613450 1254
1613460 1254
1613470 1254
1613480 1257
1613490 1257
1613500 1257
1613510 1249
1613520 1249
1613530 1239
1613540 1230
1613550 1230
1613560 1222
1613570 1216
1613580 1216
1613590 1213
1613600 1212
1613610 1212
1613620 1214
1613630 1210
1613640 1210
1613650 1204
1613660 1198
1613670 1198
1613680 1190
1613690 1179
1613700 1179
1613710 1169
1613720 1158
1613730 1158
1613740 1145
1613750 1138
1613760 1138
1613770 1132
1613780 1122
1613790 1122
1613800 1116
1613810 1111
1613820 1111
1613830 1108
1613840 1104
1613850 1096
1613860 1096
1613870 1092
1613880 1089
1613890 1089
1613900 1087
1613910 1085
1613920 1085
1613930 1083
1613940 1079
1613950 1079
1613960 1075
1613970 1070
1613980 1070
1613990 1066
1614000 1062
1614010 1062
1614020 1059
1614030 1058
1614040 1058
1614050 1057
1614060 1056
1614070 1056
1614080 1056
1614090 1055
1614100 1055
1614110 1055
1614120 1055
1614130 1055
1614140 1057
1614150 1058
1614160 1058
1614170 1059
1614180 1060
1614190 1060
1614200 1059
1614210 1057
1614220 1057
1614230 1060
1614240 1066
1614250 1066
1614260 1070
1614270 1073
1614280 1073
1614290 1074
1614300 1078
1614310 1080
1614320 1080
1614330 1084
1614340 1087
1614350 1087
1614360 1090
1614370 1095
1614380 1095
1614390 1100
1614400 1106
1614410 1106
1614420 1113
1614430 1119
1614440 1119
1614450 1121
1614460 1122
1614470 1122
1614480 1122
1614490 1124
1614500 1124
1614510 1126
1614520 1127
1614530 1127
1614540 1128
1614550 1129
1614560 1129
1614570 1131
1614580 1134
1614590 1134
1614600 1134
1614610 1135
1614620 1135
1614630 1137
1614640 1141
1614650 1141
1614660 1142
1614670 1142
1614680 1142
1614690 1140
1614700 1141
1614710 1141
1614720 1144
1614730 1149
1614740 1154
1614750 1154
1614760 1158
1614770 1166
1614780 1166
1614790 1170
1614800 1176
1614810 1176
1614820 1182
1614830 1189
1614840 1189
1614850 1196
1614860 1202
1614870 1202
1614880 1210
1614890 1217
1614900 1217
1614910 1226
1614920 1242
1614930 1242
1614940 1252
1614950 1249
1614960 1249
1614970 1249
1614980 1248
1614990 1248
1615000 1236
1615010 1220
1615020 1220
1615030 1209
1615040 1199
1615050 1199
1615060 1189
1615070 1178
1615080 1178
1615090 1171
1615100 1163
1615110 1163
1615120 1153
1615130 1143
1615140 1143
1615150 1131
1615160 1125
1615170 1125
1615180 1121
1615190 1117
1615200 1113
1615210 1113
1615220 1112
1615230 1115
1615240 1115
1615250 1120
1615260 1120
1615270 1120
1615280 1121
1615290 1127
1615300 1127
1615310 1125
1615320 1123
1615330 1123
1615340 1131
1615350 1130
1615360 1130
1615370 1121
1615380 1099
1615390 1099
1615400 1076
1615410 1066
1615420 1066
1615430 1059
1615440 1053
1615450 1053
1615460 1047
1615470 1042
1615480 1042
1615490 1038
1615500 1037
1615510 1037
1615520 1036
1615530 1034
1615540 1034
1615550 1027
1615560 1020
1615570 1020
1615580 1013
1615590 1007
1615600 1007
1615610 1000
1615620 993
1615630 985
1615640 985
1615650 977
1615660 969
1615670 969
1615680 962
1615690 955
1615700 955
1615710 947
1615720 940
1615730 940
1615740 935
1615750 920
1615760 920
1615770 914
1615780 908
1615790 908
1615800 901
1615810 892
1615820 892
1615830 883
1615840 876
1615850 876
1615860 869
1615870 861
1615880 861
1615890 851
1615900 839
1615910 839
1615920 830
1615930 834
1615940 834
1615950 838
1615960 839
1615970 839
1615980 838
1615990 835
1616000 835
1616010 834
1616020 833
1616030 833
1616040 835
1616050 844
1616060 844
1616070 855
1616080 862
1616090 865
1616100 865
1616110 869
1616120 872
1616130 872
1616140 867
1616150 857
1616160 857
1616170 848
1616180 839
1616190 839
1616200 831
1616210 823
1616220 823
1616230 815
1616240 808
1616250 808
1616260 803
1616270 799
1616280 799
1616290 793
1616300 785
1616310 785
1616320 779
1616330 773
1616340 773
1616350 765
1616360 757
1616370 757
1616380 758
1616390 761
1616400 761
1616410 763
1616420 768
1616430 768
1616440 767
1616450 763
1616460 763
1616470 754
1616480 747
1616490 747
1616500 738
1616510 726
1616520 726
1616530 716
1616540 707
1616550 700
1616560 700
1616570 692
1616580 686
1616590 686
1616600 682
1616610 678
1616620 678
1616630 675
1616640 673
1616650 673
1616660 666
1616670 657
1616680 657
1616690 654
1616700 651
1616710 651
1616720 651
1616730 653
1616740 653
1616750 650
1616760 648
1616770 648
1616780 651
1616790 658
1616800 658
1616810 665
1616820 669
1616830 669
1616840 673
1616850 677
1616860 677
1616870 682
1616880 689
1616890 689
1616900 698
1616910 707
1616920 707
1616930 717
1616940 730
1616950 730
1616960 742
1616970 752
1616980 764
1616990 764
1617000 764
1617010 761
1617020 761
1617030 778
1617040 784
1617050 784
1617060 783
1617070 786
1617080 786
1617090 791
1617100 800
1617110 800
1617120 808
1617130 819
1617140 819
1617150 824
1617160 830
1617170 830
1617180 840
1617190 851
1617200 851
1617210 862
1617220 869
1617230 869
1617240 874
1617250 876
1617260 876
1617270 877
1617280 878
1617290 878
1617300 876
1617310 874
1617320 874
1617330 871
1617340 867
1617350 867
1617360 864
1617370 860
1617380 860
1617390 857
1617400 856
1617410 856
1617420 857
1617430 857
1617440 855
1617450 855
1617460 855
1617470 854
1617480 854
1617490 850
1617500 848
1617510 848
1617520 847
1617530 844
1617540 844
1617550 841
1617560 837
1617570 837
1617580 834
1617590 830
1617600 830
1617610 825
1617620 819
1617630 819
1617640 813
1617650 812
1617660 812
1617670 809
1617680 806
1617690 802
1617700 799
1617710 796
1617720 796
1617730 794
1617740 794
1617750 794
1617760 793
1617770 794
1617780 794
1617790 797
1617800 796
1617810 796
1617820 797
1617830 798
1617840 798
1617850 796
1617860 792
1617870 790
1617880 790
1617890 788
1617900 787
1617910 787
1617920 785
1617930 784
1617940 784
1617950 784
1617960 784
1617970 784
1617980 784
1617990 785
1618000 785
1618010 787
1618020 786
1618030 786
1618040 787
1618050 791
1618060 791
1618070 796
1618080 801
1618090 801
1618100 805
1618110 809
1618120 809
1618130 812
1618140 816
1618150 816
1618160 820
1618170 826
1618180 826
1618190 831
1618200 836
1618210 836
1618220 841
1618230 846
1618240 846
1618250 851
1618260 856
1618270 856
1618280 859
1618290 862
1618300 862
1618310 865
1618320 869
1618330 873
1618340 873
1618350 875
1618360 879
1618370 879
1618380 884
1618390 890
1618400 890
1618410 895
1618420 900
1618430 900
1618440 905
1618450 910
1618460 910
1618470 914
1618480 919
1618490 919
1618500 923
1618510 927
1618520 927
1618530 930
1618540 933
1618550 933
1618560 937
1618570 941
1618580 941
1618590 944
1618600 947
1618610 947
1618620 950
1618630 954
1618640 954
1618650 958
1618660 969
1618670 969
1618680 973
1618690 975
1618700 975
1618710 978
1618720 979
1618730 979
1618740 978
1618750 978
1618760 981
1618770 981
1618780 986
1618790 990
1618800 990
1618810 996
1618820 1003
1618830 1003
1618840 1011
1618850 1018
1618860 1018
1618870 1026
1618880 1036
1618890 1036
1618900 1048
1618910 1054
1618920 1054
1618930 1061
1618940 1074
1618950 1074
1618960 1096
1618970 1111
1618980 1111
1618990 1112
1619000 1106
1619010 1106
1619020 1112
1619030 1122
1619040 1122
1619050 1132
1619060 1137
1619070 1137
1619080 1143
1619090 1149
1619100 1149
1619110 1155
1619120 1163
1619130 1163
1619140 1171
1619150 1179
1619160 1179
1619170 1185
1619180 1192
1619190 1192
1619200 1198
1619210 1205
1619220 1211
1619230 1211
1619240 1217
1619250 1222
1619260 1222
1619270 1226
1619280 1230
1619290 1230
1619300 1234
1619310 1237
1619320 1237
1619330 1240
1619340 1240
1619350 1240
1619360 1235
1619370 1229
1619380 1229
1619390 1223
1619400 1217
1619410 1217
1619420 1211
1619430 1206
1619440 1206
1619450 1200
1619460 1196
1619470 1196
1619480 1191
1619490 1187
1619500 1187
1619510 1182
1619520 1177
1619530 1177
1619540 1172
1619550 1166
1619560 1166
1619570 1160
1619580 1156
1619590 1156
1619600 1154
1619610 1156
1619620 1156
1619630 1153
1619640 1150
1619650 1150
1619660 1146
1619670 1141
1619680 1136
1619690 1136
1619700 1131
1619710 1125
1619720 1125
1619730 1118
1619740 1111
1619750 1111
1619760 1105
1619770 1098
1619780 1098
1619790 1093
1619800 1090
1619810 1090
1619820 1087
1619830 1084
1619840 1084
1619850 1080
1619860 1076
1619870 1076
1619880 1075
1619890 1073
1619900 1073
1619910 1070
1619920 1067
1619930 1067
1619940 1062
1619950 1053
1619960 1053
1619970 1048
1619980 1046
1619990 1046
