1600000 824
1600010 824
1600020 826
1600030 828
1600040 828
1600050 830
1600060 831
1600070 831
1600080 832
1600090 833
1600100 833
1600110 834
1600120 835
1600130 835
1600140 837
1600150 838
1600160 838
1600170 838
1600180 839
1600190 839
1600200 839
1600210 838
1600220 838
1600230 837
1600240 836
1600250 836
1600260 835
1600270 836
1600280 836
1600290 837
1600300 838
1600310 838
1600320 839
1600330 839
1600340 839
1600350 839
1600360 839
1600370 839
1600380 839
1600390 839
1600400 839
1600410 839
1600420 840
1600430 841
1600440 841
1600450 842
1600460 843
1600470 843
1600480 844
1600490 845
1600500 845
1600510 847
1600520 848
1600530 848
1600540 849
1600550 850
1600560 850
1600570 851
1600580 852
1600590 852
1600600 852
1600610 852
1600620 852
1600630 852
1600640 853
1600650 853
1600660 852
1600670 851
1600680 851
1600690 851
1600700 851
1600710 851
1600720 849
1600730 846
1600740 846
1600750 843
1600760 840
1600770 840
1600780 838
1600790 839
1600800 841
1600810 841
1600820 843
1600830 845
1600840 845
1600850 847
1600860 850
1600870 850
1600880 854
1600890 859
1600900 859
1600910 864
1600920 868
1600930 868
1600940 872
1600950 876
1600960 876
1600970 880
1600980 884
1600990 884
1601000 889
1601010 894
1601020 894
1601030 899
1601040 904
1601050 904
1601060 909
1601070 914
1601080 914
1601090 920
1601100 925
1601110 925
1601120 929
1601130 933
1601140 933
1601150 937
1601160 941
1601170 941
1601180 944
1601190 949
1601200 949
1601210 955
1601220 960
1601230 960
1601240 966
1601250 971
1601260 977
1601270 977
1601280 983
1601290 988
1601300 988
1601310 994
1601320 1000
1601330 1000
1601340 1004
1601350 1009
1601360 1009
1601370 1014
1601380 1018
1601390 1018
1601400 1023
1601410 1027
1601420 1027
1601430 1032
1601440 1037
1601450 1037
1601460 1041
1601470 1046
1601480 1046
1601490 1051
1601500 1056
1601510 1056
1601520 1061
1601530 1066
1601540 1066
1601550 1072
1601560 1077
1601570 1077
1601580 1082
1601590 1087
1601600 1087
1601610 1092
1601620 1099
1601630 1099
1601640 1104
1601650 1110
1601660 1110
1601670 1115
1601680 1121
1601690 1121
1601700 1127
1601710 1133
1601720 1140
1601730 1140
1601740 1146
1601750 1151
1601760 1151
1601770 1157
1601780 1163
1601790 1163
1601800 1168
1601810 1172
1601820 1172
1601830 1176
1601840 1181
1601850 1181
1601860 1185
1601870 1189
1601880 1190
1601890 1195
1601900 1200
1601910 1200
1601920 1203
1601930 1207
1601940 1207
1601950 1212
1601960 1217
1601970 1217
1601980 1222
1601990 1226
1602000 1226
1602010 1230
1602020 1235
1602030 1235
1602040 1240
1602050 1244
1602060 1244
1602070 1249
1602080 1253
1602090 1253
1602100 1257
1602110 1260
1602120 1260
1602130 1264
1602140 1267
1602150 1269
1602160 1269
1602170 1272
1602180 1274
1602190 1274
1602200 1276
1602210 1278
1602220 1278
1602230 1280
1602240 1283
1602250 1283
1602260 1286
1602270 1289
1602280 1289
1602290 1293
1602300 1296
1602310 1296
1602320 1299
1602330 1299
1602340 1299
1602350 1300
1602360 1300
1602370 1300
1602380 1299
1602390 1299
1602400 1299
1602410 1297
1602420 1295
1602430 1295
1602440 1293
1602450 1293
1602460 1293
1602470 1292
1602480 1291
1602490 1291
1602500 1289
1602510 1287
1602520 1287
1602530 1286
1602540 1284
1602550 1284
1602560 1282
1602570 1280
1602580 1280
1602590 1278
1602600 1275
1602610 1272
1602620 1272
1602630 1268
1602640 1263
1602650 1263
1602660 1257
1602670 1250
1602680 1250
1602690 1243
1602700 1237
1602710 1237
1602720 1231
1602730 1226
1602740 1226
1602750 1220
1602760 1215
1602770 1215
1602780 1210
1602790 1204
1602800 1204
1602810 1199
1602820 1194
1602830 1194
1602840 1188
1602850 1183
1602860 1183
1602870 1177
1602880 1173
1602890 1173
1602900 1168
1602910 1163
1602920 1163
1602930 1158
1602940 1154
1602950 1154
1602960 1148
1602970 1143
1602980 1143
1602990 1138
1603000 1133
1603010 1133
1603020 1128
1603030 1124
1603040 1124
1603050 1120
1603060 1116
1603070 1112
1603080 1112
1603090 1108
1603100 1105
1603110 1105
1603120 1101
1603130 1097
1603140 1097
1603150 1094
1603160 1091
1603170 1091
1603180 1087
1603190 1084
1603200 1084
1603210 1080
1603220 1077
1603230 1077
1603240 1075
1603250 1073
1603260 1073
1603270 1071
1603280 1070
1603290 1070
1603300 1068
1603310 1066
1603320 1066
1603330 1065
1603340 1062
1603350 1062
1603360 1060
1603370 1057
1603380 1057
1603390 1056
1603400 1055
1603410 1055
1603420 1055
1603430 1057
1603440 1057
1603450 1058
1603460 1060
1603470 1060
1603480 1061
1603490 1063
1603500 1063
1603510 1066
1603520 1069
1603530 1073
1603540 1073
1603550 1076
1603560 1080
1603570 1080
1603580 1083
1603590 1087
1603600 1087
1603610 1091
1603620 1094
1603630 1094
1603640 1098
1603650 1102
1603660 1102
1603670 1106
1603680 1111
1603690 1111
1603700 1115
1603710 1119
1603720 1119
1603730 1122
1603740 1125
1603750 1125
1603760 1128
1603770 1131
1603780 1131
1603790 1134
1603800 1137
1603810 1137
1603820 1140
1603830 1143
1603840 1143
1603850 1146
1603860 1149
1603870 1149
1603880 1152
1603890 1155
1603900 1155
1603910 1158
1603920 1161
1603930 1161
1603940 1163
1603950 1166
1603960 1166
1603970 1168
1603980 1171
1603990 1173
1604000 1173
1604010 1176
1604020 1179
1604030 1179
1604040 1182
1604050 1180
1604060 1180
1604070 1183
1604080 1185
1604090 1185
1604100 1187
1604110 1190
1604120 1190
1604130 1192
1604140 1194
1604150 1194
1604160 1197
1604170 1198
1604180 1198
1604190 1200
1604200 1202
1604210 1202
1604220 1204
1604230 1205
1604240 1205
1604250 1206
1604260 1206
1604270 1206
1604280 1207
1604290 1207
1604300 1207
1604310 1207
1604320 1207
1604330 1207
1604340 1206
1604350 1205
1604360 1205
1604370 1205
1604380 1204
1604390 1204
1604400 1204
1604410 1202
1604420 1200
1604430 1200
1604440 1195
1604450 1190
1604460 1190
1604470 1184
1604480 1178
1604490 1178
1604500 1173
1604510 1167
1604520 1167
1604530 1161
1604540 1155
1604550 1155
1604560 1149
1604570 1144
1604580 1144
1604590 1140
1604600 1136
1604610 1136
1604620 1132
1604630 1128
1604640 1128
1604650 1124
1604660 1121
1604670 1121
1604680 1117
1604690 1114
1604700 1114
1604710 1110
1604720 1106
1604730 1106
1604740 1101
1604750 1095
1604760 1095
1604770 1089
1604780 1083
1604790 1083
1604800 1076
1604810 1069
1604820 1069
1604830 1062
1604840 1054
1604850 1054
1604860 1046
1604870 1038
1604880 1031
1604890 1031
1604900 1024
1604910 1016
1604920 1016
1604930 1011
1604940 1005
1604950 1005
1604960 1002
1604970 1000
1604980 1000
1604990 999
1605000 998
1605010 998
1605020 995
1605030 993
1605040 993
1605050 991
1605060 990
1605070 990
1605080 990
1605090 990
1605100 990
1605110 989
1605120 982
1605130 982
1605140 983
1605150 981
1605160 981
1605170 979
1605180 976
1605190 976
1605200 972
1605210 966
1605220 966
1605230 959
1605240 954
1605250 954
1605260 951
1605270 946
1605280 946
1605290 942
1605300 942
1605310 942
1605320 940
1605330 940
1605340 944
1605350 944
1605360 943
1605370 938
1605380 938
1605390 934
1605400 933
1605410 933
1605420 930
1605430 926
1605440 926
1605450 922
1605460 918
1605470 918
1605480 914
1605490 910
1605500 910
1605510 907
1605520 904
1605530 904
1605540 900
1605550 896
1605560 896
1605570 892
1605580 887
1605590 887
1605600 881
1605610 874
1605620 874
1605630 867
1605640 864
1605650 864
1605660 864
1605670 865
1605680 865
1605690 860
1605700 853
1605710 853
1605720 846
1605730 839
1605740 839
1605750 836
1605760 835
1605770 835
1605780 835
1605790 835
1605800 836
1605810 836
1605820 836
1605830 836
1605840 836
1605850 836
1605860 836
1605870 836
1605880 836
1605890 837
1605900 837
1605910 837
1605920 837
1605930 837
1605940 838
1605950 838
1605960 838
1605970 838
1605980 838
1605990 838
1606000 838
1606010 838
1606020 838
1606030 839
1606040 839
1606050 839
1606060 839
1606070 837
1606080 837
1606090 836
1606100 836
1606110 836
1606120 838
1606130 838
1606140 838
1606150 838
1606160 837
1606170 837
1606180 836
1606190 836
1606200 836
1606210 836
1606220 836
1606230 836
1606240 836
1606250 836
1606260 835
1606270 835
1606280 835
1606290 835
1606300 835
1606310 835
1606320 835
1606330 835
1606340 834
1606350 834
1606360 834
1606370 834
1606380 834
1606390 834
1606400 833
1606410 833
1606420 833
1606430 833
1606440 833
1606450 833
1606460 832
1606470 832
1606480 832
1606490 831
1606500 829
1606510 829
1606520 828
1606530 828
1606540 828
1606550 828
1606560 828
1606570 828
1606580 829
1606590 829
1606600 829
1606610 830
1606620 831
1606630 831
1606640 835
1606650 838
1606660 838
1606670 841
1606680 845
1606690 849
1606700 849
1606710 852
1606720 857
1606730 857
1606740 860
1606750 863
1606760 863
1606770 865
1606780 867
1606790 867
1606800 869
1606810 870
1606820 870
1606830 870
1606840 872
1606850 872
1606860 875
1606870 877
1606880 877
1606890 879
1606900 880
1606910 880
1606920 881
1606930 882
1606940 882
1606950 882
1606960 883
1606970 883
1606980 886
1606990 889
1607000 889
1607010 892
1607020 895
1607030 895
1607040 898
1607050 896
1607060 896
1607070 893
1607080 891
1607090 891
1607100 889
1607110 887
1607120 887
1607130 887
1607140 888
1607150 889
1607160 889
1607170 891
1607180 893
1607190 893
1607200 898
1607210 902
1607220 902
1607230 906
1607240 910
1607250 910
1607260 914
1607270 919
1607280 919
1607290 925
1607300 930
1607310 930
1607320 935
1607330 939
1607340 939
1607350 945
1607360 950
1607370 950
1607380 957
1607390 963
1607400 963
1607410 968
1607420 975
1607430 975
1607440 980
1607450 987
1607460 987
1607470 995
1607480 1002
1607490 1002
1607500 1010
1607510 1016
1607520 1016
1607530 1022
1607540 1024
1607550 1024
1607560 1028
1607570 1031
1607580 1031
1607590 1037
1607600 1044
1607610 1050
1607620 1050
1607630 1056
1607640 1056
1607650 1056
1607660 1056
1607670 1054
1607680 1054
1607690 1052
1607700 1050
1607710 1050
1607720 1047
1607730 1045
1607740 1045
1607750 1043
1607760 1042
1607770 1042
1607780 1041
1607790 1041
1607800 1041
1607810 1040
1607820 1040
1607830 1040
1607840 1040
1607850 1042
1607860 1042
1607870 1044
1607880 1044
1607890 1044
1607900 1044
1607910 1044
1607920 1044
1607930 1044
1607940 1044
1607950 1044
1607960 1044
1607970 1044
1607980 1044
1607990 1044
1608000 1044
1608010 1044
1608020 1045
1608030 1045
1608040 1045
1608050 1046
1608060 1046
1608070 1046
1608080 1046
1608090 1046
1608100 1045
1608110 1045
1608120 1045
1608130 1044
1608140 1044
1608150 1045
1608160 1045
1608170 1045
1608180 1044
1608190 1044
1608200 1044
1608210 1043
1608220 1043
1608230 1043
1608240 1043
1608250 1042
1608260 1042
1608270 1039
1608280 1038
1608290 1038
1608300 1036
1608310 1035
1608320 1035
1608330 1034
1608340 1033
1608350 1033
1608360 1033
1608370 1033
1608380 1033
1608390 1034
1608400 1034
1608410 1034
1608420 1035
1608430 1037
1608440 1037
1608450 1039
1608460 1041
1608470 1041
1608480 1042
1608490 1043
1608500 1043
1608510 1045
1608520 1046
1608530 1047
1608540 1047
1608550 1048
1608560 1049
1608570 1049
1608580 1050
1608590 1051
1608600 1051
1608610 1052
1608620 1053
1608630 1053
1608640 1054
1608650 1056
1608660 1056
1608670 1057
1608680 1057
1608690 1057
1608700 1057
1608710 1057
1608720 1057
1608730 1059
1608740 1060
1608750 1060
1608760 1060
1608770 1060
1608780 1060
1608790 1061
1608800 1061
1608810 1061
1608820 1061
1608830 1061
1608840 1061
1608850 1061
1608860 1061
1608870 1061
1608880 1060
1608890 1059
1608900 1059
1608910 1057
1608920 1056
1608930 1056
1608940 1054
1608950 1053
1608960 1053
1608970 1051
1608980 1048
1608990 1046
1609000 1046
1609010 1044
1609020 1042
1609030 1042
1609040 1040
1609050 1038
1609060 1038
1609070 1036
1609080 1034
1609090 1034
1609100 1032
1609110 1031
1609120 1031
1609130 1029
1609140 1027
1609150 1027
1609160 1025
1609170 1022
1609180 1022
1609190 1020
1609200 1017
1609210 1017
1609220 1014
1609230 1011
1609240 1011
1609250 1008
1609260 1006
1609270 1006
1609280 1005
1609290 1003
1609300 1003
1609310 997
1609320 995
1609330 995
1609340 993
1609350 990
1609360 990
1609370 987
1609380 983
1609390 983
1609400 978
1609410 974
1609420 969
1609430 969
1609440 965
1609450 961
1609460 961
1609470 957
1609480 954
1609490 954
1609500 950
1609510 947
1609520 947
1609530 943
1609540 941
1609550 941
1609560 938
1609570 935
1609580 935
1609590 933
1609600 931
1609610 931
1609620 930
1609630 930
1609640 930
1609650 928
1609660 927
1609670 927
1609680 925
1609690 923
1609700 923
1609710 921
1609720 918
1609730 918
1609740 915
1609750 912
1609760 912
1609770 909
1609780 905
1609790 905
1609800 902
1609810 897
1609820 897
1609830 893
1609840 889
1609850 889
1609860 885
1609870 881
1609880 876
1609890 876
1609900 871
1609910 870
1609920 870
1609930 870
1609940 870
1609950 870
1609960 871
1609970 875
1609980 875
1609990 880
1610000 883
1610010 883
1610020 887
1610030 890
1610040 890
1610050 892
1610060 895
1610070 895
1610080 897
1610090 898
1610100 898
1610110 900
1610120 901
1610130 901
1610140 903
1610150 906
1610160 906
1610170 910
1610180 913
1610190 913
1610200 916
1610210 921
1610220 921
1610230 926
1610240 931
1610250 931
1610260 936
1610270 940
1610280 940
1610290 943
1610300 950
1610310 950
1610320 956
1610330 964
1610340 969
1610350 969
1610360 972
1610370 976
1610380 976
1610390 980
1610400 985
1610410 985
1610420 989
1610430 995
1610440 995
1610450 999
1610460 1003
1610470 1003
1610480 1005
1610490 1006
1610500 1006
1610510 1007
1610520 1007
1610530 1007
1610540 1010
1610550 1014
1610560 1014
1610570 1018
1610580 1022
1610590 1022
1610600 1026
1610610 1030
1610620 1030
1610630 1035
1610640 1041
1610650 1041
1610660 1046
1610670 1052
1610680 1052
1610690 1058
1610700 1063
1610710 1063
1610720 1067
1610730 1071
1610740 1071
1610750 1075
1610760 1078
1610770 1078
1610780 1079
1610790 1079
1610800 1077
1610810 1077
1610820 1075
1610830 1071
1610840 1071
1610850 1067
1610860 1065
1610870 1065
1610880 1064
1610890 1064
1610900 1064
1610910 1063
1610920 1063
1610930 1063
1610940 1065
1610950 1068
1610960 1068
1610970 1071
1610980 1074
1610990 1074
1611000 1077
1611010 1077
1611020 1077
1611030 1077
1611040 1077
1611050 1077
1611060 1078
1611070 1080
1611080 1080
1611090 1081
1611100 1083
1611110 1083
1611120 1085
1611130 1089
1611140 1089
1611150 1092
1611160 1094
1611170 1094
1611180 1096
1611190 1095
1611200 1095
1611210 1099
1611220 1099
1611230 1099
1611240 1100
1611250 1102
1611260 1104
1611270 1104
1611280 1105
1611290 1107
1611300 1107
1611310 1108
1611320 1112
1611330 1112
1611340 1118
1611350 1130
1611360 1130
1611370 1133
1611380 1134
1611390 1134
1611400 1134
1611410 1137
1611420 1137
1611430 1142
1611440 1148
1611450 1148
1611460 1153
1611470 1157
1611480 1157
1611490 1157
1611500 1156
1611510 1156
1611520 1158
1611530 1162
1611540 1162
1611550 1167
1611560 1173
1611570 1173
1611580 1179
1611590 1185
1611600 1185
1611610 1190
1611620 1195
1611630 1195
1611640 1199
1611650 1202
1611660 1202
1611670 1206
1611680 1209
1611690 1214
1611700 1214
1611710 1218
1611720 1222
1611730 1222
1611740 1226
1611750 1230
1611760 1230
1611770 1234
1611780 1237
1611790 1237
1611800 1238
1611810 1240
1611820 1240
1611830 1242
1611840 1241
1611850 1241
1611860 1243
1611870 1245
1611880 1245
1611890 1249
1611900 1252
1611910 1252
1611920 1255
1611930 1257
1611940 1257
1611950 1261
1611960 1268
1611970 1268
1611980 1275
1611990 1282
1612000 1282
1612010 1290
1612020 1297
1612030 1297
1612040 1304
1612050 1310
1612060 1310
1612070 1315
1612080 1319
1612090 1319
1612100 1322
1612110 1323
1612120 1323
1612130 1326
1612140 1330
1612150 1335
1612160 1335
1612170 1340
1612180 1345
1612190 1345
1612200 1349
1612210 1354
1612220 1354
1612230 1357
1612240 1360
1612250 1360
1612260 1361
1612270 1361
1612280 1361
1612290 1361
1612300 1362
1612310 1362
1612320 1364
1612330 1366
1612340 1366
1612350 1370
1612360 1381
1612370 1381
1612380 1387
1612390 1392
1612400 1392
1612410 1398
1612420 1404
1612430 1404
1612440 1411
1612450 1417
1612460 1417
1612470 1424
1612480 1430
1612490 1430
1612500 1436
1612510 1441
1612520 1441
1612530 1445
1612540 1447
1612550 1447
1612560 1448
1612570 1449
1612580 1449
1612590 1450
1612600 1454
1612610 1459
1612620 1459
1612630 1465
1612640 1471
1612650 1471
1612660 1477
1612670 1484
1612680 1484
1612690 1491
1612700 1497
1612710 1497
1612720 1503
1612730 1509
1612740 1509
1612750 1514
1612760 1517
1612770 1517
1612780 1520
1612790 1521
1612800 1521
1612810 1524
1612820 1526
1612830 1526
1612840 1529
1612850 1532
1612860 1532
1612870 1536
1612880 1539
1612890 1539
1612900 1540
1612910 1536
1612920 1536
1612930 1528
1612940 1519
1612950 1519
1612960 1511
1612970 1503
1612980 1503
1612990 1494
1613000 1487
1613010 1487
1613020 1479
1613030 1471
1613040 1471
1613050 1463
1613060 1456
1613070 1449
1613080 1449
1613090 1442
1613100 1435
1613110 1435
1613120 1429
1613130 1422
1613140 1422
1613150 1416
1613160 1409
1613170 1409
1613180 1403
1613190 1399
1613200 1399
1613210 1394
1613220 1390
1613230 1390
1613240 1384
1613250 1378
1613260 1378
1613270 1373
1613280 1369
1613290 1369
1613300 1364
1613310 1359
1613320 1359
1613330 1354
1613340 1347
1613350 1347
1613360 1338
1613370 1332
1613380 1332
1613390 1327
1613400 1323
1613410 1323
1613420 1318
1613430 1314
1613440 1314
1613450 1310
1613460 1304
1613470 1304
1613480 1298
1613490 1294
1613500 1294
1613510 1291
1613520 1289
1613530 1286
1613540 1286
1613550 1283
1613560 1281
1613570 1281
1613580 1280
1613590 1279
1613600 1279
1613610 1280
1613620 1280
1613630 1280
1613640 1279
1613650 1276
1613660 1276
1613670 1269
1613680 1261
1613690 1261
1613700 1253
1613710 1245
1613720 1245
1613730 1237
1613740 1229
1613750 1229
1613760 1223
1613770 1217
1613780 1217
1613790 1213
1613800 1211
1613810 1211
1613820 1208
1613830 1204
1613840 1204
1613850 1201
1613860 1199
1613870 1199
1613880 1197
1613890 1194
1613900 1194
1613910 1193
1613920 1191
1613930 1191
1613940 1193
1613950 1192
1613960 1193
1613970 1193
1613980 1195
1613990 1198
1614000 1198
1614010 1201
1614020 1205
1614030 1205
1614040 1210
1614050 1215
1614060 1215
1614070 1218
1614080 1222
1614090 1222
1614100 1225
1614110 1228
1614120 1228
1614130 1231
1614140 1233
1614150 1233
1614160 1236
1614170 1238
1614180 1238
1614190 1240
1614200 1241
1614210 1241
1614220 1242
1614230 1242
1614240 1242
1614250 1242
1614260 1242
1614270 1242
1614280 1243
1614290 1246
1614300 1246
1614310 1251
1614320 1255
1614330 1255
1614340 1260
1614350 1259
1614360 1259
1614370 1264
1614380 1269
1614390 1269
1614400 1275
1614410 1281
1614420 1287
1614430 1287
1614440 1292
1614450 1296
1614460 1296
1614470 1300
1614480 1303
1614490 1303
1614500 1305
1614510 1306
1614520 1306
1614530 1303
1614540 1303
1614550 1303
1614560 1306
1614570 1308
1614580 1308
1614590 1306
1614600 1304
1614610 1304
1614620 1297
1614630 1288
1614640 1288
1614650 1283
1614660 1279
1614670 1279
1614680 1272
1614690 1264
1614700 1264
1614710 1257
1614720 1248
1614730 1248
1614740 1242
1614750 1236
1614760 1236
1614770 1228
1614780 1221
1614790 1221
1614800 1214
1614810 1208
1614820 1208
1614830 1204
1614840 1205
1614850 1205
1614860 1206
1614870 1207
1614880 1208
1614890 1208
1614900 1209
1614910 1210
1614920 1210
1614930 1207
1614940 1202
1614950 1202
1614960 1198
1614970 1197
1614980 1197
1614990 1195
1615000 1191
1615010 1191
1615020 1189
1615030 1185
1615040 1185
1615050 1180
1615060 1171
1615070 1171
1615080 1158
1615090 1145
1615100 1145
1615110 1136
1615120 1133
1615130 1133
1615140 1136
1615150 1137
1615160 1137
1615170 1134
1615180 1139
1615190 1139
1615200 1141
1615210 1149
1615220 1149
1615230 1157
1615240 1153
1615250 1153
1615260 1142
1615270 1137
1615280 1137
1615290 1135
1615300 1125
1615310 1125
1615320 1110
1615330 1084
1615340 1073
1615350 1073
1615360 1065
1615370 1056
1615380 1056
1615390 1052
1615400 1054
1615410 1054
1615420 1055
1615430 1056
1615440 1056
1615450 1054
1615460 1049
1615470 1049
1615480 1047
1615490 1048
1615500 1048
1615510 1047
1615520 1042
1615530 1042
1615540 1037
1615550 1034
1615560 1034
1615570 1035
1615580 1038
1615590 1038
1615600 1037
1615610 1034
1615620 1034
1615630 1028
1615640 1018
1615650 1018
1615660 1009
1615670 1004
1615680 1004
1615690 1002
1615700 1003
1615710 1003
1615720 1006
1615730 1012
1615740 1012
1615750 1009
1615760 1005
1615770 1005
1615780 1004
1615790 1008
1615800 1014
1615810 1014
1615820 1013
1615830 1015
1615840 1015
1615850 1003
1615860 989
1615870 989
1615880 979
1615890 970
1615900 970
1615910 958
1615920 948
1615930 948
1615940 939
1615950 933
1615960 933
1615970 931
1615980 930
1615990 930
1616000 928
1616010 923
1616020 923
1616030 921
1616040 925
1616050 925
1616060 928
1616070 926
1616080 926
1616090 925
1616100 925
1616110 925
1616120 924
1616130 925
1616140 925
1616150 927
1616160 929
1616170 929
1616180 929
1616190 926
1616200 926
1616210 921
1616220 914
1616230 914
1616240 907
1616250 900
1616260 894
1616270 894
1616280 885
1616290 877
1616300 877
1616310 869
1616320 863
1616330 863
1616340 858
1616350 851
1616360 851
1616370 841
1616380 838
1616390 838
1616400 841
1616410 848
1616420 848
1616430 859
1616440 862
1616450 862
1616460 857
1616470 853
1616480 853
1616490 848
1616500 841
1616510 841
1616520 834
1616530 827
1616540 827
1616550 821
1616560 814
1616570 814
1616580 807
1616590 801
1616600 801
1616610 794
1616620 788
1616630 788
1616640 782
1616650 775
1616660 775
1616670 770
1616680 764
1616690 762
1616700 762
1616710 760
1616720 758
1616730 758
1616740 753
1616750 747
1616760 747
1616770 744
1616780 742
1616790 742
1616800 741
1616810 737
1616820 737
1616830 734
1616840 738
1616850 738
1616860 740
1616870 734
1616880 734
1616890 729
1616900 725
1616910 725
1616920 723
1616930 720
1616940 720
1616950 715
1616960 712
1616970 712
1616980 708
1616990 704
1617000 704
1617010 696
1617020 684
1617030 684
1617040 672
1617050 665
1617060 665
1617070 658
1617080 648
1617090 648
1617100 638
1617110 628
1617120 628
1617130 626
1617140 625
1617150 625
1617160 625
1617170 626
1617180 627
1617190 627
1617200 627
1617210 629
1617220 629
1617230 633
1617240 639
1617250 639
1617260 641
1617270 643
1617280 648
1617290 651
1617300 655
1617310 655
1617320 657
1617330 660
1617340 660
1617350 662
1617360 665
1617370 665
1617380 668
1617390 671
1617400 671
1617410 675
1617420 678
1617430 678
1617440 682
1617450 686
1617460 686
1617470 690
1617480 695
1617490 695
1617500 699
1617510 704
1617520 704
1617530 708
1617540 712
1617550 712
1617560 717
1617570 721
1617580 721
1617590 724
1617600 727
1617610 729
1617620 729
1617630 732
1617640 733
1617650 733
1617660 735
1617670 738
1617680 738
1617690 742
1617700 745
1617710 745
1617720 750
1617730 754
1617740 754
1617750 759
1617760 764
1617770 764
1617780 768
1617790 771
1617800 771
1617810 776
1617820 779
1617830 779
1617840 780
1617850 784
1617860 784
1617870 789
1617880 793
1617890 793
1617900 797
1617910 800
1617920 800
1617930 803
1617940 807
1617950 807
1617960 812
1617970 815
1617980 815
1617990 818
1618000 822
1618010 822
1618020 826
1618030 830
1618040 830
1618050 833
1618060 836
1618070 840
1618080 840
1618090 845
1618100 849
1618110 849
1618120 853
1618130 857
1618140 857
1618150 862
1618160 866
1618170 866
1618180 870
1618190 874
1618200 874
1618210 878
1618220 881
1618230 881
1618240 885
1618250 898
1618260 898
1618270 903
1618280 907
1618290 907
1618300 910
1618310 914
1618320 914
1618330 919
1618340 925
1618350 925
1618360 931
1618370 937
1618380 937
1618390 942
1618400 949
1618410 949
1618420 954
1618430 960
1618440 960
1618450 966
1618460 971
1618470 971
1618480 975
1618490 979
1618500 979
1618510 985
1618520 991
1618530 998
1618540 998
1618550 1004
1618560 1011
1618570 1011
1618580 1019
1618590 1027
1618600 1027
1618610 1032
1618620 1034
1618630 1034
1618640 1036
1618650 1038
1618660 1038
1618670 1041
1618680 1044
1618690 1044
1618700 1046
1618710 1047
1618720 1047
1618730 1046
1618740 1041
1618750 1041
1618760 1029
1618770 1021
1618780 1021
1618790 1015
1618800 1010
1618810 1010
1618820 1005
1618830 1002
1618840 1002
1618850 998
1618860 993
1618870 993
1618880 990
1618890 987
1618900 987
1618910 985
1618920 982
1618930 982
1618940 975
1618950 978
1618960 984
1618970 984
1618980 989
1618990 994
1619000 994
1619010 998
1619020 1003
1619030 1003
1619040 1008
1619050 1014
1619060 1014
1619070 1019
1619080 1023
1619090 1023
1619100 1028
1619110 1034
1619120 1034
1619130 1041
1619140 1047
1619150 1047
1619160 1053
1619170 1059
1619180 1059
1619190 1067
1619200 1074
1619210 1076
1619220 1084
1619230 1092
1619240 1092
1619250 1099
1619260 1105
1619270 1105
1619280 1111
1619290 1118
1619300 1118
1619310 1124
1619320 1131
1619330 1131
1619340 1137
1619350 1143
1619360 1143
1619370 1148
1619380 1154
1619390 1154
1619400 1160
1619410 1163
1619420 1163
1619430 1163
1619440 1161
1619450 1159
1619460 1159
1619470 1157
1619480 1153
1619490 1153
1619500 1147
1619510 1142
1619520 1142
1619530 1137
1619540 1132
1619550 1132
1619560 1127
1619570 1128
1619580 1128
1619590 1130
1619600 1129
1619610 1129
1619620 1127
1619630 1126
1619640 1126
1619650 1126
1619660 1124
1619670 1124
1619680 1121
1619690 1125
1619700 1125
1619710 1128
1619720 1130
1619730 1130
1619740 1132
1619750 1134
1619760 1134
1619770 1140
1619780 1145
1619790 1145
1619800 1151
1619810 1156
1619820 1156
1619830 1161
1619840 1166
1619850 1166
1619860 1170
1619870 1174
1619880 1178
1619890 1178
1619900 1181
1619910 1183
1619920 1183
1619930 1185
1619940 1187
1619950 1187
1619960 1187
1619970 1187
1619980 1187
1619990 1186
