1600000 762
1600010 762
1600020 762
1600030 762
1600040 761
1600050 761
1600060 761
1600070 760
1600080 759
1600090 759
1600100 759
1600110 759
1600120 759
1600130 759
1600140 759
1600150 759
1600160 759
1600170 759
1600180 759
1600190 759
1600200 759
1600210 759
1600220 759
1600230 758
1600240 758
1600250 758
1600260 756
1600270 756
1600280 755
1600290 754
1600300 754
1600310 753
1600320 753
1600330 753
1600340 753
1600350 753
1600360 753
1600370 753
1600380 751
1600390 750
1600400 750
1600410 749
1600420 749
1600430 749
1600440 749
1600450 749
1600460 749
1600470 749
1600480 747
1600490 747
1600500 746
1600510 744
1600520 744
1600530 743
1600540 742
1600550 742
1600560 742
1600570 740
1600580 740
1600590 738
1600600 737
1600610 737
1600620 736
1600630 734
1600640 734
1600650 733
1600660 731
1600670 731
1600680 730
1600690 729
1600700 729
1600710 729
1600720 728
1600730 728
1600740 728
1600750 725
1600760 725
1600770 724
1600780 724
1600790 724
1600800 723
1600810 721
1600820 721
1600830 718
1600840 715
1600850 713
1600860 713
1600870 714
1600880 716
1600890 716
1600900 718
1600910 717
1600920 717
1600930 714
1600940 712
1600950 712
1600960 708
1600970 703
1600980 703
1600990 702
1601000 700
1601010 700
1601020 698
1601030 696
1601040 696
1601050 698
1601060 698
1601070 698
1601080 700
1601090 699
1601100 699
1601110 701
1601120 704
1601130 704
1601140 708
1601150 712
1601160 712
1601170 712
1601180 711
1601190 711
1601200 708
1601210 705
1601220 705
1601230 701
1601240 695
1601250 695
1601260 690
1601270 690
1601280 690
1601290 692
1601300 696
1601310 697
1601320 697
1601330 697
1601340 698
1601350 698
1601360 699
1601370 699
1601380 699
1601390 700
1601400 700
1601410 700
1601420 699
1601430 700
1601440 700
1601450 699
1601460 699
1601470 699
1601480 699
1601490 699
1601500 699
1601510 699
1601520 699
1601530 699
1601540 701
1601550 703
1601560 703
1601570 704
1601580 706
1601590 706
1601600 707
1601610 707
1601620 707
1601630 707
1601640 707
1601650 707
1601660 707
1601670 706
1601680 706
1601690 706
1601700 706
1601710 706
1601720 705
1601730 705
1601740 705
1601750 705
1601760 705
1601770 705
1601780 706
1601790 707
1601800 707
1601810 707
1601820 708
1601830 709
1601840 709
1601850 707
1601860 708
1601870 708
1601880 709
1601890 710
1601900 710
1601910 710
1601920 710
1601930 710
1601940 708
1601950 708
1601960 708
1601970 709
1601980 710
1601990 710
1602000 712
1602010 713
1602020 713
1602030 715
1602040 716
1602050 716
1602060 718
1602070 719
1602080 719
1602090 720
1602100 722
1602110 722
1602120 723
1602130 724
1602140 724
1602150 725
1602160 727
1602170 727
1602180 728
1602190 729
1602200 729
1602210 730
1602220 730
1602230 730
1602240 731
1602250 730
1602260 728
1602270 728
1602280 728
1602290 728
1602300 728
1602310 727
1602320 726
1602330 726
1602340 725
1602350 724
1602360 724
1602370 723
1602380 724
1602390 724
1602400 725
1602410 724
1602420 724
1602430 724
1602440 725
1602450 725
1602460 727
1602470 727
1602480 727
1602490 728
1602500 729
1602510 729
1602520 730
1602530 733
1602540 733
1602550 735
1602560 737
1602570 737
1602580 738
1602590 740
1602600 740
1602610 741
1602620 742
1602630 742
1602640 742
1602650 742
1602660 742
1602670 743
1602680 745
1602690 745
1602700 746
1602710 747
1602720 749
1602730 749
1602740 750
1602750 751
1602760 751
1602770 753
1602780 754
1602790 754
1602800 755
1602810 757
1602820 757
1602830 758
1602840 757
1602850 757
1602860 756
1602870 753
1602880 753
1602890 750
1602900 746
1602910 746
1602920 743
1602930 742
1602940 742
1602950 742
1602960 742
1602970 742
1602980 741
1602990 741
1603000 741
1603010 741
1603020 740
1603030 740
1603040 739
1603050 738
1603060 738
1603070 737
1603080 735
1603090 735
1603100 730
1603110 729
1603120 729
1603130 732
1603140 735
1603150 735
1603160 738
1603170 740
1603180 743
1603190 743
1603200 744
1603210 746
1603220 746
1603230 747
1603240 747
1603250 747
1603260 748
1603270 749
1603280 749
1603290 749
1603300 749
1603310 749
1603320 749
1603330 749
1603340 749
1603350 749
1603360 749
1603370 749
1603380 749
1603390 749
1603400 749
1603410 749
1603420 749
1603430 749
1603440 748
1603450 748
1603460 748
1603470 747
1603480 746
1603490 746
1603500 745
1603510 746
1603520 746
1603530 747
1603540 748
1603550 748
1603560 749
1603570 751
1603580 751
1603590 752
1603600 753
1603610 753
1603620 753
1603630 753
1603640 754
1603650 754
1603660 755
1603670 757
1603680 757
1603690 757
1603700 757
1603710 757
1603720 756
1603730 755
1603740 755
1603750 753
1603760 752
1603770 752
1603780 750
1603790 749
1603800 749
1603810 747
1603820 745
1603830 745
1603840 747
1603850 748
1603860 748
1603870 748
1603880 748
1603890 748
1603900 749
1603910 749
1603920 749
1603930 749
1603940 750
1603950 750
1603960 751
1603970 753
1603980 753
1603990 754
1604000 755
1604010 755
1604020 756
1604030 758
1604040 758
1604050 760
1604060 763
1604070 763
1604080 764
1604090 765
1604100 765
1604110 767
1604120 768
1604130 769
1604140 769
1604150 770
1604160 770
1604170 770
1604180 771
1604190 773
1604200 773
1604210 774
1604220 773
1604230 773
1604240 770
1604250 768
1604260 768
1604270 767
1604280 767
1604290 767
1604300 766
1604310 766
1604320 766
1604330 766
1604340 765
1604350 765
1604360 765
1604370 764
1604380 764
1604390 764
1604400 765
1604410 765
1604420 765
1604430 765
1604440 765
1604450 765
1604460 763
1604470 763
1604480 758
1604490 754
1604500 754
1604510 750
1604520 746
1604530 746
1604540 746
1604550 749
1604560 749
1604570 752
1604580 754
1604590 756
1604600 756
1604610 757
1604620 758
1604630 758
1604640 760
1604650 763
1604660 763
1604670 766
1604680 771
1604690 771
1604700 779
1604710 786
1604720 786
1604730 791
1604740 797
1604750 797
1604760 804
1604770 810
1604780 810
1604790 813
1604800 816
1604810 816
1604820 817
1604830 815
1604840 815
1604850 814
1604860 815
1604870 815
1604880 817
1604890 819
1604900 819
1604910 823
1604920 828
1604930 828
1604940 833
1604950 840
1604960 840
1604970 848
1604980 855
1604990 855
1605000 865
1605010 874
1605020 874
1605030 877
1605040 880
1605050 883
1605060 883
1605070 887
1605080 891
1605090 893
1605100 893
1605110 892
1605120 892
1605130 890
1605140 889
1605150 889
1605160 889
1605170 888
1605180 888
1605190 887
1605200 886
1605210 886
1605220 885
1605230 885
1605240 885
1605250 885
1605260 885
1605270 885
1605280 886
1605290 887
1605300 887
1605310 889
1605320 890
1605330 890
1605340 890
1605350 888
1605360 888
1605370 885
1605380 882
1605390 882
1605400 880
1605410 879
1605420 879
1605430 879
1605440 878
1605450 878
1605460 877
1605470 876
1605480 876
1605490 874
1605500 875
1605510 875
1605520 875
1605530 876
1605540 876
1605550 876
1605560 875
1605570 873
1605580 873
1605590 870
1605600 866
1605610 866
1605620 861
1605630 858
1605640 858
1605650 855
1605660 855
1605670 855
1605680 854
1605690 852
1605700 852
1605710 848
1605720 846
1605730 846
1605740 844
1605750 846
1605760 846
1605770 847
1605780 849
1605790 849
1605800 850
1605810 851
1605820 851
1605830 848
1605840 846
1605850 846
1605860 845
1605870 846
1605880 846
1605890 847
1605900 847
1605910 847
1605920 844
1605930 843
1605940 843
1605950 843
1605960 842
1605970 842
1605980 842
1605990 841
1606000 840
1606010 840
1606020 838
1606030 837
1606040 837
1606050 836
1606060 835
1606070 835
1606080 833
1606090 832
1606100 832
1606110 832
1606120 831
1606130 831
1606140 827
1606150 818
1606160 818
1606170 815
1606180 813
1606190 813
1606200 812
1606210 812
1606220 812
1606230 813
1606240 815
1606250 815
1606260 817
1606270 819
1606280 819
1606290 821
1606300 825
1606310 825
1606320 826
1606330 834
1606340 834
1606350 843
1606360 848
1606370 848
1606380 849
1606390 854
1606400 854
1606410 857
1606420 861
1606430 861
1606440 865
1606450 869
1606460 873
1606470 873
1606480 877
1606490 881
1606500 881
1606510 886
1606520 889
1606530 889
1606540 892
1606550 896
1606560 896
1606570 899
1606580 904
1606590 904
1606600 908
1606610 913
1606620 913
1606630 919
1606640 921
1606650 921
1606660 922
1606670 924
1606680 924
1606690 926
1606700 931
1606710 931
1606720 936
1606730 940
1606740 940
1606750 944
1606760 948
1606770 948
1606780 951
1606790 955
1606800 955
1606810 960
1606820 964
1606830 964
1606840 968
1606850 972
1606860 972
1606870 976
1606880 980
1606890 980
1606900 984
1606910 988
1606920 992
1606930 992
1606940 995
1606950 999
1606960 999
1606970 1003
1606980 1007
1606990 1007
1607000 1010
1607010 1014
1607020 1014
1607030 1017
1607040 1021
1607050 1021
1607060 1023
1607070 1025
1607080 1025
1607090 1027
1607100 1029
1607110 1029
1607120 1031
1607130 1032
1607140 1032
1607150 1034
1607160 1036
1607170 1036
1607180 1038
1607190 1039
1607200 1039
1607210 1045
1607220 1047
1607230 1047
1607240 1049
1607250 1051
1607260 1051
1607270 1052
1607280 1054
1607290 1054
1607300 1056
1607310 1057
1607320 1057
1607330 1058
1607340 1060
1607350 1060
1607360 1061
1607370 1063
1607380 1064
1607390 1064
1607400 1064
1607410 1063
1607420 1063
1607430 1065
1607440 1069
1607450 1069
1607460 1072
1607470 1075
1607480 1075
1607490 1080
1607500 1084
1607510 1084
1607520 1088
1607530 1092
1607540 1092
1607550 1095
1607560 1099
1607570 1099
1607580 1103
1607590 1107
1607600 1107
1607610 1111
1607620 1115
1607630 1115
1607640 1119
1607650 1123
1607660 1123
1607670 1127
1607680 1130
1607690 1130
1607700 1134
1607710 1137
1607720 1137
1607730 1140
1607740 1143
1607750 1143
1607760 1146
1607770 1148
1607780 1148
1607790 1151
1607800 1153
1607810 1153
1607820 1156
1607830 1157
1607840 1158
1607850 1158
1607860 1159
1607870 1161
1607880 1161
1607890 1162
1607900 1163
1607910 1163
1607920 1163
1607930 1164
1607940 1164
1607950 1165
1607960 1165
1607970 1165
1607980 1166
1607990 1166
1608000 1166
1608010 1165
1608020 1165
1608030 1165
1608040 1165
1608050 1164
1608060 1164
1608070 1165
1608080 1166
1608090 1166
1608100 1167
1608110 1168
1608120 1168
1608130 1169
1608140 1170
1608150 1170
1608160 1171
1608170 1173
1608180 1173
1608190 1175
1608200 1177
1608210 1177
1608220 1179
1608230 1180
1608240 1180
1608250 1187
1608260 1189
1608270 1189
1608280 1191
1608290 1193
1608300 1193
1608310 1194
1608320 1196
1608330 1198
1608340 1198
1608350 1200
1608360 1203
1608370 1203
1608380 1205
1608390 1208
1608400 1208
1608410 1210
1608420 1212
1608430 1212
1608440 1215
1608450 1217
1608460 1217
1608470 1219
1608480 1219
1608490 1219
1608500 1221
1608510 1224
1608520 1224
1608530 1225
1608540 1225
1608550 1225
1608560 1224
1608570 1222
1608580 1222
1608590 1218
1608600 1214
1608610 1214
1608620 1210
1608630 1206
1608640 1206
1608650 1202
1608660 1199
1608670 1199
1608680 1195
1608690 1189
1608700 1189
1608710 1182
1608720 1176
1608730 1176
1608740 1171
1608750 1164
1608760 1164
1608770 1159
1608780 1154
1608790 1148
1608800 1148
1608810 1143
1608820 1137
1608830 1137
1608840 1132
1608850 1128
1608860 1128
1608870 1124
1608880 1120
1608890 1120
1608900 1116
1608910 1112
1608920 1112
1608930 1109
1608940 1104
1608950 1104
1608960 1100
1608970 1097
1608980 1097
1608990 1093
1609000 1089
1609010 1089
1609020 1085
1609030 1081
1609040 1081
1609050 1078
1609060 1076
1609070 1076
1609080 1075
1609090 1074
1609100 1074
1609110 1073
1609120 1072
1609130 1072
1609140 1073
1609150 1072
1609160 1072
1609170 1072
1609180 1070
1609190 1070
1609200 1070
1609210 1069
1609220 1069
1609230 1068
1609240 1067
1609250 1066
1609260 1066
1609270 1065
1609280 1065
1609290 1065
1609300 1064
1609310 1062
1609320 1062
1609330 1060
1609340 1058
1609350 1058
1609360 1057
1609370 1056
1609380 1056
1609390 1055
1609400 1054
1609410 1054
1609420 1054
1609430 1053
1609440 1053
1609450 1052
1609460 1051
1609470 1051
1609480 1051
1609490 1050
1609500 1050
1609510 1050
1609520 1049
1609530 1049
1609540 1049
1609550 1048
1609560 1048
1609570 1048
1609580 1047
1609590 1047
1609600 1047
1609610 1046
1609620 1046
1609630 1045
1609640 1045
1609650 1045
1609660 1044
1609670 1044
1609680 1044
1609690 1043
1609700 1042
1609710 1041
1609720 1041
1609730 1041
1609740 1040
1609750 1040
1609760 1040
1609770 1039
1609780 1039
1609790 1039
1609800 1039
1609810 1039
1609820 1038
1609830 1038
1609840 1038
1609850 1037
1609860 1036
1609870 1036
1609880 1036
1609890 1035
1609900 1035
1609910 1035
1609920 1035
1609930 1035
1609940 1035
1609950 1035
1609960 1035
1609970 1035
1609980 1035
1609990 1035
1610000 1035
1610010 1035
1610020 1035
1610030 1035
1610040 1034
1610050 1034
1610060 1034
1610070 1033
1610080 1033
1610090 1033
1610100 1032
1610110 1032
1610120 1031
1610130 1029
1610140 1029
1610150 1027
1610160 1023
1610170 1023
1610180 1021
1610190 1018
1610200 1015
1610210 1015
1610220 1013
1610230 1011
1610240 1011
1610250 1011
1610260 1010
1610270 1010
1610280 1009
1610290 1007
1610300 1007
1610310 1004
1610320 1003
1610330 1003
1610340 1002
1610350 1001
1610360 1001
1610370 999
1610380 999
1610390 999
1610400 998
1610410 999
1610420 999
1610430 1001
1610440 1002
1610450 1002
1610460 1003
1610470 1004
1610480 1004
1610490 1006
1610500 1008
1610510 1008
1610520 1010
1610530 1012
1610540 1012
1610550 1014
1610560 1016
1610570 1016
1610580 1018
1610590 1020
1610600 1020
1610610 1021
1610620 1022
1610630 1022
1610640 1022
1610650 1022
1610660 1022
1610670 1022
1610680 1021
1610690 1021
1610700 1021
1610710 1020
1610720 1019
1610730 1019
1610740 1020
1610750 1020
1610760 1020
1610770 1020
1610780 1021
1610790 1021
1610800 1021
1610810 1022
1610820 1022
1610830 1022
1610840 1023
1610850 1023
1610860 1024
1610870 1023
1610880 1023
1610890 1023
1610900 1023
1610910 1023
1610920 1022
1610930 1022
1610940 1022
1610950 1022
1610960 1021
1610970 1021
1610980 1020
1610990 1020
1611000 1020
1611010 1020
1611020 1019
1611030 1019
1611040 1018
1611050 1018
1611060 1018
1611070 1017
1611080 1017
1611090 1017
1611100 1017
1611110 1016
1611120 1016
1611130 1016
1611140 1016
1611150 1015
1611160 1015
1611170 1014
1611180 1014
1611190 1014
1611200 1013
1611210 1013
1611220 1013
1611230 1012
1611240 1010
1611250 1010
1611260 1005
1611270 999
1611280 999
1611290 994
1611300 989
1611310 989
1611320 989
1611330 984
1611340 984
1611350 979
1611360 977
1611370 977
1611380 975
1611390 971
1611400 971
1611410 972
1611420 972
1611430 972
1611440 974
1611450 981
1611460 981
1611470 983
1611480 982
1611490 982
1611500 981
1611510 981
1611520 981
1611530 979
1611540 978
1611550 978
1611560 980
1611570 980
1611580 979
1611590 979
1611600 978
1611610 977
1611620 977
1611630 972
1611640 965
1611650 965
1611660 967
1611670 969
1611680 969
1611690 969
1611700 969
1611710 969
1611720 970
1611730 974
1611740 974
1611750 978
1611760 981
1611770 981
1611780 984
1611790 986
1611800 986
1611810 988
1611820 990
1611830 990
1611840 991
1611850 992
1611860 992
1611870 994
1611880 995
1611890 995
1611900 996
1611910 997
1611920 997
1611930 998
1611940 998
1611950 998
1611960 999
1611970 1000
1611980 1000
1611990 1001
1612000 1003
1612010 1003
1612020 1004
1612030 1006
1612040 1006
1612050 1008
1612060 1011
1612070 1014
1612080 1014
1612090 1017
1612100 1019
1612110 1019
1612120 1022
1612130 1024
1612140 1024
1612150 1025
1612160 1026
1612170 1026
1612180 1025
1612190 1023
1612200 1023
1612210 1022
1612220 1022
1612230 1022
1612240 1025
1612250 1026
1612260 1026
1612270 1027
1612280 1028
1612290 1028
1612300 1029
1612310 1030
1612320 1030
1612330 1034
1612340 1035
1612350 1035
1612360 1035
1612370 1035
1612380 1035
1612390 1034
1612400 1034
1612410 1034
1612420 1034
1612430 1035
1612440 1035
1612450 1035
1612460 1035
1612470 1035
1612480 1035
1612490 1034
1612500 1034
1612510 1032
1612520 1027
1612530 1021
1612540 1021
1612550 1014
1612560 1006
1612570 1006
1612580 998
1612590 992
1612600 992
1612610 989
1612620 988
1612630 988
1612640 985
1612650 980
1612660 980
1612670 979
1612680 978
1612690 978
1612700 979
1612710 981
1612720 981
1612730 984
1612740 985
1612750 985
1612760 984
1612770 980
1612780 980
1612790 977
1612800 973
1612810 973
1612820 971
1612830 970
1612840 970
1612850 971
1612860 971
1612870 971
1612880 970
1612890 969
1612900 969
1612910 968
1612920 968
1612930 968
1612940 969
1612950 977
1612960 977
1612970 987
1612980 995
1612990 1000
1613000 1000
1613010 1004
1613020 1008
1613030 1008
1613040 1013
1613050 1019
1613060 1019
1613070 1026
1613080 1031
1613090 1031
1613100 1034
1613110 1036
1613120 1036
1613130 1037
1613140 1038
1613150 1038
1613160 1038
1613170 1039
1613180 1039
1613190 1039
1613200 1039
1613210 1039
1613220 1039
1613230 1039
1613240 1039
1613250 1038
1613260 1038
1613270 1038
1613280 1038
1613290 1037
1613300 1037
1613310 1037
1613320 1036
1613330 1043
1613340 1040
1613350 1036
1613360 1036
1613370 1035
1613380 1035
1613390 1035
1613400 1035
1613410 1036
1613420 1036
1613430 1038
1613440 1039
1613450 1041
1613460 1041
1613470 1042
1613480 1044
1613490 1044
1613500 1045
1613510 1046
1613520 1046
1613530 1047
1613540 1048
1613550 1048
1613560 1050
1613570 1053
1613580 1053
1613590 1056
1613600 1059
1613610 1059
1613620 1063
1613630 1066
1613640 1066
1613650 1068
1613660 1070
1613670 1070
1613680 1071
1613690 1073
1613700 1073
1613710 1074
1613720 1076
1613730 1076
1613740 1076
1613750 1076
1613760 1076
1613770 1076
1613780 1076
1613790 1076
1613800 1076
1613810 1074
1613820 1074
1613830 1073
1613840 1072
1613850 1072
1613860 1073
1613870 1074
1613880 1074
1613890 1077
1613900 1077
1613910 1077
1613920 1077
1613930 1077
1613940 1079
1613950 1079
1613960 1078
1613970 1077
1613980 1077
1613990 1076
1614000 1076
1614010 1076
1614020 1076
1614030 1076
1614040 1076
1614050 1076
1614060 1077
1614070 1077
1614080 1083
1614090 1086
1614100 1086
1614110 1087
1614120 1081
1614130 1081
1614140 1075
1614150 1072
1614160 1072
1614170 1071
1614180 1071
1614190 1071
1614200 1067
1614210 1060
1614220 1060
1614230 1056
1614240 1057
1614250 1057
1614260 1057
1614270 1057
1614280 1057
1614290 1056
1614300 1055
1614310 1055
1614320 1056
1614330 1063
1614340 1063
1614350 1070
1614360 1077
1614370 1077
1614380 1085
1614390 1092
1614400 1100
1614410 1100
1614420 1107
1614430 1114
1614440 1114
1614450 1121
1614460 1128
1614470 1128
1614480 1135
1614490 1141
1614500 1141
1614510 1146
1614520 1149
1614530 1149
1614540 1149
1614550 1146
1614560 1146
1614570 1142
1614580 1135
1614590 1135
1614600 1127
1614610 1121
1614620 1121
1614630 1115
1614640 1110
1614650 1110
1614660 1109
1614670 1114
1614680 1114
1614690 1118
1614700 1121
1614710 1121
1614720 1123
1614730 1125
1614740 1125
1614750 1130
1614760 1133
1614770 1133
1614780 1138
1614790 1146
1614800 1146
1614810 1154
1614820 1161
1614830 1161
1614840 1166
1614850 1171
1614860 1177
1614870 1177
1614880 1183
1614890 1189
1614900 1189
1614910 1197
1614920 1205
1614930 1205
1614940 1213
1614950 1220
1614960 1220
1614970 1226
1614980 1230
1614990 1230
1615000 1233
1615010 1231
1615020 1231
1615030 1225
1615040 1219
1615050 1219
1615060 1214
1615070 1208
1615080 1208
1615090 1203
1615100 1197
1615110 1197
1615120 1192
1615130 1187
1615140 1187
1615150 1181
1615160 1175
1615170 1175
1615180 1170
1615190 1164
1615200 1164
1615210 1160
1615220 1154
1615230 1154
1615240 1146
1615250 1138
1615260 1138
1615270 1127
1615280 1117
1615290 1117
1615300 1107
1615310 1104
1615320 1093
1615330 1093
1615340 1085
1615350 1077
1615360 1077
1615370 1068
1615380 1059
1615390 1059
1615400 1049
1615410 1041
1615420 1041
1615430 1034
1615440 1029
1615450 1029
1615460 1022
1615470 1015
1615480 1015
1615490 1007
1615500 998
1615510 998
1615520 988
1615530 976
1615540 976
1615550 966
1615560 958
1615570 958
1615580 953
1615590 948
1615600 948
1615610 942
1615620 938
1615630 938
1615640 932
1615650 926
1615660 926
1615670 921
1615680 918
1615690 918
1615700 915
1615710 915
1615720 915
1615730 911
1615740 906
1615750 906
1615760 902
1615770 900
1615780 900
1615790 897
1615800 894
1615810 893
1615820 893
1615830 891
1615840 888
1615850 888
1615860 886
1615870 880
1615880 880
1615890 877
1615900 877
1615910 877
1615920 879
1615930 884
1615940 884
1615950 890
1615960 894
1615970 894
1615980 897
1615990 898
1616000 898
1616010 897
1616020 899
1616030 899
1616040 900
1616050 893
1616060 893
1616070 887
1616080 883
1616090 883
1616100 877
1616110 872
1616120 872
1616130 862
1616140 852
1616150 852
1616160 845
1616170 842
1616180 842
1616190 840
1616200 841
1616210 841
1616220 843
1616230 837
1616240 837
1616250 829
1616260 822
1616270 815
1616280 815
1616290 814
1616300 809
1616310 809
1616320 803
1616330 796
1616340 796
1616350 792
1616360 789
1616370 789
1616380 784
1616390 776
1616400 776
1616410 765
1616420 754
1616430 754
1616440 751
1616450 761
1616460 761
1616470 766
1616480 765
1616490 765
1616500 763
1616510 762
1616520 762
1616530 761
1616540 763
1616550 763
1616560 767
1616570 769
1616580 769
1616590 768
1616600 766
1616610 766
1616620 771
1616630 773
1616640 773
1616650 777
1616660 775
1616670 775
1616680 771
1616690 766
1616700 766
1616710 766
1616720 765
1616730 763
1616740 763
1616750 767
1616760 773
1616770 773
1616780 777
1616790 773
1616800 773
1616810 764
1616820 756
1616830 756
1616840 755
1616850 756
1616860 756
1616870 753
1616880 753
1616890 753
1616900 756
1616910 758
1616920 758
1616930 761
1616940 764
1616950 764
1616960 763
1616970 763
1616980 763
1616990 764
1617000 766
1617010 766
1617020 768
1617030 768
1617040 768
1617050 767
1617060 764
1617070 764
1617080 760
1617090 754
1617100 754
1617110 749
1617120 743
1617130 743
1617140 736
1617150 728
1617160 728
1617170 721
1617180 714
1617190 708
1617200 708
1617210 703
1617220 697
1617230 697
1617240 692
1617250 689
1617260 681
1617270 679
1617280 679
1617290 679
1617300 679
1617310 673
1617320 673
1617330 664
1617340 656
1617350 656
1617360 650
1617370 648
1617380 648
1617390 648
1617400 650
1617410 650
1617420 648
1617430 647
1617440 647
1617450 637
1617460 621
1617470 621
1617480 606
1617490 594
1617500 594
1617510 584
1617520 579
1617530 579
1617540 579
1617550 579
1617560 579
1617570 588
1617580 601
1617590 601
1617600 612
1617610 621
1617620 621
1617630 631
1617640 647
1617650 647
1617660 665
1617670 678
1617680 687
1617690 687
1617700 695
1617710 701
1617720 701
1617730 709
1617740 716
1617750 716
1617760 720
1617770 720
1617780 720
1617790 718
1617800 716
1617810 716
1617820 718
1617830 722
1617840 722
1617850 729
1617860 735
1617870 735
1617880 740
1617890 744
1617900 744
1617910 747
1617920 747
1617930 747
1617940 747
1617950 747
1617960 747
1617970 740
1617980 738
1617990 738
1618000 745
1618010 750
1618020 750
1618030 752
1618040 755
1618050 755
1618060 757
1618070 759
1618080 759
1618090 758
1618100 757
1618110 757
1618120 763
1618130 769
1618140 772
1618150 772
1618160 771
1618170 772
1618180 772
1618190 773
1618200 772
1618210 772
1618220 772
1618230 762
1618240 762
1618250 763
1618260 763
1618270 763
1618280 764
1618290 759
1618300 759
1618310 750
1618320 749
1618330 749
1618340 746
1618350 743
1618360 743
1618370 754
1618380 762
1618390 762
1618400 770
1618410 779
1618420 779
1618430 786
1618440 790
1618450 790
1618460 793
1618470 795
1618480 795
1618490 790
1618500 781
1618510 781
1618520 771
1618530 768
1618540 768
1618550 764
1618560 759
1618570 759
1618580 754
1618590 747
1618600 743
1618610 743
1618620 743
1618630 745
1618640 745
1618650 737
1618660 728
1618670 728
1618680 721
1618690 729
1618700 729
1618710 738
1618720 748
1618730 748
1618740 753
1618750 753
1618760 753
1618770 756
1618780 757
1618790 757
1618800 759
1618810 762
1618820 762
1618830 766
1618840 771
1618850 771
1618860 775
1618870 778
1618880 778
1618890 781
1618900 785
1618910 785
1618920 791
1618930 796
1618940 796
1618950 802
1618960 809
1618970 809
1618980 817
1618990 826
1619000 826
1619010 835
1619020 843
1619030 843
1619040 850
1619050 857
1619060 866
1619070 866
1619080 873
1619090 880
1619100 880
1619110 887
1619120 894
1619130 894
1619140 903
1619150 913
1619160 913
1619170 922
1619180 929
1619190 929
1619200 934
1619210 938
1619220 938
1619230 943
1619240 947
1619250 947
1619260 951
1619270 955
1619280 955
1619290 960
1619300 965
1619310 965
1619320 970
1619330 974
1619340 974
1619350 976
1619360 978
1619370 978
1619380 981
1619390 983
1619400 983
1619410 985
1619420 987
1619430 987
1619440 988
1619450 989
1619460 989
1619470 982
1619480 973
1619490 973
1619500 964
1619510 957
1619520 952
1619530 952
1619540 948
1619550 945
1619560 945
1619570 942
1619580 939
1619590 939
1619600 938
1619610 937
1619620 937
1619630 936
1619640 940
1619650 940
1619660 945
1619670 948
1619680 948
1619690 954
1619700 959
1619710 959
1619720 963
1619730 968
1619740 968
1619750 973
1619760 980
1619770 980
1619780 986
1619790 991
1619800 991
1619810 998
1619820 998
1619830 998
1619840 996
1619850 992
1619860 992
1619870 988
1619880 984
1619890 984
1619900 979
1619910 975
1619920 975
1619930 971
1619940 967
1619950 967
1619960 966
1619970 967
1619980 967
1619990 969
