1600000 1147
1600010 1147
1600020 1150
1600030 1154
1600040 1159
1600050 1159
1600060 1164
1600070 1168
1600080 1168
1600090 1171
1600100 1174
1600110 1174
1600120 1176
1600130 1176
1600140 1176
1600150 1177
1600160 1180
1600170 1180
1600180 1184
1600190 1188
1600200 1188
1600210 1192
1600220 1196
1600230 1196
1600240 1198
1600250 1200
1600260 1200
1600270 1203
1600280 1205
1600290 1205
1600300 1206
1600310 1206
1600320 1206
1600330 1205
1600340 1203
1600350 1203
1600360 1197
1600370 1191
1600380 1191
1600390 1184
1600400 1180
1600410 1180
1600420 1175
1600430 1172
1600440 1172
1600450 1170
1600460 1167
1600470 1167
1600480 1163
1600490 1159
1600500 1159
1600510 1155
1600520 1150
1600530 1146
1600540 1146
1600550 1141
1600560 1136
1600570 1136
1600580 1131
1600590 1124
1600600 1124
1600610 1118
1600620 1111
1600630 1111
1600640 1108
1600650 1107
1600660 1107
1600670 1107
1600680 1107
1600690 1107
1600700 1111
1600710 1115
1600720 1115
1600730 1119
1600740 1123
1600750 1123
1600760 1127
1600770 1131
1600780 1131
1600790 1135
1600800 1139
1600810 1139
1600820 1143
1600830 1146
1600840 1146
1600850 1150
1600860 1154
1600870 1154
1600880 1158
1600890 1162
1600900 1162
1600910 1166
1600920 1170
1600930 1170
1600940 1174
1600950 1178
1600960 1178
1600970 1181
1600980 1182
1600990 1182
1601000 1184
1601010 1186
1601020 1189
1601030 1189
1601040 1193
1601050 1197
1601060 1197
1601070 1201
1601080 1205
1601090 1205
1601100 1209
1601110 1213
1601120 1213
1601130 1215
1601140 1217
1601150 1217
1601160 1220
1601170 1222
1601180 1222
1601190 1224
1601200 1226
1601210 1226
1601220 1229
1601230 1231
1601240 1231
1601250 1233
1601260 1235
1601270 1235
1601280 1238
1601290 1240
1601300 1240
1601310 1242
1601320 1245
1601330 1245
1601340 1247
1601350 1249
1601360 1249
1601370 1251
1601380 1254
1601390 1254
1601400 1255
1601410 1257
1601420 1257
1601430 1259
1601440 1261
1601450 1261
1601460 1263
1601470 1265
1601480 1268
1601490 1268
1601500 1270
1601510 1273
1601520 1273
1601530 1276
1601540 1278
1601550 1278
1601560 1279
1601570 1281
1601580 1281
1601590 1284
1601600 1286
1601610 1286
1601620 1289
1601630 1291
1601640 1291
1601650 1293
1601660 1294
1601670 1294
1601680 1296
1601690 1297
1601700 1297
1601710 1298
1601720 1298
1601730 1298
1601740 1298
1601750 1297
1601760 1297
1601770 1297
1601780 1297
1601790 1297
1601800 1298
1601810 1298
1601820 1298
1601830 1298
1601840 1298
1601850 1298
1601860 1298
1601870 1298
1601880 1298
1601890 1298
1601900 1298
1601910 1298
1601920 1298
1601930 1298
1601940 1298
1601950 1299
1601960 1301
1601970 1303
1601980 1300
1601990 1302
1602000 1304
1602010 1304
1602020 1306
1602030 1307
1602040 1307
1602050 1307
1602060 1307
1602070 1307
1602080 1306
1602090 1305
1602100 1305
1602110 1303
1602120 1301
1602130 1301
1602140 1298
1602150 1296
1602160 1296
1602170 1293
1602180 1291
1602190 1291
1602200 1288
1602210 1286
1602220 1286
1602230 1283
1602240 1280
1602250 1280
1602260 1278
1602270 1275
1602280 1275
1602290 1273
1602300 1269
1602310 1269
1602320 1266
1602330 1262
1602340 1262
1602350 1260
1602360 1258
1602370 1258
1602380 1259
1602390 1260
1602400 1260
1602410 1261
1602420 1262
1602430 1262
1602440 1261
1602450 1260
1602460 1259
1602470 1259
1602480 1257
1602490 1255
1602500 1255
1602510 1252
1602520 1248
1602530 1248
1602540 1243
1602550 1236
1602560 1236
1602570 1230
1602580 1230
1602590 1230
1602600 1234
1602610 1237
1602620 1237
1602630 1239
1602640 1240
1602650 1240
1602660 1240
1602670 1240
1602680 1240
1602690 1239
1602700 1238
1602710 1238
1602720 1235
1602730 1230
1602740 1230
1602750 1224
1602760 1218
1602770 1218
1602780 1211
1602790 1205
1602800 1205
1602810 1204
1602820 1205
1602830 1205
1602840 1208
1602850 1213
1602860 1213
1602870 1216
1602880 1218
1602890 1218
1602900 1219
1602910 1218
1602920 1218
1602930 1221
1602940 1224
1602950 1226
1602960 1226
1602970 1228
1602980 1230
1602990 1230
1603000 1231
1603010 1231
1603020 1231
1603030 1232
1603040 1231
1603050 1231
1603060 1230
1603070 1226
1603080 1226
1603090 1224
1603100 1222
1603110 1222
1603120 1219
1603130 1214
1603140 1214
1603150 1212
1603160 1206
1603170 1206
1603180 1200
1603190 1194
1603200 1194
1603210 1189
1603220 1183
1603230 1183
1603240 1177
1603250 1172
1603260 1172
1603270 1167
1603280 1162
1603290 1162
1603300 1163
1603310 1161
1603320 1161
1603330 1165
1603340 1169
1603350 1169
1603360 1173
1603370 1176
1603380 1176
1603390 1180
1603400 1183
1603410 1183
1603420 1186
1603430 1189
1603440 1191
1603450 1191
1603460 1194
1603470 1196
1603480 1196
1603490 1197
1603500 1198
1603510 1198
1603520 1200
1603530 1201
1603540 1201
1603550 1203
1603560 1205
1603570 1205
1603580 1207
1603590 1209
1603600 1209
1603610 1213
1603620 1217
1603630 1217
1603640 1221
1603650 1226
1603660 1226
1603670 1230
1603680 1235
1603690 1235
1603700 1239
1603710 1242
1603720 1242
1603730 1244
1603740 1246
1603750 1246
1603760 1248
1603770 1250
1603780 1250
1603790 1252
1603800 1254
1603810 1254
1603820 1255
1603830 1256
1603840 1256
1603850 1256
1603860 1256
1603870 1256
1603880 1254
1603890 1252
1603900 1252
1603910 1248
1603920 1243
1603930 1239
1603940 1239
1603950 1234
1603960 1229
1603970 1229
1603980 1225
1603990 1221
1604000 1221
1604010 1217
1604020 1214
1604030 1214
1604040 1211
1604050 1210
1604060 1210
1604070 1210
1604080 1211
1604090 1211
1604100 1214
1604110 1218
1604120 1218
1604130 1222
1604140 1221
1604150 1226
1604160 1225
1604170 1224
1604180 1224
1604190 1221
1604200 1218
1604210 1218
1604220 1217
1604230 1217
1604240 1217
1604250 1216
1604260 1216
1604270 1216
1604280 1212
1604290 1208
1604300 1208
1604310 1204
1604320 1199
1604330 1199
1604340 1196
1604350 1194
1604360 1194
1604370 1191
1604380 1189
1604390 1189
1604400 1186
1604410 1183
1604420 1179
1604430 1179
1604440 1173
1604450 1166
1604460 1166
1604470 1158
1604480 1151
1604490 1151
1604500 1144
1604510 1138
1604520 1138
1604530 1131
1604540 1124
1604550 1124
1604560 1118
1604570 1110
1604580 1110
1604590 1102
1604600 1094
1604610 1094
1604620 1088
1604630 1081
1604640 1081
1604650 1074
1604660 1072
1604670 1072
1604680 1070
1604690 1070
1604700 1070
1604710 1068
1604720 1065
1604730 1065
1604740 1064
1604750 1062
1604760 1062
1604770 1059
1604780 1052
1604790 1052
1604800 1049
1604810 1047
1604820 1047
1604830 1046
1604840 1045
1604850 1045
1604860 1045
1604870 1044
1604880 1044
1604890 1043
1604900 1042
1604910 1043
1604920 1043
1604930 1042
1604940 1041
1604950 1041
1604960 1038
1604970 1031
1604980 1031
1604990 1030
1605000 1036
1605010 1036
1605020 1040
1605030 1043
1605040 1043
1605050 1044
1605060 1046
1605070 1046
1605080 1048
1605090 1051
1605100 1051
1605110 1053
1605120 1054
1605130 1054
1605140 1056
1605150 1057
1605160 1057
1605170 1059
1605180 1060
1605190 1060
1605200 1062
1605210 1063
1605220 1057
1605230 1057
1605240 1056
1605250 1056
1605260 1053
1605270 1052
1605280 1052
1605290 1055
1605300 1057
1605310 1057
1605320 1062
1605330 1066
1605340 1066
1605350 1070
1605360 1073
1605370 1073
1605380 1076
1605390 1080
1605400 1083
1605410 1083
1605420 1085
1605430 1088
1605440 1088
1605450 1090
1605460 1091
1605470 1091
1605480 1090
1605490 1086
1605500 1086
1605510 1080
1605520 1074
1605530 1074
1605540 1070
1605550 1065
1605560 1065
1605570 1061
1605580 1057
1605590 1057
1605600 1060
1605610 1065
1605620 1065
1605630 1069
1605640 1073
1605650 1073
1605660 1078
1605670 1082
1605680 1082
1605690 1087
1605700 1091
1605710 1091
1605720 1095
1605730 1097
1605740 1097
1605750 1097
1605760 1095
1605770 1095
1605780 1093
1605790 1090
1605800 1090
1605810 1087
1605820 1083
1605830 1083
1605840 1079
1605850 1075
1605860 1075
1605870 1074
1605880 1075
1605890 1078
1605900 1078
1605910 1082
1605920 1086
1605930 1086
1605940 1090
1605950 1093
1605960 1093
1605970 1094
1605980 1092
1605990 1092
1606000 1088
1606010 1084
1606020 1084
1606030 1079
1606040 1076
1606050 1076
1606060 1068
1606070 1061
1606080 1061
1606090 1054
1606100 1048
1606110 1048
1606120 1042
1606130 1036
1606140 1036
1606150 1029
1606160 1020
1606170 1020
1606180 1010
1606190 1002
1606200 1002
1606210 994
1606220 980
1606230 980
1606240 971
1606250 964
1606260 964
1606270 961
1606280 965
1606290 965
1606300 974
1606310 981
1606320 981
1606330 987
1606340 993
1606350 997
1606360 997
1606370 1004
1606380 1009
1606390 1009
1606400 1013
1606410 1017
1606420 1017
1606430 1022
1606440 1029
1606450 1029
1606460 1036
1606470 1041
1606480 1041
1606490 1049
1606500 1055
1606510 1055
1606520 1059
1606530 1064
1606540 1064
1606550 1068
1606560 1072
1606570 1072
1606580 1076
1606590 1080
1606600 1080
1606610 1084
1606620 1087
1606630 1087
1606640 1089
1606650 1093
1606660 1093
1606670 1097
1606680 1101
1606690 1101
1606700 1104
1606710 1108
1606720 1108
1606730 1112
1606740 1115
1606750 1115
1606760 1119
1606770 1122
1606780 1122
1606790 1125
1606800 1127
1606810 1127
1606820 1131
1606830 1135
1606840 1139
1606850 1139
1606860 1144
1606870 1151
1606880 1151
1606890 1160
1606900 1167
1606910 1167
1606920 1170
1606930 1173
1606940 1173
1606950 1178
1606960 1183
1606970 1183
1606980 1186
1606990 1188
1607000 1188
1607010 1190
1607020 1193
1607030 1193
1607040 1196
1607050 1198
1607060 1198
1607070 1195
1607080 1192
1607090 1192
1607100 1191
1607110 1192
1607120 1192
1607130 1195
1607140 1199
1607150 1199
1607160 1202
1607170 1205
1607180 1205
1607190 1206
1607200 1207
1607210 1207
1607220 1209
1607230 1210
1607240 1210
1607250 1212
1607260 1214
1607270 1214
1607280 1212
1607290 1209
1607300 1209
1607310 1205
1607320 1199
1607330 1198
1607340 1198
1607350 1193
1607360 1190
1607370 1190
1607380 1188
1607390 1187
1607400 1187
1607410 1185
1607420 1182
1607430 1182
1607440 1180
1607450 1177
1607460 1177
1607470 1172
1607480 1166
1607490 1166
1607500 1161
1607510 1155
1607520 1155
1607530 1150
1607540 1145
1607550 1145
1607560 1140
1607570 1135
1607580 1135
1607590 1130
1607600 1126
1607610 1126
1607620 1122
1607630 1117
1607640 1117
1607650 1112
1607660 1107
1607670 1107
1607680 1103
1607690 1100
1607700 1100
1607710 1097
1607720 1092
1607730 1092
1607740 1087
1607750 1084
1607760 1084
1607770 1081
1607780 1080
1607790 1080
1607800 1081
1607810 1082
1607820 1082
1607830 1082
1607840 1080
1607850 1076
1607860 1076
1607870 1072
1607880 1069
1607890 1069
1607900 1064
1607910 1059
1607920 1059
1607930 1054
1607940 1057
1607950 1057
1607960 1060
1607970 1061
1607980 1061
1607990 1062
1608000 1064
1608010 1064
1608020 1067
1608030 1070
1608040 1070
1608050 1074
1608060 1078
1608070 1078
1608080 1082
1608090 1086
1608100 1086
1608110 1091
1608120 1096
1608130 1096
1608140 1101
1608150 1106
1608160 1106
1608170 1111
1608180 1116
1608190 1116
1608200 1121
1608210 1126
1608220 1126
1608230 1130
1608240 1133
1608250 1133
1608260 1136
1608270 1140
1608280 1140
1608290 1143
1608300 1146
1608310 1149
1608320 1149
1608330 1151
1608340 1154
1608350 1154
1608360 1156
1608370 1152
1608380 1152
1608390 1155
1608400 1159
1608410 1159
1608420 1163
1608430 1168
1608440 1168
1608450 1172
1608460 1178
1608470 1178
1608480 1182
1608490 1184
1608500 1184
1608510 1187
1608520 1191
1608530 1191
1608540 1194
1608550 1198
1608560 1198
1608570 1199
1608580 1200
1608590 1200
1608600 1199
1608610 1197
1608620 1197
1608630 1192
1608640 1184
1608650 1184
1608660 1177
1608670 1169
1608680 1169
1608690 1162
1608700 1155
1608710 1155
1608720 1148
1608730 1142
1608740 1142
1608750 1136
1608760 1131
1608770 1131
1608780 1127
1608790 1122
1608800 1117
1608810 1117
1608820 1113
1608830 1110
1608840 1110
1608850 1106
1608860 1102
1608870 1102
1608880 1098
1608890 1095
1608900 1095
1608910 1093
1608920 1090
1608930 1090
1608940 1087
1608950 1085
1608960 1085
1608970 1082
1608980 1079
1608990 1079
1609000 1076
1609010 1072
1609020 1072
1609030 1069
1609040 1065
1609050 1065
1609060 1063
1609070 1061
1609080 1061
1609090 1058
1609100 1054
1609110 1054
1609120 1047
1609130 1043
1609140 1043
1609150 1043
1609160 1045
1609170 1045
1609180 1050
1609190 1054
1609200 1054
1609210 1058
1609220 1062
1609230 1062
1609240 1065
1609250 1067
1609260 1067
1609270 1068
1609280 1066
1609290 1064
1609300 1064
1609310 1067
1609320 1069
1609330 1069
1609340 1066
1609350 1070
1609360 1070
1609370 1074
1609380 1072
1609390 1072
1609400 1057
1609410 1050
1609420 1050
1609430 1039
1609440 1032
1609450 1032
1609460 1028
1609470 1031
1609480 1031
1609490 1034
1609500 1032
1609510 1032
1609520 1025
1609530 1017
1609540 1017
1609550 1012
1609560 1008
1609570 1008
1609580 1001
1609590 1002
1609600 1002
1609610 1011
1609620 1016
1609630 1016
1609640 1021
1609650 1027
1609660 1027
1609670 1029
1609680 1033
1609690 1033
1609700 1037
1609710 1038
1609720 1038
1609730 1033
1609740 1027
1609750 1027
1609760 1021
1609770 1022
1609780 1034
1609790 1034
1609800 1044
1609810 1052
1609820 1052
1609830 1051
1609840 1048
1609850 1048
1609860 1053
1609870 1060
1609880 1060
1609890 1068
1609900 1070
1609910 1070
1609920 1077
1609930 1088
1609940 1088
1609950 1094
1609960 1101
1609970 1101
1609980 1108
1609990 1111
1610000 1111
1610010 1115
1610020 1118
1610030 1118
1610040 1119
1610050 1122
1610060 1122
1610070 1125
1610080 1125
1610090 1125
1610100 1123
1610110 1119
1610120 1119
1610130 1115
1610140 1120
1610150 1120
1610160 1129
1610170 1136
1610180 1136
1610190 1137
1610200 1137
1610210 1137
1610220 1144
1610230 1156
1610240 1156
1610250 1176
1610260 1178
1610270 1170
1610280 1170
1610290 1159
1610300 1149
1610310 1149
1610320 1142
1610330 1136
1610340 1136
1610350 1133
1610360 1131
1610370 1131
1610380 1130
1610390 1127
1610400 1127
1610410 1119
1610420 1107
1610430 1108
1610440 1094
1610450 1082
1610460 1082
1610470 1073
1610480 1064
1610490 1064
1610500 1057
1610510 1049
1610520 1049
1610530 1041
1610540 1034
1610550 1034
1610560 1027
1610570 1020
1610580 1020
1610590 1014
1610600 1008
1610610 1008
1610620 1002
1610630 1000
1610640 1000
1610650 1006
1610660 1010
1610670 1010
1610680 1011
1610690 1012
1610700 1012
1610710 1012
1610720 1013
1610730 1013
1610740 1016
1610750 1020
1610760 1024
1610770 1024
1610780 1029
1610790 1034
1610800 1034
1610810 1039
1610820 1044
1610830 1044
1610840 1049
1610850 1055
1610860 1055
1610870 1062
1610880 1068
1610890 1068
1610900 1075
1610910 1079
1610920 1079
1610930 1080
1610940 1084
1610950 1084
1610960 1085
1610970 1084
1610980 1084
1610990 1090
1611000 1100
1611010 1100
1611020 1108
1611030 1121
1611040 1121
1611050 1132
1611060 1143
1611070 1143
1611080 1153
1611090 1166
1611100 1166
1611110 1175
1611120 1183
1611130 1183
1611140 1192
1611150 1196
1611160 1196
1611170 1191
1611180 1196
1611190 1196
1611200 1202
1611210 1209
1611220 1209
1611230 1215
1611240 1217
1611250 1216
1611260 1216
1611270 1218
1611280 1220
1611290 1220
1611300 1222
1611310 1223
1611320 1223
1611330 1226
1611340 1233
1611350 1233
1611360 1240
1611370 1244
1611380 1244
1611390 1250
1611400 1256
1611410 1256
1611420 1261
1611430 1265
1611440 1265
1611450 1266
1611460 1272
1611470 1272
1611480 1279
1611490 1286
1611500 1286
1611510 1294
1611520 1301
1611530 1301
1611540 1298
1611550 1293
1611560 1293
1611570 1288
1611580 1284
1611590 1284
1611600 1283
1611610 1284
1611620 1284
1611630 1283
1611640 1283
1611650 1283
1611660 1287
1611670 1290
1611680 1290
1611690 1292
1611700 1289
1611710 1287
1611720 1287
1611730 1287
1611740 1286
1611750 1286
1611760 1283
1611770 1279
1611780 1279
1611790 1279
1611800 1282
1611810 1282
1611820 1285
1611830 1290
1611840 1290
1611850 1295
1611860 1299
1611870 1299
1611880 1296
1611890 1292
1611900 1292
1611910 1288
1611920 1282
1611930 1282
1611940 1275
1611950 1266
1611960 1266
1611970 1256
1611980 1246
1611990 1246
1612000 1238
1612010 1233
1612020 1233
1612030 1227
1612040 1219
1612050 1219
1612060 1214
1612070 1205
1612080 1205
1612090 1195
1612100 1182
1612110 1182
1612120 1170
1612130 1160
1612140 1160
1612150 1151
1612160 1147
1612170 1147
1612180 1145
1612190 1133
1612200 1119
1612210 1119
1612220 1112
1612230 1107
1612240 1107
1612250 1100
1612260 1093
1612270 1093
1612280 1087
1612290 1077
1612300 1077
1612310 1067
1612320 1061
1612330 1061
1612340 1054
1612350 1047
1612360 1047
1612370 1041
1612380 1035
1612390 1035
1612400 1030
1612410 1025
1612420 1025
1612430 1018
1612440 1010
1612450 1013
1612460 1005
1612470 996
1612480 996
1612490 989
1612500 984
1612510 984
1612520 978
1612530 971
1612540 971
1612550 964
1612560 956
1612570 956
1612580 949
1612590 942
1612600 942
1612610 935
1612620 929
1612630 929
1612640 924
1612650 919
1612660 919
1612670 914
1612680 909
1612690 904
1612700 904
1612710 900
1612720 895
1612730 895
1612740 891
1612750 886
1612760 886
1612770 881
1612780 879
1612790 879
1612800 882
1612810 885
1612820 885
1612830 887
1612840 889
1612850 889
1612860 892
1612870 896
1612880 896
1612890 899
1612900 903
1612910 903
1612920 906
1612930 909
1612940 909
1612950 913
1612960 916
1612970 916
1612980 919
1612990 925
1613000 925
1613010 932
1613020 939
1613030 939
1613040 945
1613050 951
1613060 951
1613070 958
1613080 966
1613090 966
1613100 975
1613110 983
1613120 983
1613130 989
1613140 995
1613150 995
1613160 1002
1613170 1009
1613180 1015
1613190 1015
1613200 1022
1613210 1030
1613220 1030
1613230 1035
1613240 1040
1613250 1040
1613260 1047
1613270 1056
1613280 1056
1613290 1064
1613300 1071
1613310 1071
1613320 1078
1613330 1085
1613340 1085
1613350 1093
1613360 1100
1613370 1100
1613380 1108
1613390 1117
1613400 1117
1613410 1126
1613420 1131
1613430 1131
1613440 1136
1613450 1142
1613460 1142
1613470 1152
1613480 1158
1613490 1158
1613500 1158
1613510 1152
1613520 1152
1613530 1145
1613540 1137
1613550 1137
1613560 1129
1613570 1121
1613580 1121
1613590 1113
1613600 1105
1613610 1105
1613620 1100
1613630 1092
1613640 1092
1613650 1084
1613660 1075
1613670 1066
1613680 1066
1613690 1058
1613700 1054
1613710 1054
1613720 1052
1613730 1050
1613740 1050
1613750 1048
1613760 1047
1613770 1047
1613780 1047
1613790 1041
1613800 1041
1613810 1031
1613820 1023
1613830 1023
1613840 1017
1613850 1009
1613860 1009
1613870 999
1613880 990
1613890 990
1613900 984
1613910 979
1613920 979
1613930 976
1613940 973
1613950 973
1613960 968
1613970 962
1613980 962
1613990 955
1614000 949
1614010 949
1614020 943
1614030 937
1614040 937
1614050 933
1614060 929
1614070 929
1614080 925
1614090 921
1614100 921
1614110 918
1614120 916
1614130 916
1614140 917
1614150 915
1614160 913
1614170 913
1614180 912
1614190 909
1614200 909
1614210 905
1614220 900
1614230 900
1614240 895
1614250 895
1614260 895
1614270 897
1614280 899
1614290 899
1614300 893
1614310 885
1614320 885
1614330 879
1614340 874
1614350 874
1614360 874
1614370 882
1614380 882
1614390 897
1614400 899
1614410 899
1614420 894
1614430 886
1614440 886
1614450 879
1614460 871
1614470 871
1614480 864
1614490 856
1614500 856
1614510 849
1614520 844
1614530 844
1614540 839
1614550 833
1614560 833
1614570 832
1614580 838
1614590 838
1614600 845
1614610 855
1614620 855
1614630 865
1614640 869
1614650 866
1614660 866
1614670 870
1614680 875
1614690 875
1614700 877
1614710 882
1614720 882
1614730 887
1614740 892
1614750 892
1614760 898
1614770 905
1614780 905
1614790 909
1614800 906
1614810 906
1614820 899
1614830 892
1614840 892
1614850 885
1614860 879
1614870 879
1614880 874
1614890 869
1614900 869
1614910 865
1614920 860
1614930 860
1614940 856
1614950 851
1614960 851
1614970 845
1614980 839
1614990 839
1615000 834
1615010 829
1615020 829
1615030 824
1615040 821
1615050 821
1615060 817
1615070 811
1615080 811
1615090 804
1615100 800
1615110 800
1615120 794
1615130 779
1615140 766
1615150 766
1615160 754
1615170 745
1615180 745
1615190 739
1615200 737
1615210 737
1615220 734
1615230 734
1615240 734
1615250 736
1615260 744
1615270 744
1615280 753
1615290 759
1615300 759
1615310 764
1615320 770
1615330 770
1615340 775
1615350 780
1615360 780
1615370 784
1615380 788
1615390 788
1615400 791
1615410 795
1615420 795
1615430 795
1615440 799
1615450 799
1615460 803
1615470 806
1615480 806
1615490 809
1615500 811
1615510 811
1615520 815
1615530 819
1615540 819
1615550 823
1615560 827
1615570 827
1615580 831
1615590 835
1615600 835
1615610 840
1615620 844
1615630 846
1615640 846
1615650 848
1615660 852
1615670 852
1615680 861
1615690 868
1615700 868
1615710 875
1615720 881
1615730 881
1615740 889
1615750 898
1615760 898
1615770 905
1615780 913
1615790 913
1615800 920
1615810 927
1615820 927
1615830 931
1615840 934
1615850 934
1615860 937
1615870 939
1615880 939
1615890 940
1615900 939
1615910 939
1615920 942
1615930 952
1615940 952
1615950 956
1615960 960
1615970 960
1615980 963
1615990 965
1616000 965
1616010 972
1616020 982
1616030 982
1616040 984
1616050 989
1616060 989
1616070 993
1616080 995
1616090 995
1616100 990
1616110 984
1616120 993
1616130 993
1616140 1006
1616150 1011
1616160 1011
1616170 1010
1616180 1004
1616190 1004
1616200 1009
1616210 1018
1616220 1018
1616230 1027
1616240 1031
1616250 1031
1616260 1032
1616270 1034
1616280 1034
1616290 1036
1616300 1038
1616310 1038
1616320 1046
1616330 1056
1616340 1056
1616350 1066
1616360 1072
1616370 1072
1616380 1078
1616390 1084
1616400 1084
1616410 1086
1616420 1092
1616430 1092
1616440 1098
1616450 1104
1616460 1104
1616470 1110
1616480 1117
1616490 1117
1616500 1123
1616510 1127
1616520 1127
1616530 1127
1616540 1125
1616550 1125
1616560 1123
1616570 1118
1616580 1118
1616590 1114
1616600 1112
1616610 1110
1616620 1110
1616630 1107
1616640 1105
1616650 1105
1616660 1102
1616670 1099
1616680 1099
1616690 1096
1616700 1093
1616710 1093
1616720 1089
1616730 1086
1616740 1086
1616750 1083
1616760 1081
1616770 1081
1616780 1079
1616790 1077
1616800 1077
1616810 1075
1616820 1074
1616830 1074
1616840 1074
1616850 1073
1616860 1073
1616870 1072
1616880 1072
1616890 1072
1616900 1071
1616910 1069
1616920 1069
1616930 1068
1616940 1066
1616950 1066
1616960 1064
1616970 1059
1616980 1059
1616990 1057
1617000 1056
1617010 1056
1617020 1056
1617030 1057
1617040 1057
1617050 1057
1617060 1057
1617070 1057
1617080 1057
1617090 1057
1617100 1057
1617110 1057
1617120 1058
1617130 1058
1617140 1058
1617150 1058
1617160 1057
1617170 1057
1617180 1057
1617190 1056
1617200 1056
1617210 1054
1617220 1052
1617230 1052
1617240 1049
1617250 1046
1617260 1046
1617270 1043
1617280 1040
1617290 1040
1617300 1037
1617310 1035
1617320 1035
1617330 1032
1617340 1029
1617350 1029
1617360 1026
1617370 1024
1617380 1024
1617390 1021
1617400 1019
1617410 1019
1617420 1016
1617430 1014
1617440 1014
1617450 1011
1617460 1009
1617470 1009
1617480 1006
1617490 1004
1617500 1004
1617510 1002
1617520 1001
1617530 1001
1617540 1000
1617550 999
1617560 998
1617570 998
1617580 997
1617590 995
1617600 995
1617610 993
1617620 991
1617630 991
1617640 988
1617650 985
1617660 985
1617670 984
1617680 986
1617690 986
1617700 986
1617710 986
1617720 986
1617730 986
1617740 985
1617750 985
1617760 987
1617770 988
1617780 988
1617790 988
1617800 988
1617810 988
1617820 989
1617830 990
1617840 990
1617850 991
1617860 992
1617870 992
1617880 993
1617890 994
1617900 994
1617910 995
1617920 996
1617930 996
1617940 996
1617950 996
1617960 996
1617970 995
1617980 993
1617990 993
1618000 992
1618010 990
1618020 990
1618030 989
1618040 987
1618050 985
1618060 985
1618070 987
1618080 987
1618090 987
1618100 987
1618110 986
1618120 986
1618130 986
1618140 985
1618150 985
1618160 985
1618170 984
1618180 984
1618190 983
1618200 982
1618210 982
1618220 980
1618230 979
1618240 979
1618250 978
1618260 976
1618270 976
1618280 972
1618290 969
1618300 969
1618310 967
1618320 966
1618330 966
1618340 966
1618350 965
1618360 965
1618370 965
1618380 964
1618390 964
1618400 964
1618410 964
1618420 964
1618430 964
1618440 965
1618450 965
1618460 965
1618470 965
1618480 965
1618490 964
1618500 961
1618510 961
1618520 956
1618530 951
1618540 945
1618550 945
1618560 940
1618570 935
1618580 935
1618590 930
1618600 926
1618610 926
1618620 922
1618630 918
1618640 918
1618650 914
1618660 912
1618670 912
1618680 909
1618690 906
1618700 906
1618710 904
1618720 903
1618730 903
1618740 901
1618750 900
1618760 900
1618770 898
1618780 896
1618790 896
1618800 894
1618810 891
1618820 891
1618830 889
1618840 886
1618850 886
1618860 884
1618870 882
1618880 882
1618890 880
1618900 878
1618910 878
1618920 876
1618930 874
1618940 874
1618950 873
1618960 871
1618970 871
1618980 868
1618990 866
1619000 866
1619010 863
1619020 860
1619030 857
1619040 857
1619050 854
1619060 852
1619070 852
1619080 850
1619090 848
1619100 848
1619110 845
1619120 842
1619130 842
1619140 839
1619150 836
1619160 836
1619170 835
1619180 833
1619190 833
1619200 831
1619210 829
1619220 829
1619230 827
1619240 825
1619250 825
1619260 822
1619270 820
1619280 820
1619290 817
1619300 812
1619310 812
1619320 809
1619330 807
1619340 807
1619350 803
1619360 800
1619370 800
1619380 798
1619390 795
1619400 795
1619410 793
1619420 790
1619430 790
1619440 787
1619450 785
1619460 785
1619470 783
1619480 782
1619490 782
1619500 781
1619510 779
1619520 778
1619530 778
1619540 777
1619550 775
1619560 775
1619570 771
1619580 771
1619590 771
1619600 773
1619610 772
1619620 772
1619630 772
1619640 771
1619650 771
1619660 772
1619670 772
1619680 772
1619690 773
1619700 773
1619710 773
1619720 772
1619730 772
1619740 772
1619750 773
1619760 774
1619770 774
1619780 777
1619790 780
1619800 780
1619810 783
1619820 785
1619830 785
1619840 786
1619850 787
1619860 787
1619870 789
1619880 792
1619890 792
1619900 797
1619910 801
1619920 801
1619930 804
1619940 807
1619950 807
1619960 810
1619970 811
1619980 811
1619990 811
