1600000 1441
1600010 1443
1600020 1443
1600030 1443
1600040 1442
1600050 1440
1600060 1440
1600070 1439
1600080 1438
1600090 1438
1600100 1438
1600110 1439
1600120 1439
1600130 1438
1600140 1437
1600150 1437
1600160 1436
1600170 1435
1600180 1435
1600190 1434
1600200 1430
1600210 1425
1600220 1425
1600230 1423
1600240 1422
1600250 1422
1600260 1423
1600270 1423
1600280 1423
1600290 1422
1600300 1420
1600310 1420
1600320 1418
1600330 1415
1600340 1415
1600350 1413
1600360 1413
1600370 1413
1600380 1412
1600390 1413
1600400 1413
1600410 1415
1600420 1417
1600430 1417
1600440 1418
1600450 1417
1600460 1417
1600470 1415
1600480 1414
1600490 1414
1600500 1416
1600510 1418
1600520 1418
1600530 1420
1600540 1421
1600550 1421
1600560 1422
1600570 1423
1600580 1423
1600590 1425
1600600 1427
1600610 1427
1600620 1429
1600630 1431
1600640 1431
1600650 1433
1600660 1434
1600670 1434
1600680 1436
1600690 1438
1600700 1441
1600710 1441
1600720 1443
1600730 1448
1600740 1448
1600750 1452
1600760 1455
1600770 1455
1600780 1458
1600790 1460
1600800 1460
1600810 1462
1600820 1464
1600830 1464
1600840 1466
1600850 1468
1600860 1468
1600870 1469
1600880 1470
1600890 1470
1600900 1472
1600910 1473
1600920 1473
1600930 1473
1600940 1472
1600950 1472
1600960 1472
1600970 1473
1600980 1473
1600990 1474
1601000 1474
1601010 1474
1601020 1475
1601030 1476
1601040 1476
1601050 1477
1601060 1477
1601070 1477
1601080 1477
1601090 1477
1601100 1477
1601110 1476
1601120 1476
1601130 1476
1601140 1471
1601150 1463
1601160 1463
1601170 1455
1601180 1442
1601190 1442
1601200 1430
1601210 1420
1601220 1404
1601230 1404
1601240 1392
1601250 1385
1601260 1385
1601270 1380
1601280 1375
1601290 1375
1601300 1371
1601310 1369
1601320 1369
1601330 1367
1601340 1365
1601350 1365
1601360 1358
1601370 1351
1601380 1351
1601390 1347
1601400 1348
1601410 1348
1601420 1353
1601430 1359
1601440 1359
1601450 1360
1601460 1358
1601470 1358
1601480 1355
1601490 1352
1601500 1352
1601510 1351
1601520 1350
1601530 1350
1601540 1350
1601550 1349
1601560 1349
1601570 1349
1601580 1348
1601590 1348
1601600 1344
1601610 1339
1601620 1339
1601630 1335
1601640 1331
1601650 1331
1601660 1328
1601670 1326
1601680 1326
1601690 1324
1601700 1320
1601710 1320
1601720 1316
1601730 1310
1601740 1309
1601750 1309
1601760 1308
1601770 1305
1601780 1305
1601790 1302
1601800 1299
1601810 1299
1601820 1295
1601830 1289
1601840 1289
1601850 1285
1601860 1281
1601870 1281
1601880 1277
1601890 1274
1601900 1274
1601910 1271
1601920 1269
1601930 1269
1601940 1267
1601950 1263
1601960 1263
1601970 1260
1601980 1258
1601990 1258
1602000 1255
1602010 1253
1602020 1253
1602030 1252
1602040 1251
1602050 1251
1602060 1250
1602070 1248
1602080 1248
1602090 1244
1602100 1241
1602110 1241
1602120 1240
1602130 1237
1602140 1237
1602150 1234
1602160 1231
1602170 1231
1602180 1229
1602190 1226
1602200 1226
1602210 1223
1602220 1225
1602230 1223
1602240 1223
1602250 1220
1602260 1216
1602270 1216
1602280 1212
1602290 1208
1602300 1208
1602310 1205
1602320 1200
1602330 1200
1602340 1195
1602350 1191
1602360 1191
1602370 1189
1602380 1185
1602390 1185
1602400 1181
1602410 1176
1602420 1176
1602430 1170
1602440 1165
1602450 1165
1602460 1158
1602470 1151
1602480 1151
1602490 1141
1602500 1132
1602510 1132
1602520 1125
1602530 1119
1602540 1119
1602550 1115
1602560 1110
1602570 1110
1602580 1105
1602590 1098
1602600 1098
1602610 1091
1602620 1085
1602630 1085
1602640 1078
1602650 1068
1602660 1068
1602670 1060
1602680 1053
1602690 1053
1602700 1045
1602710 1038
1602720 1038
1602730 1033
1602740 1029
1602750 1025
1602760 1025
1602770 1022
1602780 1019
1602790 1019
1602800 1017
1602810 1014
1602820 1014
1602830 1011
1602840 1008
1602850 1008
1602860 1004
1602870 1001
1602880 1001
1602890 999
1602900 996
1602910 996
1602920 993
1602930 988
1602940 988
1602950 982
1602960 977
1602970 977
1602980 971
1602990 966
1603000 966
1603010 960
1603020 955
1603030 955
1603040 950
1603050 945
1603060 945
1603070 941
1603080 941
1603090 941
1603100 942
1603110 944
1603120 944
1603130 945
1603140 946
1603150 946
1603160 948
1603170 950
1603180 950
1603190 951
1603200 952
1603210 952
1603220 954
1603230 955
1603240 955
1603250 956
1603260 958
1603270 960
1603280 960
1603290 961
1603300 963
1603310 965
1603320 967
1603330 969
1603340 969
1603350 971
1603360 975
1603370 975
1603380 978
1603390 982
1603400 982
1603410 986
1603420 990
1603430 990
1603440 995
1603450 1000
1603460 1000
1603470 1004
1603480 1006
1603490 1006
1603500 1008
1603510 1011
1603520 1011
1603530 1013
1603540 1016
1603550 1016
1603560 1019
1603570 1022
1603580 1022
1603590 1025
1603600 1027
1603610 1027
1603620 1029
1603630 1030
1603640 1030
1603650 1031
1603660 1032
1603670 1032
1603680 1034
1603690 1037
1603700 1037
1603710 1041
1603720 1046
1603730 1046
1603740 1050
1603750 1055
1603760 1057
1603770 1057
1603780 1058
1603790 1059
1603800 1059
1603810 1058
1603820 1057
1603830 1057
1603840 1055
1603850 1052
1603860 1052
1603870 1053
1603880 1057
1603890 1057
1603900 1059
1603910 1060
1603920 1060
1603930 1062
1603940 1064
1603950 1064
1603960 1066
1603970 1067
1603980 1067
1603990 1068
1604000 1070
1604010 1070
1604020 1072
1604030 1073
1604040 1073
1604050 1074
1604060 1074
1604070 1074
1604080 1076
1604090 1078
1604100 1078
1604110 1079
1604120 1080
1604130 1080
1604140 1082
1604150 1086
1604160 1086
1604170 1090
1604180 1094
1604190 1094
1604200 1098
1604210 1101
1604220 1101
1604230 1104
1604240 1108
1604250 1108
1604260 1111
1604270 1113
1604280 1116
1604290 1116
1604300 1119
1604310 1122
1604320 1122
1604330 1125
1604340 1128
1604350 1128
1604360 1130
1604370 1133
1604380 1138
1604390 1141
1604400 1143
1604410 1143
1604420 1145
1604430 1146
1604440 1146
1604450 1148
1604460 1151
1604470 1151
1604480 1154
1604490 1157
1604500 1157
1604510 1161
1604520 1164
1604530 1164
1604540 1167
1604550 1170
1604560 1170
1604570 1172
1604580 1174
1604590 1174
1604600 1176
1604610 1177
1604620 1177
1604630 1178
1604640 1179
1604650 1179
1604660 1179
1604670 1179
1604680 1179
1604690 1178
1604700 1179
1604710 1179
1604720 1182
1604730 1186
1604740 1186
1604750 1189
1604760 1192
1604770 1192
1604780 1195
1604790 1197
1604800 1201
1604810 1201
1604820 1203
1604830 1206
1604840 1206
1604850 1209
1604860 1212
1604870 1212
1604880 1216
1604890 1219
1604900 1219
1604910 1222
1604920 1224
1604930 1224
1604940 1227
1604950 1229
1604960 1229
1604970 1231
1604980 1233
1604990 1233
1605000 1236
1605010 1237
1605020 1237
1605030 1240
1605040 1243
1605050 1243
1605060 1246
1605070 1249
1605080 1249
1605090 1252
1605100 1255
1605110 1255
1605120 1258
1605130 1261
1605140 1261
1605150 1262
1605160 1264
1605170 1264
1605180 1265
1605190 1267
1605200 1267
1605210 1269
1605220 1271
1605230 1271
1605240 1274
1605250 1277
1605260 1277
1605270 1280
1605280 1282
1605290 1285
1605300 1285
1605310 1288
1605320 1291
1605330 1291
1605340 1294
1605350 1298
1605360 1298
1605370 1302
1605380 1306
1605390 1306
1605400 1310
1605410 1312
1605420 1312
1605430 1315
1605440 1318
1605450 1323
1605460 1326
1605470 1329
1605480 1329
1605490 1331
1605500 1333
1605510 1333
1605520 1336
1605530 1338
1605540 1338
1605550 1341
1605560 1343
1605570 1343
1605580 1345
1605590 1347
1605600 1347
1605610 1349
1605620 1351
1605630 1351
1605640 1352
1605650 1354
1605660 1354
1605670 1355
1605680 1356
1605690 1356
1605700 1357
1605710 1357
1605720 1357
1605730 1358
1605740 1358
1605750 1358
1605760 1359
1605770 1358
1605780 1358
1605790 1358
1605800 1357
1605810 1356
1605820 1356
1605830 1355
1605840 1353
1605850 1353
1605860 1353
1605870 1352
1605880 1352
1605890 1351
1605900 1349
1605910 1349
1605920 1347
1605930 1346
1605940 1346
1605950 1345
1605960 1343
1605970 1343
1605980 1339
1605990 1334
1606000 1334
1606010 1329
1606020 1327
1606030 1327
1606040 1325
1606050 1325
1606060 1325
1606070 1325
1606080 1323
1606090 1323
1606100 1320
1606110 1317
1606120 1317
1606130 1314
1606140 1311
1606150 1311
1606160 1308
1606170 1304
1606180 1304
1606190 1300
1606200 1294
1606210 1294
1606220 1288
1606230 1283
1606240 1283
1606250 1278
1606260 1274
1606270 1274
1606280 1270
1606290 1264
1606300 1259
1606310 1259
1606320 1255
1606330 1250
1606340 1250
1606350 1246
1606360 1244
1606370 1244
1606380 1243
1606390 1242
1606400 1242
1606410 1239
1606420 1238
1606430 1238
1606440 1236
1606450 1233
1606460 1233
1606470 1228
1606480 1223
1606490 1223
1606500 1220
1606510 1226
1606520 1226
1606530 1230
1606540 1228
1606550 1228
1606560 1225
1606570 1225
1606580 1225
1606590 1226
1606600 1229
1606610 1229
1606620 1231
1606630 1231
1606640 1231
1606650 1228
1606660 1225
1606670 1225
1606680 1221
1606690 1219
1606700 1219
1606710 1217
1606720 1218
1606730 1218
1606740 1219
1606750 1220
1606760 1220
1606770 1221
1606780 1221
1606790 1221
1606800 1221
1606810 1221
1606820 1222
1606830 1222
1606840 1222
1606850 1223
1606860 1223
1606870 1224
1606880 1225
1606890 1225
1606900 1227
1606910 1230
1606920 1230
1606930 1234
1606940 1238
1606950 1238
1606960 1242
1606970 1245
1606980 1245
1606990 1248
1607000 1252
1607010 1252
1607020 1256
1607030 1258
1607040 1258
1607050 1261
1607060 1263
1607070 1263
1607080 1266
1607090 1268
1607100 1268
1607110 1271
1607120 1273
1607130 1273
1607140 1275
1607150 1277
1607160 1277
1607170 1279
1607180 1281
1607190 1281
1607200 1282
1607210 1282
1607220 1282
1607230 1281
1607240 1281
1607250 1281
1607260 1280
1607270 1280
1607280 1280
1607290 1281
1607300 1281
1607310 1281
1607320 1282
1607330 1282
1607340 1280
1607350 1280
1607360 1279
1607370 1277
1607380 1277
1607390 1276
1607400 1275
1607410 1275
1607420 1274
1607430 1274
1607440 1274
1607450 1273
1607460 1273
1607470 1273
1607480 1273
1607490 1273
1607500 1273
1607510 1273
1607520 1272
1607530 1272
1607540 1271
1607550 1270
1607560 1274
1607570 1272
1607580 1271
1607590 1271
1607600 1270
1607610 1268
1607620 1268
1607630 1266
1607640 1265
1607650 1265
1607660 1264
1607670 1262
1607680 1262
1607690 1260
1607700 1259
1607710 1259
1607720 1257
1607730 1256
1607740 1256
1607750 1255
1607760 1253
1607770 1253
1607780 1252
1607790 1250
1607800 1250
1607810 1248
1607820 1246
1607830 1244
1607840 1244
1607850 1242
1607860 1240
1607870 1240
1607880 1238
1607890 1235
1607900 1235
1607910 1232
1607920 1230
1607930 1230
1607940 1226
1607950 1222
1607960 1222
1607970 1218
1607980 1214
1607990 1214
1608000 1209
1608010 1205
1608020 1205
1608030 1201
1608040 1197
1608050 1197
1608060 1193
1608070 1188
1608080 1188
1608090 1183
1608100 1181
1608110 1181
1608120 1178
1608130 1175
1608140 1175
1608150 1173
1608160 1170
1608170 1170
1608180 1167
1608190 1164
1608200 1164
1608210 1161
1608220 1156
1608230 1156
1608240 1150
1608250 1140
1608260 1140
1608270 1126
1608280 1112
1608290 1112
1608300 1100
1608310 1090
1608320 1090
1608330 1079
1608340 1068
1608350 1057
1608360 1057
1608370 1046
1608380 1033
1608390 1033
1608400 1024
1608410 1019
1608420 1019
1608430 1014
1608440 1008
1608450 1008
1608460 1000
1608470 993
1608480 993
1608490 986
1608500 979
1608510 979
1608520 972
1608530 966
1608540 966
1608550 955
1608560 942
1608570 942
1608580 932
1608590 921
1608600 924
1608610 913
1608620 901
1608630 901
1608640 890
1608650 880
1608660 880
1608670 871
1608680 862
1608690 862
1608700 851
1608710 841
1608720 841
1608730 831
1608740 820
1608750 820
1608760 809
1608770 801
1608780 801
1608790 790
1608800 793
1608810 793
1608820 803
1608830 814
1608840 814
1608850 824
1608860 831
1608870 839
1608880 839
1608890 848
1608900 863
1608910 863
1608920 881
1608930 894
1608940 894
1608950 904
1608960 911
1608970 911
1608980 923
1608990 931
1609000 931
1609010 936
1609020 943
1609030 943
1609040 949
1609050 955
1609060 955
1609070 963
1609080 970
1609090 970
1609100 977
1609110 984
1609120 984
1609130 990
1609140 992
1609150 992
1609160 994
1609170 996
1609180 996
1609190 998
1609200 1001
1609210 1001
1609220 1003
1609230 1006
1609240 1006
1609250 1008
1609260 1010
1609270 1010
1609280 1011
1609290 1012
1609300 1012
1609310 1012
1609320 1012
1609330 1012
1609340 1011
1609350 1010
1609360 1010
1609370 1010
1609380 1010
1609390 1009
1609400 1009
1609410 1009
1609420 1008
1609430 1008
1609440 1007
1609450 1005
1609460 1005
1609470 1002
1609480 996
1609490 996
1609500 993
1609510 988
1609520 988
1609530 982
1609540 976
1609550 976
1609560 967
1609570 961
1609580 961
1609590 956
1609600 950
1609610 950
1609620 943
1609630 935
1609640 935
1609650 930
1609660 926
1609670 926
1609680 923
1609690 920
1609700 920
1609710 916
1609720 911
1609730 911
1609740 908
1609750 906
1609760 906
1609770 902
1609780 899
1609790 899
1609800 896
1609810 895
1609820 895
1609830 892
1609840 890
1609850 890
1609860 888
1609870 886
1609880 887
1609890 887
1609900 889
1609910 891
1609920 891
1609930 891
1609940 889
1609950 889
1609960 887
1609970 883
1609980 883
1609990 878
1610000 874
1610010 874
1610020 870
1610030 869
1610040 869
1610050 868
1610060 865
1610070 865
1610080 863
1610090 862
1610100 862
1610110 863
1610120 865
1610130 865
1610140 867
1610150 872
1610160 872
1610170 877
1610180 881
1610190 881
1610200 885
1610210 888
1610220 888
1610230 892
1610240 895
1610250 895
1610260 899
1610270 904
1610280 904
1610290 909
1610300 914
1610310 914
1610320 919
1610330 923
1610340 923
1610350 928
1610360 932
1610370 932
1610380 937
1610390 940
1610400 944
1610410 944
1610420 947
1610430 950
1610440 950
1610450 953
1610460 955
1610470 955
1610480 956
1610490 953
1610500 953
1610510 947
1610520 941
1610530 941
1610540 935
1610550 929
1610560 929
1610570 924
1610580 920
1610590 920
1610600 915
1610610 910
1610620 910
1610630 906
1610640 901
1610650 904
1610660 900
1610670 897
1610680 897
1610690 892
1610700 887
1610710 887
1610720 881
1610730 874
1610740 874
1610750 868
1610760 862
1610770 862
1610780 856
1610790 853
1610800 853
1610810 850
1610820 846
1610830 846
1610840 843
1610850 839
1610860 839
1610870 835
1610880 830
1610890 824
1610900 824
1610910 817
1610920 811
1610930 811
1610940 804
1610950 798
1610960 798
1610970 791
1610980 784
1610990 784
1611000 778
1611010 769
1611020 769
1611030 761
1611040 756
1611050 756
1611060 753
1611070 750
1611080 750
1611090 749
1611100 746
1611110 746
1611120 741
1611130 733
1611140 733
1611150 725
1611160 717
1611170 717
1611180 710
1611190 702
1611200 702
1611210 694
1611220 687
1611230 687
1611240 690
1611250 695
1611260 695
1611270 702
1611280 707
1611290 707
1611300 712
1611310 717
1611320 717
1611330 721
1611340 719
1611350 719
1611360 717
1611370 713
1611380 713
1611390 706
1611400 701
1611410 705
1611420 705
1611430 710
1611440 716
1611450 716
1611460 721
1611470 722
1611480 722
1611490 721
1611500 719
1611510 719
1611520 713
1611530 708
1611540 708
1611550 705
1611560 707
1611570 707
1611580 703
1611590 699
1611600 699
1611610 694
1611620 691
1611630 691
1611640 687
1611650 681
1611660 681
1611670 669
1611680 666
1611690 666
1611700 663
1611710 661
1611720 661
1611730 658
1611740 657
1611750 657
1611760 657
1611770 659
1611780 659
1611790 663
1611800 667
1611810 667
1611820 675
1611830 686
1611840 686
1611850 695
1611860 702
1611870 702
1611880 709
1611890 716
1611900 716
1611910 723
1611920 730
1611930 738
1611940 738
1611950 745
1611960 752
1611970 752
1611980 759
1611990 767
1612000 767
1612010 774
1612020 780
1612030 780
1612040 786
1612050 791
1612060 791
1612070 793
1612080 795
1612090 795
1612100 796
1612110 799
1612120 799
1612130 803
1612140 809
1612150 809
1612160 814
1612170 818
1612180 818
1612190 824
1612200 833
1612210 833
1612220 841
1612230 850
1612240 850
1612250 856
1612260 863
1612270 863
1612280 869
1612290 876
1612300 876
1612310 882
1612320 886
1612330 886
1612340 886
1612350 882
1612360 882
1612370 882
1612380 883
1612390 883
1612400 886
1612410 889
1612420 893
1612430 893
1612440 899
1612450 905
1612460 905
1612470 911
1612480 916
1612490 916
1612500 920
1612510 923
1612520 923
1612530 925
1612540 924
1612550 924
1612560 922
1612570 921
1612580 921
1612590 919
1612600 918
1612610 918
1612620 917
1612630 913
1612640 913
1612650 905
1612660 895
1612670 896
1612680 887
1612690 879
1612700 879
1612710 870
1612720 862
1612730 862
1612740 854
1612750 846
1612760 846
1612770 838
1612780 829
1612790 829
1612800 820
1612810 812
1612820 812
1612830 805
1612840 801
1612850 801
1612860 798
1612870 797
1612880 797
1612890 796
1612900 799
1612910 799
1612920 796
1612930 790
1612940 788
1612950 788
1612960 789
1612970 796
1612980 796
1612990 804
1613000 813
1613010 813
1613020 819
1613030 823
1613040 823
1613050 825
1613060 828
1613070 828
1613080 833
1613090 842
1613100 842
1613110 848
1613120 854
1613130 854
1613140 855
1613150 857
1613160 857
1613170 860
1613180 868
1613190 868
1613200 876
1613210 882
1613220 882
1613230 878
1613240 869
1613250 869
1613260 859
1613270 851
1613280 851
1613290 849
1613300 849
1613310 849
1613320 850
1613330 851
1613340 851
1613350 853
1613360 855
1613370 855
1613380 853
1613390 847
1613400 847
1613410 838
1613420 830
1613430 830
1613440 829
1613450 833
1613460 836
1613470 836
1613480 838
1613490 840
1613500 840
1613510 837
1613520 832
1613530 832
1613540 826
1613550 819
1613560 819
1613570 812
1613580 807
1613590 807
1613600 804
1613610 802
1613620 802
1613630 798
1613640 791
1613650 791
1613660 787
1613670 778
1613680 778
1613690 777
1613700 775
1613710 775
1613720 778
1613730 783
1613740 783
1613750 788
1613760 791
1613770 791
1613780 794
1613790 797
1613800 797
1613810 800
1613820 803
1613830 803
1613840 806
1613850 808
1613860 808
1613870 810
1613880 812
1613890 812
1613900 813
1613910 813
1613920 813
1613930 812
1613940 809
1613950 806
1613960 806
1613970 803
1613980 799
1613990 799
1614000 794
1614010 790
1614020 790
1614030 788
1614040 786
1614050 786
1614060 784
1614070 781
1614080 781
1614090 777
1614100 771
1614110 771
1614120 765
1614130 761
1614140 761
1614150 757
1614160 753
1614170 753
1614180 750
1614190 747
1614200 747
1614210 744
1614220 740
1614230 740
1614240 736
1614250 732
1614260 732
1614270 727
1614280 722
1614290 722
1614300 717
1614310 710
1614320 710
1614330 702
1614340 695
1614350 695
1614360 687
1614370 681
1614380 681
1614390 672
1614400 663
1614410 663
1614420 663
1614430 669
1614440 669
1614450 666
1614460 667
1614470 670
1614480 670
1614490 672
1614500 671
1614510 671
1614520 667
1614530 664
1614540 664
1614550 661
1614560 657
1614570 657
1614580 649
1614590 638
1614600 638
1614610 627
1614620 617
1614630 617
1614640 610
1614650 602
1614660 602
1614670 588
1614680 581
1614690 581
1614700 578
1614710 574
1614720 574
1614730 572
1614740 571
1614750 571
1614760 574
1614770 582
1614780 582
1614790 597
1614800 613
1614810 613
1614820 620
1614830 626
1614840 626
1614850 634
1614860 648
1614870 648
1614880 657
1614890 665
1614900 665
1614910 671
1614920 676
1614930 676
1614940 679
1614950 684
1614960 684
1614970 684
1614980 685
1614990 695
1615000 695
1615010 710
1615020 717
1615030 717
1615040 723
1615050 727
1615060 727
1615070 731
1615080 733
1615090 733
1615100 737
1615110 744
1615120 744
1615130 752
1615140 758
1615150 758
1615160 763
1615170 766
1615180 766
1615190 772
1615200 777
1615210 777
1615220 781
1615230 784
1615240 784
1615250 787
1615260 790
1615270 790
1615280 792
1615290 794
1615300 794
1615310 795
1615320 797
1615330 797
1615340 798
1615350 799
1615360 799
1615370 800
1615380 801
1615390 801
1615400 802
1615410 800
1615420 800
1615430 799
1615440 799
1615450 799
1615460 803
1615470 809
1615480 811
1615490 811
1615500 810
1615510 803
1615520 803
1615530 799
1615540 797
1615550 797
1615560 798
1615570 799
1615580 799
1615590 800
1615600 803
1615610 803
1615620 806
1615630 809
1615640 809
1615650 815
1615660 820
1615670 820
1615680 824
1615690 827
1615700 827
1615710 830
1615720 833
1615730 833
1615740 836
1615750 839
1615760 839
1615770 842
1615780 845
1615790 845
1615800 847
1615810 849
1615820 849
1615830 850
1615840 851
1615850 851
1615860 851
1615870 849
1615880 849
1615890 847
1615900 844
1615910 844
1615920 841
1615930 838
1615940 838
1615950 834
1615960 829
1615970 829
1615980 825
1615990 821
1616000 817
1616010 817
1616020 815
1616030 814
1616040 814
1616050 812
1616060 811
1616070 811
1616080 812
1616090 812
1616100 812
1616110 811
1616120 810
1616130 810
1616140 810
1616150 810
1616160 810
1616170 810
1616180 810
1616190 810
1616200 810
1616210 811
1616220 811
1616230 812
1616240 814
1616250 814
1616260 815
1616270 815
1616280 815
1616290 815
1616300 816
1616310 816
1616320 817
1616330 819
1616340 819
1616350 822
1616360 827
1616370 827
1616380 829
1616390 831
1616400 831
1616410 831
1616420 831
1616430 831
1616440 831
1616450 831
1616460 831
1616470 830
1616480 828
1616490 826
1616500 826
1616510 824
1616520 819
1616530 819
1616540 816
1616550 813
1616560 813
1616570 809
1616580 805
1616590 805
1616600 801
1616610 803
1616620 803
1616630 814
1616640 816
1616650 816
1616660 817
1616670 818
1616680 818
1616690 818
1616700 819
1616710 819
1616720 819
1616730 818
1616740 818
1616750 818
1616760 818
1616770 818
1616780 817
1616790 815
1616800 815
1616810 813
1616820 810
1616830 810
1616840 808
1616850 807
1616860 807
1616870 804
1616880 804
1616890 804
1616900 803
1616910 802
1616920 802
1616930 801
1616940 798
1616950 798
1616960 794
1616970 791
1616980 791
1616990 789
1617000 786
1617010 784
1617020 784
1617030 783
1617040 780
1617050 780
1617060 777
1617070 777
1617080 777
1617090 775
1617100 774
1617110 774
1617120 775
1617130 776
1617140 776
1617150 779
1617160 781
1617170 781
1617180 783
1617190 783
1617200 783
1617210 782
1617220 780
1617230 780
1617240 779
1617250 780
1617260 780
1617270 781
1617280 781
1617290 781
1617300 780
1617310 780
1617320 780
1617330 779
1617340 778
1617350 778
1617360 778
1617370 778
1617380 778
1617390 776
1617400 774
1617410 774
1617420 771
1617430 768
1617440 768
1617450 765
1617460 761
1617470 761
1617480 756
1617490 749
1617500 749
1617510 743
1617520 737
1617530 731
1617540 731
1617550 724
1617560 719
1617570 719
1617580 716
1617590 716
1617600 724
1617610 725
1617620 723
1617630 723
1617640 720
1617650 715
1617660 715
1617670 709
1617680 703
1617690 703
1617700 699
1617710 693
1617720 693
1617730 690
1617740 694
1617750 694
1617760 701
1617770 706
1617780 706
1617790 710
1617800 716
1617810 716
1617820 721
1617830 725
1617840 725
1617850 729
1617860 734
1617870 734
1617880 740
1617890 745
1617900 745
1617910 750
1617920 754
1617930 754
1617940 760
1617950 764
1617960 764
1617970 768
1617980 771
1617990 771
1618000 775
1618010 779
1618020 782
1618030 782
1618040 785
1618050 788
1618060 788
1618070 791
1618080 795
1618090 795
1618100 798
1618110 801
1618120 801
1618130 804
1618140 806
1618150 806
1618160 807
1618170 809
1618180 809
1618190 809
1618200 809
1618210 809
1618220 808
1618230 806
1618240 806
1618250 804
1618260 801
1618270 801
1618280 799
1618290 796
1618300 796
1618310 792
1618320 788
1618330 788
1618340 784
1618350 780
1618360 780
1618370 776
1618380 773
1618390 773
1618400 773
1618410 771
1618420 771
1618430 769
1618440 767
1618450 767
1618460 765
1618470 766
1618480 766
1618490 767
1618500 766
1618510 766
1618520 764
1618530 763
1618540 763
1618550 763
1618560 767
1618570 768
1618580 768
1618590 771
1618600 773
1618610 773
1618620 771
1618630 768
1618640 768
1618650 765
1618660 765
1618670 765
1618680 764
1618690 762
1618700 762
1618710 761
1618720 760
1618730 760
1618740 758
1618750 756
1618760 756
1618770 753
1618780 749
1618790 749
1618800 743
1618810 740
1618820 740
1618830 745
1618840 754
1618850 754
1618860 761
1618870 767
1618880 767
1618890 770
1618900 773
1618910 773
1618920 776
1618930 778
1618940 778
1618950 780
1618960 783
1618970 783
1618980 785
1618990 788
1619000 788
1619010 789
1619020 791
1619030 791
1619040 793
1619050 796
1619060 799
1619070 799
1619080 802
1619090 805
1619100 805
1619110 808
1619120 810
1619130 810
1619140 811
1619150 812
1619160 812
1619170 814
1619180 816
1619190 816
1619200 819
1619210 823
1619220 823
1619230 828
1619240 833
1619250 833
1619260 837
1619270 842
1619280 842
1619290 848
1619300 855
1619310 855
1619320 861
1619330 867
1619340 867
1619350 874
1619360 880
1619370 880
1619380 886
1619390 892
1619400 892
1619410 898
1619420 904
1619430 904
1619440 909
1619450 915
1619460 915
1619470 921
1619480 927
1619490 927
1619500 932
1619510 935
1619520 935
1619530 939
1619540 943
1619550 946
1619560 946
1619570 949
1619580 952
1619590 952
1619600 954
1619610 954
1619620 954
1619630 954
1619640 954
1619650 954
1619660 955
1619670 955
1619680 955
1619690 955
1619700 956
1619710 956
1619720 957
1619730 960
1619740 960
1619750 962
1619760 965
1619770 965
1619780 968
1619790 970
1619800 970
1619810 973
1619820 976
1619830 976
1619840 980
1619850 985
1619860 985
1619870 989
1619880 994
1619890 994
1619900 1000
1619910 1005
1619920 1005
1619930 1011
1619940 1018
1619950 1018
1619960 1025
1619970 1032
1619980 1032
1619990 1041
