1600000 1717
1600010 1717
1600020 1719
1600030 1721
1600040 1721
1600050 1713
1600060 1698
1600070 1698
1600080 1683
1600090 1672
1600100 1672
1600110 1658
1600120 1647
1600130 1647
1600140 1638
1600150 1626
1600160 1626
1600170 1618
1600180 1611
1600190 1611
1600200 1607
1600210 1604
1600220 1604
1600230 1603
1600240 1605
1600250 1605
1600260 1608
1600270 1611
1600280 1611
1600290 1609
1600300 1605
1600310 1605
1600320 1604
1600330 1602
1600340 1602
1600350 1599
1600360 1597
1600370 1596
1600380 1596
1600390 1597
1600400 1595
1600410 1595
1600420 1593
1600430 1588
1600440 1588
1600450 1582
1600460 1576
1600470 1576
1600480 1570
1600490 1565
1600500 1565
1600510 1560
1600520 1556
1600530 1556
1600540 1553
1600550 1549
1600560 1549
1600570 1546
1600580 1544
1600590 1544
1600600 1542
1600610 1539
1600620 1539
1600630 1538
1600640 1537
1600650 1537
1600660 1536
1600670 1534
1600680 1534
1600690 1526
1600700 1516
1600710 1516
1600720 1508
1600730 1497
1600740 1497
1600750 1485
1600760 1473
1600770 1473
1600780 1464
1600790 1456
1600800 1456
1600810 1452
1600820 1441
1600830 1441
1600840 1434
1600850 1422
1600860 1422
1600870 1405
1600880 1394
1600890 1385
1600900 1385
1600910 1371
1600920 1363
1600930 1363
1600940 1354
1600950 1344
1600960 1344
1600970 1340
1600980 1328
1600990 1328
1601000 1318
1601010 1310
1601020 1310
1601030 1302
1601040 1295
1601050 1295
1601060 1289
1601070 1283
1601080 1283
1601090 1278
1601100 1271
1601110 1271
1601120 1265
1601130 1258
1601140 1258
1601150 1253
1601160 1250
1601170 1250
1601180 1247
1601190 1248
1601200 1248
1601210 1252
1601220 1257
1601230 1257
1601240 1257
1601250 1249
1601260 1249
1601270 1247
1601280 1246
1601290 1246
1601300 1245
1601310 1245
1601320 1245
1601330 1245
1601340 1244
1601350 1244
1601360 1243
1601370 1242
1601380 1242
1601390 1240
1601400 1239
1601410 1238
1601420 1238
1601430 1238
1601440 1236
1601450 1236
1601460 1227
1601470 1219
1601480 1219
1601490 1214
1601500 1213
1601510 1213
1601520 1213
1601530 1211
1601540 1211
1601550 1207
1601560 1201
1601570 1201
1601580 1193
1601590 1187
1601600 1187
1601610 1184
1601620 1181
1601630 1181
1601640 1177
1601650 1174
1601660 1174
1601670 1169
1601680 1163
1601690 1163
1601700 1158
1601710 1155
1601720 1155
1601730 1154
1601740 1157
1601750 1157
1601760 1160
1601770 1162
1601780 1162
1601790 1164
1601800 1164
1601810 1164
1601820 1161
1601830 1151
1601840 1151
1601850 1144
1601860 1140
1601870 1140
1601880 1140
1601890 1144
1601900 1144
1601910 1149
1601920 1155
1601930 1159
1601940 1159
1601950 1161
1601960 1160
1601970 1160
1601980 1159
1601990 1159
1602000 1159
1602010 1162
1602020 1163
1602030 1163
1602040 1164
1602050 1168
1602060 1168
1602070 1174
1602080 1179
1602090 1179
1602100 1176
1602110 1166
1602120 1166
1602130 1155
1602140 1143
1602150 1143
1602160 1134
1602170 1128
1602180 1128
1602190 1119
1602200 1106
1602210 1106
1602220 1094
1602230 1079
1602240 1079
1602250 1063
1602260 1036
1602270 1036
1602280 1011
1602290 1001
1602300 1001
1602310 997
1602320 993
1602330 993
1602340 991
1602350 980
1602360 980
1602370 979
1602380 980
1602390 980
1602400 969
1602410 963
1602420 963
1602430 971
1602440 981
1602450 984
1602460 984
1602470 988
1602480 993
1602490 993
1602500 1000
1602510 1008
1602520 1008
1602530 1016
1602540 1023
1602550 1023
1602560 1025
1602570 1025
1602580 1025
1602590 1023
1602600 1024
1602610 1024
1602620 1024
1602630 1016
1602640 1016
1602650 1004
1602660 997
1602670 997
1602680 988
1602690 952
1602700 952
1602710 915
1602720 892
1602730 892
1602740 880
1602750 866
1602760 866
1602770 847
1602780 837
1602790 837
1602800 831
1602810 825
1602820 825
1602830 823
1602840 823
1602850 823
1602860 822
1602870 822
1602880 822
1602890 823
1602900 823
1602910 823
1602920 823
1602930 824
1602940 824
1602950 829
1602960 833
1602970 839
1602980 839
1602990 844
1603000 851
1603010 851
1603020 857
1603030 864
1603040 864
1603050 872
1603060 878
1603070 878
1603080 883
1603090 890
1603100 890
1603110 896
1603120 902
1603130 902
1603140 908
1603150 915
1603160 915
1603170 921
1603180 929
1603190 929
1603200 937
1603210 945
1603220 945
1603230 953
1603240 960
1603250 960
1603260 969
1603270 987
1603280 987
1603290 996
1603300 1000
1603310 1000
1603320 1004
1603330 1007
1603340 1007
1603350 1009
1603360 1013
1603370 1013
1603380 1016
1603390 1019
1603400 1019
1603410 1024
1603420 1029
1603430 1029
1603440 1028
1603450 1032
1603460 1032
1603470 1036
1603480 1041
1603490 1041
1603500 1046
1603510 1052
1603520 1057
1603530 1057
1603540 1063
1603550 1068
1603560 1068
1603570 1073
1603580 1079
1603590 1079
1603600 1085
1603610 1091
1603620 1091
1603630 1099
1603640 1107
1603650 1107
1603660 1114
1603670 1120
1603680 1120
1603690 1127
1603700 1135
1603710 1135
1603720 1144
1603730 1155
1603740 1155
1603750 1165
1603760 1174
1603770 1174
1603780 1183
1603790 1193
1603800 1193
1603810 1203
1603820 1212
1603830 1212
1603840 1219
1603850 1223
1603860 1223
1603870 1223
1603880 1224
1603890 1224
1603900 1224
1603910 1226
1603920 1226
1603930 1228
1603940 1229
1603950 1229
1603960 1232
1603970 1233
1603980 1233
1603990 1234
1604000 1233
1604010 1233
1604020 1230
1604030 1235
1604040 1253
1604050 1253
1604060 1269
1604070 1280
1604080 1280
1604090 1290
1604100 1298
1604110 1298
1604120 1303
1604130 1309
1604140 1309
1604150 1314
1604160 1321
1604170 1321
1604180 1328
1604190 1334
1604200 1334
1604210 1340
1604220 1346
1604230 1346
1604240 1353
1604250 1359
1604260 1359
1604270 1365
1604280 1372
1604290 1372
1604300 1379
1604310 1387
1604320 1387
1604330 1394
1604340 1403
1604350 1403
1604360 1413
1604370 1421
1604380 1421
1604390 1431
1604400 1439
1604410 1439
1604420 1452
1604430 1462
1604440 1462
1604450 1475
1604460 1485
1604470 1485
1604480 1491
1604490 1495
1604500 1495
1604510 1505
1604520 1506
1604530 1506
1604540 1512
1604550 1532
1604560 1538
1604570 1538
1604580 1535
1604590 1533
1604600 1533
1604610 1531
1604620 1532
1604630 1532
1604640 1533
1604650 1536
1604660 1536
1604670 1543
1604680 1550
1604690 1550
1604700 1557
1604710 1563
1604720 1563
1604730 1568
1604740 1568
1604750 1568
1604760 1556
1604770 1547
1604780 1547
1604790 1541
1604800 1540
1604810 1540
1604820 1541
1604830 1543
1604840 1543
1604850 1546
1604860 1548
1604870 1548
1604880 1550
1604890 1557
1604900 1557
1604910 1570
1604920 1577
1604930 1577
1604940 1586
1604950 1597
1604960 1597
1604970 1607
1604980 1615
1604990 1615
1605000 1621
1605010 1627
1605020 1627
1605030 1630
1605040 1632
1605050 1632
1605060 1634
1605070 1636
1605080 1637
1605090 1637
1605100 1639
1605110 1641
1605120 1641
1605130 1642
1605140 1644
1605150 1644
1605160 1646
1605170 1647
1605180 1647
1605190 1649
1605200 1651
1605210 1651
1605220 1654
1605230 1656
1605240 1656
1605250 1659
1605260 1662
1605270 1662
1605280 1665
1605290 1667
1605300 1667
1605310 1670
1605320 1671
1605330 1671
1605340 1669
1605350 1665
1605360 1665
1605370 1660
1605380 1657
1605390 1657
1605400 1653
1605410 1651
1605420 1651
1605430 1651
1605440 1651
1605450 1651
1605460 1650
1605470 1650
1605480 1650
1605490 1650
1605500 1649
1605510 1649
1605520 1647
1605530 1634
1605540 1634
1605550 1617
1605560 1601
1605570 1601
1605580 1587
1605590 1575
1605600 1567
1605610 1567
1605620 1560
1605630 1553
1605640 1553
1605650 1546
1605660 1539
1605670 1539
1605680 1532
1605690 1524
1605700 1524
1605710 1518
1605720 1512
1605730 1512
1605740 1507
1605750 1504
1605760 1504
1605770 1500
1605780 1494
1605790 1494
1605800 1488
1605810 1484
1605820 1484
1605830 1483
1605840 1486
1605850 1486
1605860 1489
1605870 1490
1605880 1490
1605890 1489
1605900 1485
1605910 1485
1605920 1485
1605930 1488
1605940 1488
1605950 1488
1605960 1484
1605970 1484
1605980 1480
1605990 1476
1606000 1476
1606010 1474
1606020 1472
1606030 1472
1606040 1470
1606050 1470
1606060 1470
1606070 1473
1606080 1473
1606090 1473
1606100 1473
1606110 1474
1606120 1477
1606130 1477
1606140 1482
1606150 1489
1606160 1489
1606170 1495
1606180 1501
1606190 1501
1606200 1506
1606210 1510
1606220 1510
1606230 1514
1606240 1519
1606250 1519
1606260 1526
1606270 1534
1606280 1534
1606290 1542
1606300 1548
1606310 1548
1606320 1553
1606330 1559
1606340 1559
1606350 1563
1606360 1566
1606370 1566
1606380 1568
1606390 1571
1606400 1571
1606410 1573
1606420 1575
1606430 1575
1606440 1577
1606450 1579
1606460 1579
1606470 1581
1606480 1583
1606490 1583
1606500 1586
1606510 1588
1606520 1588
1606530 1590
1606540 1592
1606550 1592
1606560 1594
1606570 1595
1606580 1595
1606590 1595
1606600 1594
1606610 1594
1606620 1593
1606630 1590
1606640 1583
1606650 1583
1606660 1580
1606670 1577
1606680 1577
1606690 1573
1606700 1568
1606710 1568
1606720 1563
1606730 1558
1606740 1558
1606750 1553
1606760 1548
1606770 1548
1606780 1545
1606790 1541
1606800 1541
1606810 1543
1606820 1544
1606830 1544
1606840 1544
1606850 1543
1606860 1543
1606870 1542
1606880 1541
1606890 1541
1606900 1540
1606910 1539
1606920 1539
1606930 1537
1606940 1535
1606950 1535
1606960 1531
1606970 1526
1606980 1526
1606990 1521
1607000 1519
1607010 1519
1607020 1518
1607030 1516
1607040 1516
1607050 1514
1607060 1512
1607070 1512
1607080 1511
1607090 1508
1607100 1508
1607110 1505
1607120 1501
1607130 1501
1607140 1497
1607150 1493
1607160 1488
1607170 1488
1607180 1484
1607190 1481
1607200 1481
1607210 1476
1607220 1471
1607230 1471
1607240 1466
1607250 1461
1607260 1461
1607270 1455
1607280 1450
1607290 1450
1607300 1445
1607310 1437
1607320 1437
1607330 1427
1607340 1417
1607350 1417
1607360 1419
1607370 1424
1607380 1424
1607390 1424
1607400 1422
1607410 1422
1607420 1418
1607430 1416
1607440 1416
1607450 1411
1607460 1405
1607470 1405
1607480 1400
1607490 1394
1607500 1394
1607510 1388
1607520 1383
1607530 1383
1607540 1378
1607550 1373
1607560 1373
1607570 1369
1607580 1365
1607590 1365
1607600 1362
1607610 1360
1607620 1360
1607630 1355
1607640 1350
1607650 1350
1607660 1348
1607670 1346
1607680 1344
1607690 1351
1607700 1349
1607710 1346
1607720 1346
1607730 1343
1607740 1338
1607750 1338
1607760 1339
1607770 1339
1607780 1339
1607790 1337
1607800 1332
1607810 1332
1607820 1326
1607830 1320
1607840 1320
1607850 1315
1607860 1308
1607870 1308
1607880 1301
1607890 1293
1607900 1293
1607910 1286
1607920 1280
1607930 1280
1607940 1274
1607950 1268
1607960 1268
1607970 1262
1607980 1255
1607990 1255
1608000 1247
1608010 1239
1608020 1239
1608030 1233
1608040 1225
1608050 1225
1608060 1220
1608070 1216
1608080 1216
1608090 1214
1608100 1214
1608110 1214
1608120 1214
1608130 1215
1608140 1215
1608150 1217
1608160 1220
1608170 1220
1608180 1223
1608190 1227
1608200 1231
1608210 1231
1608220 1235
1608230 1239
1608240 1239
1608250 1244
1608260 1249
1608270 1249
1608280 1254
1608290 1259
1608300 1259
1608310 1263
1608320 1268
1608330 1268
1608340 1273
1608350 1278
1608360 1278
1608370 1285
1608380 1290
1608390 1290
1608400 1286
1608410 1279
1608420 1279
1608430 1268
1608440 1257
1608450 1257
1608460 1248
1608470 1239
1608480 1239
1608490 1229
1608500 1217
1608510 1217
1608520 1206
1608530 1192
1608540 1192
1608550 1182
1608560 1170
1608570 1170
1608580 1160
1608590 1150
1608600 1150
1608610 1139
1608620 1130
1608630 1130
1608640 1120
1608650 1109
1608660 1109
1608670 1098
1608680 1089
1608690 1089
1608700 1080
1608710 1072
1608720 1063
1608730 1064
1608740 1055
1608750 1046
1608760 1046
1608770 1037
1608780 1030
1608790 1030
1608800 1022
1608810 1014
1608820 1014
1608830 1007
1608840 1000
1608850 1000
1608860 993
1608870 986
1608880 986
1608890 980
1608900 973
1608910 973
1608920 967
1608930 963
1608940 963
1608950 959
1608960 958
1608970 958
1608980 956
1608990 951
1609000 951
1609010 946
1609020 938
1609030 938
1609040 935
1609050 944
1609060 944
1609070 964
1609080 969
1609090 969
1609100 969
1609110 962
1609120 962
1609130 962
1609140 960
1609150 960
1609160 956
1609170 952
1609180 952
1609190 947
1609200 941
1609210 941
1609220 935
1609230 932
1609240 944
1609250 944
1609260 951
1609270 942
1609280 942
1609290 931
1609300 921
1609310 921
1609320 906
1609330 892
1609340 892
1609350 879
1609360 869
1609370 869
1609380 862
1609390 868
1609400 868
1609410 874
1609420 870
1609430 870
1609440 860
1609450 844
1609460 844
1609470 817
1609480 801
1609490 801
1609500 792
1609510 779
1609520 779
1609530 758
1609540 740
1609550 740
1609560 727
1609570 715
1609580 715
1609590 703
1609600 691
1609610 691
1609620 676
1609630 664
1609640 664
1609650 655
1609660 644
1609670 644
1609680 632
1609690 617
1609700 617
1609710 608
1609720 603
1609730 603
1609740 598
1609750 604
1609760 599
1609770 599
1609780 601
1609790 601
1609800 601
1609810 597
1609820 598
1609830 598
1609840 600
1609850 602
1609860 602
1609870 602
1609880 608
1609890 608
1609900 612
1609910 615
1609920 615
1609930 617
1609940 621
1609950 621
1609960 624
1609970 628
1609980 628
1609990 631
1610000 633
1610010 633
1610020 635
1610030 643
1610040 643
1610050 648
1610060 647
1610070 647
1610080 641
1610090 636
1610100 636
1610110 632
1610120 629
1610130 629
1610140 627
1610150 626
1610160 626
1610170 624
1610180 622
1610190 622
1610200 620
1610210 615
1610220 615
1610230 610
1610240 610
1610250 610
1610260 611
1610270 611
1610280 613
1610290 613
1610300 615
1610310 614
1610320 614
1610330 614
1610340 614
1610350 614
1610360 614
1610370 613
1610380 613
1610390 611
1610400 610
1610410 610
1610420 610
1610430 610
1610440 610
1610450 610
1610460 609
1610470 609
1610480 608
1610490 607
1610500 607
1610510 605
1610520 603
1610530 603
1610540 598
1610550 589
1610560 589
1610570 573
1610580 559
1610590 559
1610600 558
1610610 565
1610620 565
1610630 572
1610640 579
1610650 579
1610660 586
1610670 594
1610680 594
1610690 602
1610700 611
1610710 611
1610720 621
1610730 635
1610740 635
1610750 644
1610760 649
1610770 649
1610780 645
1610790 645
1610800 645
1610810 645
1610820 646
1610830 645
1610840 645
1610850 646
1610860 646
1610870 646
1610880 646
1610890 646
1610900 646
1610910 644
1610920 645
1610930 645
1610940 646
1610950 647
1610960 647
1610970 649
1610980 650
1610990 650
1611000 651
1611010 651
1611020 651
1611030 652
1611040 653
1611050 653
1611060 653
1611070 654
1611080 654
1611090 654
1611100 655
1611110 655
1611120 657
1611130 658
1611140 658
1611150 659
1611160 659
1611170 659
1611180 659
1611190 659
1611200 659
1611210 658
1611220 655
1611230 655
1611240 652
1611250 648
1611260 648
1611270 643
1611280 634
1611290 634
1611300 624
1611310 613
1611320 602
1611330 602
1611340 593
1611350 583
1611360 583
1611370 574
1611380 564
1611390 564
1611400 555
1611410 546
1611420 546
1611430 542
1611440 543
1611450 543
1611460 550
1611470 562
1611480 562
1611490 574
1611500 585
1611510 585
1611520 596
1611530 606
1611540 606
1611550 615
1611560 622
1611570 622
1611580 629
1611590 635
1611600 635
1611610 639
1611620 641
1611630 641
1611640 641
1611650 639
1611660 639
1611670 635
1611680 631
1611690 631
1611700 630
1611710 627
1611720 627
1611730 622
1611740 618
1611750 618
1611760 614
1611770 614
1611780 614
1611790 619
1611800 616
1611810 616
1611820 613
1611830 610
1611840 607
1611850 607
1611860 607
1611870 610
1611880 610
1611890 617
1611900 628
1611910 628
1611920 637
1611930 643
1611940 643
1611950 646
1611960 644
1611970 644
1611980 640
1611990 633
1612000 633
1612010 624
1612020 616
1612030 616
1612040 610
1612050 615
1612060 615
1612070 621
1612080 627
1612090 627
1612100 633
1612110 640
1612120 640
1612130 647
1612140 653
1612150 653
1612160 659
1612170 664
1612180 664
1612190 668
1612200 672
1612210 672
1612220 675
1612230 680
1612240 680
1612250 685
1612260 689
1612270 689
1612280 690
1612290 688
1612300 688
1612310 684
1612320 680
1612330 680
1612340 675
1612350 669
1612360 663
1612370 663
1612380 656
1612390 650
1612400 650
1612410 642
1612420 634
1612430 634
1612440 626
1612450 619
1612460 619
1612470 611
1612480 606
1612490 606
1612500 601
1612510 595
1612520 595
1612530 587
1612540 583
1612550 583
1612560 579
1612570 576
1612580 576
1612590 572
1612600 571
1612610 571
1612620 569
1612630 565
1612640 565
1612650 558
1612660 542
1612670 542
1612680 523
1612690 522
1612700 522
1612710 526
1612720 532
1612730 532
1612740 540
1612750 549
1612760 549
1612770 560
1612780 572
1612790 572
1612800 593
1612810 605
1612820 605
1612830 616
1612840 620
1612850 620
1612860 626
1612870 632
1612880 632
1612890 635
1612900 636
1612910 638
1612920 638
1612930 639
1612940 641
1612950 641
1612960 642
1612970 645
1612980 645
1612990 648
1613000 652
1613010 652
1613020 653
1613030 656
1613040 656
1613050 659
1613060 662
1613070 662
1613080 666
1613090 671
1613100 671
1613110 676
1613120 680
1613130 680
1613140 683
1613150 686
1613160 686
1613170 687
1613180 690
1613190 690
1613200 696
1613210 704
1613220 704
1613230 714
1613240 721
1613250 721
1613260 725
1613270 728
1613280 728
1613290 730
1613300 734
1613310 734
1613320 744
1613330 739
1613340 739
1613350 737
1613360 736
1613370 736
1613380 739
1613390 750
1613400 750
1613410 758
1613420 764
1613430 769
1613440 769
1613450 774
1613460 780
1613470 780
1613480 787
1613490 795
1613500 795
1613510 800
1613520 805
1613530 805
1613540 809
1613550 813
1613560 813
1613570 815
1613580 814
1613590 814
1613600 814
1613610 813
1613620 813
1613630 811
1613640 811
1613650 811
1613660 812
1613670 815
1613680 815
1613690 819
1613700 826
1613710 826
1613720 832
1613730 839
1613740 839
1613750 846
1613760 857
1613770 857
1613780 868
1613790 874
1613800 865
1613810 871
1613820 877
1613830 877
1613840 882
1613850 886
1613860 886
1613870 889
1613880 891
1613890 891
1613900 890
1613910 888
1613920 888
1613930 888
1613940 888
1613950 887
1613960 887
1613970 889
1613980 891
1613990 891
1614000 897
1614010 906
1614020 906
1614030 914
1614040 921
1614050 921
1614060 930
1614070 937
1614080 937
1614090 941
1614100 946
1614110 946
1614120 950
1614130 955
1614140 955
1614150 960
1614160 965
1614170 965
1614180 970
1614190 975
1614200 975
1614210 981
1614220 988
1614230 988
1614240 992
1614250 993
1614260 993
1614270 991
1614280 990
1614290 990
1614300 989
1614310 990
1614320 990
1614330 990
1614340 991
1614350 991
1614360 993
1614370 996
1614380 996
1614390 997
1614400 995
1614410 995
1614420 992
1614430 989
1614440 989
1614450 985
1614460 981
1614470 976
1614480 976
1614490 972
1614500 967
1614510 967
1614520 963
1614530 958
1614540 958
1614550 954
1614560 950
1614570 950
1614580 947
1614590 944
1614600 944
1614610 941
1614620 942
1614630 942
1614640 944
1614650 946
1614660 946
1614670 947
1614680 949
1614690 949
1614700 950
1614710 951
1614720 951
1614730 952
1614740 954
1614750 954
1614760 955
1614770 955
1614780 955
1614790 953
1614800 953
1614810 953
1614820 954
1614830 954
1614840 954
1614850 954
1614860 955
1614870 955
1614880 955
1614890 956
1614900 956
1614910 957
1614920 957
1614930 957
1614940 958
1614950 958
1614960 958
1614970 957
1614980 957
1614990 956
1615000 956
1615010 956
1615020 956
1615030 956
1615040 954
1615050 953
1615060 953
1615070 950
1615080 947
1615090 947
1615100 944
1615110 942
1615120 942
1615130 939
1615140 937
1615150 937
1615160 938
1615170 937
1615180 937
1615190 938
1615200 939
1615210 939
1615220 940
1615230 941
1615240 941
1615250 943
1615260 944
1615270 944
1615280 947
1615290 948
1615300 948
1615310 948
1615320 948
1615330 948
1615340 948
1615350 949
1615360 949
1615370 950
1615380 952
1615390 952
1615400 953
1615410 953
1615420 953
1615430 953
1615440 953
1615450 953
1615460 953
1615470 952
1615480 952
1615490 953
1615500 954
1615510 956
1615520 956
1615530 957
1615540 958
1615550 958
1615560 958
1615570 957
1615580 957
1615590 958
1615600 961
1615610 961
1615620 965
1615630 968
1615640 968
1615650 971
1615660 974
1615670 974
1615680 977
1615690 979
1615700 979
1615710 983
1615720 985
1615730 985
1615740 985
1615750 987
1615760 987
1615770 993
1615780 998
1615790 998
1615800 999
1615810 1001
1615820 1001
1615830 1003
1615840 1004
1615850 1004
1615860 1005
1615870 1006
1615880 1006
1615890 1007
1615900 1010
1615910 1010
1615920 1011
1615930 1012
1615940 1012
1615950 1013
1615960 1013
1615970 1013
1615980 1015
1615990 1016
1616000 1016
1616010 1017
1616020 1018
1616030 1019
1616040 1019
1616050 1019
1616060 1020
1616070 1020
1616080 1020
1616090 1018
1616100 1018
1616110 1016
1616120 1015
1616130 1015
1616140 1013
1616150 1012
1616160 1012
1616170 1011
1616180 1010
1616190 1010
1616200 1009
1616210 1009
1616220 1009
1616230 1008
1616240 1009
1616250 1009
1616260 1010
1616270 1011
1616280 1011
1616290 1012
1616300 1012
1616310 1012
1616320 1011
1616330 1010
1616340 1010
1616350 1008
1616360 1007
1616370 1007
1616380 1007
1616390 1008
1616400 1008
1616410 1009
1616420 1010
1616430 1010
1616440 1011
1616450 1012
1616460 1012
1616470 1013
1616480 1014
1616490 1014
1616500 1015
1616510 1016
1616520 1016
1616530 1016
1616540 1015
1616550 1014
1616560 1014
1616570 1012
1616580 1010
1616590 1010
1616600 1007
1616610 1004
1616620 1004
1616630 1001
1616640 997
1616650 997
1616660 992
1616670 985
1616680 985
1616690 979
1616700 973
1616710 973
1616720 968
1616730 963
1616740 963
1616750 962
1616760 958
1616770 958
1616780 955
1616790 952
1616800 952
1616810 950
1616820 945
1616830 945
1616840 940
1616850 937
1616860 937
1616870 932
1616880 928
1616890 928
1616900 924
1616910 919
1616920 919
1616930 916
1616940 912
1616950 912
1616960 908
1616970 906
1616980 906
1616990 903
1617000 900
1617010 900
1617020 899
1617030 897
1617040 897
1617050 895
1617060 894
1617070 894
1617080 894
1617090 896
1617100 896
1617110 896
1617120 895
1617130 895
1617140 895
1617150 893
1617160 892
1617170 892
1617180 890
1617190 887
1617200 887
1617210 885
1617220 881
1617230 881
1617240 877
1617250 874
1617260 874
1617270 871
1617280 868
1617290 868
1617300 864
1617310 860
1617320 860
1617330 856
1617340 852
1617350 852
1617360 850
1617370 847
1617380 847
1617390 844
1617400 840
1617410 840
1617420 836
1617430 834
1617440 834
1617450 831
1617460 830
1617470 830
1617480 829
1617490 828
1617500 828
1617510 826
1617520 824
1617530 824
1617540 823
1617550 822
1617560 822
1617570 821
1617580 820
1617590 820
1617600 820
1617610 819
1617620 818
1617630 818
1617640 814
1617650 809
1617660 809
1617670 803
1617680 798
1617690 798
1617700 796
1617710 795
1617720 796
1617730 798
1617740 802
1617750 802
1617760 805
1617770 807
1617780 807
1617790 809
1617800 811
1617810 811
1617820 812
1617830 817
1617840 817
1617850 820
1617860 822
1617870 822
1617880 824
1617890 827
1617900 827
1617910 829
1617920 831
1617930 831
1617940 832
1617950 834
1617960 834
1617970 836
1617980 838
1617990 838
1618000 840
1618010 841
1618020 841
1618030 842
1618040 844
1618050 844
1618060 846
1618070 849
1618080 849
1618090 850
1618100 850
1618110 852
1618120 852
1618130 857
1618140 861
1618150 861
1618160 865
1618170 869
1618180 869
1618190 872
1618200 875
1618210 875
1618220 878
1618230 882
1618240 882
1618250 885
1618260 889
1618270 889
1618280 895
1618290 900
1618300 900
1618310 905
1618320 909
1618330 909
1618340 914
1618350 919
1618360 919
1618370 924
1618380 929
1618390 929
1618400 933
1618410 936
1618420 936
1618430 939
1618440 942
1618450 942
1618460 946
1618470 950
1618480 950
1618490 954
1618500 958
1618510 958
1618520 963
1618530 969
1618540 969
1618550 975
1618560 981
1618570 981
1618580 986
1618590 992
1618600 992
1618610 997
1618620 1003
1618630 1008
1618640 1008
1618650 1013
1618660 1019
1618670 1019
1618680 1025
1618690 1031
1618700 1031
1618710 1037
1618720 1044
1618730 1044
1618740 1048
1618750 1055
1618760 1055
1618770 1061
1618780 1068
1618790 1068
1618800 1074
1618810 1080
1618820 1080
1618830 1087
1618840 1093
1618850 1093
1618860 1099
1618870 1104
1618880 1104
1618890 1110
1618900 1117
1618910 1117
1618920 1124
1618930 1131
1618940 1131
1618950 1141
1618960 1152
1618970 1152
1618980 1163
1618990 1175
1619000 1175
1619010 1188
1619020 1198
1619030 1198
1619040 1200
1619050 1203
1619060 1203
1619070 1207
1619080 1211
1619090 1211
1619100 1215
1619110 1218
1619120 1218
1619130 1221
1619140 1223
1619150 1223
1619160 1223
1619170 1220
1619180 1215
1619190 1215
1619200 1210
1619210 1203
1619220 1203
1619230 1196
1619240 1189
1619250 1189
1619260 1182
1619270 1175
1619280 1175
1619290 1169
1619300 1162
1619310 1162
1619320 1156
1619330 1150
1619340 1150
1619350 1145
1619360 1139
1619370 1139
1619380 1134
1619390 1129
1619400 1129
1619410 1125
1619420 1120
1619430 1120
1619440 1116
1619450 1113
1619460 1113
1619470 1112
1619480 1113
1619490 1113
1619500 1114
1619510 1112
1619520 1112
1619530 1110
1619540 1108
1619550 1108
1619560 1107
1619570 1107
1619580 1107
1619590 1107
1619600 1106
1619610 1106
1619620 1106
1619630 1113
1619640 1113
1619650 1115
1619660 1116
1619670 1116
1619680 1116
1619690 1115
1619700 1114
1619710 1114
1619720 1114
1619730 1115
1619740 1115
1619750 1116
1619760 1118
1619770 1118
1619780 1120
1619790 1122
1619800 1122
1619810 1125
1619820 1129
1619830 1129
1619840 1131
1619850 1133
1619860 1133
1619870 1137
1619880 1141
1619890 1141
1619900 1144
1619910 1147
1619920 1147
1619930 1147
1619940 1144
1619950 1144
1619960 1142
1619970 1141
1619980 1141
1619990 1143
