1600000 962
1600010 960
1600020 960
1600030 958
1600040 956
1600050 956
1600060 953
1600070 950
1600080 950
1600090 945
1600100 939
1600110 939
1600120 934
1600130 928
1600140 928
1600150 923
1600160 921
1600170 921
1600180 919
1600190 918
1600200 918
1600210 916
1600220 915
1600230 915
1600240 913
1600250 911
1600260 911
1600270 910
1600280 910
1600290 910
1600300 909
1600310 907
1600320 907
1600330 901
1600340 890
1600350 890
1600360 880
1600370 873
1600380 873
1600390 866
1600400 860
1600410 860
1600420 855
1600430 849
1600440 849
1600450 843
1600460 836
1600470 836
1600480 830
1600490 824
1600500 824
1600510 818
1600520 812
1600530 808
1600540 808
1600550 815
1600560 813
1600570 813
1600580 809
1600590 800
1600600 800
1600610 791
1600620 780
1600630 780
1600640 771
1600650 763
1600660 763
1600670 755
1600680 749
1600690 749
1600700 744
1600710 739
1600720 739
1600730 734
1600740 728
1600750 728
1600760 723
1600770 717
1600780 717
1600790 713
1600800 710
1600810 710
1600820 706
1600830 703
1600840 703
1600850 699
1600860 695
1600870 695
1600880 690
1600890 686
1600900 686
1600910 682
1600920 678
1600930 678
1600940 675
1600950 671
1600960 671
1600970 668
1600980 665
1600990 665
1601000 663
1601010 661
1601020 661
1601030 659
1601040 656
1601050 656
1601060 655
1601070 653
1601080 652
1601090 652
1601100 652
1601110 651
1601120 651
1601130 650
1601140 650
1601150 650
1601160 650
1601170 650
1601180 650
1601190 650
1601200 650
1601210 650
1601220 649
1601230 648
1601240 648
1601250 647
1601260 647
1601270 647
1601280 647
1601290 646
1601300 646
1601310 646
1601320 646
1601330 646
1601340 645
1601350 646
1601360 646
1601370 646
1601380 647
1601390 647
1601400 648
1601410 650
1601420 650
1601430 651
1601440 651
1601450 651
1601460 652
1601470 652
1601480 652
1601490 652
1601500 651
1601510 651
1601520 651
1601530 651
1601540 651
1601550 650
1601560 648
1601570 648
1601580 646
1601590 644
1601600 644
1601610 643
1601620 642
1601630 640
1601640 640
1601650 643
1601660 641
1601670 641
1601680 639
1601690 638
1601700 638
1601710 638
1601720 638
1601730 638
1601740 637
1601750 637
1601760 637
1601770 636
1601780 636
1601790 636
1601800 636
1601810 637
1601820 637
1601830 638
1601840 638
1601850 638
1601860 639
1601870 639
1601880 639
1601890 639
1601900 639
1601910 639
1601920 639
1601930 640
1601940 640
1601950 641
1601960 642
1601970 642
1601980 643
1601990 643
1602000 643
1602010 643
1602020 643
1602030 643
1602040 644
1602050 646
1602060 646
1602070 648
1602080 649
1602090 649
1602100 651
1602110 653
1602120 653
1602130 654
1602140 656
1602150 659
1602160 659
1602170 662
1602180 664
1602190 664
1602200 668
1602210 670
1602220 670
1602230 673
1602240 675
1602250 675
1602260 675
1602270 675
1602280 675
1602290 674
1602300 672
1602310 672
1602320 670
1602330 668
1602340 668
1602350 666
1602360 665
1602370 665
1602380 664
1602390 661
1602400 661
1602410 657
1602420 651
1602430 651
1602440 644
1602450 638
1602460 638
1602470 638
1602480 643
1602490 643
1602500 646
1602510 653
1602520 653
1602530 660
1602540 667
1602550 667
1602560 673
1602570 680
1602580 680
1602590 686
1602600 691
1602610 691
1602620 694
1602630 699
1602640 699
1602650 714
1602660 722
1602670 722
1602680 725
1602690 728
1602700 731
1602710 731
1602720 732
1602730 732
1602740 732
1602750 741
1602760 741
1602770 741
1602780 741
1602790 740
1602800 740
1602810 740
1602820 740
1602830 740
1602840 744
1602850 749
1602860 749
1602870 755
1602880 762
1602890 762
1602900 769
1602910 775
1602920 775
1602930 781
1602940 787
1602950 787
1602960 794
1602970 800
1602980 800
1602990 806
1603000 813
1603010 813
1603020 820
1603030 827
1603040 827
1603050 833
1603060 839
1603070 839
1603080 845
1603090 850
1603100 850
1603110 856
1603120 863
1603130 863
1603140 869
1603150 875
1603160 875
1603170 882
1603180 888
1603190 888
1603200 895
1603210 902
1603220 902
1603230 909
1603240 915
1603250 923
1603260 923
1603270 930
1603280 937
1603290 937
1603300 945
1603310 953
1603320 953
1603330 961
1603340 970
1603350 970
1603360 977
1603370 984
1603380 984
1603390 990
1603400 996
1603410 996
1603420 999
1603430 999
1603440 999
1603450 998
1603460 996
1603470 996
1603480 996
1603490 997
1603500 997
1603510 996
1603520 996
1603530 996
1603540 999
1603550 1004
1603560 1004
1603570 1007
1603580 1006
1603590 1006
1603600 1004
1603610 1004
1603620 1004
1603630 1007
1603640 1013
1603650 1013
1603660 1017
1603670 1020
1603680 1020
1603690 1021
1603700 1023
1603710 1023
1603720 1026
1603730 1031
1603740 1031
1603750 1037
1603760 1041
1603770 1041
1603780 1047
1603790 1053
1603800 1058
1603810 1058
1603820 1060
1603830 1069
1603840 1069
1603850 1067
1603860 1065
1603870 1065
1603880 1067
1603890 1071
1603900 1071
1603910 1074
1603920 1078
1603930 1078
1603940 1082
1603950 1086
1603960 1086
1603970 1095
1603980 1115
1603990 1115
1604000 1119
1604010 1115
1604020 1115
1604030 1105
1604040 1098
1604050 1098
1604060 1095
1604070 1094
1604080 1094
1604090 1092
1604100 1091
1604110 1091
1604120 1092
1604130 1094
1604140 1094
1604150 1097
1604160 1104
1604170 1104
1604180 1113
1604190 1123
1604200 1123
1604210 1131
1604220 1137
1604230 1137
1604240 1142
1604250 1145
1604260 1145
1604270 1148
1604280 1151
1604290 1151
1604300 1154
1604310 1156
1604320 1159
1604330 1159
1604340 1161
1604350 1164
1604360 1164
1604370 1166
1604380 1169
1604390 1169
1604400 1172
1604410 1174
1604420 1174
1604430 1176
1604440 1178
1604450 1178
1604460 1180
1604470 1181
1604480 1181
1604490 1182
1604500 1182
1604510 1182
1604520 1184
1604530 1185
1604540 1185
1604550 1187
1604560 1188
1604570 1188
1604580 1189
1604590 1190
1604600 1190
1604610 1191
1604620 1191
1604630 1191
1604640 1192
1604650 1192
1604660 1192
1604670 1193
1604680 1193
1604690 1193
1604700 1194
1604710 1194
1604720 1194
1604730 1195
1604740 1197
1604750 1197
1604760 1198
1604770 1199
1604780 1199
1604790 1200
1604800 1201
1604810 1201
1604820 1203
1604830 1204
1604840 1204
1604850 1205
1604860 1206
1604870 1207
1604880 1207
1604890 1208
1604900 1212
1604910 1212
1604920 1213
1604930 1213
1604940 1213
1604950 1214
1604960 1215
1604970 1215
1604980 1216
1604990 1215
1605000 1215
1605010 1214
1605020 1214
1605030 1214
1605040 1214
1605050 1214
1605060 1214
1605070 1215
1605080 1217
1605090 1217
1605100 1219
1605110 1221
1605120 1221
1605130 1222
1605140 1225
1605150 1225
1605160 1227
1605170 1230
1605180 1230
1605190 1232
1605200 1235
1605210 1235
1605220 1237
1605230 1238
1605240 1238
1605250 1240
1605260 1241
1605270 1241
1605280 1243
1605290 1245
1605300 1245
1605310 1248
1605320 1250
1605330 1250
1605340 1252
1605350 1255
1605360 1255
1605370 1257
1605380 1258
1605390 1258
1605400 1259
1605410 1260
1605420 1262
1605430 1262
1605440 1263
1605450 1265
1605460 1265
1605470 1266
1605480 1267
1605490 1267
1605500 1269
1605510 1271
1605520 1271
1605530 1272
1605540 1273
1605550 1273
1605560 1274
1605570 1276
1605580 1276
1605590 1277
1605600 1278
1605610 1278
1605620 1278
1605630 1279
1605640 1279
1605650 1281
1605660 1283
1605670 1283
1605680 1284
1605690 1285
1605700 1285
1605710 1286
1605720 1286
1605730 1286
1605740 1287
1605750 1288
1605760 1288
1605770 1288
1605780 1288
1605790 1288
1605800 1285
1605810 1276
1605820 1276
1605830 1264
1605840 1253
1605850 1253
1605860 1242
1605870 1231
1605880 1231
1605890 1221
1605900 1213
1605910 1213
1605920 1205
1605930 1198
1605940 1198
1605950 1192
1605960 1187
1605970 1186
1605980 1186
1605990 1182
1606000 1178
1606010 1178
1606020 1177
1606030 1177
1606040 1177
1606050 1174
1606060 1173
1606070 1173
1606080 1167
1606090 1164
1606100 1164
1606110 1165
1606120 1158
1606130 1158
1606140 1161
1606150 1162
1606160 1162
1606170 1166
1606180 1168
1606190 1168
1606200 1168
1606210 1167
1606220 1167
1606230 1166
1606240 1161
1606250 1161
1606260 1153
1606270 1154
1606280 1154
1606290 1155
1606300 1151
1606310 1151
1606320 1149
1606330 1153
1606340 1153
1606350 1157
1606360 1161
1606370 1161
1606380 1165
1606390 1169
1606400 1169
1606410 1173
1606420 1176
1606430 1176
1606440 1179
1606450 1181
1606460 1181
1606470 1183
1606480 1185
1606490 1186
1606500 1186
1606510 1187
1606520 1187
1606530 1187
1606540 1187
1606550 1186
1606560 1186
1606570 1185
1606580 1182
1606590 1182
1606600 1179
1606610 1175
1606620 1175
1606630 1172
1606640 1169
1606650 1169
1606660 1165
1606670 1161
1606680 1161
1606690 1157
1606700 1154
1606710 1154
1606720 1151
1606730 1145
1606740 1145
1606750 1141
1606760 1137
1606770 1137
1606780 1133
1606790 1128
1606800 1128
1606810 1121
1606820 1114
1606830 1114
1606840 1108
1606850 1101
1606860 1101
1606870 1094
1606880 1087
1606890 1087
1606900 1080
1606910 1073
1606920 1073
1606930 1065
1606940 1059
1606950 1059
1606960 1055
1606970 1053
1606980 1053
1606990 1053
1607000 1055
1607010 1055
1607020 1062
1607030 1067
1607040 1072
1607050 1072
1607060 1075
1607070 1078
1607080 1078
1607090 1082
1607100 1085
1607110 1085
1607120 1087
1607130 1089
1607140 1089
1607150 1091
1607160 1093
1607170 1093
1607180 1096
1607190 1101
1607200 1101
1607210 1107
1607220 1114
1607230 1114
1607240 1120
1607250 1126
1607260 1126
1607270 1132
1607280 1138
1607290 1138
1607300 1144
1607310 1150
1607320 1150
1607330 1156
1607340 1161
1607350 1161
1607360 1166
1607370 1171
1607380 1171
1607390 1175
1607400 1180
1607410 1180
1607420 1183
1607430 1183
1607440 1183
1607450 1180
1607460 1174
1607470 1174
1607480 1169
1607490 1165
1607500 1165
1607510 1161
1607520 1157
1607530 1157
1607540 1152
1607550 1147
1607560 1147
1607570 1145
1607580 1141
1607590 1136
1607600 1136
1607610 1134
1607620 1133
1607630 1133
1607640 1133
1607650 1130
1607660 1130
1607670 1125
1607680 1118
1607690 1118
1607700 1113
1607710 1106
1607720 1106
1607730 1100
1607740 1096
1607750 1096
1607760 1100
1607770 1100
1607780 1100
1607790 1095
1607800 1088
1607810 1088
1607820 1081
1607830 1076
1607840 1076
1607850 1073
1607860 1072
1607870 1072
1607880 1067
1607890 1058
1607900 1058
1607910 1045
1607920 1031
1607930 1031
1607940 1016
1607950 1007
1607960 1007
1607970 999
1607980 997
1607990 997
1608000 999
1608010 998
1608020 998
1608030 995
1608040 992
1608050 992
1608060 986
1608070 985
1608080 985
1608090 982
1608100 978
1608110 973
1608120 973
1608130 977
1608140 983
1608150 983
1608160 988
1608170 994
1608180 994
1608190 997
1608200 996
1608210 996
1608220 998
1608230 1001
1608240 1001
1608250 1005
1608260 1010
1608270 1010
1608280 1016
1608290 1019
1608300 1019
1608310 1015
1608320 1011
1608330 1011
1608340 1007
1608350 1004
1608360 1004
1608370 1003
1608380 1008
1608390 1008
1608400 1013
1608410 1020
1608420 1020
1608430 1026
1608440 1031
1608450 1031
1608460 1033
1608470 1024
1608480 1024
1608490 1015
1608500 1005
1608510 1005
1608520 997
1608530 988
1608540 988
1608550 980
1608560 972
1608570 972
1608580 965
1608590 957
1608600 957
1608610 948
1608620 938
1608630 938
1608640 934
1608650 930
1608660 923
1608670 923
1608680 917
1608690 912
1608700 912
1608710 905
1608720 898
1608730 898
1608740 891
1608750 883
1608760 883
1608770 875
1608780 866
1608790 866
1608800 858
1608810 850
1608820 850
1608830 841
1608840 832
1608850 832
1608860 823
1608870 815
1608880 815
1608890 808
1608900 800
1608910 800
1608920 793
1608930 787
1608940 787
1608950 780
1608960 774
1608970 774
1608980 769
1608990 763
1609000 763
1609010 751
1609020 739
1609030 739
1609040 733
1609050 734
1609060 734
1609070 737
1609080 740
1609090 740
1609100 744
1609110 754
1609120 754
1609130 753
1609140 748
1609150 748
1609160 740
1609170 733
1609180 733
1609190 736
1609200 741
1609210 746
1609220 746
1609230 751
1609240 757
1609250 757
1609260 763
1609270 768
1609280 768
1609290 768
1609300 765
1609310 765
1609320 761
1609330 758
1609340 758
1609350 761
1609360 766
1609370 766
1609380 769
1609390 772
1609400 772
1609410 770
1609420 767
1609430 767
1609440 764
1609450 767
1609460 767
1609470 772
1609480 776
1609490 776
1609500 779
1609510 781
1609520 781
1609530 781
1609540 784
1609550 784
1609560 788
1609570 793
1609580 793
1609590 797
1609600 801
1609610 801
1609620 805
1609630 803
1609640 803
1609650 794
1609660 785
1609670 785
1609680 775
1609690 766
1609700 766
1609710 757
1609720 749
1609730 749
1609740 742
1609750 741
1609760 741
1609770 741
1609780 740
1609790 736
1609800 736
1609810 732
1609820 728
1609830 728
1609840 725
1609850 720
1609860 720
1609870 721
1609880 723
1609890 723
1609900 722
1609910 716
1609920 716
1609930 713
1609940 713
1609950 713
1609960 720
1609970 727
1609980 727
1609990 733
1610000 739
1610010 739
1610020 744
1610030 750
1610040 750
1610050 755
1610060 760
1610070 760
1610080 765
1610090 769
1610100 769
1610110 772
1610120 775
1610130 782
1610140 786
1610150 788
1610160 788
1610170 787
1610180 781
1610190 781
1610200 774
1610210 768
1610220 768
1610230 763
1610240 761
1610250 761
1610260 760
1610270 759
1610280 759
1610290 756
1610300 752
1610310 748
1610320 748
1610330 745
1610340 743
1610350 743
1610360 741
1610370 744
1610380 744
1610390 750
1610400 757
1610410 757
1610420 763
1610430 769
1610440 769
1610450 775
1610460 779
1610470 779
1610480 784
1610490 788
1610500 788
1610510 791
1610520 789
1610530 789
1610540 784
1610550 777
1610560 777
1610570 770
1610580 765
1610590 765
1610600 761
1610610 758
1610620 758
1610630 758
1610640 758
1610650 758
1610660 760
1610670 762
1610680 762
1610690 762
1610700 761
1610710 761
1610720 762
1610730 766
1610740 766
1610750 770
1610760 771
1610770 771
1610780 764
1610790 754
1610800 754
1610810 745
1610820 737
1610830 729
1610840 729
1610850 722
1610860 715
1610870 715
1610880 708
1610890 701
1610900 701
1610910 691
1610920 681
1610930 681
1610940 672
1610950 663
1610960 663
1610970 652
1610980 643
1610990 643
1611000 634
1611010 627
1611020 627
1611030 620
1611040 614
1611050 614
1611060 606
1611070 600
1611080 600
1611090 594
1611100 589
1611110 589
1611120 583
1611130 577
1611140 577
1611150 577
1611160 569
1611170 569
1611180 560
1611190 552
1611200 552
1611210 544
1611220 536
1611230 536
1611240 529
1611250 520
1611260 520
1611270 509
1611280 498
1611290 498
1611300 492
1611310 488
1611320 488
1611330 487
1611340 488
1611350 488
1611360 492
1611370 497
1611380 504
1611390 504
1611400 511
1611410 519
1611420 519
1611430 527
1611440 536
1611450 536
1611460 544
1611470 550
1611480 550
1611490 554
1611500 558
1611510 558
1611520 563
1611530 568
1611540 568
1611550 571
1611560 576
1611570 576
1611580 578
1611590 581
1611600 581
1611610 584
1611620 588
1611630 588
1611640 591
1611650 595
1611660 595
1611670 598
1611680 601
1611690 601
1611700 604
1611710 608
1611720 608
1611730 611
1611740 615
1611750 615
1611760 619
1611770 623
1611780 623
1611790 626
1611800 630
1611810 630
1611820 633
1611830 636
1611840 636
1611850 639
1611860 642
1611870 642
1611880 646
1611890 649
1611900 649
1611910 652
1611920 653
1611930 653
1611940 653
1611950 653
1611960 652
1611970 652
1611980 653
1611990 655
1612000 655
1612010 658
1612020 663
1612030 663
1612040 671
1612050 677
1612060 677
1612070 681
1612080 686
1612090 686
1612100 690
1612110 694
1612120 694
1612130 698
1612140 702
1612150 702
1612160 704
1612170 715
1612180 715
1612190 717
1612200 720
1612210 720
1612220 723
1612230 727
1612240 727
1612250 729
1612260 730
1612270 730
1612280 731
1612290 733
1612300 733
1612310 735
1612320 738
1612330 738
1612340 740
1612350 742
1612360 742
1612370 744
1612380 744
1612390 744
1612400 746
1612410 749
1612420 749
1612430 754
1612440 758
1612450 758
1612460 763
1612470 768
1612480 774
1612490 774
1612500 779
1612510 784
1612520 784
1612530 789
1612540 793
1612550 793
1612560 797
1612570 800
1612580 800
1612590 804
1612600 807
1612610 807
1612620 810
1612630 813
1612640 813
1612650 816
1612660 818
1612670 818
1612680 821
1612690 823
1612700 823
1612710 825
1612720 827
1612730 827
1612740 829
1612750 832
1612760 832
1612770 836
1612780 839
1612790 839
1612800 841
1612810 842
1612820 842
1612830 843
1612840 844
1612850 844
1612860 845
1612870 846
1612880 846
1612890 846
1612900 847
1612910 847
1612920 848
1612930 850
1612940 850
1612950 851
1612960 852
1612970 852
1612980 853
1612990 854
1613000 855
1613010 855
1613020 855
1613030 856
1613040 856
1613050 857
1613060 858
1613070 858
1613080 861
1613090 863
1613100 863
1613110 865
1613120 867
1613130 867
1613140 868
1613150 871
1613160 871
1613170 869
1613180 871
1613190 871
1613200 872
1613210 873
1613220 873
1613230 870
1613240 867
1613250 867
1613260 864
1613270 862
1613280 862
1613290 861
1613300 861
1613310 861
1613320 863
1613330 865
1613340 865
1613350 868
1613360 872
1613370 872
1613380 877
1613390 883
1613400 883
1613410 887
1613420 888
1613430 888
1613440 887
1613450 887
1613460 887
1613470 886
1613480 886
1613490 886
1613500 886
1613510 885
1613520 885
1613530 885
1613540 885
1613550 885
1613560 885
1613570 885
1613580 885
1613590 885
1613600 885
1613610 888
1613620 888
1613630 889
1613640 890
1613650 890
1613660 890
1613670 889
1613680 889
1613690 888
1613700 886
1613710 886
1613720 884
1613730 882
1613740 882
1613750 879
1613760 878
1613770 878
1613780 877
1613790 875
1613800 875
1613810 874
1613820 873
1613830 873
1613840 871
1613850 870
1613860 870
1613870 868
1613880 866
1613890 866
1613900 863
1613910 861
1613920 861
1613930 857
1613940 854
1613950 854
1613960 851
1613970 848
1613980 848
1613990 846
1614000 843
1614010 843
1614020 840
1614030 838
1614040 838
1614050 835
1614060 833
1614070 833
1614080 829
1614090 828
1614100 829
1614110 829
1614120 828
1614130 828
1614140 828
1614150 828
1614160 827
1614170 827
1614180 827
1614190 826
1614200 826
1614210 825
1614220 822
1614230 822
1614240 819
1614250 815
1614260 815
1614270 811
1614280 807
1614290 807
1614300 803
1614310 798
1614320 798
1614330 797
1614340 798
1614350 798
1614360 802
1614370 807
1614380 807
1614390 810
1614400 812
1614410 812
1614420 812
1614430 812
1614440 812
1614450 810
1614460 806
1614470 806
1614480 799
1614490 794
1614500 794
1614510 795
1614520 797
1614530 797
1614540 799
1614550 800
1614560 800
1614570 802
1614580 803
1614590 803
1614600 804
1614610 806
1614620 806
1614630 807
1614640 809
1614650 810
1614660 810
1614670 811
1614680 813
1614690 813
1614700 815
1614710 817
1614720 817
1614730 820
1614740 822
1614750 822
1614760 824
1614770 826
1614780 826
1614790 828
1614800 828
1614810 828
1614820 827
1614830 825
1614840 825
1614850 822
1614860 820
1614870 820
1614880 819
1614890 820
1614900 820
1614910 821
1614920 822
1614930 822
1614940 823
1614950 824
1614960 824
1614970 826
1614980 827
1614990 827
1615000 828
1615010 829
1615020 829
1615030 831
1615040 832
1615050 832
1615060 832
1615070 830
1615080 830
1615090 828
1615100 827
1615110 827
1615120 826
1615130 826
1615140 826
1615150 826
1615160 825
1615170 824
1615180 824
1615190 823
1615200 822
1615210 822
1615220 821
1615230 820
1615240 820
1615250 818
1615260 817
1615270 817
1615280 815
1615290 813
1615300 813
1615310 812
1615320 811
1615330 811
1615340 809
1615350 808
1615360 808
1615370 807
1615380 805
1615390 805
1615400 803
1615410 801
1615420 801
1615430 799
1615440 796
1615450 796
1615460 794
1615470 792
1615480 792
1615490 789
1615500 786
1615510 786
1615520 783
1615530 779
1615540 779
1615550 776
1615560 772
1615570 772
1615580 768
1615590 765
1615600 765
1615610 762
1615620 759
1615630 759
1615640 756
1615650 754
1615660 754
1615670 754
1615680 754
1615690 754
1615700 755
1615710 757
1615720 757
1615730 757
1615740 754
1615750 749
1615760 749
1615770 743
1615780 737
1615790 737
1615800 732
1615810 727
1615820 727
1615830 722
1615840 717
1615850 717
1615860 711
1615870 706
1615880 706
1615890 701
1615900 696
1615910 696
1615920 691
1615930 687
1615940 687
1615950 683
1615960 680
1615970 680
1615980 682
1615990 687
1616000 687
1616010 691
1616020 695
1616030 695
1616040 700
1616050 704
1616060 704
1616070 709
1616080 715
1616090 715
1616100 721
1616110 726
1616120 726
1616130 728
1616140 731
1616150 731
1616160 736
1616170 737
1616180 737
1616190 739
1616200 742
1616210 742
1616220 749
1616230 757
1616240 757
1616250 765
1616260 771
1616270 778
1616280 778
1616290 785
1616300 792
1616310 792
1616320 799
1616330 805
1616340 805
1616350 811
1616360 816
1616370 816
1616380 822
1616390 828
1616400 828
1616410 834
1616420 840
1616430 840
1616440 846
1616450 852
1616460 852
1616470 858
1616480 864
1616490 864
1616500 870
1616510 876
1616520 876
1616530 882
1616540 888
1616550 888
1616560 895
1616570 901
1616580 901
1616590 906
1616600 911
1616610 911
1616620 912
1616630 907
1616640 907
1616650 902
1616660 892
1616670 892
1616680 883
1616690 875
1616700 875
1616710 867
1616720 859
1616730 859
1616740 851
1616750 843
1616760 843
1616770 836
1616780 829
1616790 822
1616800 822
1616810 816
1616820 810
1616830 810
1616840 805
1616850 799
1616860 799
1616870 792
1616880 786
1616890 786
1616900 781
1616910 776
1616920 776
1616930 770
1616940 762
1616950 762
1616960 752
1616970 743
1616980 743
1616990 738
1617000 733
1617010 733
1617020 728
1617030 724
1617040 724
1617050 719
1617060 715
1617070 715
1617080 713
1617090 711
1617100 711
1617110 708
1617120 705
1617130 705
1617140 700
1617150 695
1617160 695
1617170 697
1617180 704
1617190 704
1617200 709
1617210 713
1617220 713
1617230 715
1617240 719
1617250 719
1617260 720
1617270 720
1617280 720
1617290 723
1617300 727
1617310 727
1617320 730
1617330 734
1617340 738
1617350 738
1617360 743
1617370 750
1617380 750
1617390 759
1617400 767
1617410 767
1617420 776
1617430 785
1617440 785
1617450 792
1617460 794
1617470 794
1617480 795
1617490 796
1617500 796
1617510 798
1617520 801
1617530 801
1617540 805
1617550 809
1617560 809
1617570 813
1617580 817
1617590 817
1617600 821
1617610 826
1617620 826
1617630 831
1617640 835
1617650 835
1617660 839
1617670 843
1617680 843
1617690 845
1617700 845
1617710 845
1617720 841
1617730 838
1617740 838
1617750 834
1617760 829
1617770 829
1617780 824
1617790 820
1617800 820
1617810 816
1617820 812
1617830 812
1617840 808
1617850 804
1617860 804
1617870 796
1617880 789
1617890 783
1617900 783
1617910 778
1617920 772
1617930 772
1617940 767
1617950 763
1617960 763
1617970 758
1617980 755
1617990 755
1618000 755
1618010 753
1618020 753
1618030 751
1618040 751
1618050 751
1618060 751
1618070 747
1618080 747
1618090 748
1618100 749
1618110 749
1618120 750
1618130 750
1618140 750
1618150 749
1618160 747
1618170 747
1618180 745
1618190 742
1618200 742
1618210 738
1618220 734
1618230 734
1618240 730
1618250 724
1618260 724
1618270 716
1618280 707
1618290 707
1618300 698
1618310 691
1618320 691
1618330 683
1618340 676
1618350 676
1618360 670
1618370 665
1618380 665
1618390 659
1618400 654
1618410 650
1618420 650
1618430 652
1618440 656
1618450 656
1618460 660
1618470 665
1618480 665
1618490 669
1618500 675
1618510 675
1618520 684
1618530 696
1618540 696
1618550 703
1618560 698
1618570 698
1618580 695
1618590 692
1618600 692
1618610 692
1618620 693
1618630 693
1618640 694
1618650 695
1618660 695
1618670 697
1618680 699
1618690 699
1618700 700
1618710 701
1618720 701
1618730 703
1618740 705
1618750 705
1618760 707
1618770 708
1618780 708
1618790 710
1618800 711
1618810 711
1618820 713
1618830 714
1618840 714
1618850 715
1618860 718
1618870 718
1618880 720
1618890 721
1618900 721
1618910 724
1618920 726
1618930 726
1618940 727
1618950 726
1618960 722
1618970 722
1618980 722
1618990 724
1619000 724
1619010 727
1619020 731
1619030 731
1619040 734
1619050 736
1619060 736
1619070 741
1619080 745
1619090 745
1619100 746
1619110 745
1619120 745
1619130 744
1619140 746
1619150 746
1619160 750
1619170 754
1619180 754
1619190 758
1619200 763
1619210 763
1619220 765
1619230 765
1619240 765
1619250 765
1619260 764
1619270 764
1619280 767
1619290 774
1619300 774
1619310 781
1619320 787
1619330 787
1619340 793
1619350 799
1619360 799
1619370 805
1619380 812
1619390 812
1619400 819
1619410 825
1619420 825
1619430 829
1619440 833
1619450 833
1619460 837
1619470 842
1619480 842
1619490 845
1619500 847
1619510 851
1619520 851
1619530 854
1619540 856
1619550 856
1619560 858
1619570 860
1619580 860
1619590 862
1619600 865
1619610 865
1619620 867
1619630 868
1619640 868
1619650 871
1619660 874
1619670 874
1619680 876
1619690 879
1619700 879
1619710 882
1619720 887
1619730 887
1619740 890
1619750 892
1619760 892
1619770 893
1619780 896
1619790 896
1619800 901
1619810 905
1619820 905
1619830 909
1619840 914
1619850 914
1619860 918
1619870 922
1619880 922
1619890 927
1619900 930
1619910 930
1619920 933
1619930 937
1619940 937
1619950 940
1619960 944
1619970 944
1619980 947
1619990 951
