1600000 1036
1600010 1032
1600020 1028
1600030 1028
1600040 1024
1600050 1020
1600060 1020
1600070 1017
1600080 1014
1600090 1019
1600100 1016
1600110 1013
1600120 1013
1600130 1011
1600140 1008
1600150 1008
1600160 1005
1600170 1003
1600180 1003
1600190 1000
1600200 997
1600210 997
1600220 994
1600230 992
1600240 992
1600250 990
1600260 987
1600270 987
1600280 985
1600290 983
1600300 983
1600310 980
1600320 977
1600330 977
1600340 976
1600350 974
1600360 974
1600370 973
1600380 971
1600390 971
1600400 969
1600410 967
1600420 967
1600430 965
1600440 964
1600450 964
1600460 963
1600470 961
1600480 961
1600490 960
1600500 958
1600510 958
1600520 958
1600530 958
1600540 957
1600550 957
1600560 956
1600570 956
1600580 956
1600590 956
1600600 956
1600610 956
1600620 957
1600630 957
1600640 957
1600650 958
1600660 957
1600670 957
1600680 956
1600690 956
1600700 956
1600710 955
1600720 954
1600730 954
1600740 956
1600750 958
1600760 958
1600770 960
1600780 963
1600790 963
1600800 966
1600810 969
1600820 969
1600830 971
1600840 973
1600850 973
1600860 975
1600870 974
1600880 974
1600890 971
1600900 968
1600910 968
1600920 966
1600930 964
1600940 964
1600950 962
1600960 959
1600970 959
1600980 954
1600990 944
1601000 944
1601010 915
1601020 873
1601030 873
1601040 852
1601050 840
1601060 818
1601070 818
1601080 800
1601090 787
1601100 787
1601110 778
1601120 768
1601130 768
1601140 758
1601150 745
1601160 745
1601170 730
1601180 721
1601190 721
1601200 712
1601210 705
1601220 705
1601230 697
1601240 689
1601250 689
1601260 681
1601270 674
1601280 674
1601290 667
1601300 660
1601310 660
1601320 652
1601330 644
1601340 644
1601350 637
1601360 630
1601370 630
1601380 623
1601390 617
1601400 617
1601410 611
1601420 605
1601430 605
1601440 598
1601450 595
1601460 595
1601470 599
1601480 605
1601490 605
1601500 613
1601510 620
1601520 620
1601530 627
1601540 635
1601550 635
1601560 643
1601570 651
1601580 651
1601590 659
1601600 667
1601610 667
1601620 675
1601630 685
1601640 700
1601650 700
1601660 713
1601670 722
1601680 722
1601690 734
1601700 748
1601710 748
1601720 766
1601730 781
1601740 781
1601750 792
1601760 801
1601770 801
1601780 810
1601790 819
1601800 819
1601810 829
1601820 837
1601830 837
1601840 844
1601850 849
1601860 849
1601870 854
1601880 860
1601890 860
1601900 865
1601910 870
1601920 870
1601930 876
1601940 883
1601950 883
1601960 889
1601970 896
1601980 896
1601990 903
1602000 910
1602010 910
1602020 916
1602030 924
1602040 924
1602050 931
1602060 940
1602070 940
1602080 949
1602090 957
1602100 957
1602110 964
1602120 973
1602130 973
1602140 981
1602150 988
1602160 988
1602170 994
1602180 998
1602190 1000
1602200 1000
1602210 1004
1602220 1008
1602230 1008
1602240 1012
1602250 1017
1602260 1017
1602270 1021
1602280 1025
1602290 1025
1602300 1032
1602310 1037
1602320 1037
1602330 1043
1602340 1047
1602350 1047
1602360 1051
1602370 1056
1602380 1056
1602390 1060
1602400 1065
1602410 1065
1602420 1069
1602430 1072
1602440 1072
1602450 1075
1602460 1077
1602470 1077
1602480 1080
1602490 1086
1602500 1086
1602510 1099
1602520 1105
1602530 1105
1602540 1109
1602550 1110
1602560 1110
1602570 1104
1602580 1098
1602590 1098
1602600 1095
1602610 1094
1602620 1094
1602630 1094
1602640 1095
1602650 1095
1602660 1098
1602670 1100
1602680 1100
1602690 1104
1602700 1107
1602710 1107
1602720 1111
1602730 1115
1602740 1120
1602750 1120
1602760 1124
1602770 1129
1602780 1129
1602790 1134
1602800 1142
1602810 1142
1602820 1148
1602830 1150
1602840 1150
1602850 1151
1602860 1151
1602870 1151
1602880 1152
1602890 1152
1602900 1152
1602910 1152
1602920 1153
1602930 1153
1602940 1153
1602950 1154
1602960 1154
1602970 1154
1602980 1150
1602990 1150
1603000 1140
1603010 1131
1603020 1131
1603030 1124
1603040 1118
1603050 1118
1603060 1112
1603070 1106
1603080 1106
1603090 1101
1603100 1096
1603110 1096
1603120 1092
1603130 1089
1603140 1089
1603150 1086
1603160 1084
1603170 1084
1603180 1082
1603190 1080
1603200 1080
1603210 1077
1603220 1075
1603230 1075
1603240 1073
1603250 1071
1603260 1071
1603270 1071
1603280 1072
1603290 1074
1603300 1074
1603310 1077
1603320 1079
1603330 1079
1603340 1082
1603350 1085
1603360 1085
1603370 1087
1603380 1088
1603390 1091
1603400 1092
1603410 1093
1603420 1093
1603430 1093
1603440 1091
1603450 1091
1603460 1089
1603470 1086
1603480 1086
1603490 1084
1603500 1080
1603510 1080
1603520 1077
1603530 1077
1603540 1077
1603550 1078
1603560 1078
1603570 1078
1603580 1078
1603590 1077
1603600 1077
1603610 1076
1603620 1074
1603630 1074
1603640 1071
1603650 1067
1603660 1067
1603670 1063
1603680 1059
1603690 1059
1603700 1057
1603710 1056
1603720 1056
1603730 1054
1603740 1052
1603750 1052
1603760 1049
1603770 1046
1603780 1046
1603790 1042
1603800 1037
1603810 1037
1603820 1031
1603830 1025
1603840 1020
1603850 1020
1603860 1017
1603870 1016
1603880 1016
1603890 1018
1603900 1019
1603910 1019
1603920 1019
1603930 1019
1603940 1019
1603950 1019
1603960 1020
1603970 1020
1603980 1020
1603990 1020
1604000 1020
1604010 1020
1604020 1020
1604030 1020
1604040 1020
1604050 1022
1604060 1022
1604070 1024
1604080 1027
1604090 1027
1604100 1029
1604110 1033
1604120 1033
1604130 1038
1604140 1043
1604150 1043
1604160 1048
1604170 1052
1604180 1052
1604190 1056
1604200 1059
1604210 1059
1604220 1062
1604230 1065
1604240 1065
1604250 1068
1604260 1071
1604270 1071
1604280 1075
1604290 1081
1604300 1081
1604310 1086
1604320 1091
1604330 1091
1604340 1097
1604350 1104
1604360 1104
1604370 1111
1604380 1116
1604390 1122
1604400 1122
1604410 1127
1604420 1132
1604430 1132
1604440 1136
1604450 1140
1604460 1139
1604470 1144
1604480 1147
1604490 1147
1604500 1151
1604510 1154
1604520 1154
1604530 1157
1604540 1160
1604550 1160
1604560 1163
1604570 1166
1604580 1166
1604590 1168
1604600 1170
1604610 1170
1604620 1171
1604630 1172
1604640 1172
1604650 1170
1604660 1166
1604670 1166
1604680 1161
1604690 1157
1604700 1157
1604710 1153
1604720 1149
1604730 1149
1604740 1145
1604750 1141
1604760 1141
1604770 1137
1604780 1132
1604790 1132
1604800 1129
1604810 1125
1604820 1125
1604830 1123
1604840 1121
1604850 1121
1604860 1120
1604870 1119
1604880 1119
1604890 1118
1604900 1118
1604910 1118
1604920 1118
1604930 1118
1604940 1118
1604950 1118
1604960 1119
1604970 1119
1604980 1119
1604990 1120
1605000 1121
1605010 1121
1605020 1122
1605030 1123
1605040 1123
1605050 1123
1605060 1124
1605070 1124
1605080 1124
1605090 1125
1605100 1125
1605110 1125
1605120 1125
1605130 1125
1605140 1125
1605150 1124
1605160 1124
1605170 1123
1605180 1121
1605190 1121
1605200 1120
1605210 1119
1605220 1119
1605230 1119
1605240 1118
1605250 1118
1605260 1117
1605270 1116
1605280 1116
1605290 1114
1605300 1112
1605310 1112
1605320 1111
1605330 1110
1605340 1110
1605350 1109
1605360 1109
1605370 1109
1605380 1108
1605390 1108
1605400 1108
1605410 1107
1605420 1106
1605430 1106
1605440 1106
1605450 1105
1605460 1105
1605470 1103
1605480 1102
1605490 1102
1605500 1100
1605510 1099
1605520 1098
1605530 1099
1605540 1098
1605550 1097
1605560 1097
1605570 1096
1605580 1096
1605590 1096
1605600 1097
1605610 1097
1605620 1097
1605630 1097
1605640 1097
1605650 1097
1605660 1098
1605670 1098
1605680 1098
1605690 1099
1605700 1100
1605710 1100
1605720 1099
1605730 1098
1605740 1098
1605750 1097
1605760 1095
1605770 1095
1605780 1094
1605790 1093
1605800 1093
1605810 1091
1605820 1090
1605830 1090
1605840 1088
1605850 1086
1605860 1086
1605870 1084
1605880 1082
1605890 1082
1605900 1079
1605910 1077
1605920 1077
1605930 1074
1605940 1072
1605950 1072
1605960 1068
1605970 1063
1605980 1063
1605990 1058
1606000 1055
1606010 1055
1606020 1052
1606030 1050
1606040 1050
1606050 1052
1606060 1052
1606070 1052
1606080 1052
1606090 1052
1606100 1053
1606110 1053
1606120 1055
1606130 1056
1606140 1056
1606150 1057
1606160 1057
1606170 1057
1606180 1059
1606190 1061
1606200 1061
1606210 1062
1606220 1064
1606230 1064
1606240 1066
1606250 1069
1606260 1069
1606270 1073
1606280 1076
1606290 1076
1606300 1078
1606310 1079
1606320 1079
1606330 1080
1606340 1082
1606350 1082
1606360 1085
1606370 1086
1606380 1086
1606390 1088
1606400 1089
1606410 1089
1606420 1089
1606430 1090
1606440 1090
1606450 1092
1606460 1093
1606470 1093
1606480 1094
1606490 1094
1606500 1094
1606510 1095
1606520 1096
1606530 1096
1606540 1096
1606550 1095
1606560 1095
1606570 1095
1606580 1099
1606590 1096
1606600 1098
1606610 1097
1606620 1098
1606630 1098
1606640 1102
1606650 1104
1606660 1104
1606670 1105
1606680 1105
1606690 1105
1606700 1106
1606710 1107
1606720 1107
1606730 1108
1606740 1109
1606750 1109
1606760 1110
1606770 1110
1606780 1110
1606790 1112
1606800 1114
1606810 1114
1606820 1115
1606830 1117
1606840 1117
1606850 1119
1606860 1120
1606870 1120
1606880 1122
1606890 1124
1606900 1124
1606910 1125
1606920 1126
1606930 1126
1606940 1127
1606950 1126
1606960 1126
1606970 1127
1606980 1129
1606990 1129
1607000 1127
1607010 1124
1607020 1124
1607030 1125
1607040 1125
1607050 1125
1607060 1125
1607070 1127
1607080 1127
1607090 1129
1607100 1130
1607110 1130
1607120 1130
1607130 1132
1607140 1132
1607150 1133
1607160 1132
1607170 1134
1607180 1134
1607190 1134
1607200 1134
1607210 1134
1607220 1135
1607230 1137
1607240 1137
1607250 1139
1607260 1142
1607270 1142
1607280 1144
1607290 1146
1607300 1146
1607310 1147
1607320 1149
1607330 1149
1607340 1151
1607350 1153
1607360 1153
1607370 1154
1607380 1157
1607390 1157
1607400 1160
1607410 1163
1607420 1163
1607430 1166
1607440 1170
1607450 1170
1607460 1174
1607470 1178
1607480 1178
1607490 1181
1607500 1183
1607510 1183
1607520 1185
1607530 1186
1607540 1186
1607550 1186
1607560 1186
1607570 1186
1607580 1185
1607590 1184
1607600 1184
1607610 1182
1607620 1180
1607630 1180
1607640 1179
1607650 1177
1607660 1177
1607670 1175
1607680 1173
1607690 1173
1607700 1171
1607710 1169
1607720 1166
1607730 1166
1607740 1162
1607750 1158
1607760 1158
1607770 1152
1607780 1146
1607790 1146
1607800 1140
1607810 1133
1607820 1133
1607830 1126
1607840 1119
1607850 1119
1607860 1113
1607870 1108
1607880 1108
1607890 1104
1607900 1099
1607910 1099
1607920 1095
1607930 1091
1607940 1091
1607950 1087
1607960 1084
1607970 1084
1607980 1082
1607990 1077
1608000 1077
1608010 1071
1608020 1066
1608030 1066
1608040 1064
1608050 1062
1608060 1062
1608070 1059
1608080 1052
1608090 1052
1608100 1050
1608110 1054
1608120 1054
1608130 1058
1608140 1059
1608150 1059
1608160 1061
1608170 1062
1608180 1062
1608190 1065
1608200 1065
1608210 1065
1608220 1064
1608230 1063
1608240 1063
1608250 1064
1608260 1064
1608270 1064
1608280 1064
1608290 1063
1608300 1059
1608310 1059
1608320 1055
1608330 1050
1608340 1050
1608350 1044
1608360 1037
1608370 1037
1608380 1029
1608390 1024
1608400 1024
1608410 1019
1608420 1014
1608430 1014
1608440 1009
1608450 1006
1608460 1006
1608470 1003
1608480 999
1608490 999
1608500 995
1608510 990
1608520 990
1608530 985
1608540 982
1608550 982
1608560 979
1608570 977
1608580 977
1608590 974
1608600 970
1608610 970
1608620 965
1608630 960
1608640 960
1608650 954
1608660 948
1608670 948
1608680 941
1608690 936
1608700 936
1608710 933
1608720 931
1608730 931
1608740 928
1608750 925
1608760 925
1608770 923
1608780 918
1608790 918
1608800 912
1608810 907
1608820 907
1608830 901
1608840 895
1608850 892
1608860 892
1608870 888
1608880 883
1608890 883
1608900 880
1608910 876
1608920 876
1608930 871
1608940 867
1608950 867
1608960 863
1608970 861
1608980 861
1608990 859
1609000 857
1609010 857
1609020 856
1609030 856
1609040 856
1609050 856
1609060 856
1609070 856
1609080 854
1609090 850
1609100 850
1609110 845
1609120 840
1609130 840
1609140 840
1609150 844
1609160 844
1609170 846
1609180 849
1609190 849
1609200 852
1609210 855
1609220 855
1609230 857
1609240 858
1609250 858
1609260 859
1609270 858
1609280 858
1609290 859
1609300 860
1609310 860
1609320 860
1609330 862
1609340 862
1609350 864
1609360 866
1609370 866
1609380 867
1609390 869
1609400 872
1609410 872
1609420 876
1609430 881
1609440 881
1609450 887
1609460 892
1609470 892
1609480 898
1609490 902
1609500 902
1609510 907
1609520 912
1609530 912
1609540 917
1609550 921
1609560 921
1609570 925
1609580 929
1609590 929
1609600 933
1609610 937
1609620 937
1609630 942
1609640 946
1609650 946
1609660 948
1609670 949
1609680 949
1609690 952
1609700 954
1609710 946
1609720 947
1609730 947
1609740 947
1609750 948
1609760 949
1609770 949
1609780 950
1609790 953
1609800 953
1609810 954
1609820 951
1609830 951
1609840 946
1609850 939
1609860 939
1609870 933
1609880 929
1609890 929
1609900 928
1609910 927
1609920 927
1609930 925
1609940 923
1609950 922
1609960 922
1609970 922
1609980 917
1609990 917
1610000 911
1610010 907
1610020 907
1610030 903
1610040 897
1610050 897
1610060 888
1610070 882
1610080 882
1610090 878
1610100 876
1610110 876
1610120 869
1610130 860
1610140 860
1610150 849
1610160 840
1610170 840
1610180 832
1610190 823
1610200 823
1610210 817
1610220 810
1610230 810
1610240 804
1610250 798
1610260 798
1610270 794
1610280 791
1610290 791
1610300 788
1610310 784
1610320 784
1610330 779
1610340 774
1610350 774
1610360 770
1610370 765
1610380 765
1610390 762
1610400 758
1610410 758
1610420 753
1610430 747
1610440 747
1610450 741
1610460 736
1610470 736
1610480 731
1610490 726
1610500 721
1610510 721
1610520 716
1610530 711
1610540 711
1610550 706
1610560 700
1610570 700
1610580 695
1610590 689
1610600 689
1610610 684
1610620 680
1610630 680
1610640 674
1610650 670
1610660 670
1610670 665
1610680 661
1610690 661
1610700 657
1610710 652
1610720 652
1610730 648
1610740 639
1610750 639
1610760 635
1610770 631
1610780 631
1610790 626
1610800 621
1610810 621
1610820 616
1610830 611
1610840 611
1610850 605
1610860 600
1610870 600
1610880 595
1610890 591
1610900 591
1610910 587
1610920 583
1610930 583
1610940 579
1610950 576
1610960 576
1610970 572
1610980 568
1610990 568
1611000 565
1611010 563
1611020 563
1611030 560
1611040 557
1611050 555
1611060 555
1611070 552
1611080 549
1611090 549
1611100 545
1611110 542
1611120 542
1611130 539
1611140 536
1611150 536
1611160 533
1611170 529
1611180 529
1611190 526
1611200 523
1611210 523
1611220 521
1611230 519
1611240 519
1611250 516
1611260 512
1611270 512
1611280 509
1611290 504
1611300 504
1611310 500
1611320 495
1611330 495
1611340 491
1611350 486
1611360 486
1611370 480
1611380 477
1611390 477
1611400 477
1611410 477
1611420 477
1611430 477
1611440 477
1611450 477
1611460 476
1611470 476
1611480 476
1611490 476
1611500 477
1611510 477
1611520 477
1611530 477
1611540 477
1611550 477
1611560 477
1611570 477
1611580 476
1611590 477
1611600 477
1611610 477
1611620 477
1611630 478
1611640 478
1611650 480
1611660 481
1611670 481
1611680 485
1611690 489
1611700 489
1611710 492
1611720 494
1611730 494
1611740 495
1611750 502
1611760 502
1611770 504
1611780 506
1611790 506
1611800 507
1611810 508
1611820 508
1611830 506
1611840 504
1611850 504
1611860 502
1611870 499
1611880 499
1611890 498
1611900 497
1611910 497
1611920 496
1611930 496
1611940 496
1611950 496
1611960 496
1611970 496
1611980 497
1611990 497
1612000 497
1612010 498
1612020 499
1612030 499
1612040 500
1612050 501
1612060 501
1612070 501
1612080 502
1612090 502
1612100 503
1612110 503
1612120 503
1612130 504
1612140 504
1612150 504
1612160 504
1612170 504
1612180 505
1612190 505
1612200 508
1612210 513
1612220 513
1612230 518
1612240 521
1612250 521
1612260 524
1612270 526
1612280 526
1612290 529
1612300 531
1612310 531
1612320 533
1612330 534
1612340 534
1612350 535
1612360 537
1612370 537
1612380 540
1612390 542
1612400 542
1612410 545
1612420 549
1612430 549
1612440 551
1612450 554
1612460 554
1612470 558
1612480 561
1612490 561
1612500 562
1612510 561
1612520 561
1612530 563
1612540 568
1612550 568
1612560 574
1612570 579
1612580 579
1612590 583
1612600 587
1612610 587
1612620 590
1612630 593
1612640 593
1612650 595
1612660 595
1612670 595
1612680 595
1612690 596
1612700 596
1612710 598
1612720 599
1612730 599
1612740 599
1612750 600
1612760 599
1612770 599
1612780 602
1612790 601
1612800 601
1612810 601
1612820 600
1612830 600
1612840 596
1612850 600
1612860 600
1612870 604
1612880 606
1612890 606
1612900 605
1612910 603
1612920 603
1612930 603
1612940 604
1612950 604
1612960 606
1612970 611
1612980 611
1612990 619
1613000 627
1613010 627
1613020 634
1613030 639
1613040 639
1613050 645
1613060 650
1613070 650
1613080 655
1613090 659
1613100 659
1613110 663
1613120 667
1613130 667
1613140 671
1613150 675
1613160 675
1613170 678
1613180 681
1613190 681
1613200 684
1613210 686
1613220 686
1613230 690
1613240 693
1613250 693
1613260 696
1613270 698
1613280 701
1613290 701
1613300 704
1613310 704
1613320 704
1613330 702
1613340 709
1613350 709
1613360 716
1613370 721
1613380 721
1613390 727
1613400 733
1613410 733
1613420 737
1613430 741
1613440 741
1613450 745
1613460 749
1613470 749
1613480 757
1613490 765
1613500 765
1613510 771
1613520 775
1613530 775
1613540 778
1613550 779
1613560 779
1613570 782
1613580 788
1613590 788
1613600 793
1613610 796
1613620 796
1613630 799
1613640 801
1613650 801
1613660 802
1613670 802
1613680 802
1613690 803
1613700 803
1613710 803
1613720 807
1613730 811
1613740 811
1613750 815
1613760 816
1613770 816
1613780 820
1613790 823
1613800 823
1613810 825
1613820 827
1613830 828
1613840 828
1613850 830
1613860 832
1613870 832
1613880 834
1613890 835
1613900 835
1613910 836
1613920 837
1613930 837
1613940 838
1613950 838
1613960 838
1613970 838
1613980 837
1613990 837
1614000 835
1614010 833
1614020 833
1614030 831
1614040 829
1614050 829
1614060 827
1614070 826
1614080 826
1614090 824
1614100 822
1614110 822
1614120 820
1614130 818
1614140 818
1614150 817
1614160 817
1614170 817
1614180 816
1614190 816
1614200 816
1614210 816
1614220 815
1614230 815
1614240 815
1614250 813
1614260 813
1614270 812
1614280 809
1614290 809
1614300 806
1614310 804
1614320 804
1614330 801
1614340 799
1614350 799
1614360 796
1614370 793
1614380 793
1614390 790
1614400 788
1614410 786
1614420 786
1614430 783
1614440 780
1614450 780
1614460 775
1614470 769
1614480 769
1614490 762
1614500 757
1614510 757
1614520 755
1614530 757
1614540 757
1614550 761
1614560 765
1614570 765
1614580 768
1614590 770
1614600 770
1614610 770
1614620 768
1614630 768
1614640 769
1614650 770
1614660 770
1614670 770
1614680 769
1614690 769
1614700 768
1614710 768
1614720 768
1614730 767
1614740 765
1614750 766
1614760 764
1614770 762
1614780 762
1614790 760
1614800 757
1614810 757
1614820 755
1614830 752
1614840 752
1614850 748
1614860 744
1614870 744
1614880 740
1614890 736
1614900 736
1614910 733
1614920 729
1614930 729
1614940 726
1614950 723
1614960 719
1614970 719
1614980 714
1614990 707
1615000 707
1615010 699
1615020 696
1615030 696
1615040 699
1615050 700
1615060 700
1615070 698
1615080 695
1615090 695
1615100 692
1615110 689
1615120 689
1615130 686
1615140 682
1615150 682
1615160 678
1615170 674
1615180 674
1615190 670
1615200 667
1615210 667
1615220 664
1615230 663
1615240 663
1615250 661
1615260 660
1615270 660
1615280 658
1615290 656
1615300 656
1615310 653
1615320 649
1615330 649
1615340 645
1615350 640
1615360 640
1615370 636
1615380 633
1615390 633
1615400 630
1615410 628
1615420 628
1615430 626
1615440 624
1615450 624
1615460 623
1615470 621
1615480 621
1615490 620
1615500 618
1615510 616
1615520 616
1615530 614
1615540 612
1615550 612
1615560 610
1615570 609
1615580 609
1615590 606
1615600 604
1615610 604
1615620 602
1615630 602
1615640 602
1615650 602
1615660 599
1615670 599
1615680 596
1615690 593
1615700 593
1615710 589
1615720 587
1615730 588
1615740 586
1615750 580
1615760 580
1615770 573
1615780 565
1615790 565
1615800 563
1615810 562
1615820 562
1615830 562
1615840 561
1615850 561
1615860 560
1615870 559
1615880 559
1615890 559
1615900 559
1615910 559
1615920 558
1615930 557
1615940 557
1615950 556
1615960 554
1615970 554
1615980 553
1615990 550
1616000 550
1616010 547
1616020 544
1616030 544
1616040 542
1616050 541
1616060 541
1616070 541
1616080 542
1616090 544
1616100 544
1616110 545
1616120 545
1616130 545
1616140 546
1616150 546
1616160 546
1616170 546
1616180 547
1616190 547
1616200 548
1616210 551
1616220 551
1616230 554
1616240 558
1616250 558
1616260 562
1616270 564
1616280 564
1616290 566
1616300 569
1616310 569
1616320 571
1616330 573
1616340 573
1616350 576
1616360 582
1616370 582
1616380 588
1616390 592
1616400 592
1616410 592
1616420 591
1616430 591
1616440 591
1616450 592
1616460 592
1616470 594
1616480 596
1616490 596
1616500 595
1616510 595
1616520 595
1616530 597
1616540 597
1616550 597
1616560 598
1616570 601
1616580 601
1616590 607
1616600 613
1616610 618
1616620 618
1616630 621
1616640 623
1616650 623
1616660 623
1616670 623
1616680 623
1616690 622
1616700 624
1616710 627
1616720 629
1616730 630
1616740 630
1616750 636
1616760 642
1616770 642
1616780 650
1616790 658
1616800 658
1616810 666
1616820 672
1616830 672
1616840 679
1616850 685
1616860 685
1616870 687
1616880 689
1616890 689
1616900 691
1616910 690
1616920 690
1616930 689
1616940 690
1616950 690
1616960 692
1616970 695
1616980 695
1616990 700
1617000 708
1617010 708
1617020 715
1617030 721
1617040 721
1617050 725
1617060 730
1617070 730
1617080 734
1617090 740
1617100 740
1617110 746
1617120 751
1617130 751
1617140 756
1617150 762
1617160 766
1617170 766
1617180 771
1617190 774
1617200 774
1617210 778
1617220 781
1617230 781
1617240 784
1617250 787
1617260 787
1617270 789
1617280 791
1617290 791
1617300 793
1617310 795
1617320 795
1617330 796
1617340 796
1617350 796
1617360 794
1617370 791
1617380 791
1617390 789
1617400 787
1617410 787
1617420 786
1617430 786
1617440 786
1617450 786
1617460 787
1617470 787
1617480 789
1617490 790
1617500 790
1617510 791
1617520 791
1617530 791
1617540 788
1617550 783
1617560 783
1617570 781
1617580 783
1617590 783
1617600 782
1617610 780
1617620 780
1617630 781
1617640 784
1617650 784
1617660 791
1617670 798
1617680 795
1617690 802
1617700 809
1617710 816
1617720 816
1617730 823
1617740 830
1617750 830
1617760 837
1617770 844
1617780 844
1617790 852
1617800 861
1617810 861
1617820 872
1617830 881
1617840 881
1617850 886
1617860 891
1617870 891
1617880 897
1617890 903
1617900 903
1617910 907
1617920 908
1617930 908
1617940 908
1617950 909
1617960 909
1617970 910
1617980 911
1617990 911
1618000 911
1618010 911
1618020 911
1618030 912
1618040 913
1618050 913
1618060 913
1618070 913
1618080 913
1618090 913
1618100 915
1618110 915
1618120 915
1618130 915
1618140 915
1618150 914
1618160 914
1618170 914
1618180 916
1618190 919
1618200 919
1618210 922
1618220 928
1618230 928
1618240 940
1618250 954
1618260 962
1618270 962
1618280 970
1618290 977
1618300 977
1618310 984
1618320 991
1618330 991
1618340 997
1618350 1002
1618360 1002
1618370 1005
1618380 1009
1618390 1009
1618400 1014
1618410 1020
1618420 1020
1618430 1026
1618440 1032
1618450 1032
1618460 1038
1618470 1043
1618480 1043
1618490 1048
1618500 1052
1618510 1052
1618520 1054
1618530 1052
1618540 1052
1618550 1051
1618560 1051
1618570 1051
1618580 1050
1618590 1050
1618600 1050
1618610 1052
1618620 1056
1618630 1056
1618640 1067
1618650 1072
1618660 1072
1618670 1076
1618680 1080
1618690 1080
1618700 1085
1618710 1090
1618720 1090
1618730 1093
1618740 1097
1618750 1097
1618760 1098
1618770 1100
1618780 1100
1618790 1102
1618800 1106
1618810 1111
1618820 1111
1618830 1115
1618840 1120
1618850 1120
1618860 1123
1618870 1122
1618880 1122
1618890 1117
1618900 1111
1618910 1111
1618920 1107
1618930 1104
1618940 1104
1618950 1099
1618960 1088
1618970 1088
1618980 1077
1618990 1071
1619000 1071
1619010 1066
1619020 1062
1619030 1062
1619040 1062
1619050 1064
1619060 1064
1619070 1068
1619080 1070
1619090 1070
1619100 1070
1619110 1067
1619120 1067
1619130 1065
1619140 1062
1619150 1062
1619160 1059
1619170 1058
1619180 1058
1619190 1060
1619200 1062
1619210 1062
1619220 1060
1619230 1057
1619240 1057
1619250 1051
1619260 1043
1619270 1043
1619280 1037
1619290 1033
1619300 1033
1619310 1032
1619320 1032
1619330 1032
1619340 1030
1619350 1030
1619360 1030
1619370 1030
1619380 1025
1619390 1019
1619400 1019
1619410 1013
1619420 1010
1619430 1010
1619440 1010
1619450 1012
1619460 1012
1619470 1010
1619480 1006
1619490 1006
1619500 1007
1619510 1005
1619520 1005
1619530 1001
1619540 997
1619550 997
1619560 993
1619570 988
1619580 988
1619590 983
1619600 985
1619610 985
1619620 981
1619630 977
1619640 977
1619650 972
1619660 969
1619670 969
1619680 966
1619690 962
1619700 962
1619710 957
1619720 953
1619730 953
1619740 948
1619750 942
1619760 942
1619770 940
1619780 942
1619790 942
1619800 945
1619810 947
1619820 947
1619830 950
1619840 955
1619850 955
1619860 961
1619870 964
1619880 964
1619890 967
1619900 971
1619910 975
1619920 975
1619930 979
1619940 982
1619950 982
1619960 983
1619970 985
1619980 985
1619990 988
