1600000 576
1600010 569
1600020 567
1600030 567
1600040 566
1600050 565
1600060 565
1600070 565
1600080 566
1600090 566
1600100 567
1600110 567
1600120 567
1600130 567
1600140 569
1600150 569
1600160 573
1600170 577
1600180 577
1600190 582
1600200 587
1600210 587
1600220 593
1600230 598
1600240 598
1600250 605
1600260 611
1600270 611
1600280 618
1600290 626
1600300 626
1600310 632
1600320 637
1600330 643
1600340 643
1600350 650
1600360 655
1600370 655
1600380 659
1600390 663
1600400 663
1600410 667
1600420 670
1600430 670
1600440 671
1600450 671
1600460 671
1600470 671
1600480 672
1600490 672
1600500 672
1600510 673
1600520 673
1600530 674
1600540 673
1600550 673
1600560 672
1600570 671
1600580 671
1600590 669
1600600 668
1600610 668
1600620 669
1600630 669
1600640 669
1600650 670
1600660 671
1600670 671
1600680 672
1600690 674
1600700 674
1600710 676
1600720 678
1600730 678
1600740 680
1600750 682
1600760 682
1600770 684
1600780 686
1600790 686
1600800 686
1600810 685
1600820 685
1600830 679
1600840 676
1600850 676
1600860 674
1600870 673
1600880 674
1600890 674
1600900 676
1600910 679
1600920 679
1600930 683
1600940 687
1600950 687
1600960 691
1600970 696
1600980 696
1600990 701
1601000 706
1601010 706
1601020 709
1601030 710
1601040 710
1601050 708
1601060 706
1601070 706
1601080 703
1601090 700
1601100 700
1601110 697
1601120 692
1601130 692
1601140 688
1601150 685
1601160 685
1601170 683
1601180 679
1601190 679
1601200 676
1601210 677
1601220 677
1601230 677
1601240 678
1601250 678
1601260 678
1601270 677
1601280 677
1601290 679
1601300 676
1601310 676
1601320 670
1601330 668
1601340 668
1601350 673
1601360 681
1601370 681
1601380 686
1601390 691
1601400 696
1601410 701
1601420 706
1601430 706
1601440 713
1601450 718
1601460 718
1601470 718
1601480 719
1601490 720
1601500 720
1601510 722
1601520 725
1601530 725
1601540 728
1601550 739
1601560 739
1601570 747
1601580 751
1601590 751
1601600 760
1601610 772
1601620 772
1601630 778
1601640 784
1601650 784
1601660 790
1601670 795
1601680 795
1601690 801
1601700 806
1601710 806
1601720 810
1601730 814
1601740 814
1601750 817
1601760 820
1601770 820
1601780 824
1601790 829
1601800 829
1601810 833
1601820 836
1601830 836
1601840 836
1601850 835
1601860 835
1601870 835
1601880 834
1601890 834
1601900 834
1601910 834
1601920 834
1601930 835
1601940 836
1601950 836
1601960 837
1601970 839
1601980 839
1601990 840
1602000 842
1602010 842
1602020 843
1602030 844
1602040 847
1602050 847
1602060 851
1602070 854
1602080 854
1602090 858
1602100 861
1602110 861
1602120 866
1602130 873
1602140 873
1602150 880
1602160 885
1602170 885
1602180 890
1602190 894
1602200 894
1602210 899
1602220 903
1602230 903
1602240 907
1602250 913
1602260 913
1602270 918
1602280 923
1602290 923
1602300 928
1602310 936
1602320 936
1602330 943
1602340 949
1602350 949
1602360 955
1602370 962
1602380 962
1602390 968
1602400 974
1602410 974
1602420 980
1602430 987
1602440 987
1602450 993
1602460 1000
1602470 1000
1602480 1006
1602490 1013
1602500 1011
1602510 1019
1602520 1027
1602530 1027
1602540 1033
1602550 1040
1602560 1040
1602570 1047
1602580 1054
1602590 1061
1602600 1061
1602610 1067
1602620 1074
1602630 1074
1602640 1081
1602650 1088
1602660 1088
1602670 1096
1602680 1102
1602690 1102
1602700 1109
1602710 1116
1602720 1116
1602730 1123
1602740 1130
1602750 1130
1602760 1136
1602770 1140
1602780 1140
1602790 1142
1602800 1144
1602810 1144
1602820 1146
1602830 1147
1602840 1147
1602850 1149
1602860 1150
1602870 1150
1602880 1152
1602890 1154
1602900 1154
1602910 1156
1602920 1155
1602930 1155
1602940 1155
1602950 1154
1602960 1154
1602970 1153
1602980 1152
1602990 1152
1603000 1151
1603010 1150
1603020 1150
1603030 1148
1603040 1146
1603050 1146
1603060 1144
1603070 1144
1603080 1144
1603090 1144
1603100 1145
1603110 1145
1603120 1145
1603130 1146
1603140 1146
1603150 1147
1603160 1148
1603170 1149
1603180 1149
1603190 1151
1603200 1152
1603210 1152
1603220 1154
1603230 1156
1603240 1156
1603250 1159
1603260 1161
1603270 1161
1603280 1164
1603290 1166
1603300 1166
1603310 1169
1603320 1171
1603330 1171
1603340 1173
1603350 1176
1603360 1176
1603370 1178
1603380 1181
1603390 1181
1603400 1184
1603410 1186
1603420 1186
1603430 1189
1603440 1192
1603450 1192
1603460 1195
1603470 1197
1603480 1197
1603490 1200
1603500 1203
1603510 1203
1603520 1207
1603530 1210
1603540 1210
1603550 1213
1603560 1217
1603570 1217
1603580 1216
1603590 1220
1603600 1220
1603610 1224
1603620 1227
1603630 1227
1603640 1229
1603650 1231
1603660 1231
1603670 1234
1603680 1237
1603690 1237
1603700 1239
1603710 1241
1603720 1241
1603730 1241
1603740 1241
1603750 1238
1603760 1238
1603770 1235
1603780 1232
1603790 1232
1603800 1229
1603810 1226
1603820 1226
1603830 1223
1603840 1220
1603850 1220
1603860 1216
1603870 1212
1603880 1212
1603890 1209
1603900 1205
1603910 1205
1603920 1202
1603930 1200
1603940 1200
1603950 1198
1603960 1195
1603970 1195
1603980 1193
1603990 1192
1604000 1192
1604010 1190
1604020 1189
1604030 1189
1604040 1187
1604050 1186
1604060 1186
1604070 1184
1604080 1182
1604090 1182
1604100 1180
1604110 1178
1604120 1178
1604130 1176
1604140 1175
1604150 1175
1604160 1174
1604170 1173
1604180 1173
1604190 1173
1604200 1173
1604210 1173
1604220 1173
1604230 1173
1604240 1173
1604250 1172
1604260 1171
1604270 1171
1604280 1169
1604290 1167
1604300 1167
1604310 1166
1604320 1166
1604330 1166
1604340 1166
1604350 1167
1604360 1168
1604370 1168
1604380 1169
1604390 1170
1604400 1170
1604410 1171
1604420 1172
1604430 1172
1604440 1173
1604450 1174
1604460 1174
1604470 1175
1604480 1176
1604490 1176
1604500 1178
1604510 1179
1604520 1179
1604530 1180
1604540 1181
1604550 1181
1604560 1182
1604570 1183
1604580 1183
1604590 1185
1604600 1187
1604610 1187
1604620 1189
1604630 1190
1604640 1190
1604650 1191
1604660 1194
1604670 1194
1604680 1195
1604690 1196
1604700 1196
1604710 1197
1604720 1198
1604730 1198
1604740 1199
1604750 1201
1604760 1201
1604770 1203
1604780 1204
1604790 1204
1604800 1205
1604810 1207
1604820 1207
1604830 1208
1604840 1210
1604850 1210
1604860 1211
1604870 1212
1604880 1214
1604890 1214
1604900 1215
1604910 1216
1604920 1216
1604930 1218
1604940 1219
1604950 1219
1604960 1221
1604970 1222
1604980 1222
1604990 1223
1605000 1225
1605010 1225
1605020 1227
1605030 1230
1605040 1230
1605050 1232
1605060 1234
1605070 1234
1605080 1236
1605090 1238
1605100 1238
1605110 1239
1605120 1241
1605130 1241
1605140 1242
1605150 1243
1605160 1243
1605170 1245
1605180 1246
1605190 1246
1605200 1246
1605210 1247
1605220 1247
1605230 1247
1605240 1246
1605250 1246
1605260 1246
1605270 1245
1605280 1245
1605290 1245
1605300 1244
1605310 1244
1605320 1243
1605330 1242
1605340 1242
1605350 1240
1605360 1238
1605370 1238
1605380 1236
1605390 1235
1605400 1235
1605410 1234
1605420 1234
1605430 1234
1605440 1234
1605450 1234
1605460 1234
1605470 1234
1605480 1235
1605490 1235
1605500 1235
1605510 1235
1605520 1234
1605530 1234
1605540 1234
1605550 1235
1605560 1235
1605570 1235
1605580 1235
1605590 1235
1605600 1234
1605610 1232
1605620 1232
1605630 1230
1605640 1228
1605650 1228
1605660 1226
1605670 1224
1605680 1224
1605690 1221
1605700 1219
1605710 1219
1605720 1217
1605730 1218
1605740 1218
1605750 1214
1605760 1210
1605770 1210
1605780 1207
1605790 1205
1605800 1205
1605810 1203
1605820 1201
1605830 1201
1605840 1199
1605850 1197
1605860 1197
1605870 1195
1605880 1193
1605890 1193
1605900 1191
1605910 1189
1605920 1189
1605930 1186
1605940 1183
1605950 1183
1605960 1182
1605970 1180
1605980 1180
1605990 1176
1606000 1173
1606010 1173
1606020 1172
1606030 1171
1606040 1169
1606050 1169
1606060 1167
1606070 1166
1606080 1166
1606090 1163
1606100 1161
1606110 1161
1606120 1160
1606130 1159
1606140 1159
1606150 1157
1606160 1155
1606170 1155
1606180 1154
1606190 1154
1606200 1154
1606210 1153
1606220 1151
1606230 1151
1606240 1146
1606250 1140
1606260 1140
1606270 1133
1606280 1127
1606290 1127
1606300 1122
1606310 1117
1606320 1117
1606330 1112
1606340 1107
1606350 1107
1606360 1103
1606370 1099
1606380 1099
1606390 1096
1606400 1094
1606410 1094
1606420 1095
1606430 1095
1606440 1095
1606450 1095
1606460 1097
1606470 1097
1606480 1098
1606490 1098
1606500 1098
1606510 1099
1606520 1102
1606530 1102
1606540 1103
1606550 1104
1606560 1104
1606570 1104
1606580 1104
1606590 1105
1606600 1105
1606610 1106
1606620 1108
1606630 1108
1606640 1109
1606650 1110
1606660 1110
1606670 1110
1606680 1110
1606690 1110
1606700 1110
1606710 1110
1606720 1110
1606730 1110
1606740 1110
1606750 1110
1606760 1109
1606770 1107
1606780 1106
1606790 1103
1606800 1100
1606810 1100
1606820 1097
1606830 1094
1606840 1094
1606850 1089
1606860 1085
1606870 1085
1606880 1081
1606890 1078
1606900 1078
1606910 1074
1606920 1071
1606930 1071
1606940 1067
1606950 1063
1606960 1063
1606970 1058
1606980 1055
1606990 1055
1607000 1052
1607010 1049
1607020 1049
1607030 1047
1607040 1045
1607050 1045
1607060 1042
1607070 1040
1607080 1040
1607090 1036
1607100 1031
1607110 1031
1607120 1027
1607130 1024
1607140 1024
1607150 1021
1607160 1017
1607170 1012
1607180 1012
1607190 1006
1607200 1000
1607210 1000
1607220 996
1607230 992
1607240 992
1607250 988
1607260 986
1607270 986
1607280 983
1607290 979
1607300 979
1607310 977
1607320 977
1607330 977
1607340 978
1607350 977
1607360 977
1607370 977
1607380 977
1607390 977
1607400 976
1607410 977
1607420 977
1607430 977
1607440 976
1607450 976
1607460 974
1607470 974
1607480 974
1607490 973
1607500 971
1607510 971
1607520 969
1607530 966
1607540 966
1607550 964
1607560 964
1607570 964
1607580 963
1607590 963
1607600 963
1607610 962
1607620 960
1607630 960
1607640 958
1607650 954
1607660 954
1607670 949
1607680 944
1607690 944
1607700 939
1607710 930
1607720 930
1607730 910
1607740 898
1607750 888
1607760 888
1607770 880
1607780 872
1607790 872
1607800 865
1607810 858
1607820 858
1607830 853
1607840 848
1607850 848
1607860 844
1607870 842
1607880 842
1607890 837
1607900 830
1607910 830
1607920 824
1607930 818
1607940 818
1607950 812
1607960 811
1607970 811
1607980 818
1607990 822
1608000 822
1608010 824
1608020 827
1608030 827
1608040 830
1608050 834
1608060 834
1608070 837
1608080 840
1608090 840
1608100 843
1608110 845
1608120 845
1608130 846
1608140 849
1608150 849
1608160 853
1608170 858
1608180 858
1608190 864
1608200 870
1608210 870
1608220 877
1608230 886
1608240 886
1608250 896
1608260 904
1608270 904
1608280 912
1608290 918
1608300 923
1608310 923
1608320 929
1608330 935
1608340 935
1608350 940
1608360 944
1608370 944
1608380 949
1608390 954
1608400 954
1608410 958
1608420 962
1608430 962
1608440 965
1608450 967
1608460 967
1608470 969
1608480 970
1608490 970
1608500 971
1608510 972
1608520 972
1608530 973
1608540 973
1608550 973
1608560 973
1608570 973
1608580 973
1608590 973
1608600 973
1608610 973
1608620 973
1608630 972
1608640 972
1608650 972
1608660 971
1608670 971
1608680 971
1608690 971
1608700 971
1608710 971
1608720 970
1608730 970
1608740 970
1608750 970
1608760 970
1608770 970
1608780 970
1608790 970
1608800 970
1608810 970
1608820 970
1608830 970
1608840 971
1608850 971
1608860 971
1608870 972
1608880 972
1608890 972
1608900 972
1608910 972
1608920 972
1608930 971
1608940 970
1608950 970
1608960 970
1608970 969
1608980 969
1608990 969
1609000 969
1609010 969
1609020 968
1609030 968
1609040 968
1609050 967
1609060 967
1609070 967
1609080 966
1609090 964
1609100 964
1609110 963
1609120 961
1609130 961
1609140 960
1609150 958
1609160 958
1609170 957
1609180 955
1609190 955
1609200 953
1609210 951
1609220 951
1609230 948
1609240 945
1609250 945
1609260 943
1609270 941
1609280 941
1609290 938
1609300 936
1609310 936
1609320 934
1609330 932
1609340 932
1609350 929
1609360 926
1609370 926
1609380 922
1609390 917
1609400 917
1609410 913
1609420 907
1609430 907
1609440 902
1609450 897
1609460 891
1609470 891
1609480 885
1609490 879
1609500 879
1609510 874
1609520 868
1609530 868
1609540 862
1609550 856
1609560 856
1609570 851
1609580 846
1609590 846
1609600 841
1609610 836
1609620 836
1609630 831
1609640 826
1609650 826
1609660 821
1609670 817
1609680 817
1609690 812
1609700 807
1609710 807
1609720 802
1609730 797
1609740 797
1609750 792
1609760 787
1609770 787
1609780 783
1609790 777
1609800 777
1609810 771
1609820 765
1609830 765
1609840 761
1609850 755
1609860 755
1609870 748
1609880 740
1609890 740
1609900 736
1609910 729
1609920 729
1609930 725
1609940 724
1609950 724
1609960 726
1609970 728
1609980 728
1609990 729
1610000 730
1610010 731
1610020 731
1610030 732
1610040 732
1610050 732
1610060 732
1610070 731
1610080 731
1610090 730
1610100 730
1610110 730
1610120 729
1610130 728
1610140 728
1610150 726
1610160 725
1610170 725
1610180 724
1610190 723
1610200 723
1610210 722
1610220 720
1610230 720
1610240 718
1610250 716
1610260 716
1610270 714
1610280 713
1610290 713
1610300 711
1610310 709
1610320 709
1610330 705
1610340 702
1610350 702
1610360 698
1610370 695
1610380 695
1610390 691
1610400 686
1610410 686
1610420 677
1610430 669
1610440 669
1610450 665
1610460 663
1610470 663
1610480 659
1610490 651
1610500 651
1610510 643
1610520 634
1610530 634
1610540 624
1610550 615
1610560 615
1610570 606
1610580 597
1610590 589
1610600 589
1610610 583
1610620 580
1610630 580
1610640 577
1610650 571
1610660 571
1610670 563
1610680 554
1610690 554
1610700 546
1610710 541
1610720 541
1610730 536
1610740 531
1610750 531
1610760 528
1610770 526
1610780 526
1610790 523
1610800 518
1610810 518
1610820 514
1610830 511
1610840 511
1610850 509
1610860 509
1610870 509
1610880 508
1610890 503
1610900 503
1610910 494
1610920 463
1610930 463
1610940 455
1610950 454
1610960 454
1610970 454
1610980 454
1610990 454
1611000 457
1611010 461
1611020 461
1611030 465
1611040 468
1611050 468
1611060 472
1611070 475
1611080 475
1611090 479
1611100 483
1611110 483
1611120 488
1611130 492
1611140 492
1611150 498
1611160 504
1611170 511
1611180 511
1611190 516
1611200 522
1611210 522
1611220 528
1611230 535
1611240 535
1611250 541
1611260 547
1611270 547
1611280 554
1611290 562
1611300 562
1611310 569
1611320 577
1611330 577
1611340 584
1611350 592
1611360 592
1611370 599
1611380 606
1611390 606
1611400 613
1611410 620
1611420 620
1611430 628
1611440 635
1611450 635
1611460 643
1611470 651
1611480 651
1611490 660
1611500 669
1611510 669
1611520 677
1611530 684
1611540 684
1611550 692
1611560 706
1611570 706
1611580 714
1611590 721
1611600 721
1611610 723
1611620 725
1611630 725
1611640 726
1611650 726
1611660 726
1611670 726
1611680 727
1611690 727
1611700 727
1611710 727
1611720 727
1611730 727
1611740 727
1611750 725
1611760 725
1611770 723
1611780 721
1611790 721
1611800 720
1611810 719
1611820 719
1611830 717
1611840 714
1611850 714
1611860 712
1611870 710
1611880 710
1611890 708
1611900 707
1611910 707
1611920 708
1611930 709
1611940 713
1611950 713
1611960 712
1611970 712
1611980 711
1611990 710
1612000 710
1612010 707
1612020 703
1612030 703
1612040 701
1612050 698
1612060 698
1612070 695
1612080 691
1612090 691
1612100 687
1612110 684
1612120 684
1612130 684
1612140 686
1612150 686
1612160 688
1612170 691
1612180 691
1612190 694
1612200 697
1612210 697
1612220 702
1612230 706
1612240 706
1612250 711
1612260 715
1612270 715
1612280 720
1612290 724
1612300 729
1612310 729
1612320 733
1612330 737
1612340 737
1612350 740
1612360 742
1612370 742
1612380 744
1612390 747
1612400 747
1612410 750
1612420 754
1612430 754
1612440 757
1612450 760
1612460 760
1612470 763
1612480 764
1612490 764
1612500 766
1612510 767
1612520 767
1612530 768
1612540 769
1612550 769
1612560 769
1612570 769
1612580 769
1612590 767
1612600 766
1612610 766
1612620 764
1612630 762
1612640 762
1612650 760
1612660 759
1612670 759
1612680 757
1612690 755
1612700 755
1612710 754
1612720 752
1612730 752
1612740 750
1612750 747
1612760 747
1612770 744
1612780 742
1612790 742
1612800 740
1612810 738
1612820 738
1612830 737
1612840 736
1612850 736
1612860 735
1612870 735
1612880 735
1612890 735
1612900 735
1612910 736
1612920 736
1612930 736
1612940 734
1612950 734
1612960 732
1612970 731
1612980 731
1612990 731
1613000 731
1613010 731
1613020 731
1613030 731
1613040 731
1613050 732
1613060 733
1613070 733
1613080 735
1613090 737
1613100 737
1613110 739
1613120 740
1613130 740
1613140 742
1613150 744
1613160 744
1613170 745
1613180 747
1613190 747
1613200 748
1613210 748
1613220 748
1613230 748
1613240 749
1613250 749
1613260 751
1613270 753
1613280 753
1613290 754
1613300 755
1613310 755
1613320 759
1613330 762
1613340 762
1613350 766
1613360 769
1613370 769
1613380 772
1613390 774
1613400 774
1613410 775
1613420 777
1613430 777
1613440 781
1613450 785
1613460 789
1613470 789
1613480 793
1613490 795
1613500 795
1613510 799
1613520 804
1613530 804
1613540 808
1613550 811
1613560 811
1613570 816
1613580 820
1613590 820
1613600 823
1613610 826
1613620 826
1613630 829
1613640 833
1613650 833
1613660 835
1613670 838
1613680 838
1613690 841
1613700 843
1613710 843
1613720 846
1613730 848
1613740 848
1613750 850
1613760 851
1613770 851
1613780 850
1613790 844
1613800 844
1613810 836
1613820 831
1613830 831
1613840 829
1613850 826
1613860 826
1613870 822
1613880 818
1613890 818
1613900 813
1613910 810
1613920 810
1613930 809
1613940 805
1613950 805
1613960 803
1613970 801
1613980 801
1613990 801
1614000 799
1614010 797
1614020 797
1614030 795
1614040 793
1614050 793
1614060 791
1614070 789
1614080 789
1614090 788
1614100 787
1614110 787
1614120 787
1614130 786
1614140 786
1614150 785
1614160 785
1614170 785
1614180 785
1614190 784
1614200 784
1614210 780
1614220 777
1614230 777
1614240 776
1614250 774
1614260 774
1614270 771
1614280 768
1614290 768
1614300 764
1614310 759
1614320 759
1614330 754
1614340 750
1614350 750
1614360 746
1614370 745
1614380 745
1614390 743
1614400 741
1614410 741
1614420 739
1614430 737
1614440 737
1614450 735
1614460 733
1614470 733
1614480 730
1614490 727
1614500 727
1614510 723
1614520 721
1614530 721
1614540 719
1614550 716
1614560 716
1614570 713
1614580 710
1614590 709
1614600 709
1614610 707
1614620 704
1614630 704
1614640 701
1614650 698
1614660 698
1614670 695
1614680 693
1614690 693
1614700 690
1614710 687
1614720 687
1614730 684
1614740 682
1614750 682
1614760 679
1614770 677
1614780 677
1614790 674
1614800 672
1614810 672
1614820 669
1614830 666
1614840 666
1614850 663
1614860 660
1614870 660
1614880 656
1614890 651
1614900 651
1614910 646
1614920 641
1614930 643
1614940 642
1614950 640
1614960 640
1614970 638
1614980 636
1614990 636
1615000 633
1615010 629
1615020 629
1615030 625
1615040 620
1615050 620
1615060 616
1615070 613
1615080 613
1615090 610
1615100 607
1615110 607
1615120 603
1615130 599
1615140 599
1615150 594
1615160 591
1615170 589
1615180 589
1615190 589
1615200 588
1615210 588
1615220 587
1615230 586
1615240 586
1615250 585
1615260 583
1615270 583
1615280 580
1615290 575
1615300 575
1615310 570
1615320 566
1615330 566
1615340 562
1615350 561
1615360 561
1615370 558
1615380 554
1615390 554
1615400 552
1615410 551
1615420 551
1615430 549
1615440 547
1615450 547
1615460 543
1615470 538
1615480 538
1615490 534
1615500 531
1615510 531
1615520 528
1615530 524
1615540 524
1615550 520
1615560 515
1615570 515
1615580 513
1615590 510
1615600 510
1615610 507
1615620 511
1615630 511
1615640 517
1615650 526
1615660 526
1615670 533
1615680 538
1615690 538
1615700 543
1615710 548
1615720 553
1615730 553
1615740 559
1615750 565
1615760 565
1615770 570
1615780 573
1615790 573
1615800 574
1615810 575
1615820 575
1615830 577
1615840 579
1615850 579
1615860 582
1615870 585
1615880 585
1615890 588
1615900 591
1615910 587
1615920 589
1615930 590
1615940 590
1615950 590
1615960 588
1615970 588
1615980 587
1615990 588
1616000 588
1616010 588
1616020 588
1616030 588
1616040 590
1616050 592
1616060 592
1616070 592
1616080 591
1616090 591
1616100 589
1616110 587
1616120 587
1616130 587
1616140 588
1616150 588
1616160 590
1616170 594
1616180 594
1616190 597
1616200 600
1616210 600
1616220 604
1616230 606
1616240 606
1616250 612
1616260 617
1616270 617
1616280 622
1616290 627
1616300 632
1616310 632
1616320 635
1616330 636
1616340 636
1616350 638
1616360 641
1616370 641
1616380 647
1616390 653
1616400 653
1616410 661
1616420 669
1616430 669
1616440 678
1616450 684
1616460 684
1616470 688
1616480 689
1616490 689
1616500 690
1616510 690
1616520 690
1616530 690
1616540 692
1616550 692
1616560 699
1616570 706
1616580 706
1616590 712
1616600 718
1616610 718
1616620 723
1616630 732
1616640 732
1616650 741
1616660 749
1616670 749
1616680 755
1616690 760
1616700 760
1616710 766
1616720 774
1616730 774
1616740 778
1616750 782
1616760 782
1616770 786
1616780 790
1616790 790
1616800 796
1616810 801
1616820 801
1616830 808
1616840 816
1616850 816
1616860 821
1616870 824
1616880 826
1616890 830
1616900 832
1616910 836
1616920 836
1616930 841
1616940 843
1616950 843
1616960 848
1616970 855
1616980 855
1616990 861
1617000 867
1617010 867
1617020 874
1617030 880
1617040 880
1617050 886
1617060 893
1617070 893
1617080 899
1617090 906
1617100 906
1617110 912
1617120 919
1617130 919
1617140 925
1617150 932
1617160 932
1617170 940
1617180 947
1617190 947
1617200 954
1617210 961
1617220 961
1617230 967
1617240 973
1617250 973
1617260 979
1617270 986
1617280 986
1617290 992
1617300 997
1617310 997
1617320 1000
1617330 1002
1617340 1002
1617350 1002
1617360 1003
1617370 1003
1617380 1003
1617390 1004
1617400 1004
1617410 1005
1617420 1007
1617430 1009
1617440 1009
1617450 1011
1617460 1013
1617470 1013
1617480 1014
1617490 1016
1617500 1016
1617510 1018
1617520 1021
1617530 1021
1617540 1022
1617550 1023
1617560 1023
1617570 1026
1617580 1030
1617590 1030
1617600 1034
1617610 1039
1617620 1039
1617630 1046
1617640 1057
1617650 1057
1617660 1070
1617670 1080
1617680 1080
1617690 1081
1617700 1077
1617710 1077
1617720 1073
1617730 1068
1617740 1068
1617750 1063
1617760 1058
1617770 1058
1617780 1052
1617790 1047
1617800 1047
1617810 1044
1617820 1046
1617830 1046
1617840 1049
1617850 1052
1617860 1047
1617870 1049
1617880 1048
1617890 1048
1617900 1047
1617910 1048
1617920 1048
1617930 1048
1617940 1048
1617950 1048
1617960 1052
1617970 1053
1617980 1053
1617990 1055
1618000 1058
1618010 1061
1618020 1061
1618030 1065
1618040 1071
1618050 1071
1618060 1076
1618070 1087
1618080 1087
1618090 1095
1618100 1104
1618110 1104
1618120 1113
1618130 1125
1618140 1125
1618150 1133
1618160 1139
1618170 1139
1618180 1145
1618190 1151
1618200 1151
1618210 1157
1618220 1162
1618230 1162
1618240 1168
1618250 1175
1618260 1175
1618270 1182
1618280 1188
1618290 1188
1618300 1195
1618310 1201
1618320 1201
1618330 1208
1618340 1215
1618350 1215
1618360 1221
1618370 1228
1618380 1228
1618390 1234
1618400 1240
1618410 1240
1618420 1246
1618430 1252
1618440 1252
1618450 1258
1618460 1264
1618470 1264
1618480 1268
1618490 1264
1618500 1264
1618510 1256
1618520 1248
1618530 1248
1618540 1240
1618550 1233
1618560 1233
1618570 1226
1618580 1220
1618590 1214
1618600 1214
1618610 1206
1618620 1197
1618630 1197
1618640 1186
1618650 1180
1618660 1180
1618670 1173
1618680 1166
1618690 1166
1618700 1159
1618710 1151
1618720 1151
1618730 1142
1618740 1132
1618750 1132
1618760 1125
1618770 1125
1618780 1125
1618790 1129
1618800 1129
1618810 1129
1618820 1122
1618830 1122
1618840 1122
1618850 1121
1618860 1119
1618870 1119
1618880 1118
1618890 1120
1618900 1120
1618910 1121
1618920 1119
1618930 1119
1618940 1115
1618950 1110
1618960 1110
1618970 1103
1618980 1095
1618990 1095
1619000 1087
1619010 1079
1619020 1079
1619030 1072
1619040 1065
1619050 1065
1619060 1058
1619070 1050
1619080 1050
1619090 1039
1619100 1034
1619110 1034
1619120 1032
1619130 1027
1619140 1020
1619150 1020
1619160 1013
1619170 1007
1619180 1007
1619190 1001
1619200 995
1619210 995
1619220 989
1619230 984
1619240 984
1619250 980
1619260 975
1619270 975
1619280 970
1619290 965
1619300 965
1619310 961
1619320 957
1619330 957
1619340 955
1619350 952
1619360 952
1619370 950
1619380 947
1619390 947
1619400 945
1619410 942
1619420 942
1619430 939
1619440 935
1619450 935
1619460 932
1619470 933
1619480 933
1619490 937
1619500 941
1619510 941
1619520 945
1619530 951
1619540 951
1619550 957
1619560 964
1619570 964
1619580 970
1619590 976
1619600 976
1619610 983
1619620 989
1619630 989
1619640 996
1619650 1002
1619660 1002
1619670 1007
1619680 1013
1619690 1013
1619700 1021
1619710 1029
1619720 1036
1619730 1036
1619740 1045
1619750 1054
1619760 1054
1619770 1063
1619780 1073
1619790 1073
1619800 1087
1619810 1098
1619820 1098
1619830 1108
1619840 1119
1619850 1119
1619860 1125
1619870 1128
1619880 1128
1619890 1132
1619900 1138
1619910 1138
1619920 1142
1619930 1142
1619940 1142
1619950 1140
1619960 1138
1619970 1138
1619980 1136
1619990 1135
