1600000 748
1600010 754
1600020 763
1600030 763
1600040 773
1600050 782
1600060 782
1600070 790
1600080 797
1600090 797
1600100 799
1600110 800
1600120 800
1600130 807
1600140 805
1600150 805
1600160 808
1600170 813
1600180 813
1600190 819
1600200 824
1600210 824
1600220 827
1600230 832
1600240 832
1600250 839
1600260 848
1600270 848
1600280 856
1600290 866
1600300 866
1600310 875
1600320 882
1600330 882
1600340 886
1600350 891
1600360 891
1600370 897
1600380 903
1600390 903
1600400 909
1600410 915
1600420 915
1600430 920
1600440 924
1600450 924
1600460 928
1600470 929
1600480 929
1600490 929
1600500 930
1600510 930
1600520 931
1600530 932
1600540 932
1600550 934
1600560 937
1600570 937
1600580 937
1600590 939
1600600 941
1600610 941
1600620 945
1600630 950
1600640 950
1600650 956
1600660 962
1600670 962
1600680 967
1600690 973
1600700 973
1600710 978
1600720 983
1600730 983
1600740 986
1600750 987
1600760 987
1600770 988
1600780 990
1600790 990
1600800 995
1600810 1000
1600820 1000
1600830 1006
1600840 1011
1600850 1011
1600860 1016
1600870 1022
1600880 1022
1600890 1028
1600900 1035
1600910 1035
1600920 1042
1600930 1049
1600940 1049
1600950 1055
1600960 1062
1600970 1062
1600980 1071
1600990 1078
1601000 1078
1601010 1085
1601020 1093
1601030 1093
1601040 1100
1601050 1108
1601060 1108
1601070 1115
1601080 1123
1601090 1123
1601100 1130
1601110 1137
1601120 1137
1601130 1145
1601140 1152
1601150 1159
1601160 1159
1601170 1166
1601180 1173
1601190 1173
1601200 1180
1601210 1187
1601220 1187
1601230 1191
1601240 1200
1601250 1200
1601260 1202
1601270 1203
1601280 1203
1601290 1203
1601300 1199
1601310 1199
1601320 1194
1601330 1189
1601340 1189
1601350 1184
1601360 1179
1601370 1179
1601380 1175
1601390 1170
1601400 1170
1601410 1167
1601420 1165
1601430 1165
1601440 1163
1601450 1161
1601460 1161
1601470 1160
1601480 1159
1601490 1159
1601500 1157
1601510 1154
1601520 1154
1601530 1151
1601540 1149
1601550 1149
1601560 1149
1601570 1148
1601580 1148
1601590 1148
1601600 1149
1601610 1149
1601620 1150
1601630 1151
1601640 1151
1601650 1152
1601660 1153
1601670 1153
1601680 1154
1601690 1154
1601700 1154
1601710 1153
1601720 1150
1601730 1148
1601740 1148
1601750 1145
1601760 1142
1601770 1142
1601780 1140
1601790 1140
1601800 1140
1601810 1139
1601820 1140
1601830 1140
1601840 1140
1601850 1140
1601860 1140
1601870 1140
1601880 1141
1601890 1141
1601900 1141
1601910 1143
1601920 1143
1601930 1144
1601940 1146
1601950 1146
1601960 1148
1601970 1150
1601980 1150
1601990 1152
1602000 1155
1602010 1155
1602020 1157
1602030 1159
1602040 1159
1602050 1160
1602060 1161
1602070 1161
1602080 1161
1602090 1161
1602100 1161
1602110 1161
1602120 1161
1602130 1161
1602140 1161
1602150 1161
1602160 1161
1602170 1161
1602180 1163
1602190 1163
1602200 1166
1602210 1168
1602220 1168
1602230 1168
1602240 1165
1602250 1165
1602260 1162
1602270 1158
1602280 1158
1602290 1156
1602300 1156
1602310 1158
1602320 1158
1602330 1161
1602340 1169
1602350 1169
1602360 1171
1602370 1174
1602380 1174
1602390 1176
1602400 1179
1602410 1179
1602420 1182
1602430 1184
1602440 1184
1602450 1187
1602460 1189
1602470 1189
1602480 1192
1602490 1194
1602500 1194
1602510 1196
1602520 1198
1602530 1198
1602540 1200
1602550 1202
1602560 1202
1602570 1205
1602580 1207
1602590 1207
1602600 1210
1602610 1212
1602620 1212
1602630 1215
1602640 1218
1602650 1218
1602660 1221
1602670 1225
1602680 1225
1602690 1228
1602700 1231
1602710 1231
1602720 1234
1602730 1236
1602740 1236
1602750 1237
1602760 1237
1602770 1237
1602780 1237
1602790 1237
1602800 1237
1602810 1235
1602820 1232
1602830 1232
1602840 1229
1602850 1226
1602860 1226
1602870 1222
1602880 1218
1602890 1215
1602900 1215
1602910 1213
1602920 1210
1602930 1210
1602940 1206
1602950 1203
1602960 1203
1602970 1200
1602980 1197
1602990 1197
1603000 1193
1603010 1187
1603020 1187
1603030 1180
1603040 1173
1603050 1173
1603060 1165
1603070 1158
1603080 1158
1603090 1152
1603100 1146
1603110 1146
1603120 1146
1603130 1149
1603140 1149
1603150 1149
1603160 1149
1603170 1149
1603180 1152
1603190 1151
1603200 1151
1603210 1148
1603220 1146
1603230 1146
1603240 1145
1603250 1141
1603260 1141
1603270 1139
1603280 1140
1603290 1140
1603300 1141
1603310 1141
1603320 1141
1603330 1139
1603340 1138
1603350 1138
1603360 1135
1603370 1133
1603380 1133
1603390 1132
1603400 1131
1603410 1131
1603420 1126
1603430 1113
1603440 1113
1603450 1111
1603460 1111
1603470 1110
1603480 1110
1603490 1110
1603500 1107
1603510 1107
1603520 1103
1603530 1099
1603540 1099
1603550 1099
1603560 1098
1603570 1098
1603580 1094
1603590 1093
1603600 1093
1603610 1092
1603620 1090
1603630 1090
1603640 1090
1603650 1091
1603660 1091
1603670 1092
1603680 1093
1603690 1093
1603700 1094
1603710 1095
1603720 1095
1603730 1097
1603740 1097
1603750 1097
1603760 1096
1603770 1095
1603780 1095
1603790 1093
1603800 1094
1603810 1094
1603820 1096
1603830 1098
1603840 1098
1603850 1099
1603860 1100
1603870 1100
1603880 1099
1603890 1097
1603900 1097
1603910 1094
1603920 1090
1603930 1090
1603940 1086
1603950 1081
1603960 1081
1603970 1075
1603980 1068
1603990 1068
1604000 1060
1604010 1053
1604020 1053
1604030 1045
1604040 1036
1604050 1026
1604060 1026
1604070 1018
1604080 1011
1604090 1011
1604100 1005
1604110 998
1604120 998
1604130 992
1604140 986
1604150 986
1604160 980
1604170 975
1604180 975
1604190 970
1604200 964
1604210 964
1604220 959
1604230 954
1604240 954
1604250 952
1604260 950
1604270 950
1604280 949
1604290 949
1604300 949
1604310 950
1604320 951
1604330 951
1604340 953
1604350 954
1604360 954
1604370 955
1604380 954
1604390 954
1604400 954
1604410 954
1604420 954
1604430 955
1604440 956
1604450 956
1604460 958
1604470 960
1604480 960
1604490 963
1604500 965
1604510 957
1604520 959
1604530 961
1604540 961
1604550 961
1604560 961
1604570 961
1604580 959
1604590 955
1604600 955
1604610 950
1604620 948
1604630 950
1604640 950
1604650 948
1604660 947
1604670 947
1604680 947
1604690 948
1604700 948
1604710 950
1604720 951
1604730 951
1604740 954
1604750 956
1604760 956
1604770 957
1604780 957
1604790 957
1604800 956
1604810 955
1604820 955
1604830 953
1604840 952
1604850 952
1604860 950
1604870 950
1604880 950
1604890 952
1604900 953
1604910 953
1604920 954
1604930 955
1604940 955
1604950 954
1604960 952
1604970 952
1604980 948
1604990 941
1605000 941
1605010 936
1605020 929
1605030 929
1605040 924
1605050 919
1605060 919
1605070 913
1605080 907
1605090 907
1605100 903
1605110 899
1605120 899
1605130 896
1605140 894
1605150 894
1605160 892
1605170 889
1605180 889
1605190 886
1605200 884
1605210 883
1605220 883
1605230 882
1605240 884
1605250 884
1605260 888
1605270 892
1605280 892
1605290 895
1605300 897
1605310 897
1605320 898
1605330 899
1605340 899
1605350 899
1605360 901
1605370 901
1605380 904
1605390 905
1605400 905
1605410 904
1605420 906
1605430 906
1605440 911
1605450 917
1605460 917
1605470 922
1605480 928
1605490 928
1605500 933
1605510 938
1605520 938
1605530 942
1605540 946
1605550 946
1605560 947
1605570 943
1605580 943
1605590 947
1605600 951
1605610 951
1605620 952
1605630 952
1605640 952
1605650 951
1605660 951
1605670 951
1605680 951
1605690 951
1605700 951
1605710 950
1605720 949
1605730 949
1605740 948
1605750 946
1605760 946
1605770 944
1605780 944
1605790 945
1605800 945
1605810 946
1605820 947
1605830 947
1605840 947
1605850 948
1605860 948
1605870 947
1605880 947
1605890 947
1605900 947
1605910 947
1605920 947
1605930 950
1605940 955
1605950 955
1605960 959
1605970 961
1605980 961
1605990 962
1606000 962
1606010 962
1606020 962
1606030 961
1606040 961
1606050 962
1606060 963
1606070 963
1606080 964
1606090 964
1606100 964
1606110 963
1606120 962
1606130 962
1606140 961
1606150 962
1606160 962
1606170 964
1606180 965
1606190 965
1606200 966
1606210 967
1606220 967
1606230 969
1606240 971
1606250 971
1606260 974
1606270 976
1606280 976
1606290 980
1606300 983
1606310 983
1606320 986
1606330 986
1606340 986
1606350 983
1606360 978
1606370 973
1606380 973
1606390 969
1606400 967
1606410 967
1606420 965
1606430 964
1606440 964
1606450 962
1606460 960
1606470 960
1606480 959
1606490 958
1606500 958
1606510 957
1606520 955
1606530 955
1606540 953
1606550 951
1606560 951
1606570 950
1606580 948
1606590 948
1606600 946
1606610 943
1606620 943
1606630 935
1606640 933
1606650 933
1606660 932
1606670 930
1606680 930
1606690 927
1606700 925
1606710 925
1606720 924
1606730 923
1606740 923
1606750 922
1606760 920
1606770 920
1606780 917
1606790 913
1606800 913
1606810 911
1606820 907
1606830 907
1606840 902
1606850 899
1606860 899
1606870 898
1606880 895
1606890 895
1606900 893
1606910 893
1606920 893
1606930 893
1606940 895
1606950 897
1606960 897
1606970 899
1606980 901
1606990 901
1607000 902
1607010 905
1607020 905
1607030 907
1607040 910
1607050 910
1607060 912
1607070 913
1607080 913
1607090 915
1607100 916
1607110 916
1607120 918
1607130 917
1607140 917
1607150 917
1607160 918
1607170 918
1607180 921
1607190 925
1607200 925
1607210 929
1607220 932
1607230 932
1607240 934
1607250 936
1607260 936
1607270 937
1607280 939
1607290 939
1607300 940
1607310 941
1607320 941
1607330 942
1607340 944
1607350 944
1607360 945
1607370 947
1607380 947
1607390 949
1607400 951
1607410 951
1607420 953
1607430 955
1607440 955
1607450 958
1607460 959
1607470 959
1607480 962
1607490 964
1607500 964
1607510 966
1607520 969
1607530 971
1607540 971
1607550 973
1607560 975
1607570 975
1607580 977
1607590 977
1607600 977
1607610 975
1607620 971
1607630 971
1607640 967
1607650 964
1607660 964
1607670 960
1607680 956
1607690 956
1607700 953
1607710 949
1607720 949
1607730 945
1607740 940
1607750 940
1607760 936
1607770 933
1607780 933
1607790 929
1607800 925
1607810 925
1607820 923
1607830 926
1607840 926
1607850 929
1607860 932
1607870 932
1607880 935
1607890 939
1607900 939
1607910 943
1607920 946
1607930 946
1607940 949
1607950 952
1607960 952
1607970 956
1607980 960
1607990 960
1608000 963
1608010 966
1608020 966
1608030 969
1608040 972
1608050 972
1608060 975
1608070 978
1608080 978
1608090 980
1608100 982
1608110 984
1608120 984
1608130 986
1608140 987
1608150 987
1608160 988
1608170 989
1608180 989
1608190 990
1608200 990
1608210 990
1608220 991
1608230 991
1608240 991
1608250 990
1608260 989
1608270 989
1608280 988
1608290 986
1608300 986
1608310 984
1608320 982
1608330 982
1608340 980
1608350 977
1608360 977
1608370 974
1608380 971
1608390 971
1608400 968
1608410 965
1608420 965
1608430 961
1608440 958
1608450 958
1608460 954
1608470 951
1608480 951
1608490 947
1608500 947
1608510 947
1608520 948
1608530 949
1608540 949
1608550 949
1608560 949
1608570 949
1608580 948
1608590 947
1608600 947
1608610 946
1608620 945
1608630 945
1608640 945
1608650 943
1608660 943
1608670 941
1608680 939
1608690 937
1608700 937
1608710 934
1608720 934
1608730 934
1608740 934
1608750 936
1608760 936
1608770 938
1608780 940
1608790 940
1608800 941
1608810 942
1608820 942
1608830 943
1608840 943
1608850 943
1608860 942
1608870 941
1608880 941
1608890 940
1608900 938
1608910 938
1608920 937
1608930 935
1608940 935
1608950 934
1608960 933
1608970 933
1608980 931
1608990 929
1609000 929
1609010 926
1609020 922
1609030 922
1609040 917
1609050 913
1609060 913
1609070 911
1609080 911
1609090 911
1609100 910
1609110 908
1609120 908
1609130 907
1609140 905
1609150 905
1609160 904
1609170 903
1609180 903
1609190 903
1609200 904
1609210 904
1609220 905
1609230 906
1609240 906
1609250 906
1609260 907
1609270 909
1609280 909
1609290 910
1609300 911
1609310 911
1609320 912
1609330 913
1609340 913
1609350 915
1609360 915
1609370 915
1609380 915
1609390 915
1609400 915
1609410 915
1609420 915
1609430 915
1609440 914
1609450 909
1609460 909
1609470 898
1609480 887
1609490 887
1609500 876
1609510 861
1609520 861
1609530 850
1609540 841
1609550 841
1609560 833
1609570 827
1609580 827
1609590 820
1609600 812
1609610 812
1609620 803
1609630 794
1609640 794
1609650 785
1609660 776
1609670 776
1609680 766
1609690 758
1609700 758
1609710 750
1609720 742
1609730 742
1609740 735
1609750 732
1609760 732
1609770 726
1609780 722
1609790 722
1609800 718
1609810 716
1609820 716
1609830 716
1609840 714
1609850 713
1609860 713
1609870 711
1609880 703
1609890 703
1609900 695
1609910 689
1609920 689
1609930 681
1609940 675
1609950 675
1609960 672
1609970 669
1609980 669
1609990 664
1610000 662
1610010 662
1610020 657
1610030 651
1610040 651
1610050 644
1610060 641
1610070 641
1610080 641
1610090 636
1610100 636
1610110 629
1610120 620
1610130 620
1610140 613
1610150 608
1610160 608
1610170 606
1610180 607
1610190 607
1610200 613
1610210 602
1610220 602
1610230 597
1610240 596
1610250 596
1610260 598
1610270 600
1610280 600
1610290 598
1610300 597
1610310 597
1610320 592
1610330 585
1610340 585
1610350 583
1610360 580
1610370 580
1610380 578
1610390 577
1610400 577
1610410 574
1610420 568
1610430 563
1610440 563
1610450 559
1610460 556
1610470 556
1610480 553
1610490 552
1610500 552
1610510 552
1610520 553
1610530 553
1610540 553
1610550 553
1610560 553
1610570 550
1610580 544
1610590 544
1610600 536
1610610 528
1610620 528
1610630 520
1610640 512
1610650 512
1610660 504
1610670 496
1610680 496
1610690 489
1610700 483
1610710 483
1610720 477
1610730 471
1610740 471
1610750 465
1610760 459
1610770 459
1610780 451
1610790 444
1610800 444
1610810 442
1610820 442
1610830 442
1610840 443
1610850 450
1610860 450
1610870 453
1610880 458
1610890 458
1610900 466
1610910 472
1610920 472
1610930 477
1610940 481
1610950 481
1610960 485
1610970 490
1610980 490
1610990 495
1611000 500
1611010 504
1611020 504
1611030 509
1611040 514
1611050 514
1611060 520
1611070 525
1611080 525
1611090 530
1611100 536
1611110 536
1611120 541
1611130 547
1611140 547
1611150 553
1611160 559
1611170 559
1611180 564
1611190 570
1611200 570
1611210 576
1611220 582
1611230 582
1611240 588
1611250 595
1611260 595
1611270 602
1611280 609
1611290 609
1611300 617
1611310 625
1611320 625
1611330 632
1611340 639
1611350 639
1611360 645
1611370 647
1611380 647
1611390 644
1611400 642
1611410 642
1611420 638
1611430 633
1611440 633
1611450 628
1611460 625
1611470 625
1611480 622
1611490 621
1611500 621
1611510 620
1611520 618
1611530 618
1611540 617
1611550 616
1611560 616
1611570 616
1611580 616
1611590 617
1611600 617
1611610 617
1611620 618
1611630 618
1611640 619
1611650 621
1611660 621
1611670 620
1611680 615
1611690 615
1611700 617
1611710 616
1611720 616
1611730 615
1611740 615
1611750 615
1611760 616
1611770 616
1611780 616
1611790 612
1611800 613
1611810 613
1611820 615
1611830 615
1611840 615
1611850 615
1611860 614
1611870 614
1611880 614
1611890 613
1611900 613
1611910 614
1611920 614
1611930 614
1611940 614
1611950 615
1611960 615
1611970 615
1611980 616
1611990 616
1612000 616
1612010 617
1612020 617
1612030 618
1612040 618
1612050 618
1612060 618
1612070 618
1612080 618
1612090 618
1612100 617
1612110 617
1612120 616
1612130 616
1612140 616
1612150 616
1612160 616
1612170 616
1612180 616
1612190 615
1612200 614
1612210 614
1612220 613
1612230 613
1612240 613
1612250 612
1612260 612
1612270 612
1612280 611
1612290 607
1612300 607
1612310 604
1612320 603
1612330 603
1612340 602
1612350 602
1612360 602
1612370 601
1612380 600
1612390 600
1612400 598
1612410 598
1612420 598
1612430 602
1612440 606
1612450 606
1612460 608
1612470 608
1612480 608
1612490 605
1612500 600
1612510 600
1612520 594
1612530 589
1612540 589
1612550 585
1612560 582
1612570 582
1612580 581
1612590 582
1612600 582
1612610 584
1612620 586
1612630 586
1612640 588
1612650 590
1612660 590
1612670 593
1612680 599
1612690 599
1612700 603
1612710 607
1612720 607
1612730 610
1612740 613
1612750 615
1612760 615
1612770 615
1612780 616
1612790 616
1612800 615
1612810 616
1612820 616
1612830 617
1612840 616
1612850 616
1612860 616
1612870 616
1612880 616
1612890 616
1612900 617
1612910 617
1612920 618
1612930 620
1612940 620
1612950 622
1612960 622
1612970 622
1612980 621
1612990 623
1613000 623
1613010 623
1613020 623
1613030 623
1613040 624
1613050 627
1613060 627
1613070 629
1613080 633
1613090 633
1613100 638
1613110 642
1613120 642
1613130 645
1613140 649
1613150 649
1613160 652
1613170 653
1613180 653
1613190 653
1613200 652
1613210 652
1613220 652
1613230 652
1613240 652
1613250 652
1613260 652
1613270 652
1613280 653
1613290 655
1613300 655
1613310 656
1613320 658
1613330 661
1613340 661
1613350 666
1613360 670
1613370 670
1613380 673
1613390 677
1613400 677
1613410 682
1613420 687
1613430 687
1613440 694
1613450 700
1613460 700
1613470 705
1613480 709
1613490 709
1613500 715
1613510 720
1613520 720
1613530 724
1613540 730
1613550 730
1613560 735
1613570 737
1613580 737
1613590 742
1613600 746
1613610 746
1613620 749
1613630 752
1613640 752
1613650 754
1613660 756
1613670 756
1613680 756
1613690 755
1613700 755
1613710 752
1613720 750
1613730 750
1613740 747
1613750 746
1613760 746
1613770 744
1613780 741
1613790 741
1613800 737
1613810 736
1613820 736
1613830 736
1613840 736
1613850 736
1613860 736
1613870 736
1613880 736
1613890 735
1613900 735
1613910 735
1613920 735
1613930 735
1613940 735
1613950 735
1613960 733
1613970 731
1613980 731
1613990 728
1614000 725
1614010 725
1614020 723
1614030 720
1614040 720
1614050 717
1614060 714
1614070 714
1614080 713
1614090 711
1614100 711
1614110 708
1614120 705
1614130 705
1614140 703
1614150 702
1614160 702
1614170 699
1614180 697
1614190 697
1614200 695
1614210 693
1614220 693
1614230 693
1614240 692
1614250 692
1614260 691
1614270 690
1614280 690
1614290 690
1614300 689
1614310 689
1614320 689
1614330 689
1614340 689
1614350 688
1614360 686
1614370 686
1614380 686
1614390 686
1614400 686
1614410 685
1614420 684
1614430 684
1614440 684
1614450 683
1614460 683
1614470 682
1614480 682
1614490 685
1614500 685
1614510 689
1614520 691
1614530 691
1614540 694
1614550 695
1614560 695
1614570 697
1614580 697
1614590 697
1614600 697
1614610 696
1614620 696
1614630 694
1614640 692
1614650 692
1614660 690
1614670 688
1614680 688
1614690 686
1614700 685
1614710 685
1614720 682
1614730 680
1614740 680
1614750 677
1614760 674
1614770 674
1614780 671
1614790 664
1614800 664
1614810 661
1614820 658
1614830 658
1614840 654
1614850 649
1614860 649
1614870 644
1614880 639
1614890 639
1614900 635
1614910 631
1614920 631
1614930 628
1614940 624
1614950 624
1614960 620
1614970 616
1614980 616
1614990 613
1615000 609
1615010 609
1615020 606
1615030 602
1615040 602
1615050 599
1615060 595
1615070 592
1615080 592
1615090 588
1615100 584
1615110 584
1615120 581
1615130 577
1615140 577
1615150 573
1615160 567
1615170 567
1615180 562
1615190 557
1615200 557
1615210 553
1615220 552
1615230 552
1615240 553
1615250 552
1615260 552
1615270 550
1615280 549
1615290 549
1615300 548
1615310 546
1615320 546
1615330 545
1615340 543
1615350 543
1615360 540
1615370 536
1615380 536
1615390 531
1615400 527
1615410 527
1615420 523
1615430 518
1615440 518
1615450 512
1615460 504
1615470 504
1615480 496
1615490 492
1615500 492
1615510 491
1615520 491
1615530 491
1615540 492
1615550 493
1615560 493
1615570 492
1615580 492
1615590 492
1615600 493
1615610 495
1615620 495
1615630 499
1615640 502
1615650 504
1615660 504
1615670 507
1615680 509
1615690 509
1615700 513
1615710 517
1615720 517
1615730 522
1615740 527
1615750 527
1615760 531
1615770 535
1615780 535
1615790 544
1615800 550
1615810 550
1615820 554
1615830 558
1615840 558
1615850 563
1615860 567
1615870 567
1615880 571
1615890 574
1615900 574
1615910 577
1615920 580
1615930 580
1615940 583
1615950 586
1615960 586
1615970 590
1615980 595
1615990 595
1616000 601
1616010 606
1616020 606
1616030 612
1616040 618
1616050 618
1616060 623
1616070 629
1616080 629
1616090 635
1616100 641
1616110 641
1616120 647
1616130 653
1616140 653
1616150 659
1616160 666
1616170 666
1616180 672
1616190 678
1616200 678
1616210 683
1616220 689
1616230 694
1616240 694
1616250 696
1616260 693
1616270 693
1616280 689
1616290 684
1616300 684
1616310 680
1616320 675
1616330 675
1616340 668
1616350 661
1616360 661
1616370 652
1616380 643
1616390 643
1616400 634
1616410 628
1616420 628
1616430 625
1616440 623
1616450 623
1616460 623
1616470 624
1616480 624
1616490 627
1616500 632
1616510 632
1616520 637
1616530 643
1616540 643
1616550 649
1616560 656
1616570 656
1616580 669
1616590 684
1616600 684
1616610 695
1616620 700
1616630 700
1616640 703
1616650 703
1616660 703
1616670 699
1616680 696
1616690 696
1616700 694
1616710 694
1616720 694
1616730 695
1616740 698
1616750 693
1616760 701
1616770 706
1616780 706
1616790 699
1616800 694
1616810 692
1616820 692
1616830 692
1616840 689
1616850 689
1616860 690
1616870 693
1616880 693
1616890 695
1616900 689
1616910 689
1616920 683
1616930 678
1616940 678
1616950 675
1616960 679
1616970 679
1616980 688
1616990 694
1617000 694
1617010 697
1617020 700
1617030 700
1617040 702
1617050 701
1617060 701
1617070 702
1617080 706
1617090 706
1617100 711
1617110 716
1617120 716
1617130 720
1617140 720
1617150 720
1617160 722
1617170 719
1617180 719
1617190 711
1617200 700
1617210 700
1617220 688
1617230 681
1617240 681
1617250 675
1617260 671
1617270 671
1617280 667
1617290 661
1617300 661
1617310 653
1617320 644
1617330 644
1617340 637
1617350 637
1617360 637
1617370 645
1617380 655
1617390 664
1617400 664
1617410 673
1617420 681
1617430 681
1617440 687
1617450 693
1617460 693
1617470 701
1617480 708
1617490 708
1617500 714
1617510 718
1617520 718
1617530 722
1617540 724
1617550 724
1617560 727
1617570 730
1617580 730
1617590 732
1617600 734
1617610 734
1617620 736
1617630 738
1617640 738
1617650 738
1617660 739
1617670 739
1617680 741
1617690 742
1617700 742
1617710 743
1617720 738
1617730 738
1617740 739
1617750 740
1617760 740
1617770 740
1617780 741
1617790 741
1617800 742
1617810 743
1617820 743
1617830 744
1617840 744
1617850 744
1617860 742
1617870 740
1617880 740
1617890 739
1617900 738
1617910 738
1617920 736
1617930 730
1617940 730
1617950 727
1617960 732
1617970 739
1617980 739
1617990 746
1618000 751
1618010 751
1618020 755
1618030 758
1618040 758
1618050 761
1618060 764
1618070 764
1618080 766
1618090 768
1618100 768
1618110 770
1618120 772
1618130 772
1618140 773
1618150 776
1618160 776
1618170 778
1618180 778
1618190 778
1618200 778
1618210 779
1618220 779
1618230 780
1618240 781
1618250 781
1618260 782
1618270 782
1618280 782
1618290 781
1618300 780
1618310 780
1618320 782
1618330 782
1618340 782
1618350 782
1618360 782
1618370 782
1618380 782
1618390 782
1618400 782
1618410 782
1618420 783
1618430 783
1618440 783
1618450 782
1618460 782
1618470 781
1618480 778
1618490 778
1618500 775
1618510 772
1618520 772
1618530 769
1618540 765
1618550 761
1618560 761
1618570 757
1618580 754
1618590 754
1618600 753
1618610 753
1618620 753
1618630 754
1618640 755
1618650 755
1618660 758
1618670 763
1618680 758
1618690 763
1618700 767
1618710 767
1618720 772
1618730 776
1618740 776
1618750 779
1618760 780
1618770 780
1618780 779
1618790 777
1618800 777
1618810 779
1618820 783
1618830 783
1618840 786
1618850 787
1618860 787
1618870 787
1618880 789
1618890 789
1618900 795
1618910 803
1618920 803
1618930 811
1618940 819
1618950 819
1618960 822
1618970 821
1618980 821
1618990 816
1619000 808
1619010 808
1619020 803
1619030 800
1619040 800
1619050 797
1619060 793
1619070 793
1619080 786
1619090 779
1619100 779
1619110 771
1619120 761
1619130 750
1619140 750
1619150 745
1619160 750
1619170 750
1619180 755
1619190 762
1619200 762
1619210 765
1619220 766
1619230 766
1619240 769
1619250 772
1619260 772
1619270 775
1619280 781
1619290 781
1619300 786
1619310 791
1619320 791
1619330 796
1619340 802
1619350 802
1619360 808
1619370 815
1619380 815
1619390 821
1619400 825
1619410 825
1619420 828
1619430 829
1619440 829
1619450 830
1619460 831
1619470 831
1619480 834
1619490 836
1619500 836
1619510 840
1619520 843
1619530 843
1619540 846
1619550 849
1619560 849
1619570 852
1619580 856
1619590 856
1619600 861
1619610 864
1619620 864
1619630 868
1619640 874
1619650 874
1619660 880
1619670 886
1619680 886
1619690 891
1619700 895
1619710 900
1619720 900
1619730 905
1619740 907
1619750 907
1619760 910
1619770 912
1619780 912
1619790 916
1619800 921
1619810 921
1619820 926
1619830 930
1619840 930
1619850 934
1619860 941
1619870 941
1619880 947
1619890 953
1619900 953
1619910 958
1619920 962
1619930 962
1619940 967
1619950 972
1619960 972
1619970 978
1619980 984
1619990 984
