1600000 942
1600010 944
1600020 944
1600030 947
1600040 952
1600050 952
1600060 956
1600070 960
1600080 960
1600090 965
1600100 970
1600110 970
1600120 975
1600130 980
1600140 980
1600150 985
1600160 989
1600170 989
1600180 993
1600190 995
1600200 995
1600210 994
1600220 990
1600230 990
1600240 985
1600250 982
1600260 982
1600270 977
1600280 971
1600290 971
1600300 968
1600310 966
1600320 962
1600330 962
1600340 958
1600350 955
1600360 955
1600370 952
1600380 949
1600390 949
1600400 947
1600410 945
1600420 945
1600430 942
1600440 937
1600450 937
1600460 932
1600470 926
1600480 926
1600490 919
1600500 912
1600510 912
1600520 909
1600530 908
1600540 908
1600550 906
1600560 906
1600570 906
1600580 904
1600590 902
1600600 902
1600610 900
1600620 899
1600630 899
1600640 898
1600650 894
1600660 894
1600670 890
1600680 890
1600690 890
1600700 895
1600710 902
1600720 902
1600730 908
1600740 914
1600750 914
1600760 920
1600770 925
1600780 925
1600790 931
1600800 937
1600810 937
1600820 942
1600830 947
1600840 947
1600850 952
1600860 955
1600870 955
1600880 957
1600890 958
1600900 958
1600910 958
1600920 958
1600930 957
1600940 957
1600950 958
1600960 959
1600970 959
1600980 959
1600990 959
1601000 959
1601010 958
1601020 957
1601030 957
1601040 956
1601050 955
1601060 955
1601070 947
1601080 944
1601090 944
1601100 940
1601110 935
1601120 935
1601130 929
1601140 924
1601150 924
1601160 919
1601170 912
1601180 912
1601190 904
1601200 909
1601210 909
1601220 913
1601230 912
1601240 912
1601250 907
1601260 908
1601270 908
1601280 912
1601290 917
1601300 917
1601310 921
1601320 924
1601330 924
1601340 926
1601350 929
1601360 929
1601370 929
1601380 928
1601390 928
1601400 925
1601410 920
1601420 920
1601430 914
1601440 908
1601450 908
1601460 904
1601470 899
1601480 899
1601490 895
1601500 891
1601510 889
1601520 889
1601530 889
1601540 887
1601550 887
1601560 885
1601570 884
1601580 884
1601590 878
1601600 876
1601610 876
1601620 883
1601630 890
1601640 890
1601650 896
1601660 899
1601670 899
1601680 902
1601690 903
1601700 903
1601710 902
1601720 899
1601730 899
1601740 897
1601750 895
1601760 895
1601770 894
1601780 894
1601790 894
1601800 894
1601810 895
1601820 895
1601830 896
1601840 896
1601850 896
1601860 895
1601870 894
1601880 894
1601890 890
1601900 885
1601910 885
1601920 883
1601930 879
1601940 879
1601950 873
1601960 869
1601970 869
1601980 874
1601990 882
1602000 882
1602010 886
1602020 890
1602030 890
1602040 896
1602050 902
1602060 902
1602070 908
1602080 911
1602090 915
1602100 915
1602110 920
1602120 926
1602130 926
1602140 931
1602150 936
1602160 936
1602170 937
1602180 943
1602190 943
1602200 950
1602210 956
1602220 956
1602230 960
1602240 963
1602250 963
1602260 965
1602270 966
1602280 966
1602290 967
1602300 967
1602310 967
1602320 965
1602330 960
1602340 960
1602350 953
1602360 946
1602370 946
1602380 938
1602390 929
1602400 929
1602410 924
1602420 919
1602430 919
1602440 913
1602450 906
1602460 906
1602470 901
1602480 895
1602490 895
1602500 892
1602510 888
1602520 888
1602530 883
1602540 878
1602550 878
1602560 874
1602570 869
1602580 869
1602590 864
1602600 860
1602610 860
1602620 855
1602630 850
1602640 850
1602650 846
1602660 842
1602670 842
1602680 837
1602690 831
1602700 824
1602710 824
1602720 819
1602730 812
1602740 812
1602750 806
1602760 801
1602770 801
1602780 795
1602790 788
1602800 788
1602810 784
1602820 783
1602830 783
1602840 782
1602850 780
1602860 780
1602870 777
1602880 774
1602890 774
1602900 771
1602910 767
1602920 767
1602930 763
1602940 759
1602950 759
1602960 752
1602970 747
1602980 747
1602990 741
1603000 734
1603010 734
1603020 726
1603030 725
1603040 725
1603050 725
1603060 727
1603070 727
1603080 727
1603090 725
1603100 725
1603110 723
1603120 722
1603130 722
1603140 720
1603150 713
1603160 713
1603170 703
1603180 694
1603190 694
1603200 692
1603210 695
1603220 695
1603230 702
1603240 706
1603250 706
1603260 702
1603270 701
1603280 699
1603290 699
1603300 697
1603310 695
1603320 695
1603330 693
1603340 691
1603350 691
1603360 688
1603370 684
1603380 684
1603390 682
1603400 681
1603410 681
1603420 681
1603430 680
1603440 680
1603450 680
1603460 673
1603470 673
1603480 665
1603490 661
1603500 661
1603510 661
1603520 666
1603530 666
1603540 668
1603550 667
1603560 667
1603570 666
1603580 665
1603590 665
1603600 663
1603610 660
1603620 660
1603630 657
1603640 652
1603650 652
1603660 647
1603670 645
1603680 645
1603690 649
1603700 654
1603710 654
1603720 656
1603730 657
1603740 657
1603750 656
1603760 655
1603770 655
1603780 654
1603790 653
1603800 653
1603810 650
1603820 646
1603830 646
1603840 643
1603850 639
1603860 635
1603870 635
1603880 633
1603890 632
1603900 632
1603910 631
1603920 629
1603930 629
1603940 628
1603950 627
1603960 627
1603970 628
1603980 628
1603990 628
1604000 628
1604010 628
1604020 628
1604030 627
1604040 627
1604050 627
1604060 624
1604070 619
1604080 619
1604090 619
1604100 624
1604110 624
1604120 628
1604130 634
1604140 634
1604150 640
1604160 645
1604170 645
1604180 651
1604190 656
1604200 656
1604210 661
1604220 667
1604230 667
1604240 672
1604250 678
1604260 678
1604270 683
1604280 690
1604290 690
1604300 696
1604310 702
1604320 702
1604330 708
1604340 715
1604350 715
1604360 722
1604370 729
1604380 729
1604390 731
1604400 725
1604410 725
1604420 719
1604430 712
1604440 712
1604450 707
1604460 701
1604470 697
1604480 697
1604490 694
1604500 692
1604510 692
1604520 692
1604530 690
1604540 690
1604550 684
1604560 676
1604570 676
1604580 667
1604590 660
1604600 660
1604610 657
1604620 657
1604630 657
1604640 651
1604650 642
1604660 642
1604670 634
1604680 628
1604690 628
1604700 622
1604710 621
1604720 621
1604730 622
1604740 622
1604750 622
1604760 627
1604770 632
1604780 632
1604790 636
1604800 641
1604810 641
1604820 648
1604830 654
1604840 654
1604850 661
1604860 669
1604870 669
1604880 676
1604890 683
1604900 683
1604910 690
1604920 697
1604930 697
1604940 701
1604950 703
1604960 703
1604970 705
1604980 705
1604990 705
1605000 707
1605010 710
1605020 710
1605030 712
1605040 713
1605050 711
1605060 711
1605070 711
1605080 706
1605090 706
1605100 698
1605110 690
1605120 690
1605130 690
1605140 693
1605150 693
1605160 700
1605170 710
1605180 710
1605190 718
1605200 722
1605210 722
1605220 725
1605230 728
1605240 728
1605250 733
1605260 738
1605270 738
1605280 744
1605290 750
1605300 750
1605310 756
1605320 762
1605330 762
1605340 767
1605350 773
1605360 773
1605370 779
1605380 785
1605390 785
1605400 791
1605410 797
1605420 797
1605430 801
1605440 807
1605450 807
1605460 813
1605470 820
1605480 820
1605490 826
1605500 832
1605510 832
1605520 839
1605530 846
1605540 846
1605550 853
1605560 860
1605570 860
1605580 868
1605590 874
1605600 874
1605610 873
1605620 872
1605630 872
1605640 872
1605650 873
1605660 876
1605670 876
1605680 881
1605690 885
1605700 885
1605710 889
1605720 894
1605730 894
1605740 899
1605750 903
1605760 903
1605770 908
1605780 912
1605790 912
1605800 915
1605810 915
1605820 915
1605830 913
1605840 910
1605850 910
1605860 908
1605870 905
1605880 905
1605890 903
1605900 901
1605910 901
1605920 898
1605930 894
1605940 894
1605950 890
1605960 884
1605970 884
1605980 878
1605990 870
1606000 870
1606010 861
1606020 853
1606030 853
1606040 845
1606050 837
1606060 837
1606070 829
1606080 822
1606090 822
1606100 814
1606110 810
1606120 810
1606130 808
1606140 803
1606150 803
1606160 795
1606170 785
1606180 785
1606190 778
1606200 771
1606210 771
1606220 764
1606230 758
1606240 752
1606250 752
1606260 746
1606270 741
1606280 741
1606290 737
1606300 732
1606310 732
1606320 727
1606330 724
1606340 724
1606350 720
1606360 716
1606370 716
1606380 710
1606390 706
1606400 706
1606410 703
1606420 699
1606430 699
1606440 695
1606450 690
1606460 690
1606470 685
1606480 681
1606490 681
1606500 677
1606510 673
1606520 673
1606530 670
1606540 668
1606550 668
1606560 667
1606570 666
1606580 666
1606590 664
1606600 660
1606610 660
1606620 656
1606630 652
1606640 652
1606650 648
1606660 644
1606670 644
1606680 643
1606690 644
1606700 644
1606710 645
1606720 648
1606730 648
1606740 648
1606750 645
1606760 645
1606770 644
1606780 643
1606790 643
1606800 648
1606810 649
1606820 652
1606830 652
1606840 656
1606850 660
1606860 660
1606870 663
1606880 666
1606890 666
1606900 669
1606910 672
1606920 672
1606930 674
1606940 676
1606950 676
1606960 677
1606970 677
1606980 677
1606990 676
1607000 672
1607010 672
1607020 667
1607030 662
1607040 662
1607050 657
1607060 653
1607070 653
1607080 649
1607090 646
1607100 646
1607110 642
1607120 637
1607130 637
1607140 631
1607150 626
1607160 626
1607170 621
1607180 616
1607190 616
1607200 610
1607210 605
1607220 605
1607230 604
1607240 601
1607250 601
1607260 598
1607270 592
1607280 592
1607290 587
1607300 582
1607310 582
1607320 576
1607330 572
1607340 572
1607350 567
1607360 565
1607370 565
1607380 564
1607390 563
1607400 564
1607410 564
1607420 566
1607430 568
1607440 568
1607450 569
1607460 570
1607470 570
1607480 573
1607490 568
1607500 568
1607510 561
1607520 557
1607530 557
1607540 566
1607550 575
1607560 575
1607570 582
1607580 588
1607590 588
1607600 593
1607610 597
1607620 597
1607630 601
1607640 604
1607650 604
1607660 606
1607670 607
1607680 607
1607690 606
1607700 608
1607710 608
1607720 612
1607730 617
1607740 617
1607750 622
1607760 627
1607770 627
1607780 631
1607790 632
1607800 632
1607810 629
1607820 626
1607830 626
1607840 624
1607850 622
1607860 622
1607870 616
1607880 611
1607890 611
1607900 606
1607910 603
1607920 603
1607930 600
1607940 600
1607950 600
1607960 606
1607970 614
1607980 614
1607990 623
1608000 629
1608010 634
1608020 634
1608030 644
1608040 655
1608050 655
1608060 662
1608070 666
1608080 666
1608090 671
1608100 676
1608110 676
1608120 682
1608130 689
1608140 689
1608150 697
1608160 705
1608170 705
1608180 713
1608190 720
1608200 720
1608210 723
1608220 726
1608230 726
1608240 730
1608250 735
1608260 735
1608270 741
1608280 746
1608290 746
1608300 750
1608310 755
1608320 755
1608330 758
1608340 762
1608350 762
1608360 768
1608370 775
1608380 775
1608390 782
1608400 789
1608410 789
1608420 796
1608430 802
1608440 802
1608450 808
1608460 814
1608470 814
1608480 820
1608490 825
1608500 825
1608510 830
1608520 834
1608530 834
1608540 838
1608550 836
1608560 830
1608570 827
1608580 825
1608590 823
1608600 823
1608610 818
1608620 815
1608630 815
1608640 814
1608650 813
1608660 813
1608670 813
1608680 816
1608690 816
1608700 821
1608710 826
1608720 826
1608730 827
1608740 828
1608750 828
1608760 828
1608770 828
1608780 828
1608790 827
1608800 825
1608810 825
1608820 822
1608830 818
1608840 818
1608850 809
1608860 799
1608870 799
1608880 790
1608890 783
1608900 783
1608910 777
1608920 771
1608930 771
1608940 767
1608950 764
1608960 764
1608970 761
1608980 754
1608990 754
1609000 748
1609010 746
1609020 746
1609030 746
1609040 743
1609050 743
1609060 741
1609070 736
1609080 736
1609090 727
1609100 718
1609110 718
1609120 711
1609130 707
1609140 707
1609150 706
1609160 707
1609170 707
1609180 707
1609190 711
1609200 708
1609210 708
1609220 704
1609230 702
1609240 702
1609250 703
1609260 703
1609270 703
1609280 699
1609290 693
1609300 693
1609310 686
1609320 675
1609330 675
1609340 665
1609350 655
1609360 655
1609370 646
1609380 637
1609390 637
1609400 629
1609410 621
1609420 621
1609430 614
1609440 606
1609450 606
1609460 599
1609470 592
1609480 592
1609490 584
1609500 577
1609510 577
1609520 569
1609530 562
1609540 562
1609550 556
1609560 549
1609570 549
1609580 543
1609590 536
1609600 536
1609610 529
1609620 521
1609630 521
1609640 514
1609650 507
1609660 507
1609670 500
1609680 493
1609690 493
1609700 487
1609710 482
1609720 482
1609730 475
1609740 469
1609750 469
1609760 462
1609770 455
1609780 447
1609790 447
1609800 438
1609810 429
1609820 429
1609830 419
1609840 418
1609850 418
1609860 418
1609870 422
1609880 422
1609890 428
1609900 433
1609910 433
1609920 441
1609930 447
1609940 447
1609950 455
1609960 463
1609970 463
1609980 471
1609990 480
1610000 480
1610010 491
1610020 502
1610030 502
1610040 515
1610050 524
1610060 524
1610070 529
1610080 532
1610090 532
1610100 540
1610110 551
1610120 551
1610130 566
1610140 582
1610150 582
1610160 584
1610170 582
1610180 582
1610190 583
1610200 588
1610210 588
1610220 588
1610230 588
1610240 588
1610250 595
1610260 601
1610270 601
1610280 608
1610290 611
1610300 611
1610310 614
1610320 616
1610330 616
1610340 615
1610350 614
1610360 614
1610370 614
1610380 613
1610390 609
1610400 609
1610410 605
1610420 602
1610430 602
1610440 603
1610450 605
1610460 605
1610470 608
1610480 611
1610490 611
1610500 614
1610510 616
1610520 616
1610530 618
1610540 620
1610550 620
1610560 621
1610570 621
1610580 621
1610590 622
1610600 624
1610610 624
1610620 632
1610630 636
1610640 636
1610650 641
1610660 645
1610670 645
1610680 650
1610690 655
1610700 655
1610710 659
1610720 664
1610730 664
1610740 667
1610750 671
1610760 671
1610770 673
1610780 676
1610790 676
1610800 679
1610810 683
1610820 683
1610830 688
1610840 692
1610850 692
1610860 695
1610870 698
1610880 698
1610890 701
1610900 704
1610910 704
1610920 707
1610930 709
1610940 709
1610950 710
1610960 710
1610970 706
1610980 706
1610990 701
1611000 696
1611010 696
1611020 691
1611030 685
1611040 685
1611050 677
1611060 669
1611070 669
1611080 658
1611090 650
1611100 650
1611110 641
1611120 634
1611130 634
1611140 629
1611150 619
1611160 619
1611170 607
1611180 601
1611190 601
1611200 605
1611210 602
1611220 602
1611230 588
1611240 577
1611250 577
1611260 573
1611270 575
1611280 575
1611290 576
1611300 573
1611310 573
1611320 570
1611330 564
1611340 564
1611350 553
1611360 538
1611370 538
1611380 531
1611390 524
1611400 524
1611410 516
1611420 510
1611430 510
1611440 507
1611450 504
1611460 504
1611470 507
1611480 508
1611490 508
1611500 507
1611510 501
1611520 501
1611530 494
1611540 493
1611550 498
1611560 498
1611570 502
1611580 502
1611590 502
1611600 499
1611610 496
1611620 496
1611630 492
1611640 486
1611650 486
1611660 492
1611670 493
1611680 493
1611690 493
1611700 495
1611710 495
1611720 496
1611730 504
1611740 504
1611750 508
1611760 513
1611770 513
1611780 519
1611790 527
1611800 527
1611810 535
1611820 545
1611830 545
1611840 551
1611850 557
1611860 557
1611870 564
1611880 569
1611890 569
1611900 570
1611910 571
1611920 571
1611930 570
1611940 568
1611950 568
1611960 567
1611970 568
1611980 568
1611990 563
1612000 558
1612010 558
1612020 559
1612030 560
1612040 560
1612050 562
1612060 564
1612070 564
1612080 566
1612090 568
1612100 568
1612110 570
1612120 572
1612130 574
1612140 574
1612150 575
1612160 575
1612170 575
1612180 575
1612190 574
1612200 574
1612210 572
1612220 572
1612230 572
1612240 572
1612250 575
1612260 575
1612270 577
1612280 578
1612290 578
1612300 582
1612310 586
1612320 586
1612330 590
1612340 595
1612350 595
1612360 599
1612370 603
1612380 603
1612390 606
1612400 608
1612410 608
1612420 610
1612430 613
1612440 613
1612450 614
1612460 610
1612470 610
1612480 603
1612490 596
1612500 596
1612510 589
1612520 583
1612530 583
1612540 578
1612550 573
1612560 573
1612570 567
1612580 561
1612590 561
1612600 556
1612610 550
1612620 550
1612630 545
1612640 540
1612650 536
1612660 532
1612670 527
1612680 527
1612690 520
1612700 511
1612710 511
1612720 501
1612730 490
1612740 480
1612750 480
1612760 470
1612770 466
1612780 466
1612790 474
1612800 480
1612810 480
1612820 486
1612830 493
1612840 493
1612850 499
1612860 504
1612870 504
1612880 508
1612890 512
1612900 512
1612910 515
1612920 519
1612930 519
1612940 523
1612950 527
1612960 527
1612970 531
1612980 533
1612990 533
1613000 536
1613010 538
1613020 538
1613030 539
1613040 540
1613050 540
1613060 540
1613070 539
1613080 539
1613090 538
1613100 536
1613110 536
1613120 535
1613130 533
1613140 533
1613150 531
1613160 529
1613170 529
1613180 526
1613190 522
1613200 522
1613210 518
1613220 516
1613230 516
1613240 514
1613250 509
1613260 509
1613270 503
1613280 499
1613290 499
1613300 497
1613310 495
1613320 494
1613330 494
1613340 494
1613350 494
1613360 494
1613370 492
1613380 490
1613390 490
1613400 487
1613410 484
1613420 484
1613430 480
1613440 476
1613450 476
1613460 473
1613470 471
1613480 471
1613490 470
1613500 468
1613510 468
1613520 468
1613530 468
1613540 468
1613550 468
1613560 471
1613570 471
1613580 474
1613590 477
1613600 477
1613610 477
1613620 476
1613630 476
1613640 474
1613650 472
1613660 472
1613670 472
1613680 473
1613690 473
1613700 475
1613710 477
1613720 477
1613730 478
1613740 477
1613750 477
1613760 476
1613770 476
1613780 476
1613790 476
1613800 474
1613810 474
1613820 471
1613830 469
1613840 469
1613850 465
1613860 461
1613870 461
1613880 459
1613890 458
1613900 458
1613910 458
1613920 460
1613930 464
1613940 464
1613950 467
1613960 469
1613970 469
1613980 472
1613990 474
1614000 474
1614010 475
1614020 478
1614030 478
1614040 481
1614050 484
1614060 484
1614070 487
1614080 488
1614090 488
1614100 490
1614110 495
1614120 495
1614130 500
1614140 504
1614150 504
1614160 507
1614170 510
1614180 510
1614190 512
1614200 514
1614210 514
1614220 516
1614230 519
1614240 519
1614250 521
1614260 522
1614270 522
1614280 522
1614290 519
1614300 519
1614310 518
1614320 517
1614330 517
1614340 515
1614350 515
1614360 515
1614370 515
1614380 515
1614390 515
1614400 515
1614410 516
1614420 516
1614430 515
1614440 514
1614450 514
1614460 513
1614470 511
1614480 511
1614490 510
1614500 511
1614510 512
1614520 512
1614530 514
1614540 517
1614550 517
1614560 518
1614570 520
1614580 520
1614590 523
1614600 524
1614610 524
1614620 524
1614630 527
1614640 533
1614650 536
1614660 536
1614670 536
1614680 538
1614690 540
1614700 540
1614710 540
1614720 545
1614730 545
1614740 551
1614750 554
1614760 554
1614770 556
1614780 557
1614790 557
1614800 559
1614810 560
1614820 560
1614830 560
1614840 561
1614850 561
1614860 562
1614870 562
1614880 562
1614890 562
1614900 560
1614910 560
1614920 558
1614930 556
1614940 556
1614950 553
1614960 551
1614970 551
1614980 548
1614990 545
1615000 545
1615010 542
1615020 538
1615030 538
1615040 533
1615050 529
1615060 529
1615070 530
1615080 530
1615090 529
1615100 529
1615110 529
1615120 527
1615130 527
1615140 526
1615150 526
1615160 526
1615170 524
1615180 520
1615190 520
1615200 514
1615210 507
1615220 507
1615230 504
1615240 509
1615250 509
1615260 518
1615270 523
1615280 523
1615290 529
1615300 535
1615310 535
1615320 540
1615330 545
1615340 545
1615350 549
1615360 553
1615370 553
1615380 556
1615390 558
1615400 558
1615410 560
1615420 561
1615430 561
1615440 562
1615450 563
1615460 563
1615470 565
1615480 566
1615490 566
1615500 567
1615510 568
1615520 568
1615530 570
1615540 572
1615550 572
1615560 574
1615570 576
1615580 576
1615590 578
1615600 581
1615610 581
1615620 585
1615630 587
1615640 587
1615650 589
1615660 591
1615670 591
1615680 593
1615690 595
1615700 597
1615710 597
1615720 599
1615730 600
1615740 600
1615750 601
1615760 602
1615770 602
1615780 603
1615790 604
1615800 604
1615810 605
1615820 606
1615830 606
1615840 608
1615850 610
1615860 610
1615870 613
1615880 615
1615890 615
1615900 618
1615910 620
1615920 620
1615930 621
1615940 623
1615950 623
1615960 624
1615970 625
1615980 625
1615990 626
1616000 627
1616010 627
1616020 630
1616030 632
1616040 632
1616050 634
1616060 636
1616070 636
1616080 639
1616090 642
1616100 642
1616110 645
1616120 648
1616130 648
1616140 651
1616150 655
1616160 655
1616170 658
1616180 662
1616190 662
1616200 666
1616210 671
1616220 671
1616230 676
1616240 681
1616250 681
1616260 686
1616270 691
1616280 696
1616290 696
1616300 701
1616310 707
1616320 707
1616330 711
1616340 716
1616350 716
1616360 721
1616370 726
1616380 726
1616390 732
1616400 737
1616410 737
1616420 743
1616430 749
1616440 749
1616450 755
1616460 761
1616470 761
1616480 767
1616490 773
1616500 773
1616510 779
1616520 786
1616530 786
1616540 794
1616550 803
1616560 803
1616570 812
1616580 822
1616590 822
1616600 834
1616610 840
1616620 840
1616630 847
1616640 853
1616650 853
1616660 862
1616670 870
1616680 870
1616690 876
1616700 882
1616710 882
1616720 886
1616730 892
1616740 892
1616750 897
1616760 902
1616770 902
1616780 909
1616790 917
1616800 917
1616810 919
1616820 918
1616830 918
1616840 916
1616850 913
1616860 909
1616870 909
1616880 904
1616890 898
1616900 898
1616910 892
1616920 887
1616930 887
1616940 883
1616950 879
1616960 879
1616970 877
1616980 874
1616990 874
1617000 873
1617010 871
1617020 871
1617030 869
1617040 866
1617050 866
1617060 864
1617070 861
1617080 861
1617090 861
1617100 862
1617110 862
1617120 862
1617130 861
1617140 861
1617150 861
1617160 862
1617170 862
1617180 863
1617190 863
1617200 863
1617210 864
1617220 865
1617230 865
1617240 867
1617250 870
1617260 870
1617270 872
1617280 873
1617290 873
1617300 874
1617310 876
1617320 876
1617330 877
1617340 879
1617350 879
1617360 882
1617370 885
1617380 885
1617390 887
1617400 890
1617410 890
1617420 891
1617430 891
1617440 891
1617450 888
1617460 884
1617470 883
1617480 883
1617490 882
1617500 881
1617510 881
1617520 878
1617530 875
1617540 875
1617550 872
1617560 870
1617570 875
1617580 877
1617590 878
1617600 878
1617610 879
1617620 880
1617630 880
1617640 882
1617650 883
1617660 883
1617670 886
1617680 889
1617690 889
1617700 891
1617710 893
1617720 893
1617730 895
1617740 896
1617750 896
1617760 895
1617770 893
1617780 893
1617790 892
1617800 893
1617810 893
1617820 892
1617830 889
1617840 889
1617850 887
1617860 885
1617870 885
1617880 881
1617890 878
1617900 878
1617910 875
1617920 874
1617930 874
1617940 872
1617950 872
1617960 872
1617970 871
1617980 871
1617990 871
1618000 871
1618010 868
1618020 868
1618030 863
1618040 859
1618050 856
1618060 856
1618070 854
1618080 852
1618090 852
1618100 852
1618110 852
1618120 852
1618130 850
1618140 849
1618150 849
1618160 850
1618170 858
1618180 858
1618190 865
1618200 871
1618210 871
1618220 877
1618230 883
1618240 883
1618250 889
1618260 895
1618270 895
1618280 902
1618290 909
1618300 909
1618310 915
1618320 921
1618330 921
1618340 926
1618350 931
1618360 931
1618370 936
1618380 941
1618390 941
1618400 946
1618410 950
1618420 950
1618430 955
1618440 960
1618450 960
1618460 964
1618470 968
1618480 968
1618490 972
1618500 976
1618510 976
1618520 978
1618530 980
1618540 989
1618550 989
1618560 989
1618570 989
1618580 987
1618590 984
1618600 984
1618610 979
1618620 977
1618630 976
1618640 976
1618650 974
1618660 971
1618670 971
1618680 967
1618690 971
1618700 971
1618710 975
1618720 979
1618730 979
1618740 981
1618750 980
1618760 980
1618770 977
1618780 972
1618790 972
1618800 966
1618810 960
1618820 960
1618830 955
1618840 952
1618850 952
1618860 954
1618870 957
1618880 957
1618890 959
1618900 961
1618910 961
1618920 965
1618930 970
1618940 970
1618950 976
1618960 982
1618970 982
1618980 986
1618990 983
1619000 983
1619010 974
1619020 969
1619030 969
1619040 966
1619050 962
1619060 962
1619070 955
1619080 949
1619090 949
1619100 945
1619110 938
1619120 938
1619130 932
1619140 926
1619150 926
1619160 921
1619170 916
1619180 916
1619190 911
1619200 907
1619210 907
1619220 904
1619230 901
1619240 898
1619250 898
1619260 894
1619270 891
1619280 891
1619290 889
1619300 886
1619310 886
1619320 884
1619330 883
1619340 883
1619350 881
1619360 880
1619370 880
1619380 880
1619390 879
1619400 879
1619410 878
1619420 877
1619430 877
1619440 879
1619450 884
1619460 884
1619470 891
1619480 898
1619490 898
1619500 900
1619510 895
1619520 895
1619530 890
1619540 885
1619550 885
1619560 881
1619570 876
1619580 876
1619590 871
1619600 865
1619610 865
1619620 856
1619630 848
1619640 848
1619650 844
1619660 841
1619670 841
1619680 842
1619690 844
1619700 844
1619710 847
1619720 851
1619730 851
1619740 856
1619750 861
1619760 861
1619770 865
1619780 869
1619790 869
1619800 873
1619810 875
1619820 877
1619830 877
1619840 879
1619850 881
1619860 881
1619870 883
1619880 886
1619890 886
1619900 888
1619910 889
1619920 889
1619930 891
1619940 893
1619950 893
1619960 896
1619970 899
1619980 899
1619990 903
