1600000 794
1600010 793
1600020 790
1600030 790
1600040 784
1600050 778
1600060 778
1600070 772
1600080 767
1600090 767
1600100 762
1600110 757
1600120 757
1600130 751
1600140 747
1600150 747
1600160 748
1600170 751
1600180 751
1600190 753
1600200 757
1600210 757
1600220 761
1600230 764
1600240 764
1600250 766
1600260 768
1600270 768
1600280 771
1600290 773
1600300 773
1600310 774
1600320 775
1600330 775
1600340 776
1600350 777
1600360 777
1600370 772
1600380 772
1600390 772
1600400 770
1600410 768
1600420 768
1600430 763
1600440 756
1600450 756
1600460 747
1600470 742
1600480 737
1600490 737
1600500 731
1600510 726
1600520 726
1600530 722
1600540 717
1600550 717
1600560 712
1600570 708
1600580 708
1600590 703
1600600 699
1600610 699
1600620 694
1600630 690
1600640 690
1600650 685
1600660 680
1600670 680
1600680 674
1600690 670
1600700 670
1600710 668
1600720 669
1600730 669
1600740 674
1600750 681
1600760 681
1600770 687
1600780 693
1600790 693
1600800 698
1600810 703
1600820 703
1600830 709
1600840 714
1600850 714
1600860 717
1600870 718
1600880 718
1600890 716
1600900 712
1600910 712
1600920 707
1600930 703
1600940 703
1600950 702
1600960 704
1600970 704
1600980 705
1600990 706
1601000 706
1601010 706
1601020 706
1601030 706
1601040 707
1601050 709
1601060 711
1601070 711
1601080 710
1601090 706
1601100 706
1601110 701
1601120 695
1601130 695
1601140 689
1601150 686
1601160 686
1601170 687
1601180 688
1601190 688
1601200 687
1601210 680
1601220 680
1601230 673
1601240 680
1601250 680
1601260 690
1601270 697
1601280 697
1601290 703
1601300 707
1601310 707
1601320 708
1601330 707
1601340 707
1601350 706
1601360 704
1601370 704
1601380 700
1601390 695
1601400 695
1601410 689
1601420 685
1601430 685
1601440 679
1601450 675
1601460 675
1601470 671
1601480 671
1601490 671
1601500 678
1601510 687
1601520 687
1601530 695
1601540 704
1601550 704
1601560 711
1601570 719
1601580 719
1601590 726
1601600 731
1601610 731
1601620 734
1601630 737
1601640 737
1601650 738
1601660 740
1601670 742
1601680 742
1601690 744
1601700 747
1601710 747
1601720 752
1601730 757
1601740 757
1601750 763
1601760 768
1601770 768
1601780 774
1601790 780
1601800 780
1601810 785
1601820 791
1601830 791
1601840 796
1601850 800
1601860 800
1601870 804
1601880 807
1601890 807
1601900 810
1601910 813
1601920 813
1601930 816
1601940 819
1601950 819
1601960 822
1601970 825
1601980 825
1601990 828
1602000 831
1602010 831
1602020 836
1602030 840
1602040 840
1602050 844
1602060 849
1602070 849
1602080 854
1602090 859
1602100 859
1602110 865
1602120 871
1602130 871
1602140 877
1602150 879
1602160 879
1602170 877
1602180 871
1602190 871
1602200 867
1602210 866
1602220 866
1602230 867
1602240 867
1602250 869
1602260 869
1602270 872
1602280 874
1602290 874
1602300 874
1602310 873
1602320 873
1602330 868
1602340 861
1602350 861
1602360 854
1602370 847
1602380 847
1602390 841
1602400 836
1602410 836
1602420 837
1602430 841
1602440 841
1602450 844
1602460 846
1602470 846
1602480 848
1602490 850
1602500 850
1602510 851
1602520 849
1602530 849
1602540 844
1602550 838
1602560 838
1602570 832
1602580 824
1602590 824
1602600 825
1602610 829
1602620 829
1602630 835
1602640 841
1602650 841
1602660 847
1602670 852
1602680 852
1602690 857
1602700 860
1602710 860
1602720 865
1602730 869
1602740 869
1602750 874
1602760 879
1602770 879
1602780 886
1602790 892
1602800 892
1602810 898
1602820 904
1602830 904
1602840 903
1602850 897
1602860 889
1602870 889
1602880 881
1602890 875
1602900 875
1602910 869
1602920 866
1602930 866
1602940 864
1602950 864
1602960 864
1602970 861
1602980 859
1602990 859
1603000 859
1603010 859
1603020 859
1603030 858
1603040 855
1603050 855
1603060 851
1603070 846
1603080 846
1603090 843
1603100 841
1603110 841
1603120 843
1603130 840
1603140 840
1603150 833
1603160 826
1603170 826
1603180 817
1603190 809
1603200 809
1603210 802
1603220 795
1603230 795
1603240 788
1603250 782
1603260 782
1603270 778
1603280 775
1603290 775
1603300 772
1603310 768
1603320 768
1603330 762
1603340 760
1603350 760
1603360 763
1603370 763
1603380 763
1603390 767
1603400 769
1603410 769
1603420 767
1603430 770
1603440 777
1603450 777
1603460 782
1603470 788
1603480 788
1603490 792
1603500 796
1603510 796
1603520 804
1603530 812
1603540 812
1603550 816
1603560 818
1603570 818
1603580 821
1603590 822
1603600 822
1603610 821
1603620 820
1603630 820
1603640 817
1603650 816
1603660 811
1603670 805
1603680 800
1603690 800
1603700 793
1603710 785
1603720 785
1603730 776
1603740 767
1603750 767
1603760 760
1603770 754
1603780 754
1603790 747
1603800 740
1603810 740
1603820 733
1603830 725
1603840 725
1603850 719
1603860 712
1603870 712
1603880 706
1603890 699
1603900 699
1603910 691
1603920 685
1603930 685
1603940 679
1603950 675
1603960 675
1603970 672
1603980 667
1603990 667
1604000 661
1604010 657
1604020 657
1604030 654
1604040 652
1604050 651
1604060 651
1604070 649
1604080 652
1604090 652
1604100 653
1604110 653
1604120 653
1604130 654
1604140 653
1604150 653
1604160 654
1604170 660
1604180 660
1604190 659
1604200 658
1604210 658
1604220 651
1604230 642
1604240 642
1604250 632
1604260 623
1604270 623
1604280 616
1604290 610
1604300 610
1604310 605
1604320 601
1604330 601
1604340 597
1604350 591
1604360 591
1604370 584
1604380 578
1604390 578
1604400 571
1604410 563
1604420 563
1604430 557
1604440 551
1604450 551
1604460 545
1604470 538
1604480 538
1604490 531
1604500 529
1604510 529
1604520 528
1604530 530
1604540 530
1604550 529
1604560 528
1604570 528
1604580 529
1604590 534
1604600 534
1604610 538
1604620 539
1604630 539
1604640 539
1604650 539
1604660 543
1604670 543
1604680 544
1604690 541
1604700 541
1604710 535
1604720 541
1604730 541
1604740 538
1604750 537
1604760 537
1604770 546
1604780 555
1604790 555
1604800 566
1604810 576
1604820 576
1604830 582
1604840 585
1604850 585
1604860 592
1604870 601
1604880 601
1604890 608
1604900 613
1604910 613
1604920 617
1604930 623
1604940 623
1604950 625
1604960 621
1604970 621
1604980 615
1604990 609
1605000 609
1605010 602
1605020 595
1605030 595
1605040 588
1605050 581
1605060 581
1605070 574
1605080 568
1605090 568
1605100 572
1605110 580
1605120 580
1605130 588
1605140 596
1605150 596
1605160 603
1605170 609
1605180 609
1605190 616
1605200 623
1605210 623
1605220 628
1605230 632
1605240 636
1605250 636
1605260 639
1605270 641
1605280 641
1605290 640
1605300 637
1605310 637
1605320 632
1605330 627
1605340 627
1605350 627
1605360 632
1605370 632
1605380 641
1605390 645
1605400 645
1605410 652
1605420 656
1605430 656
1605440 656
1605450 651
1605460 651
1605470 644
1605480 639
1605490 639
1605500 636
1605510 637
1605520 637
1605530 639
1605540 640
1605550 640
1605560 642
1605570 648
1605580 648
1605590 657
1605600 666
1605610 666
1605620 673
1605630 678
1605640 678
1605650 680
1605660 681
1605670 681
1605680 686
1605690 691
1605700 691
1605710 699
1605720 708
1605730 708
1605740 714
1605750 720
1605760 720
1605770 725
1605780 731
1605790 731
1605800 739
1605810 744
1605820 744
1605830 749
1605840 755
1605850 761
1605860 761
1605870 769
1605880 777
1605890 777
1605900 786
1605910 793
1605920 793
1605930 802
1605940 809
1605950 809
1605960 816
1605970 821
1605980 821
1605990 826
1606000 828
1606010 828
1606020 835
1606030 843
1606040 843
1606050 850
1606060 858
1606070 858
1606080 865
1606090 871
1606100 871
1606110 876
1606120 879
1606130 879
1606140 880
1606150 879
1606160 879
1606170 877
1606180 875
1606190 875
1606200 875
1606210 874
1606220 874
1606230 875
1606240 877
1606250 877
1606260 879
1606270 882
1606280 882
1606290 885
1606300 887
1606310 887
1606320 889
1606330 891
1606340 891
1606350 894
1606360 896
1606370 896
1606380 897
1606390 895
1606400 895
1606410 889
1606420 883
1606430 877
1606440 877
1606450 870
1606460 864
1606470 864
1606480 857
1606490 850
1606500 850
1606510 843
1606520 835
1606530 835
1606540 827
1606550 821
1606560 821
1606570 816
1606580 811
1606590 811
1606600 805
1606610 799
1606620 799
1606630 791
1606640 783
1606650 783
1606660 775
1606670 767
1606680 767
1606690 760
1606700 753
1606710 753
1606720 749
1606730 746
1606740 746
1606750 743
1606760 740
1606770 740
1606780 739
1606790 737
1606800 737
1606810 736
1606820 736
1606830 736
1606840 737
1606850 735
1606860 743
1606870 741
1606880 743
1606890 743
1606900 745
1606910 743
1606920 743
1606930 737
1606940 732
1606950 732
1606960 726
1606970 720
1606980 720
1606990 718
1607000 719
1607010 719
1607020 716
1607030 712
1607040 716
1607050 716
1607060 724
1607070 728
1607080 728
1607090 726
1607100 725
1607110 725
1607120 726
1607130 724
1607140 724
1607150 723
1607160 725
1607170 725
1607180 730
1607190 735
1607200 735
1607210 739
1607220 737
1607230 737
1607240 730
1607250 723
1607260 723
1607270 719
1607280 720
1607290 720
1607300 720
1607310 718
1607320 718
1607330 716
1607340 713
1607350 713
1607360 707
1607370 699
1607380 699
1607390 692
1607400 684
1607410 684
1607420 677
1607430 671
1607440 671
1607450 665
1607460 660
1607470 660
1607480 656
1607490 653
1607500 653
1607510 649
1607520 643
1607530 643
1607540 638
1607550 632
1607560 632
1607570 625
1607580 618
1607590 618
1607600 611
1607610 604
1607620 599
1607630 599
1607640 594
1607650 589
1607660 589
1607670 584
1607680 579
1607690 579
1607700 575
1607710 572
1607720 572
1607730 570
1607740 567
1607750 567
1607760 565
1607770 562
1607780 562
1607790 558
1607800 553
1607810 553
1607820 545
1607830 538
1607840 538
1607850 528
1607860 517
1607870 517
1607880 514
1607890 517
1607900 517
1607910 527
1607920 532
1607930 532
1607940 537
1607950 544
1607960 544
1607970 551
1607980 552
1607990 552
1608000 545
1608010 537
1608020 537
1608030 531
1608040 525
1608050 525
1608060 519
1608070 514
1608080 514
1608090 509
1608100 506
1608110 506
1608120 505
1608130 503
1608140 503
1608150 499
1608160 493
1608170 493
1608180 488
1608190 486
1608200 486
1608210 483
1608220 480
1608230 478
1608240 478
1608250 477
1608260 475
1608270 475
1608280 474
1608290 472
1608300 472
1608310 471
1608320 470
1608330 470
1608340 470
1608350 469
1608360 469
1608370 469
1608380 473
1608390 473
1608400 479
1608410 485
1608420 485
1608430 488
1608440 488
1608450 488
1608460 483
1608470 484
1608480 484
1608490 482
1608500 481
1608510 481
1608520 481
1608530 479
1608540 479
1608550 477
1608560 478
1608570 478
1608580 481
1608590 480
1608600 480
1608610 477
1608620 472
1608630 472
1608640 467
1608650 465
1608660 465
1608670 469
1608680 472
1608690 472
1608700 477
1608710 479
1608720 479
1608730 479
1608740 479
1608750 479
1608760 480
1608770 476
1608780 476
1608790 470
1608800 468
1608810 474
1608820 474
1608830 482
1608840 488
1608850 488
1608860 493
1608870 496
1608880 496
1608890 499
1608900 500
1608910 500
1608920 500
1608930 501
1608940 501
1608950 493
1608960 496
1608970 496
1608980 498
1608990 500
1609000 500
1609010 503
1609020 505
1609030 505
1609040 507
1609050 506
1609060 506
1609070 505
1609080 504
1609090 504
1609100 504
1609110 505
1609120 505
1609130 506
1609140 507
1609150 507
1609160 508
1609170 508
1609180 508
1609190 508
1609200 508
1609210 508
1609220 507
1609230 508
1609240 508
1609250 508
1609260 508
1609270 508
1609280 507
1609290 505
1609300 505
1609310 504
1609320 502
1609330 502
1609340 500
1609350 500
1609360 500
1609370 500
1609380 500
1609390 500
1609400 497
1609410 491
1609420 486
1609430 486
1609440 482
1609450 481
1609460 481
1609470 483
1609480 483
1609490 483
1609500 480
1609510 474
1609520 474
1609530 468
1609540 460
1609550 460
1609560 453
1609570 448
1609580 448
1609590 446
1609600 441
1609610 441
1609620 436
1609630 430
1609640 430
1609650 425
1609660 417
1609670 417
1609680 410
1609690 410
1609700 410
1609710 415
1609720 418
1609730 418
1609740 425
1609750 431
1609760 431
1609770 438
1609780 445
1609790 445
1609800 452
1609810 459
1609820 459
1609830 463
1609840 468
1609850 468
1609860 473
1609870 478
1609880 478
1609890 483
1609900 488
1609910 488
1609920 493
1609930 499
1609940 499
1609950 503
1609960 508
1609970 508
1609980 507
1609990 513
1610000 513
1610010 520
1610020 528
1610030 537
1610040 537
1610050 546
1610060 557
1610070 557
1610080 568
1610090 577
1610100 577
1610110 586
1610120 593
1610130 593
1610140 600
1610150 607
1610160 607
1610170 612
1610180 614
1610190 614
1610200 619
1610210 625
1610220 625
1610230 631
1610240 638
1610250 638
1610260 645
1610270 651
1610280 651
1610290 658
1610300 665
1610310 665
1610320 671
1610330 675
1610340 675
1610350 679
1610360 681
1610370 681
1610380 681
1610390 677
1610400 677
1610410 672
1610420 668
1610430 668
1610440 663
1610450 659
1610460 659
1610470 655
1610480 651
1610490 651
1610500 646
1610510 640
1610520 640
1610530 633
1610540 626
1610550 626
1610560 619
1610570 612
1610580 612
1610590 604
1610600 595
1610610 586
1610620 586
1610630 577
1610640 570
1610650 570
1610660 562
1610670 554
1610680 554
1610690 545
1610700 535
1610710 535
1610720 527
1610730 524
1610740 524
1610750 522
1610760 517
1610770 517
1610780 510
1610790 501
1610800 501
1610810 493
1610820 485
1610830 485
1610840 477
1610850 469
1610860 469
1610870 460
1610880 452
1610890 452
1610900 444
1610910 437
1610920 437
1610930 431
1610940 426
1610950 426
1610960 424
1610970 422
1610980 422
1610990 419
1611000 414
1611010 414
1611020 414
1611030 415
1611040 415
1611050 416
1611060 418
1611070 418
1611080 425
1611090 432
1611100 432
1611110 438
1611120 443
1611130 443
1611140 448
1611150 454
1611160 454
1611170 460
1611180 466
1611190 466
1611200 472
1611210 478
1611220 484
1611230 484
1611240 490
1611250 496
1611260 496
1611270 502
1611280 507
1611290 507
1611300 513
1611310 517
1611320 517
1611330 522
1611340 527
1611350 527
1611360 532
1611370 537
1611380 537
1611390 542
1611400 549
1611410 549
1611420 555
1611430 561
1611440 561
1611450 566
1611460 572
1611470 572
1611480 577
1611490 584
1611500 584
1611510 590
1611520 595
1611530 595
1611540 601
1611550 607
1611560 607
1611570 613
1611580 618
1611590 618
1611600 622
1611610 621
1611620 621
1611630 618
1611640 616
1611650 616
1611660 614
1611670 612
1611680 612
1611690 610
1611700 609
1611710 609
1611720 609
1611730 608
1611740 608
1611750 607
1611760 607
1611770 607
1611780 607
1611790 607
1611800 608
1611810 608
1611820 611
1611830 614
1611840 614
1611850 617
1611860 620
1611870 620
1611880 623
1611890 626
1611900 626
1611910 629
1611920 632
1611930 632
1611940 635
1611950 638
1611960 638
1611970 642
1611980 646
1611990 646
1612000 650
1612010 654
1612020 654
1612030 657
1612040 661
1612050 661
1612060 664
1612070 666
1612080 666
1612090 667
1612100 667
1612110 667
1612120 666
1612130 666
1612140 666
1612150 668
1612160 670
1612170 670
1612180 673
1612190 676
1612200 676
1612210 678
1612220 679
1612230 679
1612240 679
1612250 678
1612260 678
1612270 677
1612280 675
1612290 675
1612300 673
1612310 669
1612320 669
1612330 665
1612340 659
1612350 659
1612360 653
1612370 645
1612380 645
1612390 639
1612400 635
1612410 631
1612420 631
1612430 628
1612440 624
1612450 624
1612460 622
1612470 621
1612480 621
1612490 619
1612500 614
1612510 614
1612520 609
1612530 603
1612540 603
1612550 596
1612560 590
1612570 590
1612580 584
1612590 577
1612600 577
1612610 571
1612620 565
1612630 565
1612640 558
1612650 553
1612660 553
1612670 547
1612680 541
1612690 541
1612700 536
1612710 531
1612720 531
1612730 527
1612740 524
1612750 524
1612760 522
1612770 520
1612780 520
1612790 516
1612800 508
1612810 508
1612820 501
1612830 493
1612840 493
1612850 490
1612860 494
1612870 494
1612880 498
1612890 501
1612900 501
1612910 503
1612920 506
1612930 506
1612940 510
1612950 511
1612960 511
1612970 511
1612980 510
1612990 510
1613000 510
1613010 509
1613020 509
1613030 509
1613040 510
1613050 511
1613060 511
1613070 510
1613080 509
1613090 509
1613100 508
1613110 509
1613120 509
1613130 510
1613140 511
1613150 511
1613160 512
1613170 513
1613180 513
1613190 513
1613200 513
1613210 513
1613220 514
1613230 514
1613240 514
1613250 515
1613260 517
1613270 517
1613280 518
1613290 520
1613300 520
1613310 521
1613320 525
1613330 525
1613340 530
1613350 532
1613360 532
1613370 535
1613380 537
1613390 537
1613400 540
1613410 542
1613420 542
1613430 545
1613440 548
1613450 548
1613460 551
1613470 553
1613480 553
1613490 555
1613500 555
1613510 555
1613520 556
1613530 556
1613540 556
1613550 557
1613560 559
1613570 559
1613580 561
1613590 563
1613600 567
1613610 567
1613620 570
1613630 573
1613640 573
1613650 576
1613660 580
1613670 580
1613680 584
1613690 588
1613700 588
1613710 591
1613720 595
1613730 595
1613740 599
1613750 602
1613760 602
1613770 606
1613780 610
1613790 610
1613800 614
1613810 617
1613820 617
1613830 621
1613840 624
1613850 624
1613860 627
1613870 631
1613880 631
1613890 634
1613900 637
1613910 637
1613920 641
1613930 644
1613940 644
1613950 647
1613960 650
1613970 650
1613980 652
1613990 654
1614000 654
1614010 659
1614020 662
1614030 662
1614040 664
1614050 667
1614060 667
1614070 669
1614080 672
1614090 672
1614100 674
1614110 677
1614120 677
1614130 679
1614140 681
1614150 681
1614160 683
1614170 685
1614180 685
1614190 687
1614200 689
1614210 690
1614220 690
1614230 692
1614240 694
1614250 694
1614260 695
1614270 695
1614280 695
1614290 696
1614300 697
1614310 697
1614320 699
1614330 700
1614340 700
1614350 701
1614360 702
1614370 702
1614380 703
1614390 704
1614400 704
1614410 705
1614420 706
1614430 706
1614440 706
1614450 705
1614460 705
1614470 704
1614480 704
1614490 704
1614500 704
1614510 705
1614520 705
1614530 706
1614540 707
1614550 707
1614560 707
1614570 708
1614580 708
1614590 708
1614600 708
1614610 708
1614620 706
1614630 703
1614640 703
1614650 700
1614660 697
1614670 697
1614680 695
1614690 692
1614700 692
1614710 689
1614720 687
1614730 687
1614740 684
1614750 682
1614760 682
1614770 679
1614780 676
1614790 676
1614800 673
1614810 671
1614820 668
1614830 668
1614840 666
1614850 665
1614860 665
1614870 664
1614880 663
1614890 663
1614900 662
1614910 661
1614920 661
1614930 659
1614940 657
1614950 657
1614960 656
1614970 653
1614980 653
1614990 651
1615000 645
1615010 645
1615020 640
1615030 634
1615040 634
1615050 630
1615060 627
1615070 627
1615080 622
1615090 618
1615100 618
1615110 613
1615120 609
1615130 609
1615140 604
1615150 600
1615160 600
1615170 597
1615180 594
1615190 594
1615200 589
1615210 585
1615220 585
1615230 581
1615240 579
1615250 579
1615260 577
1615270 575
1615280 575
1615290 573
1615300 568
1615310 568
1615320 566
1615330 566
1615340 566
1615350 566
1615360 564
1615370 564
1615380 562
1615390 561
1615400 558
1615410 558
1615420 554
1615430 549
1615440 549
1615450 546
1615460 541
1615470 541
1615480 539
1615490 543
1615500 543
1615510 551
1615520 556
1615530 556
1615540 561
1615550 565
1615560 565
1615570 568
1615580 570
1615590 570
1615600 572
1615610 574
1615620 574
1615630 576
1615640 578
1615650 578
1615660 581
1615670 584
1615680 584
1615690 588
1615700 592
1615710 592
1615720 596
1615730 601
1615740 601
1615750 606
1615760 610
1615770 610
1615780 615
1615790 619
1615800 619
1615810 619
1615820 616
1615830 616
1615840 614
1615850 613
1615860 613
1615870 612
1615880 612
1615890 612
1615900 613
1615910 616
1615920 616
1615930 618
1615940 619
1615950 619
1615960 621
1615970 623
1615980 623
1615990 621
1616000 622
1616010 625
1616020 625
1616030 627
1616040 628
1616050 628
1616060 631
1616070 635
1616080 635
1616090 638
1616100 642
1616110 642
1616120 646
1616130 649
1616140 649
1616150 651
1616160 653
1616170 653
1616180 655
1616190 658
1616200 658
1616210 661
1616220 664
1616230 664
1616240 667
1616250 671
1616260 671
1616270 675
1616280 679
1616290 679
1616300 682
1616310 685
1616320 685
1616330 687
1616340 690
1616350 690
1616360 692
1616370 696
1616380 696
1616390 703
1616400 711
1616410 711
1616420 716
1616430 721
1616440 721
1616450 725
1616460 729
1616470 729
1616480 734
1616490 739
1616500 739
1616510 744
1616520 749
1616530 749
1616540 755
1616550 760
1616560 760
1616570 765
1616580 770
1616590 775
1616600 775
1616610 780
1616620 785
1616630 785
1616640 788
1616650 792
1616660 792
1616670 797
1616680 802
1616690 802
1616700 806
1616710 810
1616720 810
1616730 814
1616740 818
1616750 818
1616760 823
1616770 829
1616780 829
1616790 835
1616800 840
1616810 840
1616820 846
1616830 852
1616840 852
1616850 860
1616860 867
1616870 867
1616880 869
1616890 866
1616900 866
1616910 862
1616920 860
1616930 860
1616940 863
1616950 868
1616960 867
1616970 873
1616980 879
1616990 879
1617000 886
1617010 892
1617020 892
1617030 897
1617040 900
1617050 900
1617060 900
1617070 898
1617080 898
1617090 896
1617100 893
1617110 893
1617120 891
1617130 891
1617140 891
1617150 895
1617160 900
1617170 900
1617180 906
1617190 911
1617200 916
1617210 916
1617220 922
1617230 927
1617240 927
1617250 932
1617260 938
1617270 938
1617280 943
1617290 949
1617300 949
1617310 954
1617320 960
1617330 960
1617340 965
1617350 969
1617360 969
1617370 973
1617380 976
1617390 976
1617400 979
1617410 982
1617420 982
1617430 984
1617440 987
1617450 987
1617460 990
1617470 992
1617480 992
1617490 995
1617500 999
1617510 999
1617520 1003
1617530 1006
1617540 1006
1617550 1008
1617560 1011
1617570 1011
1617580 1013
1617590 1015
1617600 1015
1617610 1018
1617620 1020
1617630 1020
1617640 1022
1617650 1025
1617660 1025
1617670 1027
1617680 1029
1617690 1029
1617700 1032
1617710 1036
1617720 1036
1617730 1039
1617740 1042
1617750 1042
1617760 1045
1617770 1049
1617780 1049
1617790 1053
1617800 1057
1617810 1060
1617820 1060
1617830 1063
1617840 1066
1617850 1066
1617860 1070
1617870 1074
1617880 1074
1617890 1077
1617900 1081
1617910 1081
1617920 1085
1617930 1093
1617940 1093
1617950 1097
1617960 1102
1617970 1102
1617980 1107
1617990 1113
1618000 1113
1618010 1117
1618020 1122
1618030 1122
1618040 1127
1618050 1131
1618060 1131
1618070 1136
1618080 1141
1618090 1141
1618100 1146
1618110 1151
1618120 1151
1618130 1156
1618140 1164
1618150 1164
1618160 1172
1618170 1178
1618180 1178
1618190 1179
1618200 1172
1618210 1172
1618220 1165
1618230 1160
1618240 1160
1618250 1155
1618260 1152
1618270 1152
1618280 1150
1618290 1149
1618300 1149
1618310 1148
1618320 1147
1618330 1147
1618340 1148
1618350 1150
1618360 1150
1618370 1151
1618380 1154
1618390 1156
1618400 1156
1618410 1159
1618420 1163
1618430 1163
1618440 1167
1618450 1171
1618460 1171
1618470 1175
1618480 1180
1618490 1180
1618500 1185
1618510 1191
1618520 1191
1618530 1196
1618540 1202
1618550 1202
1618560 1208
1618570 1214
1618580 1214
1618590 1220
1618600 1226
1618610 1226
1618620 1231
1618630 1237
1618640 1237
1618650 1241
1618660 1246
1618670 1246
1618680 1250
1618690 1254
1618700 1254
1618710 1256
1618720 1259
1618730 1259
1618740 1263
1618750 1266
1618760 1266
1618770 1264
1618780 1261
1618790 1261
1618800 1259
1618810 1257
1618820 1257
1618830 1256
1618840 1255
1618850 1255
1618860 1255
1618870 1254
1618880 1254
1618890 1254
1618900 1250
1618910 1250
1618920 1252
1618930 1255
1618940 1255
1618950 1260
1618960 1265
1618970 1265
1618980 1270
1618990 1272
1619000 1274
1619010 1274
1619020 1274
1619030 1272
1619040 1272
1619050 1271
1619060 1269
1619070 1269
1619080 1266
1619090 1264
1619100 1264
1619110 1260
1619120 1256
1619130 1256
1619140 1252
1619150 1247
1619160 1247
1619170 1240
1619180 1232
1619190 1232
1619200 1226
1619210 1219
1619220 1219
1619230 1207
1619240 1198
1619250 1198
1619260 1191
1619270 1187
1619280 1187
1619290 1184
1619300 1179
1619310 1179
1619320 1172
1619330 1165
1619340 1165
1619350 1158
1619360 1150
1619370 1150
1619380 1143
1619390 1136
1619400 1136
1619410 1128
1619420 1118
1619430 1118
1619440 1110
1619450 1103
1619460 1103
1619470 1096
1619480 1089
1619490 1089
1619500 1083
1619510 1076
1619520 1076
1619530 1070
1619540 1064
1619550 1064
1619560 1058
1619570 1052
1619580 1047
1619590 1047
1619600 1042
1619610 1038
1619620 1038
1619630 1035
1619640 1034
1619650 1034
1619660 1033
1619670 1032
1619680 1032
1619690 1030
1619700 1028
1619710 1028
1619720 1025
1619730 1023
1619740 1023
1619750 1020
1619760 1016
1619770 1016
1619780 1013
1619790 1010
1619800 1010
1619810 1011
1619820 1012
1619830 1012
1619840 1010
1619850 1005
1619860 1005
1619870 1009
1619880 1011
1619890 1011
1619900 1013
1619910 1014
1619920 1014
1619930 1015
1619940 1016
1619950 1016
1619960 1019
1619970 1020
1619980 1020
1619990 1022
