1600000 577
1600010 579
1600020 579
1600030 579
1600040 579
1600050 579
1600060 578
1600070 577
1600080 577
1600090 577
1600100 576
1600110 576
1600120 576
1600130 576
1600140 576
1600150 573
1600160 573
1600170 573
1600180 574
1600190 574
1600200 574
1600210 572
1600220 571
1600230 571
1600240 570
1600250 569
1600260 569
1600270 568
1600280 568
1600290 568
1600300 570
1600310 571
1600320 571
1600330 571
1600340 570
1600350 570
1600360 570
1600370 570
1600380 570
1600390 571
1600400 573
1600410 573
1600420 576
1600430 579
1600440 579
1600450 583
1600460 587
1600470 587
1600480 589
1600490 590
1600500 587
1600510 587
1600520 582
1600530 578
1600540 578
1600550 574
1600560 573
1600570 573
1600580 574
1600590 575
1600600 575
1600610 576
1600620 576
1600630 576
1600640 576
1600650 577
1600660 577
1600670 576
1600680 577
1600690 577
1600700 577
1600710 578
1600720 578
1600730 579
1600740 579
1600750 579
1600760 580
1600770 580
1600780 580
1600790 580
1600800 580
1600810 580
1600820 581
1600830 581
1600840 581
1600850 582
1600860 586
1600870 586
1600880 592
1600890 597
1600900 597
1600910 602
1600920 607
1600930 607
1600940 610
1600950 613
1600960 613
1600970 615
1600980 614
1600990 614
1601000 609
1601010 603
1601020 603
1601030 602
1601040 601
1601050 601
1601060 601
1601070 602
1601080 602
1601090 604
1601100 605
1601110 607
1601120 607
1601130 609
1601140 610
1601150 610
1601160 611
1601170 613
1601180 613
1601190 618
1601200 625
1601210 625
1601220 632
1601230 638
1601240 638
1601250 645
1601260 650
1601270 650
1601280 657
1601290 665
1601300 665
1601310 673
1601320 679
1601330 679
1601340 684
1601350 688
1601360 688
1601370 692
1601380 696
1601390 696
1601400 699
1601410 701
1601420 701
1601430 702
1601440 699
1601450 699
1601460 692
1601470 686
1601480 686
1601490 681
1601500 676
1601510 676
1601520 670
1601530 666
1601540 666
1601550 663
1601560 660
1601570 660
1601580 658
1601590 655
1601600 655
1601610 653
1601620 655
1601630 655
1601640 654
1601650 650
1601660 650
1601670 651
1601680 655
1601690 655
1601700 663
1601710 669
1601720 675
1601730 675
1601740 680
1601750 685
1601760 685
1601770 691
1601780 696
1601790 696
1601800 701
1601810 707
1601820 707
1601830 712
1601840 716
1601850 716
1601860 721
1601870 725
1601880 725
1601890 728
1601900 730
1601910 730
1601920 727
1601930 723
1601940 723
1601950 719
1601960 716
1601970 716
1601980 714
1601990 714
1602000 714
1602010 715
1602020 716
1602030 716
1602040 717
1602050 719
1602060 719
1602070 723
1602080 728
1602090 728
1602100 733
1602110 740
1602120 740
1602130 746
1602140 754
1602150 754
1602160 761
1602170 769
1602180 769
1602190 776
1602200 783
1602210 783
1602220 790
1602230 797
1602240 797
1602250 803
1602260 809
1602270 809
1602280 815
1602290 820
1602300 820
1602310 824
1602320 828
1602330 830
1602340 830
1602350 833
1602360 843
1602370 843
1602380 847
1602390 852
1602400 852
1602410 857
1602420 862
1602430 862
1602440 867
1602450 872
1602460 872
1602470 878
1602480 883
1602490 883
1602500 888
1602510 893
1602520 893
1602530 896
1602540 896
1602550 896
1602560 893
1602570 890
1602580 890
1602590 888
1602600 886
1602610 886
1602620 885
1602630 885
1602640 885
1602650 885
1602660 885
1602670 885
1602680 884
1602690 885
1602700 885
1602710 885
1602720 886
1602730 886
1602740 887
1602750 888
1602760 888
1602770 889
1602780 890
1602790 890
1602800 892
1602810 895
1602820 895
1602830 898
1602840 902
1602850 902
1602860 904
1602870 905
1602880 905
1602890 905
1602900 903
1602910 903
1602920 900
1602930 895
1602940 889
1602950 889
1602960 884
1602970 880
1602980 880
1602990 875
1603000 870
1603010 870
1603020 863
1603030 856
1603040 856
1603050 850
1603060 842
1603070 842
1603080 836
1603090 829
1603100 829
1603110 822
1603120 816
1603130 816
1603140 810
1603150 804
1603160 804
1603170 798
1603180 793
1603190 793
1603200 788
1603210 783
1603220 783
1603230 778
1603240 774
1603250 774
1603260 770
1603270 766
1603280 766
1603290 765
1603300 763
1603310 763
1603320 761
1603330 759
1603340 759
1603350 756
1603360 751
1603370 751
1603380 745
1603390 739
1603400 739
1603410 733
1603420 727
1603430 727
1603440 721
1603450 719
1603460 719
1603470 713
1603480 709
1603490 709
1603500 705
1603510 700
1603520 700
1603530 694
1603540 689
1603550 685
1603560 685
1603570 681
1603580 676
1603590 676
1603600 671
1603610 666
1603620 666
1603630 664
1603640 663
1603650 663
1603660 662
1603670 660
1603680 660
1603690 657
1603700 654
1603710 654
1603720 650
1603730 647
1603740 647
1603750 644
1603760 640
1603770 640
1603780 636
1603790 632
1603800 632
1603810 631
1603820 632
1603830 632
1603840 631
1603850 630
1603860 630
1603870 628
1603880 626
1603890 626
1603900 624
1603910 621
1603920 621
1603930 619
1603940 616
1603950 616
1603960 613
1603970 612
1603980 612
1603990 609
1604000 607
1604010 607
1604020 606
1604030 606
1604040 606
1604050 607
1604060 603
1604070 603
1604080 598
1604090 596
1604100 596
1604110 598
1604120 601
1604130 601
1604140 603
1604150 603
1604160 602
1604170 602
1604180 600
1604190 600
1604200 600
1604210 600
1604220 601
1604230 601
1604240 600
1604250 601
1604260 601
1604270 601
1604280 602
1604290 602
1604300 601
1604310 601
1604320 601
1604330 602
1604340 602
1604350 602
1604360 605
1604370 605
1604380 605
1604390 610
1604400 615
1604410 615
1604420 617
1604430 620
1604440 620
1604450 624
1604460 631
1604470 631
1604480 634
1604490 635
1604500 635
1604510 634
1604520 635
1604530 643
1604540 644
1604550 644
1604560 644
1604570 643
1604580 640
1604590 640
1604600 640
1604610 643
1604620 643
1604630 646
1604640 644
1604650 644
1604660 639
1604670 634
1604680 634
1604690 630
1604700 626
1604710 626
1604720 622
1604730 618
1604740 618
1604750 614
1604760 608
1604770 603
1604780 603
1604790 599
1604800 594
1604810 594
1604820 590
1604830 588
1604840 588
1604850 585
1604860 580
1604870 580
1604880 575
1604890 569
1604900 569
1604910 564
1604920 561
1604930 561
1604940 561
1604950 555
1604960 555
1604970 547
1604980 540
1604990 540
1605000 534
1605010 528
1605020 528
1605030 524
1605040 522
1605050 522
1605060 519
1605070 514
1605080 514
1605090 504
1605100 494
1605110 494
1605120 487
1605130 485
1605140 485
1605150 486
1605160 491
1605170 491
1605180 488
1605190 475
1605200 475
1605210 472
1605220 481
1605230 481
1605240 492
1605250 500
1605260 500
1605270 505
1605280 509
1605290 509
1605300 512
1605310 514
1605320 514
1605330 514
1605340 514
1605350 514
1605360 513
1605370 512
1605380 512
1605390 512
1605400 514
1605410 521
1605420 521
1605430 536
1605440 549
1605450 549
1605460 556
1605470 559
1605480 559
1605490 556
1605500 551
1605510 551
1605520 544
1605530 539
1605540 539
1605550 534
1605560 531
1605570 531
1605580 528
1605590 523
1605600 516
1605610 512
1605620 509
1605630 509
1605640 504
1605650 498
1605660 498
1605670 492
1605680 486
1605690 486
1605700 488
1605710 495
1605720 495
1605730 507
1605740 518
1605750 518
1605760 525
1605770 531
1605780 531
1605790 538
1605800 545
1605810 545
1605820 553
1605830 559
1605840 559
1605850 565
1605860 571
1605870 571
1605880 579
1605890 587
1605900 587
1605910 595
1605920 599
1605930 599
1605940 601
1605950 600
1605960 600
1605970 599
1605980 601
1605990 604
1606000 604
1606010 608
1606020 614
1606030 614
1606040 619
1606050 626
1606060 626
1606070 629
1606080 635
1606090 635
1606100 641
1606110 646
1606120 646
1606130 652
1606140 657
1606150 657
1606160 662
1606170 667
1606180 667
1606190 671
1606200 675
1606210 675
1606220 678
1606230 683
1606240 683
1606250 689
1606260 696
1606270 696
1606280 702
1606290 703
1606300 703
1606310 702
1606320 703
1606330 703
1606340 707
1606350 710
1606360 710
1606370 710
1606380 709
1606390 709
1606400 706
1606410 703
1606420 703
1606430 701
1606440 701
1606450 701
1606460 702
1606470 700
1606480 700
1606490 701
1606500 706
1606510 706
1606520 713
1606530 717
1606540 717
1606550 721
1606560 725
1606570 725
1606580 726
1606590 726
1606600 724
1606610 724
1606620 722
1606630 718
1606640 718
1606650 721
1606660 715
1606670 715
1606680 718
1606690 723
1606700 723
1606710 724
1606720 725
1606730 725
1606740 724
1606750 729
1606760 729
1606770 739
1606780 749
1606790 749
1606800 757
1606810 765
1606820 765
1606830 772
1606840 778
1606850 778
1606860 784
1606870 791
1606880 791
1606890 797
1606900 804
1606910 804
1606920 810
1606930 816
1606940 816
1606950 822
1606960 825
1606970 825
1606980 821
1606990 815
1607000 815
1607010 808
1607020 801
1607030 801
1607040 793
1607050 784
1607060 784
1607070 775
1607080 766
1607090 766
1607100 756
1607110 746
1607120 746
1607130 736
1607140 726
1607150 726
1607160 715
1607170 705
1607180 705
1607190 699
1607200 698
1607210 701
1607220 701
1607230 705
1607240 708
1607250 708
1607260 709
1607270 708
1607280 708
1607290 706
1607300 706
1607310 706
1607320 708
1607330 709
1607340 709
1607350 711
1607360 713
1607370 713
1607380 716
1607390 718
1607400 718
1607410 719
1607420 722
1607430 722
1607440 724
1607450 726
1607460 726
1607470 728
1607480 731
1607490 731
1607500 735
1607510 740
1607520 740
1607530 745
1607540 751
1607550 751
1607560 758
1607570 764
1607580 764
1607590 770
1607600 777
1607610 777
1607620 783
1607630 787
1607640 787
1607650 791
1607660 796
1607670 796
1607680 802
1607690 806
1607700 806
1607710 818
1607720 822
1607730 822
1607740 824
1607750 822
1607760 822
1607770 820
1607780 822
1607790 822
1607800 826
1607810 831
1607820 839
1607830 839
1607840 846
1607850 851
1607860 851
1607870 856
1607880 859
1607890 859
1607900 862
1607910 864
1607920 864
1607930 867
1607940 868
1607950 868
1607960 870
1607970 871
1607980 871
1607990 871
1608000 869
1608010 869
1608020 867
1608030 867
1608040 867
1608050 866
1608060 865
1608070 865
1608080 861
1608090 860
1608100 860
1608110 861
1608120 863
1608130 863
1608140 865
1608150 868
1608160 868
1608170 869
1608180 871
1608190 871
1608200 872
1608210 872
1608220 872
1608230 872
1608240 871
1608250 871
1608260 869
1608270 868
1608280 868
1608290 868
1608300 870
1608310 870
1608320 871
1608330 873
1608340 873
1608350 874
1608360 876
1608370 876
1608380 877
1608390 879
1608400 879
1608410 881
1608420 883
1608430 884
1608440 884
1608450 886
1608460 887
1608470 887
1608480 886
1608490 884
1608500 884
1608510 880
1608520 877
1608530 877
1608540 877
1608550 878
1608560 878
1608570 877
1608580 872
1608590 872
1608600 865
1608610 855
1608620 855
1608630 843
1608640 830
1608650 830
1608660 821
1608670 812
1608680 812
1608690 804
1608700 798
1608710 798
1608720 794
1608730 791
1608740 791
1608750 779
1608760 777
1608770 777
1608780 777
1608790 778
1608800 778
1608810 774
1608820 771
1608830 771
1608840 770
1608850 769
1608860 769
1608870 764
1608880 760
1608890 760
1608900 755
1608910 755
1608920 755
1608930 750
1608940 741
1608950 741
1608960 731
1608970 723
1608980 723
1608990 715
1609000 707
1609010 707
1609020 708
1609030 714
1609040 719
1609050 719
1609060 720
1609070 721
1609080 721
1609090 721
1609100 721
1609110 721
1609120 721
1609130 716
1609140 716
1609150 711
1609160 707
1609170 707
1609180 704
1609190 700
1609200 700
1609210 696
1609220 691
1609230 691
1609240 687
1609250 682
1609260 682
1609270 679
1609280 675
1609290 675
1609300 673
1609310 671
1609320 671
1609330 666
1609340 659
1609350 659
1609360 654
1609370 649
1609380 649
1609390 647
1609400 646
1609410 646
1609420 644
1609430 639
1609440 639
1609450 633
1609460 626
1609470 626
1609480 618
1609490 609
1609500 609
1609510 601
1609520 593
1609530 593
1609540 585
1609550 578
1609560 578
1609570 570
1609580 563
1609590 563
1609600 557
1609610 550
1609620 550
1609630 544
1609640 538
1609650 532
1609660 532
1609670 525
1609680 519
1609690 519
1609700 512
1609710 506
1609720 506
1609730 499
1609740 492
1609750 492
1609760 485
1609770 479
1609780 478
1609790 471
1609800 465
1609810 465
1609820 458
1609830 452
1609840 452
1609850 447
1609860 442
1609870 442
1609880 438
1609890 433
1609900 433
1609910 429
1609920 424
1609930 424
1609940 420
1609950 416
1609960 416
1609970 412
1609980 410
1609990 410
1610000 406
1610010 400
1610020 400
1610030 397
1610040 397
1610050 397
1610060 398
1610070 398
1610080 398
1610090 398
1610100 398
1610110 398
1610120 401
1610130 405
1610140 405
1610150 413
1610160 420
1610170 420
1610180 427
1610190 434
1610200 434
1610210 440
1610220 446
1610230 446
1610240 453
1610250 459
1610260 466
1610270 466
1610280 472
1610290 478
1610300 478
1610310 484
1610320 489
1610330 489
1610340 494
1610350 498
1610360 498
1610370 503
1610380 506
1610390 506
1610400 510
1610410 514
1610420 514
1610430 520
1610440 526
1610450 526
1610460 532
1610470 539
1610480 539
1610490 545
1610500 552
1610510 552
1610520 559
1610530 566
1610540 566
1610550 574
1610560 581
1610570 581
1610580 588
1610590 595
1610600 595
1610610 602
1610620 609
1610630 609
1610640 617
1610650 624
1610660 624
1610670 630
1610680 637
1610690 637
1610700 643
1610710 649
1610720 649
1610730 655
1610740 660
1610750 660
1610760 666
1610770 671
1610780 671
1610790 677
1610800 682
1610810 682
1610820 688
1610830 693
1610840 693
1610850 698
1610860 703
1610870 709
1610880 709
1610890 714
1610900 720
1610910 720
1610920 725
1610930 731
1610940 731
1610950 736
1610960 740
1610970 740
1610980 745
1610990 748
1611000 748
1611010 752
1611020 755
1611030 755
1611040 759
1611050 761
1611060 761
1611070 763
1611080 763
1611090 763
1611100 764
1611110 764
1611120 764
1611130 764
1611140 764
1611150 764
1611160 764
1611170 765
1611180 765
1611190 767
1611200 767
1611210 767
1611220 768
1611230 768
1611240 768
1611250 768
1611260 768
1611270 768
1611280 768
1611290 769
1611300 769
1611310 769
1611320 768
1611330 768
1611340 768
1611350 767
1611360 767
1611370 765
1611380 763
1611390 763
1611400 760
1611410 756
1611420 756
1611430 750
1611440 744
1611450 744
1611460 737
1611470 732
1611480 726
1611490 726
1611500 722
1611510 717
1611520 717
1611530 714
1611540 710
1611550 710
1611560 706
1611570 704
1611580 704
1611590 701
1611600 698
1611610 698
1611620 695
1611630 693
1611640 693
1611650 692
1611660 692
1611670 692
1611680 691
1611690 690
1611700 690
1611710 689
1611720 686
1611730 686
1611740 683
1611750 681
1611760 681
1611770 679
1611780 677
1611790 677
1611800 672
1611810 669
1611820 662
1611830 658
1611840 654
1611850 654
1611860 649
1611870 645
1611880 645
1611890 641
1611900 636
1611910 636
1611920 631
1611930 627
1611940 627
1611950 623
1611960 619
1611970 619
1611980 616
1611990 614
1612000 614
1612010 612
1612020 609
1612030 609
1612040 606
1612050 607
1612060 607
1612070 605
1612080 603
1612090 601
1612100 601
1612110 600
1612120 598
1612130 598
1612140 597
1612150 595
1612160 595
1612170 593
1612180 591
1612190 591
1612200 589
1612210 588
1612220 588
1612230 586
1612240 585
1612250 585
1612260 584
1612270 583
1612280 583
1612290 581
1612300 579
1612310 579
1612320 577
1612330 575
1612340 575
1612350 574
1612360 573
1612370 573
1612380 571
1612390 570
1612400 570
1612410 569
1612420 567
1612430 567
1612440 565
1612450 564
1612460 564
1612470 563
1612480 566
1612490 566
1612500 568
1612510 569
1612520 569
1612530 570
1612540 572
1612550 572
1612560 573
1612570 575
1612580 575
1612590 576
1612600 578
1612610 578
1612620 580
1612630 582
1612640 582
1612650 585
1612660 588
1612670 588
1612680 591
1612690 593
1612700 596
1612710 596
1612720 598
1612730 600
1612740 600
1612750 602
1612760 605
1612770 605
1612780 607
1612790 610
1612800 610
1612810 612
1612820 613
1612830 613
1612840 616
1612850 619
1612860 619
1612870 621
1612880 624
1612890 624
1612900 627
1612910 629
1612920 629
1612930 631
1612940 633
1612950 633
1612960 635
1612970 637
1612980 637
1612990 639
1613000 642
1613010 642
1613020 644
1613030 646
1613040 646
1613050 647
1613060 649
1613070 649
1613080 650
1613090 651
1613100 651
1613110 653
1613120 654
1613130 654
1613140 655
1613150 656
1613160 656
1613170 658
1613180 660
1613190 660
1613200 662
1613210 664
1613220 664
1613230 665
1613240 666
1613250 666
1613260 668
1613270 670
1613280 670
1613290 672
1613300 674
1613310 676
1613320 676
1613330 678
1613340 681
1613350 681
1613360 683
1613370 685
1613380 685
1613390 687
1613400 689
1613410 689
1613420 691
1613430 693
1613440 693
1613450 695
1613460 697
1613470 697
1613480 700
1613490 702
1613500 702
1613510 704
1613520 707
1613530 707
1613540 709
1613550 711
1613560 711
1613570 713
1613580 715
1613590 715
1613600 717
1613610 719
1613620 719
1613630 721
1613640 724
1613650 724
1613660 726
1613670 728
1613680 728
1613690 730
1613700 733
1613710 733
1613720 735
1613730 737
1613740 737
1613750 740
1613760 742
1613770 742
1613780 745
1613790 747
1613800 747
1613810 750
1613820 753
1613830 753
1613840 756
1613850 759
1613860 759
1613870 761
1613880 764
1613890 764
1613900 766
1613910 768
1613920 770
1613930 770
1613940 772
1613950 775
1613960 775
1613970 777
1613980 779
1613990 779
1614000 781
1614010 783
1614020 783
1614030 785
1614040 787
1614050 787
1614060 789
1614070 790
1614080 790
1614090 792
1614100 794
1614110 794
1614120 795
1614130 797
1614140 797
1614150 798
1614160 800
1614170 800
1614180 800
1614190 801
1614200 801
1614210 801
1614220 801
1614230 801
1614240 800
1614250 800
1614260 800
1614270 798
1614280 796
1614290 796
1614300 795
1614310 793
1614320 793
1614330 791
1614340 788
1614350 788
1614360 785
1614370 782
1614380 782
1614390 779
1614400 777
1614410 777
1614420 776
1614430 773
1614440 773
1614450 771
1614460 770
1614470 770
1614480 769
1614490 768
1614500 768
1614510 768
1614520 767
1614530 766
1614540 766
1614550 765
1614560 764
1614570 764
1614580 763
1614590 762
1614600 762
1614610 760
1614620 758
1614630 758
1614640 755
1614650 753
1614660 753
1614670 751
1614680 750
1614690 750
1614700 750
1614710 750
1614720 750
1614730 750
1614740 750
1614750 750
1614760 749
1614770 749
1614780 749
1614790 748
1614800 746
1614810 746
1614820 745
1614830 742
1614840 742
1614850 739
1614860 737
1614870 737
1614880 735
1614890 732
1614900 732
1614910 730
1614920 727
1614930 727
1614940 725
1614950 723
1614960 723
1614970 721
1614980 720
1614990 720
1615000 719
1615010 717
1615020 717
1615030 716
1615040 715
1615050 715
1615060 713
1615070 712
1615080 712
1615090 709
1615100 706
1615110 706
1615120 702
1615130 700
1615140 700
1615150 700
1615160 699
1615170 698
1615180 698
1615190 696
1615200 693
1615210 693
1615220 690
1615230 687
1615240 687
1615250 683
1615260 681
1615270 681
1615280 679
1615290 677
1615300 677
1615310 675
1615320 673
1615330 673
1615340 672
1615350 670
1615360 670
1615370 667
1615380 665
1615390 665
1615400 663
1615410 659
1615420 659
1615430 657
1615440 654
1615450 654
1615460 652
1615470 650
1615480 650
1615490 647
1615500 643
1615510 643
1615520 640
1615530 637
1615540 637
1615550 636
1615560 639
1615570 639
1615580 640
1615590 641
1615600 641
1615610 640
1615620 638
1615630 638
1615640 635
1615650 631
1615660 631
1615670 628
1615680 626
1615690 626
1615700 623
1615710 621
1615720 621
1615730 618
1615740 614
1615750 614
1615760 610
1615770 608
1615780 606
1615790 606
1615800 607
1615810 605
1615820 605
1615830 603
1615840 603
1615850 603
1615860 602
1615870 601
1615880 601
1615890 600
1615900 599
1615910 599
1615920 598
1615930 598
1615940 598
1615950 597
1615960 597
1615970 597
1615980 597
1615990 597
1616000 597
1616010 597
1616020 597
1616030 597
1616040 600
1616050 603
1616060 603
1616070 604
1616080 605
1616090 605
1616100 606
1616110 607
1616120 607
1616130 609
1616140 610
1616150 610
1616160 612
1616170 613
1616180 613
1616190 615
1616200 616
1616210 616
1616220 617
1616230 618
1616240 618
1616250 618
1616260 620
1616270 620
1616280 621
1616290 624
1616300 624
1616310 626
1616320 629
1616330 629
1616340 631
1616350 633
1616360 633
1616370 635
1616380 637
1616390 639
1616400 639
1616410 641
1616420 643
1616430 643
1616440 645
1616450 647
1616460 647
1616470 649
1616480 652
1616490 652
1616500 654
1616510 656
1616520 656
1616530 659
1616540 661
1616550 661
1616560 662
1616570 664
1616580 664
1616590 666
1616600 668
1616610 668
1616620 670
1616630 671
1616640 671
1616650 674
1616660 675
1616670 675
1616680 677
1616690 681
1616700 681
1616710 685
1616720 689
1616730 689
1616740 692
1616750 696
1616760 696
1616770 700
1616780 704
1616790 704
1616800 708
1616810 712
1616820 712
1616830 717
1616840 721
1616850 721
1616860 725
1616870 730
1616880 730
1616890 736
1616900 741
1616910 741
1616920 746
1616930 751
1616940 751
1616950 757
1616960 762
1616970 762
1616980 767
1616990 772
1617000 777
1617010 777
1617020 781
1617030 784
1617040 784
1617050 786
1617060 790
1617070 790
1617080 795
1617090 798
1617100 798
1617110 802
1617120 807
1617130 807
1617140 811
1617150 816
1617160 816
1617170 821
1617180 825
1617190 825
1617200 830
1617210 835
1617220 835
1617230 840
1617240 845
1617250 845
1617260 851
1617270 856
1617280 856
1617290 862
1617300 867
1617310 867
1617320 873
1617330 879
1617340 879
1617350 884
1617360 890
1617370 890
1617380 896
1617390 902
1617400 902
1617410 907
1617420 912
1617430 912
1617440 917
1617450 920
1617460 920
1617470 921
1617480 923
1617490 923
1617500 925
1617510 928
1617520 928
1617530 931
1617540 934
1617550 934
1617560 938
1617570 941
1617580 941
1617590 944
1617600 944
1617610 942
1617620 942
1617630 938
1617640 933
1617650 933
1617660 929
1617670 925
1617680 925
1617690 921
1617700 918
1617710 918
1617720 914
1617730 911
1617740 911
1617750 902
1617760 899
1617770 899
1617780 895
1617790 891
1617800 891
1617810 887
1617820 882
1617830 882
1617840 877
1617850 872
1617860 872
1617870 866
1617880 861
1617890 861
1617900 855
1617910 849
1617920 849
1617930 844
1617940 837
1617950 837
1617960 831
1617970 824
1617980 824
1617990 817
1618000 816
1618010 816
1618020 816
1618030 815
1618040 815
1618050 812
1618060 808
1618070 808
1618080 804
1618090 799
1618100 799
1618110 794
1618120 789
1618130 789
1618140 784
1618150 779
1618160 779
1618170 773
1618180 766
1618190 766
1618200 761
1618210 757
1618220 751
1618230 751
1618240 746
1618250 751
1618260 751
1618270 759
1618280 766
1618290 766
1618300 771
1618310 775
1618320 775
1618330 777
1618340 779
1618350 779
1618360 779
1618370 776
1618380 776
1618390 768
1618400 762
1618410 762
1618420 758
1618430 754
1618440 754
1618450 749
1618460 744
1618470 744
1618480 737
1618490 730
1618500 730
1618510 723
1618520 719
1618530 719
1618540 723
1618550 725
1618560 725
1618570 728
1618580 733
1618590 733
1618600 732
1618610 732
1618620 732
1618630 738
1618640 740
1618650 740
1618660 742
1618670 745
1618680 745
1618690 747
1618700 748
1618710 744
1618720 743
1618730 741
1618740 741
1618750 742
1618760 743
1618770 743
1618780 744
1618790 744
1618800 744
1618810 746
1618820 748
1618830 750
1618840 750
1618850 751
1618860 751
1618870 751
1618880 751
1618890 750
1618900 750
1618910 750
1618920 747
1618930 747
1618940 745
1618950 741
1618960 741
1618970 736
1618980 730
1618990 730
1619000 726
1619010 725
1619020 725
1619030 725
1619040 722
1619050 722
1619060 719
1619070 717
1619080 717
1619090 716
1619100 714
1619110 714
1619120 713
1619130 711
1619140 711
1619150 709
1619160 707
1619170 707
1619180 704
1619190 703
1619200 703
1619210 703
1619220 703
1619230 703
1619240 700
1619250 697
1619260 697
1619270 698
1619280 703
1619290 703
1619300 713
1619310 722
1619320 722
1619330 730
1619340 737
1619350 737
1619360 744
1619370 751
1619380 751
1619390 759
1619400 766
1619410 766
1619420 773
1619430 781
1619440 788
1619450 788
1619460 796
1619470 803
1619480 803
1619490 810
1619500 816
1619510 816
1619520 823
1619530 829
1619540 829
1619550 835
1619560 840
1619570 840
1619580 846
1619590 852
1619600 852
1619610 859
1619620 862
1619630 862
1619640 864
1619650 865
1619660 865
1619670 874
1619680 877
1619690 877
1619700 879
1619710 883
1619720 883
1619730 888
1619740 894
1619750 894
1619760 900
1619770 906
1619780 906
1619790 912
1619800 919
1619810 919
1619820 926
1619830 934
1619840 934
1619850 941
1619860 948
1619870 948
1619880 955
1619890 962
1619900 962
1619910 970
1619920 977
1619930 977
1619940 985
1619950 992
1619960 992
1619970 999
1619980 1007
1619990 1007
