1600000 646
1600010 646
1600020 651
1600030 655
1600040 655
1600050 657
1600060 658
1600070 658
1600080 657
1600090 657
1600100 657
1600110 657
1600120 657
1600130 657
1600140 656
1600150 656
1600160 656
1600170 658
1600180 659
1600190 659
1600200 660
1600210 658
1600220 658
1600230 652
1600240 646
1600250 646
1600260 639
1600270 633
1600280 633
1600290 627
1600300 622
1600310 622
1600320 619
1600330 621
1600340 621
1600350 626
1600360 630
1600370 630
1600380 635
1600390 640
1600400 640
1600410 646
1600420 652
1600430 652
1600440 658
1600450 665
1600460 665
1600470 670
1600480 675
1600490 675
1600500 677
1600510 677
1600520 677
1600530 675
1600540 673
1600550 673
1600560 671
1600570 669
1600580 668
1600590 668
1600600 666
1600610 661
1600620 661
1600630 656
1600640 652
1600650 652
1600660 646
1600670 641
1600680 641
1600690 638
1600700 635
1600710 635
1600720 635
1600730 637
1600740 637
1600750 639
1600760 641
1600770 641
1600780 644
1600790 649
1600800 649
1600810 654
1600820 660
1600830 660
1600840 666
1600850 672
1600860 672
1600870 678
1600880 684
1600890 684
1600900 691
1600910 699
1600920 699
1600930 707
1600940 714
1600950 714
1600960 721
1600970 726
1600980 726
1600990 731
1601000 732
1601010 732
1601020 730
1601030 726
1601040 726
1601050 723
1601060 720
1601070 720
1601080 718
1601090 717
1601100 717
1601110 723
1601120 727
1601130 727
1601140 732
1601150 738
1601160 738
1601170 743
1601180 748
1601190 752
1601200 752
1601210 752
1601220 750
1601230 750
1601240 747
1601250 743
1601260 743
1601270 740
1601280 736
1601290 736
1601300 735
1601310 736
1601320 736
1601330 736
1601340 733
1601350 733
1601360 729
1601370 725
1601380 725
1601390 723
1601400 722
1601410 722
1601420 726
1601430 732
1601440 732
1601450 738
1601460 746
1601470 746
1601480 751
1601490 758
1601500 758
1601510 766
1601520 773
1601530 773
1601540 780
1601550 787
1601560 787
1601570 794
1601580 800
1601590 800
1601600 805
1601610 808
1601620 808
1601630 806
1601640 800
1601650 800
1601660 792
1601670 785
1601680 785
1601690 778
1601700 771
1601710 771
1601720 765
1601730 763
1601740 763
1601750 765
1601760 768
1601770 768
1601780 769
1601790 769
1601800 769
1601810 767
1601820 767
1601830 770
1601840 770
1601850 774
1601860 776
1601870 776
1601880 782
1601890 789
1601900 789
1601910 794
1601920 795
1601930 795
1601940 795
1601950 796
1601960 796
1601970 795
1601980 797
1601990 797
1602000 800
1602010 805
1602020 805
1602030 811
1602040 815
1602050 815
1602060 818
1602070 822
1602080 822
1602090 826
1602100 830
1602110 830
1602120 835
1602130 839
1602140 839
1602150 841
1602160 839
1602170 839
1602180 837
1602190 834
1602200 834
1602210 826
1602220 825
1602230 825
1602240 826
1602250 828
1602260 828
1602270 831
1602280 834
1602290 834
1602300 835
1602310 834
1602320 834
1602330 830
1602340 823
1602350 823
1602360 816
1602370 809
1602380 809
1602390 803
1602400 798
1602410 798
1602420 793
1602430 788
1602440 785
1602450 785
1602460 783
1602470 782
1602480 782
1602490 782
1602500 781
1602510 781
1602520 780
1602530 778
1602540 778
1602550 777
1602560 774
1602570 774
1602580 771
1602590 766
1602600 766
1602610 761
1602620 754
1602630 754
1602640 748
1602650 741
1602660 741
1602670 733
1602680 734
1602690 734
1602700 739
1602710 743
1602720 743
1602730 748
1602740 753
1602750 753
1602760 759
1602770 766
1602780 766
1602790 773
1602800 781
1602810 781
1602820 787
1602830 790
1602840 790
1602850 792
1602860 793
1602870 793
1602880 793
1602890 794
1602900 794
1602910 796
1602920 801
1602930 801
1602940 805
1602950 809
1602960 809
1602970 812
1602980 814
1602990 814
1603000 817
1603010 822
1603020 822
1603030 829
1603040 836
1603050 842
1603060 842
1603070 849
1603080 855
1603090 855
1603100 862
1603110 868
1603120 868
1603130 874
1603140 879
1603150 879
1603160 884
1603170 889
1603180 889
1603190 892
1603200 889
1603210 889
1603220 884
1603230 878
1603240 878
1603250 873
1603260 868
1603270 868
1603280 863
1603290 857
1603300 860
1603310 852
1603320 845
1603330 845
1603340 841
1603350 837
1603360 837
1603370 833
1603380 832
1603390 832
1603400 830
1603410 826
1603420 826
1603430 825
1603440 825
1603450 825
1603460 824
1603470 825
1603480 825
1603490 824
1603500 823
1603510 823
1603520 822
1603530 818
1603540 818
1603550 813
1603560 807
1603570 807
1603580 800
1603590 791
1603600 791
1603610 784
1603620 779
1603630 779
1603640 775
1603650 773
1603660 773
1603670 773
1603680 773
1603690 771
1603700 771
1603710 768
1603720 765
1603730 765
1603740 765
1603750 768
1603760 768
1603770 772
1603780 777
1603790 777
1603800 781
1603810 781
1603820 781
1603830 775
1603840 768
1603850 768
1603860 765
1603870 764
1603880 764
1603890 764
1603900 765
1603910 765
1603920 765
1603930 767
1603940 767
1603950 770
1603960 771
1603970 771
1603980 775
1603990 777
1604000 777
1604010 780
1604020 783
1604030 783
1604040 786
1604050 788
1604060 788
1604070 786
1604080 782
1604090 782
1604100 777
1604110 771
1604120 771
1604130 765
1604140 760
1604150 760
1604160 755
1604170 750
1604180 750
1604190 745
1604200 743
1604210 743
1604220 742
1604230 737
1604240 737
1604250 729
1604260 723
1604270 719
1604280 719
1604290 714
1604300 709
1604310 709
1604320 706
1604330 704
1604340 704
1604350 700
1604360 693
1604370 693
1604380 683
1604390 681
1604400 681
1604410 680
1604420 677
1604430 677
1604440 673
1604450 666
1604460 666
1604470 663
1604480 663
1604490 663
1604500 661
1604510 657
1604520 657
1604530 651
1604540 647
1604550 647
1604560 647
1604570 645
1604580 645
1604590 641
1604600 637
1604610 637
1604620 632
1604630 627
1604640 627
1604650 621
1604660 615
1604670 615
1604680 610
1604690 606
1604700 606
1604710 600
1604720 594
1604730 594
1604740 588
1604750 584
1604760 584
1604770 580
1604780 576
1604790 576
1604800 573
1604810 576
1604820 576
1604830 574
1604840 569
1604850 569
1604860 563
1604870 557
1604880 553
1604890 553
1604900 548
1604910 546
1604920 546
1604930 545
1604940 541
1604950 541
1604960 535
1604970 530
1604980 530
1604990 527
1605000 530
1605010 530
1605020 534
1605030 535
1605040 535
1605050 537
1605060 535
1605070 535
1605080 531
1605090 524
1605100 524
1605110 517
1605120 511
1605130 511
1605140 505
1605150 501
1605160 501
1605170 499
1605180 499
1605190 499
1605200 499
1605210 498
1605220 498
1605230 498
1605240 502
1605250 502
1605260 506
1605270 509
1605280 509
1605290 511
1605300 518
1605310 518
1605320 526
1605330 528
1605340 528
1605350 531
1605360 535
1605370 535
1605380 537
1605390 535
1605400 535
1605410 530
1605420 522
1605430 522
1605440 513
1605450 514
1605460 514
1605470 519
1605480 522
1605490 523
1605500 523
1605510 521
1605520 517
1605530 517
1605540 514
1605550 511
1605560 511
1605570 508
1605580 504
1605590 504
1605600 498
1605610 495
1605620 495
1605630 497
1605640 497
1605650 497
1605660 500
1605670 499
1605680 499
1605690 498
1605700 499
1605710 499
1605720 502
1605730 504
1605740 504
1605750 506
1605760 505
1605770 505
1605780 506
1605790 502
1605800 502
1605810 497
1605820 491
1605830 491
1605840 484
1605850 476
1605860 476
1605870 468
1605880 460
1605890 460
1605900 454
1605910 453
1605920 453
1605930 454
1605940 454
1605950 454
1605960 455
1605970 459
1605980 459
1605990 465
1606000 473
1606010 473
1606020 482
1606030 492
1606040 492
1606050 504
1606060 514
1606070 514
1606080 522
1606090 530
1606100 537
1606110 537
1606120 543
1606130 539
1606140 539
1606150 533
1606160 526
1606170 526
1606180 520
1606190 514
1606200 514
1606210 507
1606220 502
1606230 502
1606240 509
1606250 519
1606260 519
1606270 526
1606280 532
1606290 532
1606300 540
1606310 546
1606320 546
1606330 554
1606340 561
1606350 561
1606360 568
1606370 575
1606380 575
1606390 582
1606400 589
1606410 589
1606420 596
1606430 603
1606440 603
1606450 609
1606460 616
1606470 616
1606480 622
1606490 623
1606500 623
1606510 615
1606520 613
1606530 613
1606540 616
1606550 621
1606560 621
1606570 626
1606580 631
1606590 631
1606600 636
1606610 641
1606620 641
1606630 647
1606640 652
1606650 652
1606660 658
1606670 664
1606680 664
1606690 670
1606700 676
1606710 682
1606720 682
1606730 688
1606740 693
1606750 693
1606760 699
1606770 703
1606780 703
1606790 707
1606800 710
1606810 710
1606820 710
1606830 709
1606840 709
1606850 706
1606860 701
1606870 701
1606880 696
1606890 690
1606900 690
1606910 685
1606920 681
1606930 681
1606940 678
1606950 676
1606960 676
1606970 674
1606980 671
1606990 671
1607000 668
1607010 664
1607020 664
1607030 661
1607040 661
1607050 661
1607060 660
1607070 656
1607080 656
1607090 651
1607100 644
1607110 644
1607120 641
1607130 643
1607140 643
1607150 646
1607160 647
1607170 647
1607180 646
1607190 642
1607200 642
1607210 634
1607220 625
1607230 625
1607240 617
1607250 609
1607260 609
1607270 602
1607280 595
1607290 595
1607300 588
1607310 581
1607320 576
1607330 576
1607340 580
1607350 586
1607360 586
1607370 593
1607380 601
1607390 601
1607400 609
1607410 619
1607420 619
1607430 630
1607440 643
1607450 643
1607460 664
1607470 676
1607480 676
1607490 679
1607500 681
1607510 681
1607520 688
1607530 698
1607540 698
1607550 705
1607560 699
1607570 699
1607580 704
1607590 709
1607600 709
1607610 717
1607620 722
1607630 722
1607640 727
1607650 735
1607660 735
1607670 741
1607680 744
1607690 744
1607700 748
1607710 752
1607720 752
1607730 758
1607740 765
1607750 765
1607760 774
1607770 783
1607780 783
1607790 791
1607800 798
1607810 798
1607820 805
1607830 812
1607840 812
1607850 820
1607860 827
1607870 827
1607880 834
1607890 842
1607900 842
1607910 851
1607920 859
1607930 859
1607940 868
1607950 874
1607960 879
1607970 879
1607980 884
1607990 889
1608000 889
1608010 892
1608020 893
1608030 893
1608040 894
1608050 895
1608060 895
1608070 896
1608080 896
1608090 896
1608100 897
1608110 898
1608120 898
1608130 898
1608140 898
1608150 898
1608160 898
1608170 898
1608180 898
1608190 897
1608200 896
1608210 896
1608220 893
1608230 887
1608240 887
1608250 879
1608260 871
1608270 871
1608280 862
1608290 852
1608300 852
1608310 842
1608320 832
1608330 832
1608340 823
1608350 814
1608360 814
1608370 805
1608380 797
1608390 797
1608400 789
1608410 780
1608420 780
1608430 771
1608440 762
1608450 762
1608460 753
1608470 744
1608480 744
1608490 735
1608500 727
1608510 727
1608520 719
1608530 711
1608540 711
1608550 704
1608560 696
1608570 688
1608580 688
1608590 680
1608600 676
1608610 676
1608620 667
1608630 659
1608640 659
1608650 651
1608660 643
1608670 643
1608680 636
1608690 629
1608700 629
1608710 622
1608720 615
1608730 615
1608740 609
1608750 605
1608760 605
1608770 604
1608780 600
1608790 600
1608800 595
1608810 589
1608820 589
1608830 584
1608840 580
1608850 580
1608860 574
1608870 568
1608880 568
1608890 563
1608900 557
1608910 557
1608920 550
1608930 543
1608940 543
1608950 537
1608960 529
1608970 529
1608980 529
1608990 531
1609000 531
1609010 529
1609020 525
1609030 525
1609040 521
1609050 515
1609060 515
1609070 506
1609080 506
1609090 506
1609100 508
1609110 509
1609120 509
1609130 507
1609140 507
1609150 507
1609160 506
1609170 504
1609180 502
1609190 502
1609200 500
1609210 498
1609220 498
1609230 496
1609240 495
1609250 495
1609260 493
1609270 490
1609280 490
1609290 488
1609300 485
1609310 485
1609320 484
1609330 483
1609340 483
1609350 480
1609360 477
1609370 477
1609380 473
1609390 469
1609400 469
1609410 465
1609420 461
1609430 461
1609440 457
1609450 453
1609460 453
1609470 450
1609480 446
1609490 446
1609500 443
1609510 440
1609520 440
1609530 438
1609540 434
1609550 434
1609560 430
1609570 424
1609580 424
1609590 418
1609600 412
1609610 412
1609620 405
1609630 395
1609640 395
1609650 394
1609660 394
1609670 394
1609680 395
1609690 397
1609700 397
1609710 400
1609720 405
1609730 405
1609740 410
1609750 415
1609760 415
1609770 419
1609780 423
1609790 427
1609800 427
1609810 431
1609820 435
1609830 435
1609840 439
1609850 445
1609860 445
1609870 451
1609880 457
1609890 457
1609900 461
1609910 466
1609920 466
1609930 470
1609940 475
1609950 475
1609960 480
1609970 486
1609980 486
1609990 492
1610000 497
1610010 497
1610020 503
1610030 509
1610040 509
1610050 514
1610060 520
1610070 520
1610080 526
1610090 532
1610100 532
1610110 538
1610120 544
1610130 544
1610140 545
1610150 543
1610160 543
1610170 541
1610180 541
1610190 541
1610200 544
1610210 548
1610220 548
1610230 553
1610240 559
1610250 559
1610260 565
1610270 572
1610280 572
1610290 579
1610300 586
1610310 586
1610320 593
1610330 601
1610340 601
1610350 608
1610360 616
1610370 616
1610380 623
1610390 630
1610400 637
1610410 637
1610420 644
1610430 650
1610440 650
1610450 657
1610460 664
1610470 664
1610480 671
1610490 678
1610500 678
1610510 685
1610520 691
1610530 691
1610540 697
1610550 703
1610560 703
1610570 708
1610580 713
1610590 713
1610600 718
1610610 721
1610620 721
1610630 724
1610640 727
1610650 727
1610660 734
1610670 736
1610680 736
1610690 738
1610700 739
1610710 739
1610720 740
1610730 740
1610740 740
1610750 741
1610760 741
1610770 741
1610780 741
1610790 740
1610800 740
1610810 740
1610820 740
1610830 740
1610840 741
1610850 742
1610860 742
1610870 744
1610880 746
1610890 746
1610900 748
1610910 749
1610920 749
1610930 750
1610940 750
1610950 750
1610960 750
1610970 749
1610980 749
1610990 748
1611000 746
1611010 744
1611020 744
1611030 743
1611040 742
1611050 742
1611060 741
1611070 740
1611080 740
1611090 739
1611100 738
1611110 738
1611120 736
1611130 734
1611140 734
1611150 732
1611160 730
1611170 730
1611180 729
1611190 727
1611200 727
1611210 725
1611220 725
1611230 725
1611240 724
1611250 722
1611260 722
1611270 719
1611280 716
1611290 716
1611300 712
1611310 709
1611320 709
1611330 705
1611340 701
1611350 701
1611360 697
1611370 693
1611380 693
1611390 689
1611400 684
1611410 684
1611420 681
1611430 679
1611440 679
1611450 676
1611460 673
1611470 673
1611480 671
1611490 668
1611500 668
1611510 665
1611520 661
1611530 661
1611540 658
1611550 656
1611560 656
1611570 652
1611580 649
1611590 649
1611600 646
1611610 643
1611620 640
1611630 640
1611640 637
1611650 633
1611660 633
1611670 628
1611680 625
1611690 625
1611700 622
1611710 619
1611720 619
1611730 616
1611740 614
1611750 614
1611760 612
1611770 611
1611780 611
1611790 610
1611800 610
1611810 610
1611820 610
1611830 609
1611840 609
1611850 607
1611860 605
1611870 605
1611880 603
1611890 600
1611900 600
1611910 596
1611920 592
1611930 592
1611940 589
1611950 585
1611960 585
1611970 581
1611980 575
1611990 575
1612000 568
1612010 562
1612020 562
1612030 557
1612040 551
1612050 551
1612060 546
1612070 541
1612080 541
1612090 538
1612100 537
1612110 537
1612120 541
1612130 545
1612140 545
1612150 548
1612160 552
1612170 552
1612180 555
1612190 558
1612200 558
1612210 560
1612220 563
1612230 563
1612240 564
1612250 566
1612260 567
1612270 567
1612280 568
1612290 568
1612300 568
1612310 569
1612320 569
1612330 569
1612340 569
1612350 570
1612360 570
1612370 570
1612380 570
1612390 570
1612400 569
1612410 569
1612420 569
1612430 569
1612440 565
1612450 565
1612460 558
1612470 551
1612480 551
1612490 544
1612500 539
1612510 539
1612520 534
1612530 530
1612540 530
1612550 532
1612560 535
1612570 535
1612580 537
1612590 540
1612600 540
1612610 543
1612620 545
1612630 545
1612640 548
1612650 551
1612660 551
1612670 553
1612680 555
1612690 555
1612700 557
1612710 557
1612720 557
1612730 556
1612740 555
1612750 555
1612760 553
1612770 552
1612780 552
1612790 554
1612800 555
1612810 555
1612820 556
1612830 556
1612840 556
1612850 557
1612860 558
1612870 560
1612880 560
1612890 559
1612900 558
1612910 558
1612920 558
1612930 558
1612940 558
1612950 560
1612960 561
1612970 561
1612980 562
1612990 563
1613000 563
1613010 564
1613020 568
1613030 568
1613040 570
1613050 572
1613060 572
1613070 575
1613080 578
1613090 578
1613100 580
1613110 582
1613120 582
1613130 583
1613140 585
1613150 585
1613160 587
1613170 587
1613180 587
1613190 589
1613200 590
1613210 590
1613220 591
1613230 593
1613240 593
1613250 595
1613260 596
1613270 596
1613280 598
1613290 600
1613300 600
1613310 602
1613320 605
1613330 605
1613340 607
1613350 609
1613360 609
1613370 611
1613380 613
1613390 613
1613400 614
1613410 616
1613420 616
1613430 618
1613440 620
1613450 620
1613460 620
1613470 621
1613480 623
1613490 623
1613500 626
1613510 630
1613520 630
1613530 633
1613540 638
1613550 638
1613560 641
1613570 646
1613580 646
1613590 650
1613600 655
1613610 655
1613620 659
1613630 662
1613640 662
1613650 667
1613660 672
1613670 672
1613680 673
1613690 676
1613700 676
1613710 679
1613720 682
1613730 682
1613740 685
1613750 687
1613760 687
1613770 689
1613780 693
1613790 693
1613800 695
1613810 696
1613820 696
1613830 699
1613840 701
1613850 701
1613860 704
1613870 708
1613880 708
1613890 711
1613900 716
1613910 716
1613920 720
1613930 724
1613940 724
1613950 727
1613960 730
1613970 730
1613980 734
1613990 737
1614000 737
1614010 739
1614020 742
1614030 742
1614040 744
1614050 747
1614060 747
1614070 750
1614080 752
1614090 755
1614100 755
1614110 758
1614120 760
1614130 760
1614140 762
1614150 764
1614160 764
1614170 766
1614180 768
1614190 768
1614200 769
1614210 770
1614220 770
1614230 771
1614240 771
1614250 771
1614260 771
1614270 772
1614280 772
1614290 772
1614300 771
1614310 771
1614320 771
1614330 771
1614340 771
1614350 770
1614360 769
1614370 769
1614380 768
1614390 766
1614400 766
1614410 764
1614420 762
1614430 762
1614440 760
1614450 758
1614460 758
1614470 757
1614480 755
1614490 755
1614500 753
1614510 751
1614520 751
1614530 750
1614540 749
1614550 749
1614560 748
1614570 747
1614580 747
1614590 747
1614600 745
1614610 745
1614620 742
1614630 741
1614640 741
1614650 741
1614660 740
1614670 737
1614680 735
1614690 732
1614700 730
1614710 730
1614720 728
1614730 726
1614740 726
1614750 724
1614760 723
1614770 723
1614780 722
1614790 721
1614800 721
1614810 720
1614820 717
1614830 717
1614840 716
1614850 714
1614860 714
1614870 712
1614880 709
1614890 709
1614900 706
1614910 702
1614920 702
1614930 698
1614940 696
1614950 696
1614960 696
1614970 696
1614980 696
1614990 695
1615000 695
1615010 695
1615020 693
1615030 692
1615040 692
1615050 689
1615060 687
1615070 687
1615080 686
1615090 685
1615100 685
1615110 684
1615120 684
1615130 684
1615140 684
1615150 684
1615160 684
1615170 683
1615180 682
1615190 682
1615200 680
1615210 677
1615220 677
1615230 672
1615240 669
1615250 669
1615260 665
1615270 663
1615280 663
1615290 661
1615300 658
1615310 656
1615320 656
1615330 655
1615340 654
1615350 654
1615360 652
1615370 649
1615380 649
1615390 647
1615400 646
1615410 646
1615420 644
1615430 642
1615440 642
1615450 641
1615460 639
1615470 639
1615480 638
1615490 638
1615500 638
1615510 640
1615520 641
1615530 641
1615540 641
1615550 641
1615560 641
1615570 640
1615580 638
1615590 638
1615600 636
1615610 635
1615620 635
1615630 634
1615640 633
1615650 633
1615660 631
1615670 629
1615680 629
1615690 627
1615700 624
1615710 624
1615720 622
1615730 619
1615740 619
1615750 617
1615760 616
1615770 616
1615780 615
1615790 613
1615800 613
1615810 611
1615820 609
1615830 609
1615840 607
1615850 605
1615860 605
1615870 604
1615880 605
1615890 605
1615900 605
1615910 604
1615920 604
1615930 603
1615940 601
1615950 598
1615960 598
1615970 597
1615980 595
1615990 595
1616000 594
1616010 592
1616020 592
1616030 590
1616040 590
1616050 590
1616060 590
1616070 588
1616080 588
1616090 585
1616100 580
1616110 580
1616120 578
1616130 582
1616140 582
1616150 585
1616160 586
1616170 586
1616180 587
1616190 588
1616200 588
1616210 590
1616220 591
1616230 591
1616240 592
1616250 593
1616260 593
1616270 594
1616280 595
1616290 595
1616300 596
1616310 597
1616320 597
1616330 598
1616340 599
1616350 599
1616360 599
1616370 598
1616380 598
1616390 600
1616400 603
1616410 603
1616420 603
1616430 603
1616440 603
1616450 606
1616460 609
1616470 609
1616480 611
1616490 613
1616500 613
1616510 616
1616520 618
1616530 618
1616540 620
1616550 621
1616560 624
1616570 624
1616580 626
1616590 632
1616600 632
1616610 637
1616620 641
1616630 641
1616640 644
1616650 648
1616660 648
1616670 650
1616680 651
1616690 651
1616700 652
1616710 652
1616720 652
1616730 652
1616740 654
1616750 654
1616760 656
1616770 658
1616780 658
1616790 659
1616800 661
1616810 661
1616820 663
1616830 664
1616840 664
1616850 665
1616860 667
1616870 667
1616880 671
1616890 675
1616900 675
1616910 679
1616920 683
1616930 683
1616940 687
1616950 691
1616960 691
1616970 696
1616980 700
1616990 700
1617000 704
1617010 708
1617020 708
1617030 714
1617040 719
1617050 719
1617060 726
1617070 733
1617080 733
1617090 738
1617100 744
1617110 744
1617120 750
1617130 756
1617140 756
1617150 762
1617160 769
1617170 776
1617180 776
1617190 780
1617200 781
1617210 781
1617220 782
1617230 784
1617240 784
1617250 785
1617260 785
1617270 785
1617280 786
1617290 787
1617300 787
1617310 791
1617320 794
1617330 794
1617340 799
1617350 803
1617360 803
1617370 807
1617380 813
1617390 813
1617400 818
1617410 824
1617420 824
1617430 829
1617440 835
1617450 835
1617460 841
1617470 848
1617480 848
1617490 855
1617500 861
1617510 861
1617520 867
1617530 873
1617540 873
1617550 879
1617560 884
1617570 884
1617580 889
1617590 891
1617600 891
1617610 891
1617620 886
1617630 886
1617640 882
1617650 878
1617660 878
1617670 875
1617680 871
1617690 871
1617700 868
1617710 866
1617720 866
1617730 863
1617740 860
1617750 860
1617760 858
1617770 855
1617780 853
1617790 853
1617800 851
1617810 849
1617820 849
1617830 846
1617840 843
1617850 843
1617860 840
1617870 837
1617880 837
1617890 834
1617900 831
1617910 831
1617920 828
1617930 824
1617940 824
1617950 821
1617960 817
1617970 817
1617980 813
1617990 809
1618000 809
1618010 806
1618020 802
1618030 802
1618040 797
1618050 792
1618060 792
1618070 787
1618080 783
1618090 783
1618100 779
1618110 774
1618120 774
1618130 770
1618140 766
1618150 766
1618160 761
1618170 756
1618180 756
1618190 751
1618200 745
1618210 745
1618220 738
1618230 732
1618240 732
1618250 726
1618260 721
1618270 721
1618280 717
1618290 712
1618300 712
1618310 706
1618320 699
1618330 699
1618340 692
1618350 686
1618360 686
1618370 680
1618380 674
1618390 668
1618400 668
1618410 663
1618420 656
1618430 656
1618440 650
1618450 647
1618460 647
1618470 645
1618480 643
1618490 643
1618500 641
1618510 640
1618520 640
1618530 639
1618540 639
1618550 639
1618560 638
1618570 632
1618580 632
1618590 630
1618600 630
1618610 630
1618620 630
1618630 631
1618640 631
1618650 631
1618660 631
1618670 631
1618680 631
1618690 630
1618700 630
1618710 629
1618720 627
1618730 627
1618740 625
1618750 623
1618760 623
1618770 625
1618780 628
1618790 628
1618800 635
1618810 644
1618820 644
1618830 652
1618840 658
1618850 658
1618860 663
1618870 669
1618880 669
1618890 676
1618900 680
1618910 680
1618920 686
1618930 691
1618940 691
1618950 695
1618960 699
1618970 699
1618980 703
1618990 705
1619000 705
1619010 706
1619020 706
1619030 706
1619040 706
1619050 709
1619060 714
1619070 714
1619080 718
1619090 720
1619100 720
1619110 721
1619120 723
1619130 723
1619140 726
1619150 729
1619160 729
1619170 735
1619180 740
1619190 740
1619200 746
1619210 752
1619220 752
1619230 758
1619240 763
1619250 763
1619260 768
1619270 773
1619280 773
1619290 778
1619300 783
1619310 783
1619320 788
1619330 793
1619340 793
1619350 796
1619360 799
1619370 799
1619380 803
1619390 809
1619400 809
1619410 816
1619420 826
1619430 826
1619440 835
1619450 843
1619460 843
1619470 855
1619480 874
1619490 874
1619500 888
1619510 905
1619520 905
1619530 912
1619540 924
1619550 924
1619560 929
1619570 936
1619580 936
1619590 944
1619600 950
1619610 950
1619620 957
1619630 963
1619640 971
1619650 971
1619660 980
1619670 988
1619680 988
1619690 997
1619700 1005
1619710 1005
1619720 1012
1619730 1017
1619740 1017
1619750 1023
1619760 1027
1619770 1027
1619780 1032
1619790 1037
1619800 1037
1619810 1042
1619820 1047
1619830 1047
1619840 1053
1619850 1059
1619860 1059
1619870 1065
1619880 1071
1619890 1071
1619900 1076
1619910 1082
1619920 1082
1619930 1088
1619940 1094
1619950 1094
1619960 1101
1619970 1107
1619980 1107
1619990 1114
