1600000 778
1600010 779
1600020 780
1600030 780
1600040 780
1600050 781
1600060 781
1600070 783
1600080 784
1600090 784
1600100 786
1600110 787
1600120 787
1600130 787
1600140 786
1600150 786
1600160 786
1600170 785
1600180 785
1600190 785
1600200 786
1600210 788
1600220 788
1600230 789
1600240 791
1600250 791
1600260 793
1600270 795
1600280 795
1600290 796
1600300 798
1600310 798
1600320 801
1600330 803
1600340 803
1600350 802
1600360 798
1600370 798
1600380 793
1600390 788
1600400 788
1600410 783
1600420 778
1600430 778
1600440 773
1600450 768
1600460 768
1600470 764
1600480 759
1600490 759
1600500 754
1600510 748
1600520 748
1600530 742
1600540 735
1600550 735
1600560 727
1600570 719
1600580 719
1600590 712
1600600 704
1600610 704
1600620 698
1600630 696
1600640 692
1600650 690
1600660 690
1600670 690
1600680 690
1600690 690
1600700 690
1600710 690
1600720 690
1600730 690
1600740 689
1600750 688
1600760 688
1600770 687
1600780 686
1600790 686
1600800 684
1600810 679
1600820 679
1600830 674
1600840 668
1600850 665
1600860 665
1600870 668
1600880 673
1600890 673
1600900 678
1600910 683
1600920 683
1600930 686
1600940 686
1600950 686
1600960 683
1600970 678
1600980 678
1600990 670
1601000 665
1601010 665
1601020 660
1601030 655
1601040 655
1601050 648
1601060 640
1601070 640
1601080 631
1601090 623
1601100 623
1601110 616
1601120 611
1601130 611
1601140 613
1601150 619
1601160 619
1601170 625
1601180 630
1601190 630
1601200 636
1601210 642
1601220 642
1601230 648
1601240 654
1601250 654
1601260 660
1601270 666
1601280 666
1601290 672
1601300 677
1601310 677
1601320 682
1601330 686
1601340 686
1601350 691
1601360 696
1601370 696
1601380 702
1601390 708
1601400 708
1601410 715
1601420 721
1601430 721
1601440 725
1601450 727
1601460 728
1601470 728
1601480 730
1601490 732
1601500 732
1601510 734
1601520 735
1601530 735
1601540 736
1601550 737
1601560 737
1601570 737
1601580 735
1601590 735
1601600 732
1601610 728
1601620 728
1601630 722
1601640 716
1601650 716
1601660 709
1601670 702
1601680 702
1601690 694
1601700 687
1601710 687
1601720 683
1601730 682
1601740 675
1601750 674
1601760 673
1601770 673
1601780 672
1601790 671
1601800 671
1601810 674
1601820 677
1601830 677
1601840 682
1601850 687
1601860 687
1601870 691
1601880 695
1601890 695
1601900 698
1601910 700
1601920 700
1601930 698
1601940 689
1601950 689
1601960 674
1601970 663
1601980 663
1601990 654
1602000 646
1602010 646
1602020 639
1602030 635
1602040 635
1602050 633
1602060 628
1602070 628
1602080 622
1602090 616
1602100 611
1602110 611
1602120 605
1602130 600
1602140 600
1602150 601
1602160 606
1602170 606
1602180 612
1602190 616
1602200 616
1602210 619
1602220 621
1602230 621
1602240 624
1602250 627
1602260 627
1602270 630
1602280 634
1602290 634
1602300 639
1602310 643
1602320 643
1602330 646
1602340 650
1602350 650
1602360 654
1602370 657
1602380 657
1602390 659
1602400 660
1602410 660
1602420 663
1602430 666
1602440 666
1602450 671
1602460 678
1602470 678
1602480 684
1602490 689
1602500 689
1602510 694
1602520 699
1602530 699
1602540 704
1602550 708
1602560 708
1602570 712
1602580 715
1602590 715
1602600 718
1602610 720
1602620 720
1602630 721
1602640 722
1602650 722
1602660 721
1602670 721
1602680 721
1602690 721
1602700 722
1602710 725
1602720 725
1602730 729
1602740 733
1602750 733
1602760 736
1602770 738
1602780 738
1602790 740
1602800 742
1602810 742
1602820 746
1602830 748
1602840 757
1602850 758
1602860 759
1602870 759
1602880 760
1602890 766
1602900 766
1602910 777
1602920 784
1602930 784
1602940 794
1602950 803
1602960 803
1602970 809
1602980 813
1602990 813
1603000 819
1603010 822
1603020 822
1603030 826
1603040 832
1603050 832
1603060 840
1603070 848
1603080 848
1603090 853
1603100 856
1603110 856
1603120 859
1603130 864
1603140 864
1603150 870
1603160 877
1603170 877
1603180 882
1603190 889
1603200 889
1603210 895
1603220 900
1603230 900
1603240 907
1603250 914
1603260 914
1603270 922
1603280 929
1603290 929
1603300 935
1603310 941
1603320 948
1603330 948
1603340 954
1603350 960
1603360 960
1603370 966
1603380 973
1603390 973
1603400 979
1603410 986
1603420 986
1603430 992
1603440 998
1603450 998
1603460 1004
1603470 1009
1603480 1009
1603490 1016
1603500 1023
1603510 1023
1603520 1030
1603530 1038
1603540 1038
1603550 1045
1603560 1053
1603570 1053
1603580 1062
1603590 1071
1603600 1071
1603610 1078
1603620 1086
1603630 1086
1603640 1093
1603650 1100
1603660 1100
1603670 1106
1603680 1113
1603690 1113
1603700 1121
1603710 1127
1603720 1127
1603730 1133
1603740 1137
1603750 1137
1603760 1141
1603770 1142
1603780 1142
1603790 1140
1603800 1137
1603810 1137
1603820 1134
1603830 1131
1603840 1131
1603850 1129
1603860 1126
1603870 1126
1603880 1124
1603890 1121
1603900 1121
1603910 1119
1603920 1114
1603930 1114
1603940 1112
1603950 1109
1603960 1107
1603970 1107
1603980 1104
1603990 1101
1604000 1101
1604010 1098
1604020 1096
1604030 1096
1604040 1094
1604050 1092
1604060 1092
1604070 1090
1604080 1088
1604090 1088
1604100 1086
1604110 1085
1604120 1085
1604130 1083
1604140 1080
1604150 1080
1604160 1078
1604170 1076
1604180 1076
1604190 1073
1604200 1070
1604210 1070
1604220 1068
1604230 1065
1604240 1065
1604250 1064
1604260 1062
1604270 1062
1604280 1060
1604290 1058
1604300 1058
1604310 1056
1604320 1054
1604330 1054
1604340 1051
1604350 1049
1604360 1049
1604370 1047
1604380 1045
1604390 1045
1604400 1043
1604410 1041
1604420 1041
1604430 1039
1604440 1036
1604450 1036
1604460 1033
1604470 1030
1604480 1030
1604490 1027
1604500 1023
1604510 1023
1604520 1018
1604530 1013
1604540 1013
1604550 1009
1604560 1006
1604570 1003
1604580 1003
1604590 1003
1604600 1002
1604610 1002
1604620 1000
1604630 999
1604640 999
1604650 997
1604660 995
1604670 995
1604680 993
1604690 990
1604700 990
1604710 987
1604720 984
1604730 984
1604740 981
1604750 978
1604760 978
1604770 976
1604780 974
1604790 974
1604800 971
1604810 969
1604820 969
1604830 967
1604840 964
1604850 964
1604860 962
1604870 960
1604880 960
1604890 958
1604900 955
1604910 955
1604920 953
1604930 950
1604940 950
1604950 948
1604960 945
1604970 945
1604980 943
1604990 941
1605000 938
1605010 935
1605020 932
1605030 932
1605040 929
1605050 926
1605060 926
1605070 923
1605080 920
1605090 920
1605100 917
1605110 915
1605120 915
1605130 912
1605140 910
1605150 910
1605160 907
1605170 904
1605180 904
1605190 901
1605200 898
1605210 895
1605220 895
1605230 891
1605240 888
1605250 888
1605260 884
1605270 881
1605280 881
1605290 878
1605300 876
1605310 876
1605320 874
1605330 872
1605340 872
1605350 871
1605360 870
1605370 870
1605380 868
1605390 867
1605400 867
1605410 865
1605420 864
1605430 864
1605440 862
1605450 860
1605460 860
1605470 859
1605480 857
1605490 857
1605500 856
1605510 854
1605520 854
1605530 852
1605540 851
1605550 851
1605560 851
1605570 850
1605580 850
1605590 851
1605600 852
1605610 852
1605620 853
1605630 855
1605640 855
1605650 856
1605660 857
1605670 857
1605680 857
1605690 857
1605700 857
1605710 855
1605720 853
1605730 853
1605740 853
1605750 853
1605760 853
1605770 852
1605780 850
1605790 850
1605800 847
1605810 842
1605820 837
1605830 837
1605840 831
1605850 825
1605860 825
1605870 819
1605880 813
1605890 813
1605900 810
1605910 808
1605920 808
1605930 806
1605940 805
1605950 805
1605960 805
1605970 803
1605980 803
1605990 800
1606000 797
1606010 797
1606020 795
1606030 793
1606040 793
1606050 791
1606060 794
1606070 794
1606080 792
1606090 791
1606100 791
1606110 789
1606120 788
1606130 788
1606140 785
1606150 783
1606160 783
1606170 781
1606180 777
1606190 777
1606200 771
1606210 764
1606220 764
1606230 756
1606240 750
1606250 750
1606260 746
1606270 744
1606280 744
1606290 742
1606300 740
1606310 740
1606320 738
1606330 735
1606340 735
1606350 734
1606360 733
1606370 733
1606380 731
1606390 729
1606400 729
1606410 728
1606420 727
1606430 727
1606440 726
1606450 723
1606460 721
1606470 721
1606480 718
1606490 713
1606500 713
1606510 707
1606520 700
1606530 700
1606540 695
1606550 690
1606560 690
1606570 687
1606580 683
1606590 683
1606600 679
1606610 673
1606620 673
1606630 665
1606640 657
1606650 657
1606660 649
1606670 641
1606680 641
1606690 634
1606700 628
1606710 628
1606720 622
1606730 613
1606740 613
1606750 605
1606760 597
1606770 597
1606780 589
1606790 582
1606800 582
1606810 577
1606820 574
1606830 574
1606840 571
1606850 569
1606860 569
1606870 567
1606880 564
1606890 564
1606900 561
1606910 557
1606920 557
1606930 552
1606940 548
1606950 548
1606960 547
1606970 548
1606980 548
1606990 547
1607000 544
1607010 544
1607020 541
1607030 538
1607040 538
1607050 533
1607060 528
1607070 522
1607080 522
1607090 516
1607100 511
1607110 511
1607120 515
1607130 510
1607140 510
1607150 504
1607160 499
1607170 499
1607180 493
1607190 491
1607200 491
1607210 492
1607220 489
1607230 489
1607240 483
1607250 477
1607260 477
1607270 470
1607280 464
1607290 464
1607300 459
1607310 452
1607320 452
1607330 444
1607340 437
1607350 437
1607360 429
1607370 422
1607380 422
1607390 417
1607400 416
1607410 416
1607420 415
1607430 415
1607440 415
1607450 417
1607460 425
1607470 425
1607480 436
1607490 445
1607500 445
1607510 452
1607520 461
1607530 461
1607540 467
1607550 473
1607560 473
1607570 479
1607580 487
1607590 487
1607600 495
1607610 502
1607620 502
1607630 509
1607640 515
1607650 515
1607660 521
1607670 528
1607680 528
1607690 534
1607700 539
1607710 547
1607720 547
1607730 555
1607740 563
1607750 563
1607760 570
1607770 574
1607780 574
1607790 577
1607800 580
1607810 580
1607820 583
1607830 587
1607840 587
1607850 591
1607860 594
1607870 594
1607880 597
1607890 600
1607900 600
1607910 604
1607920 607
1607930 607
1607940 610
1607950 613
1607960 613
1607970 616
1607980 619
1607990 619
1608000 621
1608010 624
1608020 624
1608030 626
1608040 628
1608050 628
1608060 630
1608070 632
1608080 632
1608090 633
1608100 635
1608110 635
1608120 636
1608130 638
1608140 638
1608150 639
1608160 634
1608170 634
1608180 636
1608190 637
1608200 637
1608210 639
1608220 640
1608230 640
1608240 641
1608250 642
1608260 642
1608270 643
1608280 644
1608290 644
1608300 645
1608310 647
1608320 649
1608330 649
1608340 650
1608350 652
1608360 652
1608370 652
1608380 652
1608390 652
1608400 652
1608410 652
1608420 652
1608430 651
1608440 651
1608450 651
1608460 650
1608470 649
1608480 649
1608490 648
1608500 647
1608510 647
1608520 646
1608530 645
1608540 645
1608550 643
1608560 641
1608570 641
1608580 640
1608590 638
1608600 638
1608610 636
1608620 635
1608630 635
1608640 634
1608650 633
1608660 633
1608670 632
1608680 630
1608690 630
1608700 627
1608710 624
1608720 624
1608730 620
1608740 616
1608750 616
1608760 613
1608770 610
1608780 610
1608790 606
1608800 603
1608810 603
1608820 600
1608830 598
1608840 598
1608850 595
1608860 592
1608870 592
1608880 588
1608890 585
1608900 585
1608910 581
1608920 578
1608930 578
1608940 574
1608950 570
1608960 566
1608970 566
1608980 561
1608990 557
1609000 557
1609010 553
1609020 548
1609030 548
1609040 542
1609050 535
1609060 535
1609070 527
1609080 519
1609090 519
1609100 512
1609110 505
1609120 505
1609130 498
1609140 490
1609150 490
1609160 482
1609170 475
1609180 475
1609190 468
1609200 459
1609210 459
1609220 453
1609230 445
1609240 445
1609250 437
1609260 430
1609270 430
1609280 421
1609290 412
1609300 412
1609310 404
1609320 394
1609330 394
1609340 386
1609350 384
1609360 384
1609370 384
1609380 386
1609390 386
1609400 389
1609410 391
1609420 391
1609430 395
1609440 397
1609450 397
1609460 399
1609470 400
1609480 400
1609490 401
1609500 403
1609510 403
1609520 405
1609530 407
1609540 407
1609550 407
1609560 409
1609570 412
1609580 412
1609590 416
1609600 419
1609610 419
1609620 423
1609630 428
1609640 428
1609650 434
1609660 442
1609670 442
1609680 450
1609690 456
1609700 456
1609710 463
1609720 467
1609730 467
1609740 468
1609750 469
1609760 469
1609770 470
1609780 471
1609790 471
1609800 471
1609810 472
1609820 472
1609830 473
1609840 475
1609850 475
1609860 476
1609870 476
1609880 476
1609890 476
1609900 476
1609910 476
1609920 476
1609930 475
1609940 475
1609950 473
1609960 472
1609970 472
1609980 472
1609990 471
1610000 471
1610010 470
1610020 468
1610030 468
1610040 464
1610050 459
1610060 459
1610070 454
1610080 449
1610090 449
1610100 444
1610110 439
1610120 439
1610130 435
1610140 432
1610150 432
1610160 428
1610170 426
1610180 426
1610190 424
1610200 424
1610210 421
1610220 421
1610230 423
1610240 419
1610250 419
1610260 418
1610270 416
1610280 416
1610290 414
1610300 411
1610310 411
1610320 409
1610330 406
1610340 406
1610350 406
1610360 407
1610370 407
1610380 408
1610390 412
1610400 412
1610410 418
1610420 425
1610430 425
1610440 432
1610450 438
1610460 438
1610470 444
1610480 450
1610490 450
1610500 454
1610510 457
1610520 457
1610530 459
1610540 460
1610550 460
1610560 462
1610570 463
1610580 463
1610590 463
1610600 464
1610610 464
1610620 465
1610630 465
1610640 465
1610650 465
1610660 464
1610670 464
1610680 464
1610690 463
1610700 463
1610710 461
1610720 460
1610730 460
1610740 457
1610750 454
1610760 454
1610770 452
1610780 449
1610790 449
1610800 445
1610810 441
1610820 437
1610830 437
1610840 433
1610850 429
1610860 429
1610870 426
1610880 425
1610890 425
1610900 424
1610910 422
1610920 422
1610930 423
1610940 423
1610950 423
1610960 424
1610970 427
1610980 427
1610990 431
1611000 432
1611010 432
1611020 433
1611030 434
1611040 434
1611050 435
1611060 437
1611070 437
1611080 439
1611090 441
1611100 441
1611110 444
1611120 446
1611130 446
1611140 449
1611150 451
1611160 451
1611170 454
1611180 456
1611190 456
1611200 459
1611210 461
1611220 461
1611230 464
1611240 466
1611250 469
1611260 472
1611270 474
1611280 474
1611290 476
1611300 477
1611310 477
1611320 477
1611330 472
1611340 472
1611350 466
1611360 463
1611370 463
1611380 462
1611390 458
1611400 458
1611410 458
1611420 461
1611430 461
1611440 466
1611450 473
1611460 480
1611470 480
1611480 483
1611490 485
1611500 485
1611510 486
1611520 487
1611530 487
1611540 487
1611550 486
1611560 486
1611570 485
1611580 481
1611590 481
1611600 477
1611610 474
1611620 474
1611630 473
1611640 472
1611650 472
1611660 472
1611670 472
1611680 472
1611690 472
1611700 471
1611710 471
1611720 471
1611730 471
1611740 471
1611750 471
1611760 471
1611770 471
1611780 472
1611790 473
1611800 473
1611810 474
1611820 474
1611830 474
1611840 475
1611850 478
1611860 478
1611870 481
1611880 485
1611890 485
1611900 489
1611910 493
1611920 493
1611930 498
1611940 505
1611950 505
1611960 509
1611970 513
1611980 513
1611990 516
1612000 520
1612010 520
1612020 521
1612030 524
1612040 524
1612050 528
1612060 530
1612070 530
1612080 530
1612090 528
1612100 526
1612110 526
1612120 523
1612130 523
1612140 523
1612150 523
1612160 524
1612170 524
1612180 524
1612190 523
1612200 523
1612210 521
1612220 514
1612230 514
1612240 513
1612250 517
1612260 522
1612270 527
1612280 534
1612290 534
1612300 541
1612310 546
1612320 546
1612330 545
1612340 542
1612350 542
1612360 540
1612370 536
1612380 536
1612390 536
1612400 536
1612410 536
1612420 537
1612430 544
1612440 544
1612450 550
1612460 554
1612470 554
1612480 560
1612490 570
1612500 570
1612510 581
1612520 589
1612530 589
1612540 598
1612550 606
1612560 606
1612570 614
1612580 618
1612590 618
1612600 619
1612610 619
1612620 619
1612630 619
1612640 620
1612650 620
1612660 622
1612670 625
1612680 625
1612690 629
1612700 634
1612710 642
1612720 642
1612730 649
1612740 655
1612750 655
1612760 661
1612770 665
1612780 665
1612790 670
1612800 675
1612810 675
1612820 678
1612830 681
1612840 681
1612850 685
1612860 687
1612870 687
1612880 689
1612890 693
1612900 693
1612910 695
1612920 700
1612930 700
1612940 705
1612950 709
1612960 709
1612970 710
1612980 712
1612990 712
1613000 711
1613010 711
1613020 711
1613030 715
1613040 720
1613050 720
1613060 727
1613070 733
1613080 733
1613090 739
1613100 745
1613110 745
1613120 751
1613130 758
1613140 758
1613150 762
1613160 768
1613170 768
1613180 773
1613190 778
1613200 778
1613210 783
1613220 788
1613230 788
1613240 792
1613250 795
1613260 798
1613270 802
1613280 805
1613290 805
1613300 807
1613310 809
1613320 809
1613330 811
1613340 812
1613350 813
1613360 813
1613370 813
1613380 812
1613390 812
1613400 810
1613410 808
1613420 808
1613430 808
1613440 809
1613450 809
1613460 810
1613470 812
1613480 812
1613490 814
1613500 815
1613510 815
1613520 817
1613530 818
1613540 818
1613550 819
1613560 820
1613570 820
1613580 820
1613590 820
1613600 820
1613610 820
1613620 819
1613630 819
1613640 815
1613650 811
1613660 811
1613670 809
1613680 809
1613690 809
1613700 810
1613710 812
1613720 812
1613730 813
1613740 814
1613750 814
1613760 815
1613770 816
1613780 816
1613790 816
1613800 816
1613810 816
1613820 817
1613830 817
1613840 817
1613850 817
1613860 818
1613870 818
1613880 819
1613890 819
1613900 819
1613910 820
1613920 821
1613930 821
1613940 822
1613950 822
1613960 823
1613970 823
1613980 823
1613990 823
1614000 823
1614010 823
1614020 823
1614030 823
1614040 822
1614050 819
1614060 819
1614070 813
1614080 808
1614090 808
1614100 803
1614110 799
1614120 799
1614130 794
1614140 789
1614150 789
1614160 784
1614170 779
1614180 779
1614190 774
1614200 769
1614210 769
1614220 763
1614230 757
1614240 757
1614250 752
1614260 746
1614270 746
1614280 742
1614290 737
1614300 737
1614310 732
1614320 729
1614330 729
1614340 725
1614350 722
1614360 722
1614370 719
1614380 716
1614390 716
1614400 713
1614410 711
1614420 711
1614430 709
1614440 707
1614450 707
1614460 704
1614470 702
1614480 702
1614490 700
1614500 697
1614510 697
1614520 694
1614530 691
1614540 691
1614550 689
1614560 686
1614570 686
1614580 683
1614590 680
1614600 677
1614610 677
1614620 674
1614630 671
1614640 671
1614650 669
1614660 667
1614670 667
1614680 665
1614690 663
1614700 663
1614710 662
1614720 660
1614730 660
1614740 659
1614750 657
1614760 657
1614770 655
1614780 653
1614790 653
1614800 651
1614810 649
1614820 649
1614830 648
1614840 646
1614850 646
1614860 645
1614870 643
1614880 643
1614890 641
1614900 640
1614910 640
1614920 638
1614930 635
1614940 635
1614950 633
1614960 633
1614970 633
1614980 632
1614990 630
1615000 630
1615010 626
1615020 622
1615030 622
1615040 619
1615050 616
1615060 616
1615070 613
1615080 612
1615090 612
1615100 612
1615110 612
1615120 612
1615130 611
1615140 610
1615150 610
1615160 607
1615170 604
1615180 604
1615190 599
1615200 593
1615210 589
1615220 589
1615230 586
1615240 584
1615250 585
1615260 582
1615270 579
1615280 579
1615290 577
1615300 575
1615310 575
1615320 573
1615330 572
1615340 572
1615350 571
1615360 571
1615370 571
1615380 570
1615390 570
1615400 570
1615410 568
1615420 566
1615430 566
1615440 563
1615450 561
1615460 561
1615470 559
1615480 557
1615490 557
1615500 555
1615510 552
1615520 552
1615530 550
1615540 547
1615550 547
1615560 543
1615570 538
1615580 538
1615590 537
1615600 536
1615610 536
1615620 534
1615630 532
1615640 532
1615650 531
1615660 530
1615670 530
1615680 530
1615690 531
1615700 531
1615710 533
1615720 538
1615730 538
1615740 543
1615750 544
1615760 544
1615770 542
1615780 541
1615790 541
1615800 538
1615810 537
1615820 537
1615830 537
1615840 535
1615850 536
1615860 536
1615870 538
1615880 540
1615890 540
1615900 540
1615910 540
1615920 540
1615930 539
1615940 538
1615950 538
1615960 538
1615970 537
1615980 537
1615990 536
1616000 535
1616010 535
1616020 534
1616030 533
1616040 533
1616050 531
1616060 530
1616070 530
1616080 529
1616090 527
1616100 527
1616110 524
1616120 520
1616130 520
1616140 517
1616150 514
1616160 514
1616170 510
1616180 504
1616190 504
1616200 498
1616210 496
1616220 496
1616230 495
1616240 497
1616250 497
1616260 501
1616270 503
1616280 503
1616290 505
1616300 507
1616310 507
1616320 510
1616330 511
1616340 511
1616350 513
1616360 514
1616370 514
1616380 516
1616390 518
1616400 518
1616410 519
1616420 521
1616430 521
1616440 522
1616450 525
1616460 528
1616470 528
1616480 532
1616490 535
1616500 535
1616510 538
1616520 541
1616530 541
1616540 544
1616550 545
1616560 545
1616570 547
1616580 549
1616590 549
1616600 550
1616610 552
1616620 552
1616630 553
1616640 555
1616650 555
1616660 556
1616670 558
1616680 558
1616690 558
1616700 560
1616710 560
1616720 561
1616730 561
1616740 561
1616750 562
1616760 563
1616770 563
1616780 564
1616790 565
1616800 565
1616810 566
1616820 567
1616830 567
1616840 567
1616850 568
1616860 568
1616870 568
1616880 567
1616890 567
1616900 568
1616910 566
1616920 566
1616930 570
1616940 571
1616950 571
1616960 572
1616970 576
1616980 576
1616990 577
1617000 579
1617010 579
1617020 581
1617030 582
1617040 582
1617050 583
1617060 585
1617070 585
1617080 586
1617090 587
1617100 588
1617110 588
1617120 590
1617130 592
1617140 592
1617150 594
1617160 595
1617170 595
1617180 596
1617190 597
1617200 594
1617210 595
1617220 595
1617230 595
1617240 594
1617250 591
1617260 591
1617270 587
1617280 582
1617290 582
1617300 577
1617310 572
1617320 572
1617330 570
1617340 573
1617350 573
1617360 576
1617370 577
1617380 577
1617390 578
1617400 578
1617410 578
1617420 578
1617430 578
1617440 578
1617450 578
1617460 579
1617470 579
1617480 582
1617490 583
1617500 583
1617510 585
1617520 587
1617530 587
1617540 591
1617550 596
1617560 596
1617570 600
1617580 604
1617590 604
1617600 606
1617610 606
1617620 606
1617630 607
1617640 607
1617650 607
1617660 608
1617670 610
1617680 610
1617690 612
1617700 617
1617710 620
1617720 620
1617730 623
1617740 627
1617750 627
1617760 631
1617770 636
1617780 636
1617790 640
1617800 644
1617810 644
1617820 648
1617830 652
1617840 652
1617850 653
1617860 651
1617870 651
1617880 648
1617890 642
1617900 642
1617910 635
1617920 628
1617930 628
1617940 620
1617950 613
1617960 613
1617970 605
1617980 598
1617990 598
1618000 591
1618010 585
1618020 585
1618030 579
1618040 574
1618050 574
1618060 570
1618070 567
1618080 567
1618090 566
1618100 562
1618110 562
1618120 559
1618130 554
1618140 554
1618150 550
1618160 545
1618170 549
1618180 543
1618190 538
1618200 538
1618210 532
1618220 527
1618230 527
1618240 520
1618250 512
1618260 512
1618270 507
1618280 507
1618290 507
1618300 506
1618310 506
1618320 506
1618330 506
1618340 506
1618350 505
1618360 505
1618370 505
1618380 506
1618390 506
1618400 513
1618410 518
1618420 518
1618430 521
1618440 525
1618450 525
1618460 529
1618470 533
1618480 533
1618490 538
1618500 544
1618510 544
1618520 550
1618530 556
1618540 556
1618550 563
1618560 570
1618570 570
1618580 577
1618590 584
1618600 584
1618610 589
1618620 595
1618630 595
1618640 600
1618650 605
1618660 605
1618670 609
1618680 612
1618690 612
1618700 614
1618710 617
1618720 617
1618730 621
1618740 625
1618750 625
1618760 631
1618770 637
1618780 637
1618790 644
1618800 650
1618810 650
1618820 657
1618830 664
1618840 664
1618850 670
1618860 677
1618870 677
1618880 683
1618890 689
1618900 689
1618910 695
1618920 701
1618930 701
1618940 707
1618950 712
1618960 712
1618970 717
1618980 721
1618990 726
1619000 726
1619010 731
1619020 736
1619030 736
1619040 742
1619050 747
1619060 747
1619070 751
1619080 755
1619090 755
1619100 759
1619110 763
1619120 763
1619130 765
1619140 768
1619150 768
1619160 771
1619170 774
1619180 774
1619190 776
1619200 778
1619210 778
1619220 779
1619230 780
1619240 780
1619250 781
1619260 783
1619270 783
1619280 784
1619290 785
1619300 785
1619310 786
1619320 786
1619330 786
1619340 785
1619350 783
1619360 783
1619370 782
1619380 783
1619390 783
1619400 783
1619410 784
1619420 784
1619430 783
1619440 783
1619450 783
1619460 783
1619470 783
1619480 783
1619490 784
1619500 784
1619510 784
1619520 783
1619530 783
1619540 783
1619550 785
1619560 787
1619570 787
1619580 790
1619590 791
1619600 793
1619610 793
1619620 794
1619630 797
1619640 797
1619650 801
1619660 805
1619670 805
1619680 806
1619690 807
1619700 807
1619710 808
1619720 814
1619730 814
1619740 831
1619750 848
1619760 848
1619770 854
1619780 857
1619790 857
1619800 860
1619810 862
1619820 862
1619830 867
1619840 872
1619850 872
1619860 877
1619870 882
1619880 882
1619890 887
1619900 893
1619910 893
1619920 899
1619930 908
1619940 908
1619950 921
1619960 936
1619970 936
1619980 942
1619990 945
