1600000 770
1600010 771
1600020 771
1600030 771
1600040 771
1600050 773
1600060 773
1600070 775
1600080 776
1600090 776
1600100 777
1600110 779
1600120 779
1600130 778
1600140 776
1600150 776
1600160 776
1600170 776
1600180 776
1600190 776
1600200 779
1600210 780
1600220 780
1600230 781
1600240 784
1600250 784
1600260 787
1600270 795
1600280 795
1600290 796
1600300 798
1600310 798
1600320 801
1600330 803
1600340 803
1600350 802
1600360 798
1600370 798
1600380 793
1600390 788
1600400 788
1600410 783
1600420 778
1600430 778
1600440 773
1600450 768
1600460 768
1600470 764
1600480 759
1600490 759
1600500 754
1600510 748
1600520 748
1600530 742
1600540 735
1600550 735
1600560 727
1600570 719
1600580 719
1600590 712
1600600 704
1600610 704
1600620 698
1600630 696
1600640 696
1600650 695
1600660 696
1600670 696
1600680 696
1600690 697
1600700 697
1600710 697
1600720 697
1600730 697
1600740 696
1600750 694
1600760 694
1600770 693
1600780 692
1600790 692
1600800 688
1600810 682
1600820 676
1600830 676
1600840 671
1600850 669
1600860 669
1600870 671
1600880 676
1600890 676
1600900 681
1600910 686
1600920 686
1600930 689
1600940 689
1600950 689
1600960 684
1600970 679
1600980 679
1600990 673
1601000 666
1601010 666
1601020 662
1601030 656
1601040 656
1601050 648
1601060 639
1601070 639
1601080 631
1601090 623
1601100 623
1601110 617
1601120 613
1601130 613
1601140 613
1601150 618
1601160 618
1601170 624
1601180 631
1601190 631
1601200 636
1601210 641
1601220 641
1601230 648
1601240 654
1601250 654
1601260 659
1601270 665
1601280 665
1601290 670
1601300 674
1601310 674
1601320 678
1601330 683
1601340 683
1601350 689
1601360 694
1601370 694
1601380 702
1601390 708
1601400 708
1601410 715
1601420 721
1601430 721
1601440 725
1601450 727
1601460 728
1601470 728
1601480 730
1601490 732
1601500 732
1601510 734
1601520 735
1601530 735
1601540 736
1601550 737
1601560 737
1601570 737
1601580 735
1601590 735
1601600 732
1601610 728
1601620 728
1601630 722
1601640 716
1601650 716
1601660 709
1601670 702
1601680 702
1601690 694
1601700 687
1601710 687
1601720 683
1601730 682
1601740 682
1601750 681
1601760 679
1601770 679
1601780 678
1601790 677
1601800 677
1601810 679
1601820 682
1601830 682
1601840 686
1601850 691
1601860 691
1601870 696
1601880 700
1601890 700
1601900 702
1601910 702
1601920 702
1601930 696
1601940 685
1601950 685
1601960 672
1601970 663
1601980 663
1601990 655
1602000 650
1602010 650
1602020 645
1602030 641
1602040 641
1602050 637
1602060 630
1602070 623
1602080 623
1602090 617
1602100 611
1602110 611
1602120 604
1602130 601
1602140 601
1602150 602
1602160 607
1602170 607
1602180 612
1602190 615
1602200 615
1602210 618
1602220 621
1602230 621
1602240 624
1602250 627
1602260 627
1602270 631
1602280 634
1602290 634
1602300 638
1602310 642
1602320 642
1602330 645
1602340 649
1602350 649
1602360 652
1602370 654
1602380 654
1602390 657
1602400 659
1602410 659
1602420 662
1602430 667
1602440 667
1602450 671
1602460 677
1602470 677
1602480 684
1602490 689
1602500 689
1602510 694
1602520 699
1602530 699
1602540 704
1602550 708
1602560 708
1602570 712
1602580 715
1602590 715
1602600 718
1602610 720
1602620 720
1602630 721
1602640 722
1602650 722
1602660 721
1602670 721
1602680 721
1602690 721
1602700 722
1602710 725
1602720 725
1602730 729
1602740 733
1602750 733
1602760 736
1602770 738
1602780 738
1602790 740
1602800 742
1602810 742
1602820 746
1602830 748
1602840 748
1602850 749
1602860 752
1602870 752
1602880 758
1602890 769
1602900 769
1602910 778
1602920 788
1602930 788
1602940 800
1602950 809
1602960 809
1602970 814
1602980 818
1602990 818
1603000 823
1603010 827
1603020 827
1603030 830
1603040 831
1603050 831
1603060 836
1603070 842
1603080 842
1603090 847
1603100 853
1603110 853
1603120 862
1603130 871
1603140 871
1603150 878
1603160 885
1603170 885
1603180 891
1603190 896
1603200 896
1603210 902
1603220 906
1603230 906
1603240 909
1603250 914
1603260 914
1603270 920
1603280 926
1603290 926
1603300 931
1603310 937
1603320 944
1603330 944
1603340 950
1603350 956
1603360 956
1603370 963
1603380 969
1603390 969
1603400 975
1603410 982
1603420 982
1603430 988
1603440 995
1603450 995
1603460 1002
1603470 1008
1603480 1008
1603490 1015
1603500 1022
1603510 1022
1603520 1029
1603530 1037
1603540 1037
1603550 1045
1603560 1053
1603570 1053
1603580 1062
1603590 1071
1603600 1071
1603610 1078
1603620 1086
1603630 1086
1603640 1093
1603650 1100
1603660 1100
1603670 1106
1603680 1113
1603690 1113
1603700 1121
1603710 1127
1603720 1127
1603730 1133
1603740 1137
1603750 1137
1603760 1141
1603770 1142
1603780 1142
1603790 1140
1603800 1137
1603810 1137
1603820 1134
1603830 1131
1603840 1131
1603850 1129
1603860 1126
1603870 1126
1603880 1124
1603890 1121
1603900 1121
1603910 1119
1603920 1117
1603930 1114
1603940 1114
1603950 1111
1603960 1109
1603970 1109
1603980 1106
1603990 1103
1604000 1103
1604010 1100
1604020 1098
1604030 1098
1604040 1096
1604050 1094
1604060 1094
1604070 1092
1604080 1090
1604090 1090
1604100 1088
1604110 1087
1604120 1087
1604130 1085
1604140 1082
1604150 1082
1604160 1080
1604170 1078
1604180 1078
1604190 1075
1604200 1072
1604210 1072
1604220 1069
1604230 1067
1604240 1067
1604250 1066
1604260 1065
1604270 1065
1604280 1063
1604290 1061
1604300 1061
1604310 1058
1604320 1056
1604330 1056
1604340 1054
1604350 1051
1604360 1051
1604370 1049
1604380 1047
1604390 1047
1604400 1045
1604410 1043
1604420 1043
1604430 1041
1604440 1038
1604450 1038
1604460 1035
1604470 1032
1604480 1032
1604490 1028
1604500 1025
1604510 1025
1604520 1020
1604530 1016
1604540 1016
1604550 1013
1604560 1010
1604570 1008
1604580 1008
1604590 1007
1604600 1005
1604610 1005
1604620 1003
1604630 1001
1604640 999
1604650 997
1604660 995
1604670 995
1604680 993
1604690 990
1604700 990
1604710 987
1604720 984
1604730 984
1604740 981
1604750 978
1604760 978
1604770 976
1604780 974
1604790 974
1604800 971
1604810 969
1604820 969
1604830 967
1604840 964
1604850 964
1604860 962
1604870 960
1604880 960
1604890 958
1604900 955
1604910 955
1604920 953
1604930 950
1604940 950
1604950 948
1604960 945
1604970 945
1604980 943
1604990 941
1605000 941
1605010 938
1605020 935
1605030 935
1605040 932
1605050 929
1605060 929
1605070 926
1605080 922
1605090 922
1605100 919
1605110 917
1605120 917
1605130 914
1605140 912
1605150 912
1605160 909
1605170 907
1605180 904
1605190 904
1605200 901
1605210 898
1605220 898
1605230 894
1605240 890
1605250 890
1605260 887
1605270 884
1605280 884
1605290 880
1605300 878
1605310 878
1605320 876
1605330 874
1605340 874
1605350 873
1605360 872
1605370 872
1605380 870
1605390 869
1605400 869
1605410 867
1605420 865
1605430 865
1605440 864
1605450 862
1605460 862
1605470 861
1605480 859
1605490 859
1605500 857
1605510 855
1605520 855
1605530 853
1605540 851
1605550 851
1605560 851
1605570 850
1605580 850
1605590 851
1605600 851
1605610 851
1605620 852
1605630 852
1605640 852
1605650 852
1605660 852
1605670 852
1605680 852
1605690 851
1605700 851
1605710 855
1605720 853
1605730 853
1605740 853
1605750 853
1605760 853
1605770 852
1605780 850
1605790 850
1605800 847
1605810 842
1605820 837
1605830 837
1605840 831
1605850 825
1605860 825
1605870 819
1605880 813
1605890 813
1605900 810
1605910 808
1605920 808
1605930 806
1605940 805
1605950 805
1605960 805
1605970 803
1605980 803
1605990 800
1606000 797
1606010 797
1606020 795
1606030 793
1606040 793
1606050 791
1606060 789
1606070 789
1606080 788
1606090 787
1606100 787
1606110 785
1606120 783
1606130 783
1606140 780
1606150 778
1606160 778
1606170 777
1606180 774
1606190 774
1606200 769
1606210 762
1606220 762
1606230 755
1606240 748
1606250 748
1606260 741
1606270 738
1606280 738
1606290 735
1606300 733
1606310 733
1606320 731
1606330 728
1606340 728
1606350 726
1606360 725
1606370 725
1606380 723
1606390 722
1606400 722
1606410 721
1606420 720
1606430 718
1606440 718
1606450 716
1606460 714
1606470 714
1606480 710
1606490 706
1606500 706
1606510 701
1606520 695
1606530 695
1606540 688
1606550 683
1606560 683
1606570 679
1606580 676
1606590 676
1606600 673
1606610 669
1606620 669
1606630 662
1606640 654
1606650 654
1606660 645
1606670 636
1606680 636
1606690 629
1606700 623
1606710 623
1606720 618
1606730 611
1606740 611
1606750 604
1606760 596
1606770 597
1606780 589
1606790 582
1606800 582
1606810 577
1606820 574
1606830 574
1606840 571
1606850 569
1606860 569
1606870 567
1606880 564
1606890 564
1606900 561
1606910 557
1606920 557
1606930 552
1606940 548
1606950 548
1606960 547
1606970 548
1606980 548
1606990 547
1607000 544
1607010 544
1607020 541
1607030 538
1607040 538
1607050 533
1607060 528
1607070 522
1607080 522
1607090 516
1607100 511
1607110 511
1607120 507
1607130 503
1607140 503
1607150 498
1607160 493
1607170 493
1607180 488
1607190 484
1607200 484
1607210 483
1607220 483
1607230 483
1607240 477
1607250 469
1607260 469
1607270 462
1607280 456
1607290 456
1607300 450
1607310 445
1607320 445
1607330 438
1607340 431
1607350 431
1607360 424
1607370 419
1607380 419
1607390 416
1607400 416
1607410 416
1607420 415
1607430 415
1607440 415
1607450 423
1607460 430
1607470 430
1607480 439
1607490 447
1607500 447
1607510 454
1607520 461
1607530 461
1607540 468
1607550 476
1607560 476
1607570 482
1607580 488
1607590 488
1607600 496
1607610 504
1607620 504
1607630 511
1607640 516
1607650 516
1607660 522
1607670 530
1607680 536
1607690 536
1607700 542
1607710 550
1607720 550
1607730 557
1607740 565
1607750 565
1607760 570
1607770 576
1607780 576
1607790 581
1607800 584
1607810 584
1607820 583
1607830 587
1607840 587
1607850 591
1607860 594
1607870 594
1607880 597
1607890 600
1607900 600
1607910 604
1607920 607
1607930 607
1607940 610
1607950 613
1607960 613
1607970 616
1607980 619
1607990 619
1608000 621
1608010 624
1608020 624
1608030 626
1608040 628
1608050 628
1608060 630
1608070 632
1608080 632
1608090 633
1608100 635
1608110 635
1608120 636
1608130 638
1608140 638
1608150 639
1608160 640
1608170 640
1608180 642
1608190 643
1608200 643
1608210 645
1608220 646
1608230 646
1608240 647
1608250 649
1608260 649
1608270 650
1608280 651
1608290 651
1608300 653
1608310 656
1608320 656
1608330 656
1608340 657
1608350 659
1608360 659
1608370 660
1608380 659
1608390 659
1608400 659
1608410 659
1608420 659
1608430 659
1608440 658
1608450 658
1608460 657
1608470 657
1608480 657
1608490 656
1608500 654
1608510 654
1608520 652
1608530 651
1608540 651
1608550 649
1608560 647
1608570 647
1608580 646
1608590 645
1608600 645
1608610 643
1608620 641
1608630 641
1608640 640
1608650 640
1608660 640
1608670 639
1608680 637
1608690 637
1608700 634
1608710 630
1608720 630
1608730 626
1608740 622
1608750 622
1608760 618
1608770 615
1608780 615
1608790 612
1608800 608
1608810 608
1608820 605
1608830 602
1608840 602
1608850 599
1608860 592
1608870 592
1608880 588
1608890 585
1608900 585
1608910 581
1608920 578
1608930 574
1608940 574
1608950 570
1608960 566
1608970 566
1608980 561
1608990 557
1609000 557
1609010 553
1609020 548
1609030 548
1609040 542
1609050 535
1609060 535
1609070 527
1609080 519
1609090 519
1609100 512
1609110 505
1609120 505
1609130 498
1609140 490
1609150 490
1609160 482
1609170 475
1609180 475
1609190 468
1609200 461
1609210 461
1609220 454
1609230 447
1609240 447
1609250 441
1609260 433
1609270 433
1609280 424
1609290 416
1609300 416
1609310 407
1609320 398
1609330 398
1609340 389
1609350 384
1609360 384
1609370 384
1609380 385
1609390 385
1609400 387
1609410 389
1609420 389
1609430 391
1609440 393
1609450 393
1609460 396
1609470 398
1609480 398
1609490 398
1609500 397
1609510 397
1609520 396
1609530 396
1609540 396
1609550 399
1609560 402
1609570 404
1609580 404
1609590 408
1609600 412
1609610 412
1609620 415
1609630 421
1609640 421
1609650 429
1609660 437
1609670 437
1609680 445
1609690 453
1609700 453
1609710 460
1609720 462
1609730 462
1609740 463
1609750 464
1609760 464
1609770 464
1609780 464
1609790 464
1609800 464
1609810 465
1609820 465
1609830 465
1609840 466
1609850 466
1609860 467
1609870 468
1609880 468
1609890 476
1609900 476
1609910 476
1609920 476
1609930 475
1609940 475
1609950 473
1609960 472
1609970 472
1609980 472
1609990 471
1610000 471
1610010 470
1610020 468
1610030 468
1610040 464
1610050 459
1610060 459
1610070 454
1610080 449
1610090 449
1610100 444
1610110 439
1610120 439
1610130 435
1610140 432
1610150 432
1610160 428
1610170 426
1610180 424
1610190 424
1610200 424
1610210 421
1610220 421
1610230 416
1610240 413
1610250 413
1610260 412
1610270 410
1610280 410
1610290 408
1610300 406
1610310 406
1610320 405
1610330 406
1610340 406
1610350 407
1610360 407
1610370 407
1610380 409
1610390 415
1610400 415
1610410 421
1610420 428
1610430 428
1610440 435
1610450 441
1610460 441
1610470 447
1610480 454
1610490 454
1610500 459
1610510 462
1610520 462
1610530 464
1610540 466
1610550 466
1610560 468
1610570 469
1610580 469
1610590 470
1610600 471
1610610 471
1610620 471
1610630 471
1610640 471
1610650 471
1610660 471
1610670 471
1610680 470
1610690 469
1610700 469
1610710 468
1610720 466
1610730 466
1610740 464
1610750 461
1610760 461
1610770 458
1610780 455
1610790 455
1610800 452
1610810 448
1610820 444
1610830 444
1610840 439
1610850 435
1610860 435
1610870 431
1610880 427
1610890 427
1610900 425
1610910 422
1610920 422
1610930 423
1610940 423
1610950 423
1610960 424
1610970 427
1610980 427
1610990 431
1611000 432
1611010 432
1611020 433
1611030 434
1611040 434
1611050 435
1611060 437
1611070 437
1611080 439
1611090 441
1611100 441
1611110 444
1611120 446
1611130 446
1611140 449
1611150 451
1611160 451
1611170 454
1611180 456
1611190 456
1611200 459
1611210 461
1611220 461
1611230 464
1611240 466
1611250 466
1611260 468
1611270 471
1611280 471
1611290 472
1611300 473
1611310 473
1611320 473
1611330 469
1611340 469
1611350 464
1611360 461
1611370 461
1611380 459
1611390 457
1611400 457
1611410 458
1611420 460
1611430 466
1611440 466
1611450 473
1611460 478
1611470 478
1611480 481
1611490 483
1611500 483
1611510 485
1611520 485
1611530 485
1611540 486
1611550 486
1611560 486
1611570 484
1611580 479
1611590 479
1611600 474
1611610 471
1611620 471
1611630 468
1611640 467
1611650 467
1611660 467
1611670 468
1611680 468
1611690 468
1611700 467
1611710 467
1611720 466
1611730 465
1611740 465
1611750 465
1611760 465
1611770 465
1611780 466
1611790 467
1611800 467
1611810 468
1611820 468
1611830 468
1611840 470
1611850 472
1611860 472
1611870 475
1611880 479
1611890 479
1611900 483
1611910 488
1611920 488
1611930 498
1611940 505
1611950 505
1611960 509
1611970 513
1611980 513
1611990 516
1612000 520
1612010 520
1612020 521
1612030 524
1612040 524
1612050 528
1612060 530
1612070 530
1612080 530
1612090 528
1612100 526
1612110 526
1612120 523
1612130 523
1612140 523
1612150 523
1612160 524
1612170 524
1612180 524
1612190 523
1612200 523
1612210 521
1612220 514
1612230 514
1612240 513
1612250 517
1612260 517
1612270 523
1612280 530
1612290 530
1612300 536
1612310 539
1612320 539
1612330 535
1612340 533
1612350 533
1612360 531
1612370 528
1612380 528
1612390 528
1612400 531
1612410 531
1612420 537
1612430 544
1612440 544
1612450 548
1612460 554
1612470 554
1612480 561
1612490 571
1612500 571
1612510 584
1612520 592
1612530 592
1612540 598
1612550 605
1612560 605
1612570 611
1612580 613
1612590 613
1612600 612
1612610 611
1612620 611
1612630 611
1612640 614
1612650 614
1612660 619
1612670 623
1612680 630
1612690 630
1612700 636
1612710 643
1612720 643
1612730 649
1612740 654
1612750 654
1612760 657
1612770 658
1612780 658
1612790 662
1612800 666
1612810 666
1612820 669
1612830 673
1612840 673
1612850 677
1612860 677
1612870 677
1612880 680
1612890 685
1612900 685
1612910 688
1612920 693
1612930 700
1612940 705
1612950 709
1612960 709
1612970 710
1612980 712
1612990 712
1613000 711
1613010 711
1613020 711
1613030 715
1613040 720
1613050 720
1613060 727
1613070 733
1613080 733
1613090 739
1613100 745
1613110 745
1613120 751
1613130 758
1613140 758
1613150 762
1613160 768
1613170 768
1613180 773
1613190 778
1613200 778
1613210 783
1613220 788
1613230 788
1613240 792
1613250 795
1613260 795
1613270 798
1613280 801
1613290 801
1613300 803
1613310 805
1613320 806
1613330 806
1613340 807
1613350 807
1613360 807
1613370 808
1613380 807
1613390 807
1613400 805
1613410 802
1613420 802
1613430 802
1613440 804
1613450 804
1613460 806
1613470 807
1613480 807
1613490 809
1613500 810
1613510 810
1613520 812
1613530 813
1613540 813
1613550 814
1613560 814
1613570 814
1613580 815
1613590 814
1613600 814
1613610 814
1613620 813
1613630 813
1613640 810
1613650 806
1613660 806
1613670 804
1613680 804
1613690 804
1613700 806
1613710 807
1613720 807
1613730 808
1613740 809
1613750 809
1613760 810
1613770 810
1613780 810
1613790 811
1613800 811
1613810 811
1613820 811
1613830 811
1613840 811
1613850 812
1613860 813
1613870 813
1613880 813
1613890 814
1613900 814
1613910 815
1613920 816
1613930 821
1613940 822
1613950 822
1613960 823
1613970 823
1613980 823
1613990 823
1614000 823
1614010 823
1614020 823
1614030 823
1614040 822
1614050 819
1614060 819
1614070 813
1614080 808
1614090 808
1614100 803
1614110 799
1614120 799
1614130 794
1614140 789
1614150 789
1614160 784
1614170 779
1614180 779
1614190 774
1614200 769
1614210 769
1614220 763
1614230 757
1614240 757
1614250 752
1614260 747
1614270 747
1614280 742
1614290 736
1614300 736
1614310 732
1614320 728
1614330 728
1614340 725
1614350 721
1614360 721
1614370 718
1614380 715
1614390 715
1614400 712
1614410 710
1614420 710
1614430 708
1614440 705
1614450 705
1614460 703
1614470 700
1614480 700
1614490 698
1614500 696
1614510 696
1614520 693
1614530 690
1614540 690
1614550 688
1614560 685
1614570 682
1614580 682
1614590 679
1614600 676
1614610 676
1614620 674
1614630 671
1614640 671
1614650 668
1614660 666
1614670 666
1614680 664
1614690 662
1614700 662
1614710 661
1614720 659
1614730 659
1614740 657
1614750 656
1614760 656
1614770 654
1614780 652
1614790 652
1614800 650
1614810 648
1614820 648
1614830 646
1614840 646
1614850 646
1614860 644
1614870 642
1614880 642
1614890 641
1614900 640
1614910 640
1614920 638
1614930 635
1614940 635
1614950 633
1614960 633
1614970 633
1614980 632
1614990 630
1615000 630
1615010 626
1615020 622
1615030 622
1615040 619
1615050 616
1615060 616
1615070 613
1615080 612
1615090 612
1615100 612
1615110 612
1615120 612
1615130 611
1615140 610
1615150 610
1615160 607
1615170 604
1615180 604
1615190 599
1615200 593
1615210 589
1615220 589
1615230 586
1615240 584
1615250 584
1615260 581
1615270 579
1615280 579
1615290 576
1615300 574
1615310 574
1615320 573
1615330 573
1615340 573
1615350 572
1615360 571
1615370 571
1615380 570
1615390 569
1615400 569
1615410 567
1615420 564
1615430 564
1615440 558
1615450 555
1615460 555
1615470 553
1615480 551
1615490 551
1615500 549
1615510 547
1615520 547
1615530 546
1615540 544
1615550 544
1615560 542
1615570 541
1615580 541
1615590 541
1615600 537
1615610 537
1615620 534
1615630 534
1615640 534
1615650 534
1615660 533
1615670 533
1615680 533
1615690 534
1615700 534
1615710 538
1615720 543
1615730 543
1615740 548
1615750 548
1615760 548
1615770 546
1615780 544
1615790 544
1615800 542
1615810 542
1615820 542
1615830 542
1615840 542
1615850 542
1615860 542
1615870 542
1615880 542
1615890 542
1615900 540
1615910 540
1615920 540
1615930 539
1615940 538
1615950 538
1615960 538
1615970 537
1615980 537
1615990 536
1616000 535
1616010 535
1616020 534
1616030 533
1616040 533
1616050 531
1616060 530
1616070 530
1616080 529
1616090 527
1616100 527
1616110 524
1616120 520
1616130 520
1616140 517
1616150 514
1616160 514
1616170 510
1616180 504
1616190 504
1616200 498
1616210 496
1616220 496
1616230 496
1616240 499
1616250 499
1616260 503
1616270 505
1616280 505
1616290 506
1616300 509
1616310 509
1616320 510
1616330 511
1616340 511
1616350 513
1616360 515
1616370 515
1616380 517
1616390 519
1616400 519
1616410 520
1616420 523
1616430 523
1616440 525
1616450 528
1616460 530
1616470 530
1616480 533
1616490 537
1616500 537
1616510 540
1616520 543
1616530 543
1616540 546
1616550 548
1616560 548
1616570 548
1616580 550
1616590 550
1616600 552
1616610 554
1616620 554
1616630 556
1616640 558
1616650 558
1616660 559
1616670 561
1616680 561
1616690 561
1616700 563
1616710 563
1616720 564
1616730 564
1616740 564
1616750 565
1616760 566
1616770 566
1616780 566
1616790 567
1616800 567
1616810 568
1616820 569
1616830 569
1616840 570
1616850 570
1616860 570
1616870 571
1616880 567
1616890 567
1616900 568
1616910 566
1616920 566
1616930 570
1616940 571
1616950 571
1616960 572
1616970 576
1616980 576
1616990 577
1617000 579
1617010 579
1617020 581
1617030 582
1617040 582
1617050 583
1617060 585
1617070 586
1617080 586
1617090 587
1617100 588
1617110 588
1617120 590
1617130 592
1617140 592
1617150 594
1617160 595
1617170 595
1617180 596
1617190 597
1617200 597
1617210 597
1617220 597
1617230 597
1617240 594
1617250 589
1617260 589
1617270 585
1617280 581
1617290 581
1617300 577
1617310 574
1617320 574
1617330 574
1617340 577
1617350 577
1617360 580
1617370 581
1617380 581
1617390 582
1617400 582
1617410 582
1617420 582
1617430 583
1617440 583
1617450 582
1617460 583
1617470 583
1617480 586
1617490 587
1617500 587
1617510 589
1617520 590
1617530 590
1617540 594
1617550 599
1617560 599
1617570 604
1617580 608
1617590 608
1617600 610
1617610 610
1617620 610
1617630 611
1617640 612
1617650 612
1617660 614
1617670 616
1617680 616
1617690 618
1617700 622
1617710 626
1617720 626
1617730 628
1617740 632
1617750 632
1617760 636
1617770 641
1617780 641
1617790 645
1617800 649
1617810 649
1617820 652
1617830 656
1617840 656
1617850 653
1617860 651
1617870 651
1617880 648
1617890 642
1617900 642
1617910 635
1617920 628
1617930 628
1617940 620
1617950 613
1617960 613
1617970 605
1617980 598
1617990 598
1618000 591
1618010 585
1618020 585
1618030 579
1618040 574
1618050 574
1618060 570
1618070 567
1618080 567
1618090 566
1618100 562
1618110 562
1618120 559
1618130 554
1618140 554
1618150 550
1618160 545
1618170 545
1618180 540
1618190 536
1618200 536
1618210 530
1618220 525
1618230 525
1618240 519
1618250 511
1618260 511
1618270 508
1618280 508
1618290 508
1618300 507
1618310 507
1618320 508
1618330 508
1618340 507
1618350 505
1618360 505
1618370 505
1618380 507
1618390 507
1618400 514
1618410 519
1618420 519
1618430 523
1618440 527
1618450 527
1618460 531
1618470 535
1618480 535
1618490 540
1618500 546
1618510 546
1618520 552
1618530 559
1618540 559
1618550 566
1618560 573
1618570 573
1618580 581
1618590 587
1618600 587
1618610 593
1618620 598
1618630 598
1618640 604
1618650 609
1618660 609
1618670 614
1618680 619
1618690 619
1618700 623
1618710 625
1618720 625
1618730 628
1618740 629
1618750 629
1618760 632
1618770 637
1618780 637
1618790 643
1618800 649
1618810 650
1618820 657
1618830 664
1618840 664
1618850 670
1618860 677
1618870 677
1618880 683
1618890 689
1618900 689
1618910 695
1618920 701
1618930 701
1618940 707
1618950 712
1618960 717
1618970 717
1618980 721
1618990 726
1619000 726
1619010 731
1619020 736
1619030 736
1619040 742
1619050 747
1619060 747
1619070 751
1619080 755
1619090 755
1619100 759
1619110 763
1619120 763
1619130 766
1619140 770
1619150 770
1619160 773
1619170 776
1619180 776
1619190 779
1619200 781
1619210 781
1619220 782
1619230 784
1619240 784
1619250 785
1619260 786
1619270 786
1619280 788
1619290 789
1619300 789
1619310 789
1619320 790
1619330 790
1619340 789
1619350 788
1619360 788
1619370 787
1619380 786
1619390 786
1619400 787
1619410 788
1619420 788
1619430 788
1619440 788
1619450 788
1619460 788
1619470 788
1619480 788
1619490 789
1619500 789
1619510 789
1619520 790
1619530 790
1619540 790
1619550 791
1619560 793
1619570 795
1619580 795
1619590 798
1619600 801
1619610 801
1619620 804
1619630 806
1619640 806
1619650 810
1619660 814
1619670 814
1619680 816
1619690 818
1619700 818
1619710 817
1619720 819
1619730 819
1619740 831
1619750 843
1619760 843
1619770 854
1619780 857
1619790 857
1619800 860
1619810 862
1619820 862
1619830 867
1619840 872
1619850 872
1619860 877
1619870 882
1619880 882
1619890 887
1619900 893
1619910 893
1619920 899
1619930 908
1619940 908
1619950 921
1619960 936
1619970 936
1619980 942
1619990 945
