1600000 649
1600010 652
1600020 652
1600030 655
1600040 658
1600050 658
1600060 660
1600070 663
1600080 663
1600090 666
1600100 669
1600110 669
1600120 673
1600130 678
1600140 678
1600150 683
1600160 689
1600170 689
1600180 695
1600190 701
1600200 701
1600210 707
1600220 712
1600230 712
1600240 718
1600250 723
1600260 723
1600270 727
1600280 733
1600290 733
1600300 738
1600310 744
1600320 749
1600330 749
1600340 756
1600350 762
1600360 762
1600370 767
1600380 773
1600390 773
1600400 778
1600410 784
1600420 784
1600430 790
1600440 797
1600450 797
1600460 802
1600470 808
1600480 808
1600490 814
1600500 820
1600510 820
1600520 826
1600530 831
1600540 831
1600550 836
1600560 841
1600570 841
1600580 846
1600590 851
1600600 851
1600610 856
1600620 860
1600630 860
1600640 864
1600650 868
1600660 868
1600670 872
1600680 875
1600690 875
1600700 879
1600710 882
1600720 882
1600730 885
1600740 888
1600750 888
1600760 892
1600770 894
1600780 894
1600790 896
1600800 904
1600810 904
1600820 902
1600830 897
1600840 897
1600850 891
1600860 887
1600870 887
1600880 883
1600890 880
1600900 880
1600910 879
1600920 877
1600930 877
1600940 875
1600950 874
1600960 874
1600970 872
1600980 870
1600990 869
1601000 869
1601010 869
1601020 870
1601030 870
1601040 870
1601050 869
1601060 869
1601070 869
1601080 867
1601090 867
1601100 866
1601110 865
1601120 865
1601130 863
1601140 861
1601150 861
1601160 860
1601170 859
1601180 859
1601190 858
1601200 857
1601210 857
1601220 856
1601230 854
1601240 854
1601250 852
1601260 850
1601270 850
1601280 848
1601290 845
1601300 845
1601310 842
1601320 837
1601330 837
1601340 833
1601350 828
1601360 828
1601370 823
1601380 818
1601390 818
1601400 814
1601410 811
1601420 811
1601430 808
1601440 806
1601450 806
1601460 805
1601470 803
1601480 803
1601490 800
1601500 796
1601510 796
1601520 790
1601530 782
1601540 782
1601550 775
1601560 768
1601570 768
1601580 762
1601590 757
1601600 757
1601610 755
1601620 756
1601630 758
1601640 758
1601650 759
1601660 759
1601670 759
1601680 760
1601690 761
1601700 761
1601710 761
1601720 761
1601730 761
1601740 759
1601750 755
1601760 755
1601770 749
1601780 742
1601790 742
1601800 735
1601810 730
1601820 730
1601830 725
1601840 723
1601850 723
1601860 722
1601870 722
1601880 722
1601890 722
1601900 729
1601910 729
1601920 733
1601930 736
1601940 736
1601950 741
1601960 745
1601970 745
1601980 749
1601990 754
1602000 754
1602010 759
1602020 762
1602030 762
1602040 761
1602050 757
1602060 757
1602070 754
1602080 750
1602090 750
1602100 746
1602110 744
1602120 744
1602130 745
1602140 746
1602150 746
1602160 745
1602170 740
1602180 740
1602190 733
1602200 725
1602210 725
1602220 718
1602230 712
1602240 712
1602250 708
1602260 710
1602270 714
1602280 714
1602290 717
1602300 718
1602310 718
1602320 720
1602330 721
1602340 721
1602350 721
1602360 720
1602370 720
1602380 718
1602390 716
1602400 716
1602410 714
1602420 716
1602430 716
1602440 718
1602450 721
1602460 721
1602470 722
1602480 718
1602490 718
1602500 711
1602510 704
1602520 704
1602530 698
1602540 691
1602550 691
1602560 684
1602570 677
1602580 677
1602590 670
1602600 664
1602610 664
1602620 659
1602630 659
1602640 659
1602650 662
1602660 668
1602670 668
1602680 672
1602690 676
1602700 676
1602710 679
1602720 683
1602730 683
1602740 688
1602750 692
1602760 692
1602770 696
1602780 699
1602790 699
1602800 703
1602810 707
1602820 707
1602830 710
1602840 714
1602850 714
1602860 718
1602870 722
1602880 722
1602890 725
1602900 728
1602910 728
1602920 731
1602930 732
1602940 733
1602950 733
1602960 734
1602970 735
1602980 735
1602990 738
1603000 747
1603010 747
1603020 752
1603030 756
1603040 756
1603050 761
1603060 767
1603070 767
1603080 774
1603090 781
1603100 781
1603110 787
1603120 792
1603130 792
1603140 796
1603150 798
1603160 798
1603170 799
1603180 800
1603190 800
1603200 799
1603210 799
1603220 799
1603230 800
1603240 798
1603250 798
1603260 797
1603270 797
1603280 797
1603290 798
1603300 799
1603310 799
1603320 799
1603330 800
1603340 800
1603350 801
1603360 801
1603370 801
1603380 801
1603390 801
1603400 801
1603410 802
1603420 802
1603430 802
1603440 803
1603450 805
1603460 805
1603470 807
1603480 810
1603490 810
1603500 813
1603510 818
1603520 818
1603530 823
1603540 827
1603550 827
1603560 830
1603570 834
1603580 837
1603590 837
1603600 841
1603610 847
1603620 847
1603630 850
1603640 855
1603650 855
1603660 861
1603670 867
1603680 867
1603690 873
1603700 879
1603710 879
1603720 885
1603730 892
1603740 892
1603750 898
1603760 904
1603770 904
1603780 910
1603790 916
1603800 916
1603810 922
1603820 928
1603830 928
1603840 934
1603850 940
1603860 940
1603870 946
1603880 952
1603890 952
1603900 959
1603910 965
1603920 965
1603930 972
1603940 977
1603950 977
1603960 984
1603970 990
1603980 990
1603990 996
1604000 1002
1604010 1002
1604020 1008
1604030 1013
1604040 1013
1604050 1017
1604060 1022
1604070 1022
1604080 1027
1604090 1030
1604100 1030
1604110 1032
1604120 1030
1604130 1030
1604140 1027
1604150 1023
1604160 1023
1604170 1020
1604180 1016
1604190 1016
1604200 1013
1604210 1009
1604220 1006
1604230 1006
1604240 1004
1604250 1001
1604260 1001
1604270 999
1604280 998
1604290 998
1604300 996
1604310 995
1604320 995
1604330 994
1604340 993
1604350 993
1604360 992
1604370 993
1604380 993
1604390 993
1604400 992
1604410 992
1604420 992
1604430 992
1604440 992
1604450 991
1604460 990
1604470 990
1604480 988
1604490 984
1604500 984
1604510 981
1604520 977
1604530 977
1604540 973
1604550 969
1604560 969
1604570 966
1604580 963
1604590 963
1604600 962
1604610 960
1604620 960
1604630 958
1604640 958
1604650 958
1604660 958
1604670 957
1604680 957
1604690 954
1604700 952
1604710 952
1604720 953
1604730 955
1604740 955
1604750 958
1604760 961
1604770 961
1604780 963
1604790 966
1604800 966
1604810 970
1604820 972
1604830 972
1604840 974
1604850 976
1604860 977
1604870 977
1604880 977
1604890 978
1604900 978
1604910 979
1604920 981
1604930 981
1604940 984
1604950 987
1604960 987
1604970 989
1604980 992
1604990 992
1605000 997
1605010 1003
1605020 1003
1605030 1009
1605040 1014
1605050 1014
1605060 1017
1605070 1020
1605080 1020
1605090 1022
1605100 1025
1605110 1025
1605120 1029
1605130 1034
1605140 1034
1605150 1044
1605160 1048
1605170 1048
1605180 1053
1605190 1057
1605200 1057
1605210 1061
1605220 1065
1605230 1065
1605240 1068
1605250 1070
1605260 1070
1605270 1071
1605280 1071
1605290 1071
1605300 1071
1605310 1070
1605320 1070
1605330 1069
1605340 1067
1605350 1067
1605360 1065
1605370 1063
1605380 1063
1605390 1061
1605400 1059
1605410 1059
1605420 1056
1605430 1052
1605440 1052
1605450 1049
1605460 1047
1605470 1047
1605480 1045
1605490 1044
1605500 1044
1605510 1042
1605520 1040
1605530 1038
1605540 1038
1605550 1037
1605560 1035
1605570 1035
1605580 1033
1605590 1031
1605600 1031
1605610 1029
1605620 1025
1605630 1025
1605640 1022
1605650 1019
1605660 1019
1605670 1017
1605680 1015
1605690 1015
1605700 1015
1605710 1014
1605720 1014
1605730 1014
1605740 1015
1605750 1015
1605760 1017
1605770 1018
1605780 1018
1605790 1020
1605800 1021
1605810 1021
1605820 1022
1605830 1022
1605840 1022
1605850 1023
1605860 1022
1605870 1022
1605880 1021
1605890 1017
1605900 1017
1605910 1013
1605920 1010
1605930 1010
1605940 1009
1605950 1008
1605960 1008
1605970 1009
1605980 1010
1605990 1010
1606000 1012
1606010 1015
1606020 1015
1606030 1018
1606040 1021
1606050 1021
1606060 1024
1606070 1028
1606080 1028
1606090 1032
1606100 1036
1606110 1036
1606120 1040
1606130 1044
1606140 1044
1606150 1048
1606160 1052
1606170 1055
1606180 1055
1606190 1058
1606200 1061
1606210 1061
1606220 1068
1606230 1068
1606240 1068
1606250 1067
1606260 1067
1606270 1067
1606280 1066
1606290 1065
1606300 1065
1606310 1064
1606320 1062
1606330 1062
1606340 1060
1606350 1057
1606360 1057
1606370 1057
1606380 1055
1606390 1055
1606400 1054
1606410 1052
1606420 1052
1606430 1050
1606440 1048
1606450 1048
1606460 1047
1606470 1046
1606480 1046
1606490 1045
1606500 1044
1606510 1044
1606520 1043
1606530 1042
1606540 1042
1606550 1042
1606560 1041
1606570 1041
1606580 1040
1606590 1039
1606600 1039
1606610 1039
1606620 1038
1606630 1038
1606640 1037
1606650 1036
1606660 1036
1606670 1035
1606680 1035
1606690 1035
1606700 1034
1606710 1034
1606720 1034
1606730 1033
1606740 1031
1606750 1031
1606760 1031
1606770 1030
1606780 1030
1606790 1028
1606800 1027
1606810 1025
1606820 1025
1606830 1023
1606840 1020
1606850 1020
1606860 1018
1606870 1016
1606880 1016
1606890 1014
1606900 1011
1606910 1011
1606920 1008
1606930 1006
1606940 1006
1606950 1005
1606960 1005
1606970 1005
1606980 1004
1606990 1002
1607000 1002
1607010 1001
1607020 999
1607030 999
1607040 998
1607050 993
1607060 993
1607070 989
1607080 978
1607090 978
1607100 966
1607110 959
1607120 959
1607130 955
1607140 955
1607150 955
1607160 957
1607170 958
1607180 958
1607190 958
1607200 957
1607210 957
1607220 955
1607230 953
1607240 953
1607250 952
1607260 950
1607270 948
1607280 945
1607290 941
1607300 941
1607310 937
1607320 933
1607330 933
1607340 928
1607350 922
1607360 922
1607370 914
1607380 907
1607390 907
1607400 900
1607410 893
1607420 893
1607430 887
1607440 881
1607450 881
1607460 874
1607470 869
1607480 863
1607490 863
1607500 858
1607510 853
1607520 853
1607530 848
1607540 842
1607550 842
1607560 836
1607570 829
1607580 829
1607590 822
1607600 815
1607610 815
1607620 808
1607630 800
1607640 800
1607650 792
1607660 783
1607670 783
1607680 775
1607690 767
1607700 767
1607710 759
1607720 751
1607730 751
1607740 744
1607750 737
1607760 737
1607770 731
1607780 724
1607790 724
1607800 718
1607810 710
1607820 710
1607830 702
1607840 694
1607850 694
1607860 687
1607870 680
1607880 680
1607890 673
1607900 667
1607910 667
1607920 661
1607930 656
1607940 656
1607950 652
1607960 647
1607970 647
1607980 643
1607990 641
1608000 641
1608010 637
1608020 635
1608030 635
1608040 633
1608050 631
1608060 631
1608070 628
1608080 626
1608090 626
1608100 623
1608110 620
1608120 618
1608130 618
1608140 613
1608150 607
1608160 607
1608170 601
1608180 596
1608190 596
1608200 590
1608210 584
1608220 584
1608230 577
1608240 569
1608250 569
1608260 561
1608270 553
1608280 553
1608290 546
1608300 538
1608310 540
1608320 532
1608330 525
1608340 525
1608350 518
1608360 511
1608370 511
1608380 506
1608390 501
1608400 501
1608410 496
1608420 492
1608430 492
1608440 488
1608450 485
1608460 485
1608470 481
1608480 477
1608490 477
1608500 473
1608510 469
1608520 469
1608530 465
1608540 462
1608550 462
1608560 458
1608570 454
1608580 454
1608590 451
1608600 447
1608610 447
1608620 444
1608630 440
1608640 440
1608650 437
1608660 434
1608670 434
1608680 431
1608690 427
1608700 427
1608710 425
1608720 422
1608730 422
1608740 419
1608750 417
1608760 414
1608770 414
1608780 412
1608790 409
1608800 409
1608810 407
1608820 405
1608830 405
1608840 403
1608850 401
1608860 401
1608870 399
1608880 398
1608890 398
1608900 398
1608910 398
1608920 398
1608930 399
1608940 400
1608950 400
1608960 397
1608970 392
1608980 392
1608990 387
1609000 381
1609010 381
1609020 376
1609030 371
1609040 371
1609050 369
1609060 368
1609070 368
1609080 366
1609090 366
1609100 366
1609110 366
1609120 368
1609130 368
1609140 370
1609150 374
1609160 374
1609170 380
1609180 387
1609190 387
1609200 393
1609210 399
1609220 399
1609230 405
1609240 412
1609250 412
1609260 418
1609270 424
1609280 424
1609290 430
1609300 435
1609310 435
1609320 441
1609330 446
1609340 446
1609350 453
1609360 458
1609370 458
1609380 464
1609390 470
1609400 470
1609410 475
1609420 481
1609430 486
1609440 486
1609450 492
1609460 497
1609470 497
1609480 502
1609490 507
1609500 507
1609510 512
1609520 517
1609530 517
1609540 521
1609550 526
1609560 526
1609570 531
1609580 536
1609590 536
1609600 541
1609610 546
1609620 546
1609630 550
1609640 554
1609650 554
1609660 559
1609670 563
1609680 563
1609690 568
1609700 572
1609710 572
1609720 576
1609730 580
1609740 580
1609750 584
1609760 589
1609770 589
1609780 593
1609790 598
1609800 598
1609810 602
1609820 606
1609830 606
1609840 610
1609850 614
1609860 614
1609870 618
1609880 622
1609890 622
1609900 626
1609910 629
1609920 629
1609930 633
1609940 636
1609950 636
1609960 638
1609970 641
1609980 641
1609990 643
1610000 642
1610010 642
1610020 643
1610030 643
1610040 643
1610050 642
1610060 644
1610070 645
1610080 645
1610090 645
1610100 647
1610110 647
1610120 651
1610130 654
1610140 654
1610150 657
1610160 659
1610170 659
1610180 662
1610190 667
1610200 667
1610210 674
1610220 681
1610230 681
1610240 688
1610250 695
1610260 695
1610270 702
1610280 708
1610290 708
1610300 714
1610310 719
1610320 719
1610330 724
1610340 729
1610350 729
1610360 732
1610370 735
1610380 742
1610390 746
1610400 749
1610410 749
1610420 751
1610430 754
1610440 754
1610450 757
1610460 760
1610470 760
1610480 763
1610490 767
1610500 767
1610510 770
1610520 774
1610530 774
1610540 778
1610550 783
1610560 783
1610570 788
1610580 793
1610590 793
1610600 797
1610610 801
1610620 801
1610630 805
1610640 810
1610650 810
1610660 814
1610670 819
1610680 819
1610690 823
1610700 828
1610710 833
1610720 833
1610730 838
1610740 843
1610750 843
1610760 849
1610770 854
1610780 854
1610790 859
1610800 864
1610810 864
1610820 869
1610830 875
1610840 875
1610850 880
1610860 884
1610870 884
1610880 888
1610890 892
1610900 892
1610910 896
1610920 901
1610930 901
1610940 906
1610950 911
1610960 911
1610970 916
1610980 922
1610990 922
1611000 928
1611010 934
1611020 934
1611030 940
1611040 946
1611050 946
1611060 953
1611070 959
1611080 959
1611090 964
1611100 968
1611110 968
1611120 970
1611130 971
1611140 971
1611150 972
1611160 973
1611170 973
1611180 970
1611190 967
1611200 967
1611210 965
1611220 964
1611230 964
1611240 965
1611250 969
1611260 969
1611270 974
1611280 978
1611290 978
1611300 983
1611310 988
1611320 988
1611330 994
1611340 1000
1611350 1000
1611360 1006
1611370 1012
1611380 1018
1611390 1018
1611400 1023
1611410 1028
1611420 1028
1611430 1033
1611440 1038
1611450 1038
1611460 1044
1611470 1050
1611480 1050
1611490 1056
1611500 1062
1611510 1062
1611520 1069
1611530 1075
1611540 1075
1611550 1082
1611560 1089
1611570 1089
1611580 1095
1611590 1100
1611600 1100
1611610 1105
1611620 1109
1611630 1109
1611640 1112
1611650 1115
1611660 1115
1611670 1117
1611680 1119
1611690 1119
1611700 1120
1611710 1121
1611720 1121
1611730 1122
1611740 1123
1611750 1123
1611760 1123
1611770 1124
1611780 1124
1611790 1125
1611800 1125
1611810 1125
1611820 1126
1611830 1127
1611840 1127
1611850 1128
1611860 1130
1611870 1130
1611880 1131
1611890 1132
1611900 1132
1611910 1133
1611920 1133
1611930 1133
1611940 1134
1611950 1135
1611960 1135
1611970 1136
1611980 1137
1611990 1137
1612000 1137
1612010 1138
1612020 1139
1612030 1139
1612040 1139
1612050 1139
1612060 1139
1612070 1140
1612080 1140
1612090 1140
1612100 1140
1612110 1140
1612120 1140
1612130 1139
1612140 1139
1612150 1139
1612160 1139
1612170 1139
1612180 1139
1612190 1139
1612200 1138
1612210 1138
1612220 1137
1612230 1135
1612240 1135
1612250 1134
1612260 1132
1612270 1132
1612280 1131
1612290 1129
1612300 1129
1612310 1127
1612320 1124
1612330 1124
1612340 1122
1612350 1119
1612360 1119
1612370 1116
1612380 1112
1612390 1112
1612400 1109
1612410 1107
1612420 1107
1612430 1105
1612440 1102
1612450 1102
1612460 1100
1612470 1098
1612480 1098
1612490 1095
1612500 1092
1612510 1092
1612520 1089
1612530 1084
1612540 1084
1612550 1079
1612560 1074
1612570 1074
1612580 1069
1612590 1066
1612600 1066
1612610 1063
1612620 1061
1612630 1061
1612640 1058
1612650 1056
1612660 1056
1612670 1052
1612680 1048
1612690 1042
1612700 1042
1612710 1038
1612720 1033
1612730 1033
1612740 1029
1612750 1026
1612760 1026
1612770 1022
1612780 1017
1612790 1017
1612800 1009
1612810 1002
1612820 1002
1612830 995
1612840 987
1612850 987
1612860 980
1612870 975
1612880 975
1612890 969
1612900 964
1612910 964
1612920 958
1612930 953
1612940 953
1612950 949
1612960 945
1612970 945
1612980 942
1612990 939
1613000 939
1613010 936
1613020 933
1613030 933
1613040 932
1613050 931
1613060 931
1613070 930
1613080 929
1613090 929
1613100 928
1613110 927
1613120 927
1613130 925
1613140 924
1613150 924
1613160 923
1613170 920
1613180 920
1613190 919
1613200 919
1613210 919
1613220 919
1613230 918
1613240 918
1613250 918
1613260 915
1613270 915
1613280 906
1613290 889
1613300 889
1613310 879
1613320 870
1613330 862
1613340 862
1613350 856
1613360 850
1613370 850
1613380 844
1613390 838
1613400 838
1613410 836
1613420 831
1613430 831
1613440 825
1613450 819
1613460 819
1613470 814
1613480 808
1613490 808
1613500 803
1613510 797
1613520 797
1613530 792
1613540 786
1613550 786
1613560 780
1613570 774
1613580 774
1613590 768
1613600 761
1613610 761
1613620 754
1613630 746
1613640 746
1613650 736
1613660 722
1613670 722
1613680 703
1613690 693
1613700 693
1613710 685
1613720 678
1613730 678
1613740 671
1613750 664
1613760 664
1613770 656
1613780 649
1613790 649
1613800 646
1613810 649
1613820 649
1613830 654
1613840 659
1613850 659
1613860 663
1613870 668
1613880 668
1613890 671
1613900 675
1613910 675
1613920 679
1613930 684
1613940 684
1613950 689
1613960 694
1613970 698
1613980 698
1613990 702
1614000 707
1614010 707
1614020 712
1614030 716
1614040 716
1614050 719
1614060 723
1614070 723
1614080 727
1614090 730
1614100 730
1614110 735
1614120 740
1614130 740
1614140 746
1614150 751
1614160 751
1614170 756
1614180 762
1614190 762
1614200 766
1614210 770
1614220 770
1614230 774
1614240 778
1614250 778
1614260 781
1614270 785
1614280 785
1614290 788
1614300 792
1614310 792
1614320 796
1614330 801
1614340 801
1614350 805
1614360 810
1614370 810
1614380 815
1614390 820
1614400 821
1614410 829
1614420 836
1614430 836
1614440 840
1614450 840
1614460 840
1614470 843
1614480 847
1614490 847
1614500 850
1614510 851
1614520 851
1614530 851
1614540 853
1614550 853
1614560 855
1614570 855
1614580 855
1614590 855
1614600 855
1614610 855
1614620 856
1614630 856
1614640 856
1614650 856
1614660 855
1614670 855
1614680 855
1614690 856
1614700 857
1614710 857
1614720 858
1614730 859
1614740 859
1614750 860
1614760 860
1614770 860
1614780 859
1614790 861
1614800 861
1614810 862
1614820 863
1614830 863
1614840 862
1614850 862
1614860 862
1614870 861
1614880 860
1614890 860
1614900 859
1614910 859
1614920 859
1614930 858
1614940 857
1614950 857
1614960 855
1614970 853
1614980 853
1614990 851
1615000 849
1615010 849
1615020 842
1615030 834
1615040 834
1615050 828
1615060 819
1615070 819
1615080 810
1615090 803
1615100 803
1615110 796
1615120 789
1615130 789
1615140 782
1615150 775
1615160 775
1615170 768
1615180 762
1615190 762
1615200 755
1615210 749
1615220 749
1615230 742
1615240 735
1615250 735
1615260 728
1615270 721
1615280 714
1615290 714
1615300 706
1615310 698
1615320 698
1615330 691
1615340 683
1615350 683
1615360 676
1615370 670
1615380 670
1615390 664
1615400 657
1615410 657
1615420 651
1615430 645
1615440 645
1615450 640
1615460 635
1615470 635
1615480 631
1615490 628
1615500 628
1615510 624
1615520 618
1615530 618
1615540 613
1615550 607
1615560 607
1615570 601
1615580 597
1615590 597
1615600 593
1615610 588
1615620 588
1615630 584
1615640 579
1615650 579
1615660 574
1615670 571
1615680 571
1615690 570
1615700 569
1615710 569
1615720 568
1615730 565
1615740 565
1615750 562
1615760 559
1615770 559
1615780 556
1615790 553
1615800 553
1615810 549
1615820 546
1615830 546
1615840 541
1615850 536
1615860 536
1615870 531
1615880 528
1615890 528
1615900 524
1615910 520
1615920 520
1615930 516
1615940 511
1615950 506
1615960 506
1615970 503
1615980 500
1615990 500
1616000 497
1616010 493
1616020 493
1616030 490
1616040 486
1616050 486
1616060 482
1616070 477
1616080 477
1616090 472
1616100 468
1616110 468
1616120 465
1616130 462
1616140 462
1616150 458
1616160 455
1616170 455
1616180 451
1616190 447
1616200 447
1616210 449
1616220 453
1616230 453
1616240 457
1616250 461
1616260 461
1616270 463
1616280 465
1616290 465
1616300 468
1616310 469
1616320 469
1616330 471
1616340 473
1616350 473
1616360 475
1616370 476
1616380 476
1616390 478
1616400 479
1616410 479
1616420 481
1616430 482
1616440 482
1616450 483
1616460 485
1616470 485
1616480 486
1616490 488
1616500 488
1616510 490
1616520 493
1616530 493
1616540 495
1616550 496
1616560 496
1616570 497
1616580 494
1616590 491
1616600 491
1616610 486
1616620 480
1616630 480
1616640 476
1616650 480
1616660 480
1616670 488
1616680 492
1616690 492
1616700 494
1616710 495
1616720 495
1616730 497
1616740 498
1616750 498
1616760 502
1616770 505
1616780 505
1616790 508
1616800 510
1616810 510
1616820 511
1616830 512
1616840 512
1616850 512
1616860 512
1616870 512
1616880 513
1616890 515
1616900 515
1616910 516
1616920 517
1616930 517
1616940 518
1616950 518
1616960 518
1616970 519
1616980 522
1616990 522
1617000 526
1617010 530
1617020 530
1617030 535
1617040 539
1617050 539
1617060 544
1617070 549
1617080 549
1617090 555
1617100 560
1617110 560
1617120 563
1617130 567
1617140 567
1617150 570
1617160 574
1617170 574
1617180 577
1617190 581
1617200 581
1617210 585
1617220 588
1617230 592
1617240 592
1617250 596
1617260 600
1617270 600
1617280 604
1617290 608
1617300 608
1617310 612
1617320 616
1617330 616
1617340 619
1617350 626
1617360 626
1617370 630
1617380 633
1617390 633
1617400 635
1617410 637
1617420 637
1617430 639
1617440 641
1617450 641
1617460 642
1617470 643
1617480 643
1617490 642
1617500 641
1617510 641
1617520 640
1617530 639
1617540 639
1617550 638
1617560 637
1617570 637
1617580 636
1617590 636
1617600 636
1617610 635
1617620 636
1617630 636
1617640 636
1617650 636
1617660 636
1617670 635
1617680 635
1617690 635
1617700 634
1617710 631
1617720 631
1617730 629
1617740 625
1617750 625
1617760 619
1617770 613
1617780 613
1617790 608
1617800 604
1617810 604
1617820 604
1617830 607
1617840 607
1617850 610
1617860 613
1617870 613
1617880 614
1617890 614
1617900 615
1617910 615
1617920 616
1617930 617
1617940 617
1617950 618
1617960 620
1617970 620
1617980 623
1617990 625
1618000 625
1618010 626
1618020 626
1618030 626
1618040 625
1618050 622
1618060 622
1618070 622
1618080 625
1618090 625
1618100 630
1618110 635
1618120 635
1618130 638
1618140 641
1618150 641
1618160 644
1618170 647
1618180 647
1618190 649
1618200 651
1618210 651
1618220 652
1618230 652
1618240 652
1618250 652
1618260 651
1618270 651
1618280 650
1618290 649
1618300 649
1618310 655
1618320 652
1618330 652
1618340 648
1618350 641
1618360 641
1618370 635
1618380 632
1618390 632
1618400 629
1618410 625
1618420 625
1618430 618
1618440 613
1618450 613
1618460 608
1618470 605
1618480 605
1618490 601
1618500 593
1618510 593
1618520 588
1618530 584
1618540 579
1618550 579
1618560 576
1618570 573
1618580 573
1618590 570
1618600 567
1618610 567
1618620 564
1618630 562
1618640 562
1618650 559
1618660 557
1618670 557
1618680 554
1618690 552
1618700 552
1618710 550
1618720 548
1618730 548
1618740 547
1618750 545
1618760 545
1618770 543
1618780 541
1618790 541
1618800 540
1618810 538
1618820 538
1618830 532
1618840 527
1618850 527
1618860 520
1618870 510
1618880 510
1618890 499
1618900 487
1618910 487
1618920 476
1618930 464
1618940 464
1618950 457
1618960 454
1618970 454
1618980 450
1618990 446
1619000 446
1619010 442
1619020 437
1619030 437
1619040 433
1619050 428
1619060 428
1619070 422
1619080 415
1619090 415
1619100 412
1619110 410
1619120 410
1619130 408
1619140 407
1619150 407
1619160 408
1619170 408
1619180 408
1619190 410
1619200 410
1619210 411
1619220 411
1619230 413
1619240 416
1619250 416
1619260 419
1619270 419
1619280 419
1619290 420
1619300 421
1619310 421
1619320 422
1619330 423
1619340 423
1619350 424
1619360 426
1619370 426
1619380 428
1619390 431
1619400 431
1619410 434
1619420 437
1619430 437
1619440 439
1619450 441
1619460 441
1619470 443
1619480 448
1619490 448
1619500 453
1619510 457
1619520 457
1619530 462
1619540 467
1619550 467
1619560 472
1619570 476
1619580 476
1619590 479
1619600 482
1619610 482
1619620 485
1619630 490
1619640 490
1619650 494
1619660 498
1619670 498
1619680 504
1619690 510
1619700 510
1619710 515
1619720 521
1619730 521
1619740 526
1619750 531
1619760 531
1619770 536
1619780 540
1619790 540
1619800 544
1619810 549
1619820 549
1619830 550
1619840 548
1619850 547
1619860 547
1619870 547
1619880 547
1619890 547
1619900 547
1619910 550
1619920 550
1619930 555
1619940 561
1619950 561
1619960 566
1619970 569
1619980 569
1619990 570
