1600000 606
1600010 609
1600020 613
1600030 613
1600040 617
1600050 619
1600060 619
1600070 622
1600080 624
1600090 624
1600100 628
1600110 633
1600120 633
1600130 637
1600140 641
1600150 646
1600160 650
1600170 654
1600180 654
1600190 656
1600200 658
1600210 658
1600220 661
1600230 664
1600240 664
1600250 669
1600260 676
1600270 676
1600280 683
1600290 689
1600300 689
1600310 695
1600320 702
1600330 702
1600340 708
1600350 714
1600360 714
1600370 720
1600380 725
1600390 725
1600400 731
1600410 737
1600420 737
1600430 741
1600440 745
1600450 745
1600460 749
1600470 752
1600480 752
1600490 753
1600500 753
1600510 753
1600520 753
1600530 753
1600540 755
1600550 755
1600560 757
1600570 760
1600580 760
1600590 765
1600600 770
1600610 770
1600620 775
1600630 779
1600640 779
1600650 782
1600660 784
1600670 784
1600680 786
1600690 788
1600700 788
1600710 790
1600720 792
1600730 792
1600740 795
1600750 798
1600760 798
1600770 801
1600780 805
1600790 805
1600800 807
1600810 807
1600820 807
1600830 803
1600840 795
1600850 795
1600860 788
1600870 784
1600880 784
1600890 784
1600900 786
1600910 786
1600920 785
1600930 781
1600940 781
1600950 775
1600960 768
1600970 768
1600980 760
1600990 757
1601000 757
1601010 758
1601020 760
1601030 760
1601040 760
1601050 760
1601060 760
1601070 759
1601080 757
1601090 757
1601100 756
1601110 755
1601120 755
1601130 756
1601140 760
1601150 760
1601160 764
1601170 766
1601180 768
1601190 768
1601200 769
1601210 768
1601220 768
1601230 766
1601240 762
1601250 762
1601260 763
1601270 759
1601280 759
1601290 755
1601300 751
1601310 751
1601320 750
1601330 750
1601340 750
1601350 749
1601360 750
1601370 750
1601380 751
1601390 752
1601400 752
1601410 754
1601420 754
1601430 754
1601440 750
1601450 744
1601460 744
1601470 737
1601480 729
1601490 729
1601500 722
1601510 715
1601520 715
1601530 709
1601540 704
1601550 704
1601560 701
1601570 698
1601580 698
1601590 696
1601600 696
1601610 696
1601620 695
1601630 694
1601640 694
1601650 692
1601660 689
1601670 689
1601680 684
1601690 678
1601700 678
1601710 673
1601720 670
1601730 670
1601740 671
1601750 671
1601760 671
1601770 670
1601780 669
1601790 669
1601800 669
1601810 670
1601820 671
1601830 671
1601840 674
1601850 679
1601860 679
1601870 685
1601880 691
1601890 691
1601900 697
1601910 704
1601920 704
1601930 710
1601940 715
1601950 715
1601960 720
1601970 725
1601980 725
1601990 728
1602000 725
1602010 725
1602020 719
1602030 711
1602040 711
1602050 704
1602060 698
1602070 698
1602080 693
1602090 688
1602100 688
1602110 683
1602120 677
1602130 677
1602140 672
1602150 668
1602160 668
1602170 664
1602180 659
1602190 659
1602200 653
1602210 650
1602220 650
1602230 648
1602240 647
1602250 647
1602260 648
1602270 652
1602280 652
1602290 659
1602300 664
1602310 664
1602320 669
1602330 675
1602340 675
1602350 681
1602360 686
1602370 686
1602380 689
1602390 686
1602400 686
1602410 681
1602420 676
1602430 676
1602440 672
1602450 668
1602460 664
1602470 664
1602480 661
1602490 658
1602500 658
1602510 656
1602520 655
1602530 655
1602540 654
1602550 652
1602560 652
1602570 651
1602580 648
1602590 648
1602600 642
1602610 639
1602620 639
1602630 639
1602640 640
1602650 640
1602660 644
1602670 649
1602680 649
1602690 654
1602700 659
1602710 659
1602720 664
1602730 668
1602740 668
1602750 672
1602760 676
1602770 676
1602780 680
1602790 683
1602800 683
1602810 686
1602820 688
1602830 688
1602840 691
1602850 693
1602860 693
1602870 693
1602880 692
1602890 692
1602900 685
1602910 683
1602920 683
1602930 687
1602940 691
1602950 691
1602960 696
1602970 700
1602980 700
1602990 704
1603000 707
1603010 707
1603020 708
1603030 711
1603040 711
1603050 712
1603060 712
1603070 712
1603080 712
1603090 715
1603100 721
1603110 721
1603120 727
1603130 732
1603140 732
1603150 736
1603160 741
1603170 741
1603180 746
1603190 750
1603200 750
1603210 754
1603220 758
1603230 758
1603240 762
1603250 765
1603260 765
1603270 768
1603280 772
1603290 772
1603300 775
1603310 779
1603320 779
1603330 783
1603340 787
1603350 787
1603360 791
1603370 796
1603380 796
1603390 800
1603400 805
1603410 805
1603420 809
1603430 814
1603440 814
1603450 819
1603460 824
1603470 824
1603480 829
1603490 834
1603500 834
1603510 839
1603520 845
1603530 845
1603540 850
1603550 856
1603560 856
1603570 862
1603580 867
1603590 867
1603600 873
1603610 878
1603620 878
1603630 884
1603640 890
1603650 890
1603660 896
1603670 902
1603680 902
1603690 908
1603700 913
1603710 913
1603720 919
1603730 925
1603740 931
1603750 931
1603760 937
1603770 943
1603780 943
1603790 950
1603800 954
1603810 954
1603820 961
1603830 967
1603840 967
1603850 973
1603860 979
1603870 979
1603880 984
1603890 989
1603900 989
1603910 992
1603920 995
1603930 995
1603940 996
1603950 994
1603960 994
1603970 991
1603980 987
1603990 987
1604000 983
1604010 979
1604020 979
1604030 975
1604040 970
1604050 970
1604060 964
1604070 959
1604080 959
1604090 953
1604100 947
1604110 947
1604120 942
1604130 937
1604140 937
1604150 931
1604160 926
1604170 926
1604180 921
1604190 918
1604200 918
1604210 914
1604220 912
1604230 912
1604240 910
1604250 908
1604260 908
1604270 905
1604280 903
1604290 903
1604300 900
1604310 897
1604320 897
1604330 893
1604340 891
1604350 891
1604360 892
1604370 893
1604380 893
1604390 893
1604400 893
1604410 893
1604420 893
1604430 892
1604440 892
1604450 892
1604460 891
1604470 891
1604480 891
1604490 890
1604500 889
1604510 889
1604520 888
1604530 890
1604540 890
1604550 888
1604560 885
1604570 885
1604580 881
1604590 876
1604600 876
1604610 872
1604620 868
1604630 868
1604640 863
1604650 860
1604660 860
1604670 857
1604680 855
1604690 855
1604700 854
1604710 854
1604720 854
1604730 856
1604740 860
1604750 860
1604760 863
1604770 864
1604780 864
1604790 864
1604800 861
1604810 861
1604820 861
1604830 864
1604840 864
1604850 869
1604860 873
1604870 873
1604880 878
1604890 882
1604900 882
1604910 885
1604920 888
1604930 888
1604940 892
1604950 896
1604960 896
1604970 900
1604980 903
1604990 903
1605000 907
1605010 913
1605020 913
1605030 919
1605040 924
1605050 929
1605060 929
1605070 935
1605080 940
1605090 940
1605100 946
1605110 952
1605120 952
1605130 958
1605140 964
1605150 964
1605160 971
1605170 978
1605180 978
1605190 984
1605200 988
1605210 988
1605220 988
1605230 984
1605240 984
1605250 980
1605260 976
1605270 976
1605280 972
1605290 967
1605300 967
1605310 962
1605320 958
1605330 958
1605340 953
1605350 950
1605360 950
1605370 947
1605380 943
1605390 943
1605400 941
1605410 938
1605420 938
1605430 935
1605440 932
1605450 932
1605460 928
1605470 924
1605480 924
1605490 921
1605500 919
1605510 919
1605520 916
1605530 914
1605540 914
1605550 913
1605560 911
1605570 911
1605580 909
1605590 915
1605600 915
1605610 913
1605620 911
1605630 911
1605640 909
1605650 907
1605660 907
1605670 905
1605680 903
1605690 900
1605700 900
1605710 898
1605720 897
1605730 897
1605740 895
1605750 896
1605760 896
1605770 898
1605780 899
1605790 899
1605800 900
1605810 901
1605820 901
1605830 902
1605840 904
1605850 904
1605860 906
1605870 908
1605880 908
1605890 908
1605900 908
1605910 908
1605920 906
1605930 903
1605940 903
1605950 900
1605960 898
1605970 898
1605980 900
1605990 902
1606000 902
1606010 905
1606020 910
1606030 910
1606040 914
1606050 921
1606060 921
1606070 925
1606080 929
1606090 929
1606100 933
1606110 937
1606120 937
1606130 942
1606140 945
1606150 945
1606160 949
1606170 953
1606180 953
1606190 955
1606200 956
1606210 956
1606220 956
1606230 955
1606240 955
1606250 954
1606260 951
1606270 951
1606280 948
1606290 944
1606300 944
1606310 941
1606320 939
1606330 937
1606340 937
1606350 936
1606360 936
1606370 936
1606380 935
1606390 935
1606400 935
1606410 936
1606420 938
1606430 938
1606440 940
1606450 942
1606460 942
1606470 944
1606480 946
1606490 946
1606500 947
1606510 947
1606520 947
1606530 946
1606540 945
1606550 945
1606560 941
1606570 936
1606580 936
1606590 929
1606600 923
1606610 923
1606620 918
1606630 915
1606640 915
1606650 921
1606660 920
1606670 920
1606680 919
1606690 919
1606700 919
1606710 919
1606720 921
1606730 921
1606740 922
1606750 922
1606760 922
1606770 923
1606780 923
1606790 923
1606800 923
1606810 922
1606820 922
1606830 920
1606840 917
1606850 917
1606860 913
1606870 908
1606880 908
1606890 903
1606900 897
1606910 897
1606920 893
1606930 890
1606940 890
1606950 887
1606960 885
1606970 885
1606980 884
1606990 883
1607000 882
1607010 882
1607020 881
1607030 881
1607040 881
1607050 881
1607060 881
1607070 881
1607080 881
1607090 881
1607100 881
1607110 881
1607120 880
1607130 880
1607140 878
1607150 875
1607160 875
1607170 867
1607180 860
1607190 860
1607200 854
1607210 850
1607220 850
1607230 848
1607240 845
1607250 845
1607260 844
1607270 842
1607280 842
1607290 840
1607300 837
1607310 837
1607320 836
1607330 836
1607340 836
1607350 837
1607360 839
1607370 839
1607380 841
1607390 842
1607400 842
1607410 843
1607420 844
1607430 844
1607440 844
1607450 844
1607460 844
1607470 844
1607480 844
1607490 844
1607500 843
1607510 840
1607520 840
1607530 835
1607540 828
1607550 828
1607560 820
1607570 812
1607580 812
1607590 805
1607600 797
1607610 797
1607620 790
1607630 784
1607640 777
1607650 777
1607660 771
1607670 766
1607680 766
1607690 760
1607700 761
1607710 761
1607720 757
1607730 752
1607740 752
1607750 751
1607760 751
1607770 751
1607780 751
1607790 751
1607800 751
1607810 750
1607820 750
1607830 750
1607840 749
1607850 746
1607860 746
1607870 743
1607880 739
1607890 739
1607900 733
1607910 725
1607920 725
1607930 718
1607940 713
1607950 713
1607960 709
1607970 705
1607980 705
1607990 701
1608000 696
1608010 696
1608020 694
1608030 692
1608040 692
1608050 689
1608060 686
1608070 686
1608080 683
1608090 681
1608100 681
1608110 677
1608120 674
1608130 674
1608140 670
1608150 664
1608160 664
1608170 658
1608180 653
1608190 653
1608200 649
1608210 643
1608220 643
1608230 637
1608240 630
1608250 630
1608260 623
1608270 615
1608280 608
1608290 608
1608300 601
1608310 595
1608320 595
1608330 589
1608340 583
1608350 583
1608360 577
1608370 571
1608380 571
1608390 565
1608400 558
1608410 558
1608420 552
1608430 546
1608440 546
1608450 540
1608460 533
1608470 533
1608480 527
1608490 521
1608500 521
1608510 514
1608520 509
1608530 509
1608540 503
1608550 498
1608560 498
1608570 493
1608580 488
1608590 488
1608600 483
1608610 478
1608620 478
1608630 472
1608640 467
1608650 467
1608660 462
1608670 455
1608680 455
1608690 450
1608700 445
1608710 445
1608720 440
1608730 436
1608740 435
1608750 431
1608760 428
1608770 428
1608780 424
1608790 421
1608800 421
1608810 417
1608820 414
1608830 414
1608840 410
1608850 407
1608860 407
1608870 403
1608880 399
1608890 399
1608900 395
1608910 392
1608920 390
1608930 390
1608940 388
1608950 387
1608960 387
1608970 386
1608980 385
1608990 385
1609000 384
1609010 383
1609020 383
1609030 377
1609040 369
1609050 369
1609060 367
1609070 367
1609080 367
1609090 368
1609100 368
1609110 368
1609120 368
1609130 368
1609140 368
1609150 368
1609160 369
1609170 369
1609180 369
1609190 370
1609200 370
1609210 371
1609220 373
1609230 373
1609240 375
1609250 377
1609260 377
1609270 378
1609280 381
1609290 381
1609300 385
1609310 389
1609320 389
1609330 395
1609340 400
1609350 400
1609360 406
1609370 411
1609380 411
1609390 415
1609400 420
1609410 420
1609420 424
1609430 427
1609440 427
1609450 431
1609460 435
1609470 435
1609480 439
1609490 442
1609500 442
1609510 445
1609520 447
1609530 447
1609540 451
1609550 455
1609560 455
1609570 459
1609580 463
1609590 467
1609600 467
1609610 471
1609620 476
1609630 476
1609640 480
1609650 485
1609660 485
1609670 488
1609680 492
1609690 492
1609700 494
1609710 496
1609720 496
1609730 498
1609740 499
1609750 499
1609760 501
1609770 503
1609780 509
1609790 510
1609800 511
1609810 511
1609820 513
1609830 514
1609840 514
1609850 515
1609860 513
1609870 513
1609880 514
1609890 518
1609900 518
1609910 521
1609920 524
1609930 524
1609940 528
1609950 532
1609960 532
1609970 536
1609980 542
1609990 542
1610000 548
1610010 554
1610020 554
1610030 560
1610040 565
1610050 565
1610060 569
1610070 574
1610080 574
1610090 579
1610100 583
1610110 583
1610120 587
1610130 592
1610140 592
1610150 595
1610160 599
1610170 599
1610180 601
1610190 603
1610200 603
1610210 603
1610220 603
1610230 603
1610240 603
1610250 605
1610260 608
1610270 608
1610280 611
1610290 615
1610300 615
1610310 619
1610320 623
1610330 623
1610340 628
1610350 633
1610360 633
1610370 637
1610380 643
1610390 643
1610400 649
1610410 654
1610420 654
1610430 660
1610440 666
1610450 666
1610460 671
1610470 677
1610480 677
1610490 681
1610500 686
1610510 686
1610520 691
1610530 694
1610540 694
1610550 698
1610560 703
1610570 703
1610580 709
1610590 715
1610600 715
1610610 720
1610620 724
1610630 724
1610640 729
1610650 732
1610660 732
1610670 733
1610680 732
1610690 732
1610700 733
1610710 738
1610720 738
1610730 744
1610740 749
1610750 749
1610760 755
1610770 761
1610780 761
1610790 766
1610800 775
1610810 775
1610820 779
1610830 783
1610840 783
1610850 786
1610860 790
1610870 794
1610880 794
1610890 798
1610900 802
1610910 802
1610920 806
1610930 810
1610940 810
1610950 814
1610960 818
1610970 818
1610980 822
1610990 825
1611000 825
1611010 828
1611020 830
1611030 830
1611040 832
1611050 835
1611060 835
1611070 837
1611080 840
1611090 840
1611100 847
1611110 855
1611120 855
1611130 862
1611140 868
1611150 868
1611160 874
1611170 880
1611180 880
1611190 885
1611200 891
1611210 891
1611220 897
1611230 903
1611240 903
1611250 908
1611260 914
1611270 914
1611280 919
1611290 925
1611300 925
1611310 931
1611320 938
1611330 938
1611340 945
1611350 951
1611360 951
1611370 958
1611380 965
1611390 965
1611400 972
1611410 978
1611420 978
1611430 985
1611440 991
1611450 991
1611460 998
1611470 1005
1611480 1005
1611490 1011
1611500 1018
1611510 1018
1611520 1024
1611530 1029
1611540 1034
1611550 1034
1611560 1038
1611570 1041
1611580 1041
1611590 1042
1611600 1044
1611610 1044
1611620 1045
1611630 1046
1611640 1046
1611650 1047
1611660 1048
1611670 1048
1611680 1049
1611690 1049
1611700 1049
1611710 1050
1611720 1050
1611730 1050
1611740 1051
1611750 1052
1611760 1052
1611770 1053
1611780 1053
1611790 1053
1611800 1054
1611810 1054
1611820 1058
1611830 1059
1611840 1059
1611850 1059
1611860 1059
1611870 1059
1611880 1059
1611890 1060
1611900 1061
1611910 1061
1611920 1061
1611930 1062
1611940 1062
1611950 1062
1611960 1062
1611970 1062
1611980 1062
1611990 1063
1612000 1063
1612010 1063
1612020 1063
1612030 1063
1612040 1063
1612050 1063
1612060 1063
1612070 1063
1612080 1063
1612090 1063
1612100 1063
1612110 1063
1612120 1063
1612130 1062
1612140 1062
1612150 1062
1612160 1062
1612170 1062
1612180 1061
1612190 1061
1612200 1061
1612210 1060
1612220 1060
1612230 1060
1612240 1060
1612250 1060
1612260 1059
1612270 1058
1612280 1058
1612290 1058
1612300 1057
1612310 1057
1612320 1056
1612330 1055
1612340 1055
1612350 1054
1612360 1053
1612370 1053
1612380 1051
1612390 1050
1612400 1050
1612410 1048
1612420 1047
1612430 1047
1612440 1046
1612450 1044
1612460 1044
1612470 1041
1612480 1039
1612490 1039
1612500 1037
1612510 1034
1612520 1034
1612530 1031
1612540 1029
1612550 1029
1612560 1026
1612570 1022
1612580 1022
1612590 1019
1612600 1015
1612610 1015
1612620 1011
1612630 1009
1612640 1009
1612650 1005
1612660 1002
1612670 1002
1612680 999
1612690 996
1612700 996
1612710 993
1612720 990
1612730 990
1612740 987
1612750 984
1612760 984
1612770 981
1612780 978
1612790 978
1612800 975
1612810 971
1612820 973
1612830 973
1612840 969
1612850 965
1612860 965
1612870 962
1612880 958
1612890 958
1612900 953
1612910 948
1612920 948
1612930 942
1612940 936
1612950 936
1612960 928
1612970 921
1612980 921
1612990 915
1613000 908
1613010 908
1613020 903
1613030 897
1613040 897
1613050 890
1613060 882
1613070 882
1613080 875
1613090 867
1613100 867
1613110 861
1613120 854
1613130 854
1613140 850
1613150 846
1613160 846
1613170 843
1613180 840
1613190 840
1613200 836
1613210 831
1613220 831
1613230 827
1613240 824
1613250 824
1613260 821
1613270 817
1613280 817
1613290 815
1613300 813
1613310 813
1613320 811
1613330 807
1613340 807
1613350 803
1613360 799
1613370 799
1613380 794
1613390 790
1613400 790
1613410 785
1613420 779
1613430 779
1613440 773
1613450 766
1613460 758
1613470 758
1613480 751
1613490 745
1613500 745
1613510 738
1613520 731
1613530 731
1613540 725
1613550 720
1613560 720
1613570 716
1613580 712
1613590 712
1613600 708
1613610 704
1613620 704
1613630 705
1613640 708
1613650 708
1613660 710
1613670 712
1613680 712
1613690 714
1613700 716
1613710 716
1613720 719
1613730 722
1613740 722
1613750 725
1613760 729
1613770 729
1613780 732
1613790 736
1613800 736
1613810 740
1613820 738
1613830 738
1613840 742
1613850 745
1613860 745
1613870 750
1613880 754
1613890 754
1613900 759
1613910 763
1613920 763
1613930 767
1613940 772
1613950 772
1613960 776
1613970 781
1613980 781
1613990 786
1614000 791
1614010 791
1614020 796
1614030 798
1614040 798
1614050 801
1614060 804
1614070 804
1614080 808
1614090 812
1614100 812
1614110 817
1614120 821
1614130 825
1614140 825
1614150 829
1614160 833
1614170 833
1614180 837
1614190 840
1614200 840
1614210 842
1614220 843
1614230 843
1614240 844
1614250 845
1614260 845
1614270 845
1614280 846
1614290 846
1614300 847
1614310 849
1614320 849
1614330 850
1614340 849
1614350 849
1614360 847
1614370 845
1614380 845
1614390 843
1614400 840
1614410 840
1614420 838
1614430 835
1614440 835
1614450 831
1614460 826
1614470 826
1614480 822
1614490 818
1614500 818
1614510 813
1614520 810
1614530 810
1614540 806
1614550 802
1614560 802
1614570 797
1614580 793
1614590 793
1614600 789
1614610 785
1614620 785
1614630 781
1614640 777
1614650 777
1614660 774
1614670 770
1614680 770
1614690 767
1614700 764
1614710 764
1614720 760
1614730 757
1614740 757
1614750 756
1614760 755
1614770 754
1614780 754
1614790 752
1614800 752
1614810 755
1614820 756
1614830 758
1614840 758
1614850 760
1614860 763
1614870 763
1614880 766
1614890 767
1614900 767
1614910 768
1614920 769
1614930 769
1614940 769
1614950 769
1614960 769
1614970 768
1614980 767
1614990 767
1615000 767
1615010 766
1615020 766
1615030 766
1615040 766
1615050 766
1615060 766
1615070 766
1615080 766
1615090 766
1615100 765
1615110 765
1615120 765
1615130 765
1615140 765
1615150 763
1615160 757
1615170 757
1615180 750
1615190 746
1615200 746
1615210 742
1615220 740
1615230 740
1615240 739
1615250 739
1615260 739
1615270 739
1615280 739
1615290 739
1615300 739
1615310 740
1615320 740
1615330 739
1615340 736
1615350 736
1615360 729
1615370 721
1615380 721
1615390 714
1615400 707
1615410 698
1615420 698
1615430 689
1615440 680
1615450 680
1615460 671
1615470 663
1615480 663
1615490 654
1615500 646
1615510 646
1615520 637
1615530 629
1615540 629
1615550 621
1615560 613
1615570 613
1615580 606
1615590 599
1615600 599
1615610 592
1615620 585
1615630 585
1615640 579
1615650 572
1615660 572
1615670 565
1615680 559
1615690 559
1615700 553
1615710 548
1615720 548
1615730 542
1615740 537
1615750 537
1615760 531
1615770 526
1615780 526
1615790 520
1615800 516
1615810 516
1615820 512
1615830 508
1615840 508
1615850 504
1615860 499
1615870 499
1615880 496
1615890 494
1615900 494
1615910 492
1615920 488
1615930 488
1615940 485
1615950 483
1615960 483
1615970 481
1615980 478
1615990 478
1616000 476
1616010 473
1616020 473
1616030 470
1616040 467
1616050 467
1616060 464
1616070 460
1616080 455
1616090 455
1616100 456
1616110 461
1616120 461
1616130 466
1616140 473
1616150 473
1616160 479
1616170 483
1616180 483
1616190 487
1616200 491
1616210 491
1616220 495
1616230 499
1616240 499
1616250 503
1616260 507
1616270 507
1616280 511
1616290 515
1616300 515
1616310 519
1616320 523
1616330 523
1616340 526
1616350 530
1616360 530
1616370 534
1616380 537
1616390 537
1616400 541
1616410 544
1616420 544
1616430 547
1616440 551
1616450 551
1616460 554
1616470 557
1616480 557
1616490 559
1616500 561
1616510 561
1616520 563
1616530 564
1616540 564
1616550 565
1616560 564
1616570 564
1616580 562
1616590 560
1616600 560
1616610 557
1616620 553
1616630 553
1616640 548
1616650 541
1616660 541
1616670 535
1616680 528
1616690 528
1616700 525
1616710 532
1616720 540
1616730 540
1616740 545
1616750 549
1616760 549
1616770 553
1616780 551
1616790 551
1616800 553
1616810 558
1616820 558
1616830 564
1616840 570
1616850 570
1616860 575
1616870 579
1616880 579
1616890 583
1616900 587
1616910 587
1616920 590
1616930 593
1616940 593
1616950 595
1616960 596
1616970 596
1616980 594
1616990 591
1617000 591
1617010 589
1617020 588
1617030 588
1617040 588
1617050 590
1617060 590
1617070 592
1617080 593
1617090 593
1617100 595
1617110 596
1617120 596
1617130 596
1617140 597
1617150 597
1617160 597
1617170 596
1617180 596
1617190 595
1617200 594
1617210 594
1617220 592
1617230 590
1617240 590
1617250 589
1617260 587
1617270 587
1617280 585
1617290 583
1617300 583
1617310 581
1617320 581
1617330 581
1617340 580
1617350 579
1617360 579
1617370 579
1617380 578
1617390 578
1617400 578
1617410 576
1617420 574
1617430 574
1617440 572
1617450 572
1617460 572
1617470 572
1617480 574
1617490 574
1617500 576
1617510 579
1617520 579
1617530 583
1617540 587
1617550 587
1617560 592
1617570 597
1617580 597
1617590 601
1617600 605
1617610 605
1617620 609
1617630 613
1617640 613
1617650 616
1617660 619
1617670 619
1617680 622
1617690 622
1617700 622
1617710 622
1617720 622
1617730 622
1617740 622
1617750 623
1617760 623
1617770 623
1617780 620
1617790 620
1617800 616
1617810 613
1617820 613
1617830 611
1617840 608
1617850 608
1617860 605
1617870 602
1617880 602
1617890 598
1617900 594
1617910 594
1617920 588
1617930 579
1617940 579
1617950 569
1617960 561
1617970 561
1617980 555
1617990 550
1618000 550
1618010 543
1618020 536
1618030 529
1618040 529
1618050 525
1618060 522
1618070 522
1618080 522
1618090 525
1618100 525
1618110 527
1618120 528
1618130 528
1618140 531
1618150 533
1618160 533
1618170 536
1618180 539
1618190 539
1618200 545
1618210 549
1618220 549
1618230 550
1618240 550
1618250 550
1618260 553
1618270 554
1618280 554
1618290 553
1618300 552
1618310 552
1618320 551
1618330 552
1618340 552
1618350 551
1618360 550
1618370 550
1618380 547
1618390 544
1618400 544
1618410 539
1618420 531
1618430 531
1618440 523
1618450 515
1618460 515
1618470 508
1618480 502
1618490 502
1618500 496
1618510 492
1618520 492
1618530 489
1618540 486
1618550 486
1618560 484
1618570 481
1618580 481
1618590 477
1618600 475
1618610 475
1618620 474
1618630 473
1618640 473
1618650 472
1618660 471
1618670 473
1618680 473
1618690 474
1618700 471
1618710 477
1618720 473
1618730 468
1618740 468
1618750 462
1618760 454
1618770 454
1618780 448
1618790 440
1618800 440
1618810 434
1618820 427
1618830 427
1618840 422
1618850 418
1618860 418
1618870 414
1618880 413
1618890 413
1618900 414
1618910 415
1618920 415
1618930 415
1618940 416
1618950 416
1618960 416
1618970 416
1618980 416
1618990 416
1619000 416
1619010 416
1619020 417
1619030 417
1619040 417
1619050 418
1619060 419
1619070 419
1619080 422
1619090 427
1619100 427
1619110 430
1619120 430
1619130 430
1619140 429
1619150 430
1619160 430
1619170 433
1619180 434
1619190 434
1619200 435
1619210 435
1619220 435
1619230 435
1619240 438
1619250 438
1619260 440
1619270 444
1619280 444
1619290 447
1619300 450
1619310 453
1619320 453
1619330 455
1619340 458
1619350 458
1619360 460
1619370 462
1619380 462
1619390 464
1619400 465
1619410 465
1619420 467
1619430 468
1619440 468
1619450 470
1619460 472
1619470 472
1619480 474
1619490 477
1619500 477
1619510 481
1619520 483
1619530 483
1619540 486
1619550 489
1619560 489
1619570 492
1619580 496
1619590 496
1619600 500
1619610 504
1619620 504
1619630 508
1619640 513
1619650 513
1619660 516
1619670 520
1619680 520
1619690 523
1619700 529
1619710 529
1619720 537
1619730 544
1619740 544
1619750 553
1619760 564
1619770 564
1619780 572
1619790 575
1619800 575
1619810 579
1619820 582
1619830 582
1619840 587
1619850 592
1619860 592
1619870 598
1619880 606
1619890 606
1619900 613
1619910 620
1619920 620
1619930 628
1619940 636
1619950 636
1619960 645
1619970 653
1619980 661
1619990 661
