1600000 766
1600010 766
1600020 764
1600030 764
1600040 762
1600050 757
1600060 757
1600070 753
1600080 753
1600090 753
1600100 755
1600110 757
1600120 757
1600130 760
1600140 764
1600150 764
1600160 769
1600170 773
1600180 773
1600190 775
1600200 777
1600210 777
1600220 779
1600230 781
1600240 781
1600250 782
1600260 785
1600270 785
1600280 787
1600290 789
1600300 789
1600310 790
1600320 791
1600330 791
1600340 792
1600350 793
1600360 793
1600370 793
1600380 794
1600390 794
1600400 794
1600410 794
1600420 795
1600430 795
1600440 795
1600450 796
1600460 796
1600470 797
1600480 797
1600490 797
1600500 798
1600510 799
1600520 799
1600530 800
1600540 802
1600550 802
1600560 804
1600570 805
1600580 805
1600590 806
1600600 806
1600610 806
1600620 807
1600630 807
1600640 807
1600650 807
1600660 805
1600670 805
1600680 803
1600690 802
1600700 802
1600710 799
1600720 796
1600730 796
1600740 792
1600750 788
1600760 788
1600770 785
1600780 780
1600790 780
1600800 776
1600810 781
1600820 781
1600830 788
1600840 791
1600850 791
1600860 793
1600870 795
1600880 795
1600890 796
1600900 797
1600910 802
1600920 801
1600930 802
1600940 802
1600950 807
1600960 812
1600970 812
1600980 815
1600990 817
1601000 817
1601010 821
1601020 825
1601030 827
1601040 827
1601050 829
1601060 830
1601070 830
1601080 831
1601090 831
1601100 831
1601110 831
1601120 831
1601130 831
1601140 831
1601150 829
1601160 829
1601170 827
1601180 825
1601190 825
1601200 825
1601210 826
1601220 826
1601230 826
1601240 828
1601250 828
1601260 832
1601270 835
1601280 835
1601290 838
1601300 841
1601310 841
1601320 842
1601330 844
1601340 844
1601350 846
1601360 848
1601370 848
1601380 850
1601390 853
1601400 853
1601410 854
1601420 855
1601430 855
1601440 856
1601450 854
1601460 854
1601470 853
1601480 856
1601490 856
1601500 860
1601510 863
1601520 863
1601530 867
1601540 870
1601550 870
1601560 875
1601570 881
1601580 881
1601590 887
1601600 891
1601610 891
1601620 895
1601630 899
1601640 899
1601650 903
1601660 907
1601670 907
1601680 911
1601690 915
1601700 919
1601710 919
1601720 922
1601730 923
1601740 923
1601750 926
1601760 928
1601770 928
1601780 930
1601790 931
1601800 931
1601810 936
1601820 941
1601830 941
1601840 945
1601850 948
1601860 948
1601870 951
1601880 952
1601890 952
1601900 949
1601910 950
1601920 950
1601930 958
1601940 966
1601950 966
1601960 973
1601970 979
1601980 979
1601990 984
1602000 989
1602010 985
1602020 990
1602030 995
1602040 995
1602050 997
1602060 1000
1602070 1000
1602080 1003
1602090 1007
1602100 1007
1602110 1012
1602120 1018
1602130 1018
1602140 1025
1602150 1032
1602160 1032
1602170 1039
1602180 1046
1602190 1046
1602200 1052
1602210 1058
1602220 1058
1602230 1064
1602240 1070
1602250 1070
1602260 1075
1602270 1080
1602280 1080
1602290 1085
1602300 1089
1602310 1089
1602320 1093
1602330 1097
1602340 1097
1602350 1101
1602360 1104
1602370 1108
1602380 1108
1602390 1113
1602400 1117
1602410 1117
1602420 1121
1602430 1126
1602440 1126
1602450 1131
1602460 1136
1602470 1136
1602480 1140
1602490 1145
1602500 1145
1602510 1149
1602520 1154
1602530 1154
1602540 1157
1602550 1161
1602560 1161
1602570 1164
1602580 1167
1602590 1167
1602600 1169
1602610 1165
1602620 1165
1602630 1159
1602640 1153
1602650 1153
1602660 1146
1602670 1139
1602680 1139
1602690 1131
1602700 1123
1602710 1123
1602720 1116
1602730 1109
1602740 1109
1602750 1103
1602760 1095
1602770 1095
1602780 1087
1602790 1080
1602800 1080
1602810 1075
1602820 1072
1602830 1072
1602840 1069
1602850 1064
1602860 1064
1602870 1058
1602880 1052
1602890 1052
1602900 1048
1602910 1046
1602920 1046
1602930 1044
1602940 1041
1602950 1041
1602960 1042
1602970 1047
1602980 1047
1602990 1047
1603000 1047
1603010 1047
1603020 1049
1603030 1047
1603040 1040
1603050 1040
1603060 1031
1603070 1019
1603080 1019
1603090 1008
1603100 1004
1603110 1004
1603120 1002
1603130 1001
1603140 1001
1603150 1002
1603160 1005
1603170 1005
1603180 1007
1603190 1008
1603200 1008
1603210 1008
1603220 1008
1603230 1008
1603240 1007
1603250 1007
1603260 1007
1603270 1010
1603280 1019
1603290 1019
1603300 1028
1603310 1035
1603320 1035
1603330 1043
1603340 1050
1603350 1050
1603360 1057
1603370 1064
1603380 1064
1603390 1071
1603400 1078
1603410 1078
1603420 1084
1603430 1091
1603440 1091
1603450 1097
1603460 1103
1603470 1103
1603480 1108
1603490 1113
1603500 1113
1603510 1117
1603520 1121
1603530 1121
1603540 1125
1603550 1128
1603560 1128
1603570 1131
1603580 1135
1603590 1135
1603600 1138
1603610 1140
1603620 1140
1603630 1142
1603640 1145
1603650 1145
1603660 1147
1603670 1149
1603680 1149
1603690 1150
1603700 1152
1603710 1153
1603720 1153
1603730 1155
1603740 1156
1603750 1156
1603760 1158
1603770 1159
1603780 1159
1603790 1160
1603800 1162
1603810 1162
1603820 1163
1603830 1165
1603840 1165
1603850 1166
1603860 1168
1603870 1168
1603880 1169
1603890 1170
1603900 1170
1603910 1172
1603920 1173
1603930 1173
1603940 1175
1603950 1176
1603960 1176
1603970 1177
1603980 1179
1603990 1179
1604000 1180
1604010 1181
1604020 1181
1604030 1182
1604040 1183
1604050 1183
1604060 1182
1604070 1181
1604080 1181
1604090 1180
1604100 1180
1604110 1180
1604120 1180
1604130 1179
1604140 1179
1604150 1179
1604160 1178
1604170 1178
1604180 1178
1604190 1180
1604200 1180
1604210 1181
1604220 1182
1604230 1182
1604240 1183
1604250 1184
1604260 1184
1604270 1186
1604280 1187
1604290 1187
1604300 1188
1604310 1190
1604320 1190
1604330 1192
1604340 1194
1604350 1194
1604360 1195
1604370 1197
1604380 1199
1604390 1199
1604400 1200
1604410 1201
1604420 1201
1604430 1201
1604440 1202
1604450 1202
1604460 1202
1604470 1201
1604480 1201
1604490 1201
1604500 1200
1604510 1200
1604520 1199
1604530 1195
1604540 1195
1604550 1187
1604560 1178
1604570 1178
1604580 1169
1604590 1161
1604600 1161
1604610 1152
1604620 1142
1604630 1142
1604640 1132
1604650 1122
1604660 1122
1604670 1112
1604680 1098
1604690 1098
1604700 1087
1604710 1079
1604720 1079
1604730 1072
1604740 1066
1604750 1066
1604760 1063
1604770 1057
1604780 1057
1604790 1050
1604800 1042
1604810 1042
1604820 1035
1604830 1028
1604840 1028
1604850 1021
1604860 1014
1604870 1014
1604880 1007
1604890 1001
1604900 1001
1604910 994
1604920 986
1604930 986
1604940 978
1604950 972
1604960 972
1604970 966
1604980 957
1604990 957
1605000 949
1605010 942
1605020 942
1605030 935
1605040 929
1605050 923
1605060 923
1605070 915
1605080 908
1605090 908
1605100 904
1605110 899
1605120 899
1605130 894
1605140 887
1605150 887
1605160 881
1605170 874
1605180 874
1605190 868
1605200 862
1605210 862
1605220 854
1605230 846
1605240 846
1605250 838
1605260 832
1605270 832
1605280 827
1605290 826
1605300 826
1605310 825
1605320 822
1605330 822
1605340 818
1605350 814
1605360 814
1605370 810
1605380 804
1605390 804
1605400 798
1605410 791
1605420 791
1605430 785
1605440 779
1605450 779
1605460 772
1605470 764
1605480 764
1605490 758
1605500 754
1605510 754
1605520 750
1605530 749
1605540 749
1605550 749
1605560 747
1605570 747
1605580 743
1605590 738
1605600 738
1605610 732
1605620 725
1605630 725
1605640 719
1605650 716
1605660 716
1605670 713
1605680 712
1605690 712
1605700 709
1605710 707
1605720 705
1605730 705
1605740 704
1605750 702
1605760 702
1605770 699
1605780 696
1605790 696
1605800 693
1605810 690
1605820 690
1605830 688
1605840 684
1605850 684
1605860 681
1605870 677
1605880 677
1605890 674
1605900 669
1605910 669
1605920 663
1605930 657
1605940 657
1605950 652
1605960 646
1605970 646
1605980 640
1605990 634
1606000 634
1606010 628
1606020 622
1606030 622
1606040 616
1606050 609
1606060 609
1606070 602
1606080 594
1606090 594
1606100 585
1606110 576
1606120 576
1606130 569
1606140 564
1606150 564
1606160 559
1606170 553
1606180 553
1606190 547
1606200 543
1606210 543
1606220 539
1606230 537
1606240 537
1606250 535
1606260 534
1606270 534
1606280 534
1606290 535
1606300 535
1606310 535
1606320 529
1606330 529
1606340 531
1606350 533
1606360 533
1606370 535
1606380 535
1606390 534
1606400 534
1606410 534
1606420 533
1606430 533
1606440 533
1606450 533
1606460 533
1606470 533
1606480 534
1606490 534
1606500 534
1606510 532
1606520 532
1606530 529
1606540 529
1606550 529
1606560 531
1606570 534
1606580 534
1606590 536
1606600 538
1606610 538
1606620 539
1606630 543
1606640 543
1606650 547
1606660 550
1606670 550
1606680 549
1606690 547
1606700 547
1606710 549
1606720 551
1606730 551
1606740 552
1606750 553
1606760 553
1606770 553
1606780 554
1606790 554
1606800 556
1606810 557
1606820 557
1606830 557
1606840 559
1606850 559
1606860 562
1606870 565
1606880 565
1606890 568
1606900 570
1606910 570
1606920 572
1606930 574
1606940 574
1606950 572
1606960 565
1606970 565
1606980 558
1606990 551
1607000 551
1607010 543
1607020 535
1607030 528
1607040 528
1607050 520
1607060 512
1607070 512
1607080 504
1607090 498
1607100 498
1607110 496
1607120 496
1607130 496
1607140 494
1607150 502
1607160 502
1607170 509
1607180 514
1607190 514
1607200 520
1607210 524
1607220 524
1607230 527
1607240 530
1607250 530
1607260 532
1607270 535
1607280 535
1607290 537
1607300 540
1607310 540
1607320 543
1607330 551
1607340 551
1607350 558
1607360 565
1607370 562
1607380 569
1607390 568
1607400 568
1607410 568
1607420 567
1607430 567
1607440 564
1607450 560
1607460 560
1607470 558
1607480 557
1607490 557
1607500 558
1607510 563
1607520 563
1607530 569
1607540 573
1607550 573
1607560 575
1607570 573
1607580 573
1607590 572
1607600 575
1607610 575
1607620 577
1607630 581
1607640 581
1607650 586
1607660 590
1607670 590
1607680 594
1607690 598
1607700 602
1607710 602
1607720 605
1607730 609
1607740 609
1607750 612
1607760 615
1607770 615
1607780 617
1607790 620
1607800 620
1607810 622
1607820 624
1607830 624
1607840 625
1607850 625
1607860 625
1607870 622
1607880 615
1607890 615
1607900 608
1607910 601
1607920 601
1607930 595
1607940 589
1607950 589
1607960 582
1607970 575
1607980 575
1607990 568
1608000 562
1608010 562
1608020 555
1608030 549
1608040 549
1608050 545
1608060 539
1608070 539
1608080 534
1608090 523
1608100 523
1608110 515
1608120 509
1608130 509
1608140 503
1608150 497
1608160 497
1608170 489
1608180 481
1608190 481
1608200 473
1608210 465
1608220 465
1608230 457
1608240 449
1608250 449
1608260 440
1608270 431
1608280 431
1608290 422
1608300 414
1608310 414
1608320 406
1608330 396
1608340 396
1608350 387
1608360 380
1608370 372
1608380 372
1608390 365
1608400 359
1608410 359
1608420 355
1608430 355
1608440 355
1608450 357
1608460 358
1608470 358
1608480 358
1608490 358
1608500 358
1608510 358
1608520 358
1608530 358
1608540 359
1608550 359
1608560 359
1608570 359
1608580 359
1608590 359
1608600 360
1608610 361
1608620 361
1608630 362
1608640 362
1608650 362
1608660 361
1608670 361
1608680 361
1608690 361
1608700 361
1608710 361
1608720 361
1608730 359
1608740 359
1608750 358
1608760 358
1608770 358
1608780 362
1608790 364
1608800 364
1608810 370
1608820 376
1608830 376
1608840 380
1608850 386
1608860 386
1608870 392
1608880 398
1608890 398
1608900 405
1608910 412
1608920 412
1608930 416
1608940 421
1608950 421
1608960 426
1608970 432
1608980 432
1608990 438
1609000 441
1609010 441
1609020 443
1609030 445
1609040 446
1609050 446
1609060 448
1609070 450
1609080 450
1609090 453
1609100 456
1609110 456
1609120 459
1609130 463
1609140 463
1609150 466
1609160 470
1609170 470
1609180 475
1609190 480
1609200 480
1609210 485
1609220 491
1609230 491
1609240 498
1609250 505
1609260 505
1609270 512
1609280 520
1609290 520
1609300 526
1609310 532
1609320 532
1609330 539
1609340 545
1609350 545
1609360 552
1609370 558
1609380 558
1609390 564
1609400 571
1609410 571
1609420 577
1609430 584
1609440 584
1609450 589
1609460 595
1609470 595
1609480 600
1609490 604
1609500 604
1609510 605
1609520 604
1609530 604
1609540 603
1609550 602
1609560 602
1609570 602
1609580 601
1609590 601
1609600 602
1609610 602
1609620 602
1609630 603
1609640 604
1609650 604
1609660 605
1609670 606
1609680 606
1609690 608
1609700 611
1609710 615
1609720 615
1609730 619
1609740 625
1609750 625
1609760 632
1609770 640
1609780 640
1609790 646
1609800 654
1609810 654
1609820 661
1609830 668
1609840 668
1609850 675
1609860 681
1609870 681
1609880 688
1609890 694
1609900 694
1609910 701
1609920 707
1609930 707
1609940 714
1609950 721
1609960 721
1609970 728
1609980 734
1609990 734
1610000 741
1610010 748
1610020 748
1610030 754
1610040 761
1610050 761
1610060 767
1610070 774
1610080 774
1610090 781
1610100 788
1610110 788
1610120 795
1610130 801
1610140 801
1610150 808
1610160 814
1610170 814
1610180 821
1610190 828
1610200 828
1610210 835
1610220 841
1610230 841
1610240 848
1610250 854
1610260 854
1610270 861
1610280 867
1610290 867
1610300 874
1610310 880
1610320 880
1610330 886
1610340 892
1610350 892
1610360 898
1610370 903
1610380 906
1610390 906
1610400 907
1610410 908
1610420 908
1610430 908
1610440 908
1610450 908
1610460 907
1610470 907
1610480 911
1610490 911
1610500 911
1610510 911
1610520 911
1610530 911
1610540 911
1610550 911
1610560 912
1610570 912
1610580 913
1610590 913
1610600 913
1610610 914
1610620 914
1610630 914
1610640 915
1610650 917
1610660 917
1610670 919
1610680 920
1610690 920
1610700 919
1610710 919
1610720 919
1610730 919
1610740 919
1610750 919
1610760 918
1610770 919
1610780 919
1610790 918
1610800 917
1610810 917
1610820 915
1610830 913
1610840 913
1610850 912
1610860 912
1610870 912
1610880 911
1610890 911
1610900 911
1610910 911
1610920 911
1610930 911
1610940 909
1610950 910
1610960 910
1610970 911
1610980 912
1610990 912
1611000 911
1611010 910
1611020 910
1611030 909
1611040 909
1611050 910
1611060 910
1611070 911
1611080 911
1611090 911
1611100 912
1611110 913
1611120 913
1611130 913
1611140 912
1611150 912
1611160 912
1611170 912
1611180 912
1611190 911
1611200 910
1611210 910
1611220 911
1611230 911
1611240 911
1611250 912
1611260 914
1611270 914
1611280 915
1611290 916
1611300 916
1611310 917
1611320 917
1611330 917
1611340 921
1611350 929
1611360 929
1611370 941
1611380 950
1611390 950
1611400 959
1611410 967
1611420 967
1611430 975
1611440 981
1611450 981
1611460 987
1611470 993
1611480 993
1611490 999
1611500 1009
1611510 1009
1611520 1013
1611530 1017
1611540 1017
1611550 1021
1611560 1025
1611570 1025
1611580 1029
1611590 1033
1611600 1033
1611610 1038
1611620 1043
1611630 1043
1611640 1048
1611650 1054
1611660 1054
1611670 1059
1611680 1064
1611690 1064
1611700 1069
1611710 1073
1611720 1076
1611730 1076
1611740 1079
1611750 1081
1611760 1081
1611770 1082
1611780 1084
1611790 1084
1611800 1084
1611810 1085
1611820 1085
1611830 1088
1611840 1087
1611850 1087
1611860 1087
1611870 1087
1611880 1087
1611890 1089
1611900 1092
1611910 1092
1611920 1097
1611930 1100
1611940 1100
1611950 1105
1611960 1111
1611970 1111
1611980 1116
1611990 1120
1612000 1120
1612010 1130
1612020 1142
1612030 1142
1612040 1147
1612050 1150
1612060 1150
1612070 1152
1612080 1155
1612090 1155
1612100 1157
1612110 1158
1612120 1158
1612130 1160
1612140 1161
1612150 1161
1612160 1162
1612170 1162
1612180 1162
1612190 1162
1612200 1161
1612210 1161
1612220 1159
1612230 1156
1612240 1156
1612250 1151
1612260 1146
1612270 1146
1612280 1141
1612290 1136
1612300 1136
1612310 1131
1612320 1126
1612330 1126
1612340 1122
1612350 1118
1612360 1118
1612370 1113
1612380 1109
1612390 1106
1612400 1106
1612410 1102
1612420 1099
1612430 1099
1612440 1095
1612450 1090
1612460 1090
1612470 1086
1612480 1082
1612490 1082
1612500 1077
1612510 1077
1612520 1077
1612530 1073
1612540 1069
1612550 1069
1612560 1065
1612570 1061
1612580 1061
1612590 1057
1612600 1052
1612610 1052
1612620 1048
1612630 1044
1612640 1044
1612650 1040
1612660 1037
1612670 1037
1612680 1033
1612690 1029
1612700 1029
1612710 1026
1612720 1022
1612730 1022
1612740 1019
1612750 1015
1612760 1015
1612770 1011
1612780 1007
1612790 1007
1612800 1003
1612810 999
1612820 999
1612830 995
1612840 992
1612850 992
1612860 989
1612870 985
1612880 985
1612890 982
1612900 979
1612910 979
1612920 977
1612930 973
1612940 973
1612950 970
1612960 968
1612970 968
1612980 965
1612990 962
1613000 962
1613010 958
1613020 954
1613030 954
1613040 949
1613050 943
1613060 936
1613070 936
1613080 930
1613090 925
1613100 925
1613110 921
1613120 917
1613130 917
1613140 914
1613150 912
1613160 912
1613170 910
1613180 908
1613190 908
1613200 906
1613210 905
1613220 905
1613230 903
1613240 901
1613250 901
1613260 900
1613270 898
1613280 898
1613290 897
1613300 895
1613310 895
1613320 894
1613330 893
1613340 893
1613350 891
1613360 889
1613370 889
1613380 887
1613390 884
1613400 884
1613410 882
1613420 880
1613430 880
1613440 877
1613450 875
1613460 875
1613470 874
1613480 873
1613490 873
1613500 873
1613510 879
1613520 879
1613530 878
1613540 876
1613550 876
1613560 874
1613570 873
1613580 873
1613590 872
1613600 872
1613610 872
1613620 870
1613630 870
1613640 870
1613650 869
1613660 868
1613670 868
1613680 868
1613690 867
1613700 867
1613710 866
1613720 866
1613730 865
1613740 865
1613750 864
1613760 863
1613770 863
1613780 862
1613790 861
1613800 861
1613810 859
1613820 858
1613830 858
1613840 855
1613850 852
1613860 852
1613870 848
1613880 844
1613890 844
1613900 840
1613910 837
1613920 837
1613930 836
1613940 835
1613950 835
1613960 835
1613970 835
1613980 835
1613990 836
1614000 837
1614010 837
1614020 838
1614030 840
1614040 840
1614050 841
1614060 841
1614070 841
1614080 841
1614090 839
1614100 839
1614110 835
1614120 831
1614130 831
1614140 828
1614150 826
1614160 826
1614170 826
1614180 827
1614190 827
1614200 829
1614210 832
1614220 832
1614230 835
1614240 839
1614250 839
1614260 841
1614270 843
1614280 843
1614290 845
1614300 845
1614310 845
1614320 843
1614330 839
1614340 839
1614350 834
1614360 830
1614370 830
1614380 828
1614390 828
1614400 828
1614410 828
1614420 828
1614430 828
1614440 828
1614450 829
1614460 831
1614470 831
1614480 834
1614490 837
1614500 843
1614510 845
1614520 848
1614530 848
1614540 850
1614550 851
1614560 851
1614570 852
1614580 851
1614590 851
1614600 849
1614610 846
1614620 846
1614630 840
1614640 835
1614650 835
1614660 830
1614670 823
1614680 823
1614690 816
1614700 808
1614710 808
1614720 802
1614730 796
1614740 796
1614750 791
1614760 786
1614770 786
1614780 781
1614790 777
1614800 777
1614810 774
1614820 772
1614830 772
1614840 769
1614850 767
1614860 767
1614870 763
1614880 760
1614890 760
1614900 756
1614910 752
1614920 752
1614930 750
1614940 746
1614950 746
1614960 741
1614970 736
1614980 736
1614990 731
1615000 726
1615010 726
1615020 723
1615030 719
1615040 719
1615050 715
1615060 710
1615070 710
1615080 706
1615090 702
1615100 697
1615110 697
1615120 693
1615130 688
1615140 688
1615150 684
1615160 678
1615170 678
1615180 673
1615190 666
1615200 666
1615210 660
1615220 654
1615230 654
1615240 648
1615250 642
1615260 642
1615270 637
1615280 633
1615290 633
1615300 627
1615310 621
1615320 621
1615330 614
1615340 608
1615350 608
1615360 608
1615370 612
1615380 612
1615390 615
1615400 620
1615410 620
1615420 623
1615430 628
1615440 628
1615450 633
1615460 637
1615470 637
1615480 642
1615490 651
1615500 651
1615510 654
1615520 655
1615530 655
1615540 650
1615550 644
1615560 644
1615570 638
1615580 633
1615590 633
1615600 630
1615610 627
1615620 627
1615630 625
1615640 624
1615650 624
1615660 623
1615670 624
1615680 624
1615690 625
1615700 625
1615710 625
1615720 623
1615730 620
1615740 620
1615750 616
1615760 613
1615770 610
1615780 610
1615790 606
1615800 603
1615810 603
1615820 599
1615830 594
1615840 594
1615850 589
1615860 585
1615870 585
1615880 581
1615890 578
1615900 578
1615910 577
1615920 577
1615930 577
1615940 578
1615950 581
1615960 581
1615970 584
1615980 585
1615990 585
1616000 585
1616010 584
1616020 584
1616030 583
1616040 582
1616050 582
1616060 580
1616070 579
1616080 579
1616090 577
1616100 576
1616110 576
1616120 574
1616130 573
1616140 573
1616150 572
1616160 571
1616170 571
1616180 569
1616190 565
1616200 565
1616210 560
1616220 554
1616230 554
1616240 547
1616250 541
1616260 541
1616270 534
1616280 527
1616290 527
1616300 521
1616310 514
1616320 514
1616330 508
1616340 502
1616350 502
1616360 496
1616370 491
1616380 491
1616390 487
1616400 482
1616410 482
1616420 476
1616430 471
1616440 465
1616450 465
1616460 460
1616470 460
1616480 460
1616490 454
1616500 448
1616510 448
1616520 443
1616530 438
1616540 438
1616550 433
1616560 429
1616570 429
1616580 424
1616590 420
1616600 420
1616610 418
1616620 417
1616630 417
1616640 415
1616650 413
1616660 413
1616670 411
1616680 408
1616690 408
1616700 403
1616710 396
1616720 396
1616730 392
1616740 390
1616750 390
1616760 389
1616770 387
1616780 387
1616790 386
1616800 385
1616810 385
1616820 386
1616830 390
1616840 390
1616850 390
1616860 388
1616870 388
1616880 384
1616890 384
1616900 384
1616910 386
1616920 388
1616930 388
1616940 393
1616950 400
1616960 400
1616970 406
1616980 412
1616990 412
1617000 418
1617010 424
1617020 424
1617030 428
1617040 432
1617050 432
1617060 436
1617070 438
1617080 438
1617090 442
1617100 447
1617110 451
1617120 451
1617130 455
1617140 458
1617150 458
1617160 460
1617170 462
1617180 462
1617190 465
1617200 469
1617210 469
1617220 475
1617230 481
1617240 481
1617250 486
1617260 488
1617270 488
1617280 492
1617290 490
1617300 490
1617310 490
1617320 491
1617330 491
1617340 492
1617350 495
1617360 495
1617370 497
1617380 499
1617390 499
1617400 501
1617410 502
1617420 502
1617430 502
1617440 495
1617450 495
1617460 493
1617470 490
1617480 490
1617490 487
1617500 487
1617510 487
1617520 487
1617530 486
1617540 486
1617550 484
1617560 480
1617570 480
1617580 476
1617590 470
1617600 470
1617610 464
1617620 457
1617630 457
1617640 451
1617650 445
1617660 445
1617670 440
1617680 436
1617690 436
1617700 432
1617710 427
1617720 427
1617730 430
1617740 436
1617750 436
1617760 439
1617770 442
1617780 446
1617790 446
1617800 450
1617810 455
1617820 455
1617830 461
1617840 467
1617850 467
1617860 473
1617870 479
1617880 479
1617890 485
1617900 492
1617910 492
1617920 499
1617930 506
1617940 506
1617950 513
1617960 520
1617970 520
1617980 525
1617990 529
1618000 529
1618010 531
1618020 531
1618030 531
1618040 531
1618050 531
1618060 531
1618070 531
1618080 530
1618090 530
1618100 529
1618110 529
1618120 529
1618130 528
1618140 527
1618150 527
1618160 526
1618170 524
1618180 524
1618190 523
1618200 520
1618210 520
1618220 518
1618230 515
1618240 515
1618250 511
1618260 508
1618270 508
1618280 503
1618290 499
1618300 499
1618310 495
1618320 491
1618330 491
1618340 487
1618350 483
1618360 483
1618370 477
1618380 470
1618390 470
1618400 467
1618410 463
1618420 463
1618430 463
1618440 464
1618450 463
1618460 463
1618470 466
1618480 472
1618490 472
1618500 477
1618510 482
1618520 482
1618530 487
1618540 491
1618550 491
1618560 494
1618570 497
1618580 497
1618590 494
1618600 487
1618610 487
1618620 481
1618630 473
1618640 473
1618650 465
1618660 457
1618670 457
1618680 452
1618690 448
1618700 448
1618710 442
1618720 435
1618730 435
1618740 429
1618750 424
1618760 424
1618770 419
1618780 414
1618790 414
1618800 410
1618810 408
1618820 408
1618830 406
1618840 404
1618850 404
1618860 403
1618870 402
1618880 402
1618890 402
1618900 402
1618910 402
1618920 402
1618930 403
1618940 403
1618950 404
1618960 405
1618970 405
1618980 405
1618990 404
1619000 404
1619010 403
1619020 404
1619030 404
1619040 405
1619050 406
1619060 406
1619070 408
1619080 409
1619090 409
1619100 408
1619110 409
1619120 410
1619130 410
1619140 413
1619150 416
1619160 416
1619170 419
1619180 421
1619190 421
1619200 423
1619210 425
1619220 425
1619230 425
1619240 425
1619250 425
1619260 425
1619270 424
1619280 424
1619290 424
1619300 423
1619310 423
1619320 423
1619330 423
1619340 423
1619350 423
1619360 423
1619370 422
1619380 422
1619390 421
1619400 421
1619410 416
1619420 412
1619430 412
1619440 407
1619450 402
1619460 402
1619470 395
1619480 387
1619490 387
1619500 379
1619510 377
1619520 377
1619530 378
1619540 378
1619550 378
1619560 378
1619570 379
1619580 379
1619590 379
1619600 379
1619610 379
1619620 378
1619630 379
1619640 379
1619650 380
1619660 381
1619670 381
1619680 383
1619690 387
1619700 387
1619710 390
1619720 394
1619730 394
1619740 400
1619750 404
1619760 404
1619770 409
1619780 414
1619790 418
1619800 418
1619810 422
1619820 423
1619830 423
1619840 425
1619850 426
1619860 426
1619870 426
1619880 426
1619890 426
1619900 426
1619910 426
1619920 426
1619930 426
1619940 426
1619950 426
1619960 426
1619970 425
1619980 425
1619990 425
