1600000 773
1600010 773
1600020 772
1600030 772
1600040 770
1600050 766
1600060 766
1600070 767
1600080 771
1600090 771
1600100 775
1600110 779
1600120 779
1600130 783
1600140 785
1600150 785
1600160 787
1600170 789
1600180 789
1600190 791
1600200 794
1600210 794
1600220 796
1600230 798
1600240 798
1600250 800
1600260 802
1600270 802
1600280 804
1600290 805
1600300 805
1600310 806
1600320 807
1600330 807
1600340 808
1600350 809
1600360 809
1600370 811
1600380 812
1600390 812
1600400 812
1600410 813
1600420 813
1600430 814
1600440 815
1600450 815
1600460 816
1600470 817
1600480 817
1600490 820
1600500 821
1600510 821
1600520 822
1600530 823
1600540 823
1600550 825
1600560 826
1600570 826
1600580 827
1600590 827
1600600 827
1600610 828
1600620 829
1600630 829
1600640 829
1600650 830
1600660 829
1600670 829
1600680 827
1600690 826
1600700 826
1600710 824
1600720 822
1600730 822
1600740 820
1600750 817
1600760 817
1600770 812
1600780 806
1600790 806
1600800 801
1600810 798
1600820 798
1600830 802
1600840 809
1600850 809
1600860 818
1600870 827
1600880 827
1600890 835
1600900 841
1600910 841
1600920 845
1600930 846
1600940 846
1600950 846
1600960 847
1600970 847
1600980 847
1600990 847
1601000 847
1601010 847
1601020 848
1601030 848
1601040 848
1601050 847
1601060 847
1601070 845
1601080 845
1601090 845
1601100 845
1601110 848
1601120 848
1601130 850
1601140 852
1601150 852
1601160 853
1601170 853
1601180 853
1601190 853
1601200 853
1601210 853
1601220 851
1601230 851
1601240 851
1601250 854
1601260 859
1601270 859
1601280 862
1601290 864
1601300 864
1601310 864
1601320 864
1601330 862
1601340 862
1601350 860
1601360 859
1601370 859
1601380 861
1601390 862
1601400 862
1601410 863
1601420 864
1601430 864
1601440 867
1601450 870
1601460 870
1601470 872
1601480 874
1601490 874
1601500 876
1601510 878
1601520 878
1601530 880
1601540 881
1601550 881
1601560 881
1601570 882
1601580 882
1601590 882
1601600 885
1601610 885
1601620 888
1601630 891
1601640 891
1601650 896
1601660 901
1601670 901
1601680 903
1601690 905
1601700 905
1601710 908
1601720 913
1601730 913
1601740 918
1601750 923
1601760 923
1601770 924
1601780 926
1601790 926
1601800 929
1601810 933
1601820 933
1601830 936
1601840 937
1601850 937
1601860 938
1601870 939
1601880 939
1601890 939
1601900 939
1601910 939
1601920 938
1601930 938
1601940 938
1601950 939
1601960 942
1601970 943
1601980 943
1601990 944
1602000 946
1602010 946
1602020 947
1602030 949
1602040 949
1602050 953
1602060 960
1602070 960
1602080 967
1602090 975
1602100 975
1602110 982
1602120 987
1602130 987
1602140 993
1602150 999
1602160 999
1602170 1004
1602180 1010
1602190 1010
1602200 1016
1602210 1023
1602220 1023
1602230 1029
1602240 1036
1602250 1036
1602260 1042
1602270 1049
1602280 1049
1602290 1055
1602300 1062
1602310 1062
1602320 1068
1602330 1074
1602340 1074
1602350 1080
1602360 1086
1602370 1086
1602380 1092
1602390 1097
1602400 1097
1602410 1103
1602420 1108
1602430 1108
1602440 1113
1602450 1118
1602460 1118
1602470 1123
1602480 1128
1602490 1128
1602500 1132
1602510 1137
1602520 1137
1602530 1141
1602540 1145
1602550 1145
1602560 1149
1602570 1153
1602580 1153
1602590 1157
1602600 1160
1602610 1160
1602620 1164
1602630 1166
1602640 1169
1602650 1169
1602660 1171
1602670 1170
1602680 1170
1602690 1168
1602700 1168
1602710 1168
1602720 1162
1602730 1156
1602740 1156
1602750 1151
1602760 1147
1602770 1147
1602780 1145
1602790 1142
1602800 1142
1602810 1139
1602820 1137
1602830 1137
1602840 1133
1602850 1128
1602860 1128
1602870 1122
1602880 1116
1602890 1116
1602900 1108
1602910 1101
1602920 1101
1602930 1094
1602940 1087
1602950 1087
1602960 1080
1602970 1074
1602980 1074
1602990 1068
1603000 1063
1603010 1063
1603020 1061
1603030 1062
1603040 1062
1603050 1062
1603060 1061
1603070 1061
1603080 1061
1603090 1061
1603100 1061
1603110 1062
1603120 1063
1603130 1063
1603140 1066
1603150 1066
1603160 1066
1603170 1067
1603180 1068
1603190 1068
1603200 1070
1603210 1071
1603220 1071
1603230 1071
1603240 1070
1603250 1070
1603260 1069
1603270 1068
1603280 1068
1603290 1067
1603300 1066
1603310 1064
1603320 1064
1603330 1065
1603340 1070
1603350 1070
1603360 1076
1603370 1083
1603380 1083
1603390 1089
1603400 1096
1603410 1096
1603420 1102
1603430 1109
1603440 1109
1603450 1115
1603460 1121
1603470 1121
1603480 1127
1603490 1133
1603500 1133
1603510 1138
1603520 1142
1603530 1142
1603540 1146
1603550 1150
1603560 1150
1603570 1153
1603580 1156
1603590 1156
1603600 1159
1603610 1161
1603620 1161
1603630 1164
1603640 1166
1603650 1166
1603660 1169
1603670 1171
1603680 1171
1603690 1173
1603700 1176
1603710 1176
1603720 1178
1603730 1179
1603740 1179
1603750 1181
1603760 1183
1603770 1183
1603780 1187
1603790 1189
1603800 1189
1603810 1190
1603820 1191
1603830 1191
1603840 1192
1603850 1193
1603860 1193
1603870 1194
1603880 1195
1603890 1195
1603900 1196
1603910 1197
1603920 1197
1603930 1198
1603940 1199
1603950 1199
1603960 1199
1603970 1200
1603980 1200
1603990 1200
1604000 1200
1604010 1200
1604020 1200
1604030 1200
1604040 1201
1604050 1201
1604060 1201
1604070 1201
1604080 1201
1604090 1201
1604100 1200
1604110 1200
1604120 1200
1604130 1199
1604140 1199
1604150 1198
1604160 1197
1604170 1197
1604180 1197
1604190 1197
1604200 1197
1604210 1197
1604220 1197
1604230 1197
1604240 1197
1604250 1197
1604260 1197
1604270 1197
1604280 1197
1604290 1197
1604300 1198
1604310 1198
1604320 1198
1604330 1198
1604340 1193
1604350 1193
1604360 1183
1604370 1173
1604380 1173
1604390 1163
1604400 1155
1604410 1155
1604420 1146
1604430 1139
1604440 1139
1604450 1132
1604460 1126
1604470 1126
1604480 1120
1604490 1115
1604500 1115
1604510 1110
1604520 1104
1604530 1104
1604540 1096
1604550 1089
1604560 1089
1604570 1083
1604580 1076
1604590 1076
1604600 1070
1604610 1065
1604620 1062
1604630 1062
1604640 1057
1604650 1050
1604660 1050
1604670 1046
1604680 1041
1604690 1041
1604700 1040
1604710 1043
1604720 1043
1604730 1048
1604740 1052
1604750 1052
1604760 1047
1604770 1040
1604780 1040
1604790 1039
1604800 1037
1604810 1037
1604820 1034
1604830 1030
1604840 1030
1604850 1030
1604860 1017
1604870 1017
1604880 1011
1604890 1001
1604900 1001
1604910 992
1604920 987
1604930 987
1604940 983
1604950 977
1604960 977
1604970 978
1604980 980
1604990 980
1605000 976
1605010 966
1605020 966
1605030 955
1605040 947
1605050 947
1605060 941
1605070 939
1605080 939
1605090 935
1605100 931
1605110 931
1605120 927
1605130 922
1605140 922
1605150 917
1605160 912
1605170 912
1605180 908
1605190 904
1605200 904
1605210 901
1605220 898
1605230 898
1605240 895
1605250 890
1605260 890
1605270 884
1605280 877
1605290 870
1605300 870
1605310 863
1605320 856
1605330 856
1605340 850
1605350 845
1605360 845
1605370 841
1605380 837
1605390 837
1605400 834
1605410 831
1605420 831
1605430 829
1605440 827
1605450 827
1605460 826
1605470 823
1605480 823
1605490 817
1605500 810
1605510 810
1605520 803
1605530 797
1605540 797
1605550 792
1605560 788
1605570 788
1605580 786
1605590 784
1605600 784
1605610 783
1605620 782
1605630 782
1605640 780
1605650 778
1605660 778
1605670 775
1605680 773
1605690 773
1605700 770
1605710 767
1605720 767
1605730 765
1605740 763
1605750 763
1605760 761
1605770 758
1605780 758
1605790 753
1605800 745
1605810 745
1605820 738
1605830 730
1605840 730
1605850 723
1605860 717
1605870 717
1605880 712
1605890 707
1605900 707
1605910 701
1605920 700
1605930 700
1605940 694
1605950 688
1605960 683
1605970 683
1605980 678
1605990 673
1606000 673
1606010 669
1606020 664
1606030 664
1606040 659
1606050 653
1606060 653
1606070 647
1606080 642
1606090 642
1606100 637
1606110 632
1606120 632
1606130 626
1606140 620
1606150 620
1606160 615
1606170 610
1606180 610
1606190 604
1606200 598
1606210 598
1606220 591
1606230 585
1606240 585
1606250 581
1606260 576
1606270 576
1606280 570
1606290 565
1606300 565
1606310 560
1606320 554
1606330 554
1606340 549
1606350 546
1606360 546
1606370 540
1606380 535
1606390 535
1606400 529
1606410 525
1606420 525
1606430 521
1606440 517
1606450 517
1606460 513
1606470 507
1606480 507
1606490 502
1606500 498
1606510 498
1606520 494
1606530 493
1606540 493
1606550 490
1606560 489
1606570 489
1606580 487
1606590 485
1606600 485
1606610 483
1606620 483
1606630 481
1606640 481
1606650 480
1606660 480
1606670 480
1606680 479
1606690 479
1606700 479
1606710 477
1606720 476
1606730 476
1606740 479
1606750 482
1606760 482
1606770 484
1606780 485
1606790 485
1606800 487
1606810 488
1606820 488
1606830 490
1606840 491
1606850 491
1606860 492
1606870 494
1606880 494
1606890 496
1606900 499
1606910 499
1606920 501
1606930 504
1606940 504
1606950 507
1606960 511
1606970 511
1606980 508
1606990 510
1607000 510
1607010 514
1607020 518
1607030 518
1607040 523
1607050 528
1607060 528
1607070 528
1607080 522
1607090 522
1607100 514
1607110 505
1607120 505
1607130 498
1607140 491
1607150 491
1607160 484
1607170 478
1607180 478
1607190 475
1607200 474
1607210 474
1607220 472
1607230 471
1607240 471
1607250 470
1607260 468
1607270 468
1607280 470
1607290 474
1607300 477
1607310 477
1607320 483
1607330 492
1607340 492
1607350 498
1607360 497
1607370 497
1607380 498
1607390 503
1607400 503
1607410 507
1607420 506
1607430 506
1607440 503
1607450 502
1607460 502
1607470 502
1607480 502
1607490 502
1607500 503
1607510 505
1607520 505
1607530 507
1607540 509
1607550 509
1607560 511
1607570 513
1607580 513
1607590 517
1607600 520
1607610 520
1607620 523
1607630 527
1607640 527
1607650 531
1607660 534
1607670 534
1607680 538
1607690 541
1607700 541
1607710 544
1607720 547
1607730 547
1607740 552
1607750 558
1607760 558
1607770 563
1607780 565
1607790 565
1607800 569
1607810 571
1607820 571
1607830 571
1607840 570
1607850 570
1607860 569
1607870 567
1607880 567
1607890 566
1607900 566
1607910 566
1607920 567
1607930 568
1607940 568
1607950 567
1607960 565
1607970 562
1607980 562
1607990 559
1608000 556
1608010 556
1608020 553
1608030 546
1608040 546
1608050 542
1608060 537
1608070 537
1608080 532
1608090 524
1608100 524
1608110 514
1608120 507
1608130 507
1608140 501
1608150 496
1608160 496
1608170 492
1608180 487
1608190 487
1608200 483
1608210 478
1608220 478
1608230 473
1608240 467
1608250 467
1608260 459
1608270 451
1608280 451
1608290 441
1608300 431
1608310 431
1608320 420
1608330 411
1608340 411
1608350 402
1608360 394
1608370 394
1608380 387
1608390 381
1608400 381
1608410 371
1608420 359
1608430 359
1608440 355
1608450 355
1608460 355
1608470 355
1608480 356
1608490 356
1608500 358
1608510 358
1608520 358
1608530 358
1608540 360
1608550 360
1608560 362
1608570 367
1608580 367
1608590 368
1608600 372
1608610 372
1608620 376
1608630 379
1608640 383
1608650 383
1608660 388
1608670 394
1608680 394
1608690 401
1608700 406
1608710 406
1608720 411
1608730 416
1608740 416
1608750 421
1608760 425
1608770 425
1608780 430
1608790 434
1608800 434
1608810 438
1608820 442
1608830 442
1608840 446
1608850 450
1608860 450
1608870 454
1608880 458
1608890 458
1608900 462
1608910 466
1608920 466
1608930 470
1608940 474
1608950 474
1608960 478
1608970 482
1608980 482
1608990 486
1609000 490
1609010 490
1609020 495
1609030 499
1609040 499
1609050 503
1609060 507
1609070 511
1609080 515
1609090 518
1609100 518
1609110 521
1609120 523
1609130 523
1609140 522
1609150 521
1609160 521
1609170 522
1609180 523
1609190 523
1609200 524
1609210 525
1609220 525
1609230 527
1609240 530
1609250 530
1609260 532
1609270 533
1609280 533
1609290 534
1609300 536
1609310 536
1609320 539
1609330 543
1609340 547
1609350 547
1609360 551
1609370 556
1609380 556
1609390 561
1609400 566
1609410 566
1609420 574
1609430 581
1609440 581
1609450 588
1609460 595
1609470 595
1609480 602
1609490 609
1609500 609
1609510 616
1609520 623
1609530 623
1609540 629
1609550 636
1609560 636
1609570 644
1609580 651
1609590 651
1609600 657
1609610 662
1609620 662
1609630 666
1609640 667
1609650 667
1609660 668
1609670 669
1609680 669
1609690 669
1609700 670
1609710 670
1609720 671
1609730 673
1609740 673
1609750 676
1609760 680
1609770 680
1609780 683
1609790 687
1609800 687
1609810 691
1609820 695
1609830 695
1609840 698
1609850 700
1609860 700
1609870 703
1609880 707
1609890 707
1609900 711
1609910 716
1609920 716
1609930 721
1609940 725
1609950 725
1609960 729
1609970 734
1609980 734
1609990 739
1610000 745
1610010 751
1610020 751
1610030 757
1610040 762
1610050 762
1610060 768
1610070 774
1610080 774
1610090 780
1610100 790
1610110 790
1610120 796
1610130 803
1610140 803
1610150 809
1610160 815
1610170 815
1610180 821
1610190 827
1610200 827
1610210 833
1610220 839
1610230 839
1610240 845
1610250 851
1610260 851
1610270 857
1610280 863
1610290 863
1610300 868
1610310 874
1610320 874
1610330 879
1610340 883
1610350 883
1610360 887
1610370 891
1610380 891
1610390 894
1610400 896
1610410 896
1610420 898
1610430 900
1610440 900
1610450 901
1610460 900
1610470 900
1610480 899
1610490 898
1610500 898
1610510 896
1610520 895
1610530 895
1610540 893
1610550 894
1610560 894
1610570 896
1610580 898
1610590 898
1610600 901
1610610 902
1610620 902
1610630 902
1610640 903
1610650 903
1610660 904
1610670 906
1610680 908
1610690 908
1610700 911
1610710 914
1610720 914
1610730 918
1610740 922
1610750 922
1610760 925
1610770 928
1610780 928
1610790 931
1610800 934
1610810 934
1610820 936
1610830 939
1610840 939
1610850 941
1610860 943
1610870 943
1610880 946
1610890 948
1610900 948
1610910 950
1610920 951
1610930 951
1610940 953
1610950 954
1610960 954
1610970 954
1610980 954
1610990 954
1611000 955
1611010 955
1611020 955
1611030 955
1611040 955
1611050 955
1611060 956
1611070 956
1611080 956
1611090 956
1611100 956
1611110 956
1611120 958
1611130 958
1611140 958
1611150 956
1611160 955
1611170 955
1611180 953
1611190 952
1611200 952
1611210 950
1611220 948
1611230 948
1611240 947
1611250 947
1611260 947
1611270 947
1611280 947
1611290 947
1611300 947
1611310 948
1611320 948
1611330 949
1611340 951
1611350 954
1611360 954
1611370 959
1611380 960
1611390 960
1611400 962
1611410 967
1611420 967
1611430 975
1611440 981
1611450 981
1611460 987
1611470 994
1611480 994
1611490 997
1611500 999
1611510 999
1611520 1000
1611530 1002
1611540 1002
1611550 1004
1611560 1005
1611570 1005
1611580 1006
1611590 1007
1611600 1007
1611610 1009
1611620 1011
1611630 1011
1611640 1011
1611650 1012
1611660 1012
1611670 1012
1611680 1012
1611690 1012
1611700 1012
1611710 1013
1611720 1013
1611730 1013
1611740 1013
1611750 1013
1611760 1013
1611770 1013
1611780 1013
1611790 1012
1611800 1011
1611810 1011
1611820 1010
1611830 1012
1611840 1012
1611850 1014
1611860 1017
1611870 1017
1611880 1021
1611890 1026
1611900 1026
1611910 1030
1611920 1035
1611930 1035
1611940 1040
1611950 1045
1611960 1045
1611970 1050
1611980 1055
1611990 1055
1612000 1060
1612010 1065
1612020 1071
1612030 1071
1612040 1079
1612050 1086
1612060 1086
1612070 1089
1612080 1094
1612090 1094
1612100 1099
1612110 1104
1612120 1104
1612130 1099
1612140 1103
1612150 1103
1612160 1105
1612170 1106
1612180 1106
1612190 1106
1612200 1106
1612210 1106
1612220 1106
1612230 1106
1612240 1106
1612250 1107
1612260 1108
1612270 1108
1612280 1109
1612290 1110
1612300 1110
1612310 1112
1612320 1115
1612330 1115
1612340 1118
1612350 1123
1612360 1123
1612370 1130
1612380 1133
1612390 1133
1612400 1138
1612410 1140
1612420 1140
1612430 1151
1612440 1150
1612450 1150
1612460 1143
1612470 1137
1612480 1137
1612490 1132
1612500 1129
1612510 1129
1612520 1124
1612530 1120
1612540 1120
1612550 1117
1612560 1115
1612570 1115
1612580 1110
1612590 1106
1612600 1106
1612610 1102
1612620 1097
1612630 1097
1612640 1094
1612650 1091
1612660 1091
1612670 1088
1612680 1085
1612690 1082
1612700 1082
1612710 1079
1612720 1075
1612730 1075
1612740 1072
1612750 1068
1612760 1068
1612770 1064
1612780 1060
1612790 1060
1612800 1055
1612810 1051
1612820 1051
1612830 1048
1612840 1045
1612850 1045
1612860 1042
1612870 1039
1612880 1039
1612890 1036
1612900 1033
1612910 1033
1612920 1030
1612930 1026
1612940 1026
1612950 1022
1612960 1018
1612970 1018
1612980 1015
1612990 1011
1613000 1011
1613010 1008
1613020 1004
1613030 1004
1613040 1000
1613050 997
1613060 997
1613070 993
1613080 990
1613090 990
1613100 987
1613110 984
1613120 984
1613130 981
1613140 984
1613150 984
1613160 982
1613170 979
1613180 979
1613190 977
1613200 975
1613210 975
1613220 973
1613230 970
1613240 970
1613250 968
1613260 965
1613270 965
1613280 963
1613290 961
1613300 961
1613310 960
1613320 958
1613330 958
1613340 955
1613350 951
1613360 947
1613370 947
1613380 943
1613390 939
1613400 939
1613410 937
1613420 934
1613430 934
1613440 932
1613450 930
1613460 930
1613470 929
1613480 930
1613490 930
1613500 930
1613510 928
1613520 928
1613530 926
1613540 925
1613550 925
1613560 924
1613570 924
1613580 924
1613590 925
1613600 926
1613610 926
1613620 927
1613630 927
1613640 927
1613650 926
1613660 926
1613670 926
1613680 924
1613690 923
1613700 923
1613710 922
1613720 920
1613730 920
1613740 919
1613750 916
1613760 916
1613770 914
1613780 912
1613790 912
1613800 911
1613810 909
1613820 909
1613830 907
1613840 906
1613850 906
1613860 905
1613870 904
1613880 904
1613890 902
1613900 901
1613910 901
1613920 900
1613930 900
1613940 900
1613950 900
1613960 899
1613970 899
1613980 899
1613990 898
1614000 898
1614010 898
1614020 898
1614030 898
1614040 898
1614050 898
1614060 898
1614070 898
1614080 897
1614090 894
1614100 894
1614110 891
1614120 888
1614130 894
1614140 892
1614150 891
1614160 891
1614170 891
1614180 894
1614190 894
1614200 895
1614210 896
1614220 896
1614230 895
1614240 896
1614250 896
1614260 898
1614270 900
1614280 900
1614290 901
1614300 902
1614310 902
1614320 901
1614330 899
1614340 899
1614350 898
1614360 897
1614370 897
1614380 898
1614390 899
1614400 899
1614410 899
1614420 900
1614430 900
1614440 901
1614450 901
1614460 901
1614470 902
1614480 903
1614490 903
1614500 904
1614510 905
1614520 905
1614530 905
1614540 901
1614550 901
1614560 897
1614570 893
1614580 893
1614590 890
1614600 887
1614610 887
1614620 885
1614630 882
1614640 882
1614650 880
1614660 876
1614670 876
1614680 872
1614690 868
1614700 862
1614710 862
1614720 859
1614730 853
1614740 853
1614750 849
1614760 844
1614770 844
1614780 840
1614790 836
1614800 836
1614810 831
1614820 825
1614830 825
1614840 818
1614850 809
1614860 809
1614870 801
1614880 793
1614890 793
1614900 787
1614910 782
1614920 782
1614930 777
1614940 771
1614950 771
1614960 764
1614970 756
1614980 756
1614990 750
1615000 743
1615010 743
1615020 738
1615030 733
1615040 733
1615050 728
1615060 723
1615070 723
1615080 718
1615090 713
1615100 713
1615110 707
1615120 699
1615130 699
1615140 691
1615150 682
1615160 682
1615170 677
1615180 676
1615190 676
1615200 678
1615210 676
1615220 676
1615230 671
1615240 663
1615250 663
1615260 656
1615270 652
1615280 652
1615290 651
1615300 652
1615310 652
1615320 654
1615330 657
1615340 657
1615350 660
1615360 663
1615370 665
1615380 665
1615390 668
1615400 672
1615410 672
1615420 675
1615430 678
1615440 678
1615450 682
1615460 686
1615470 686
1615480 690
1615490 695
1615500 695
1615510 700
1615520 705
1615530 705
1615540 707
1615550 705
1615560 705
1615570 703
1615580 701
1615590 701
1615600 698
1615610 697
1615620 697
1615630 696
1615640 695
1615650 695
1615660 694
1615670 694
1615680 694
1615690 695
1615700 695
1615710 695
1615720 695
1615730 694
1615740 694
1615750 691
1615760 688
1615770 688
1615780 683
1615790 679
1615800 679
1615810 677
1615820 675
1615830 675
1615840 672
1615850 667
1615860 667
1615870 661
1615880 658
1615890 658
1615900 656
1615910 657
1615920 657
1615930 661
1615940 664
1615950 664
1615960 665
1615970 666
1615980 666
1615990 670
1616000 670
1616010 670
1616020 666
1616030 660
1616040 654
1616050 654
1616060 649
1616070 644
1616080 644
1616090 639
1616100 634
1616110 640
1616120 634
1616130 629
1616140 629
1616150 623
1616160 617
1616170 617
1616180 612
1616190 606
1616200 606
1616210 601
1616220 596
1616230 596
1616240 592
1616250 587
1616260 587
1616270 583
1616280 578
1616290 578
1616300 574
1616310 569
1616320 569
1616330 565
1616340 561
1616350 561
1616360 555
1616370 549
1616380 549
1616390 543
1616400 537
1616410 537
1616420 531
1616430 524
1616440 524
1616450 517
1616460 508
1616470 508
1616480 501
1616490 496
1616500 496
1616510 492
1616520 487
1616530 487
1616540 483
1616550 478
1616560 478
1616570 473
1616580 468
1616590 468
1616600 463
1616610 459
1616620 459
1616630 454
1616640 451
1616650 451
1616660 448
1616670 446
1616680 446
1616690 443
1616700 440
1616710 438
1616720 438
1616730 437
1616740 436
1616750 436
1616760 434
1616770 432
1616780 432
1616790 431
1616800 431
1616810 431
1616820 430
1616830 427
1616840 427
1616850 422
1616860 413
1616870 413
1616880 407
1616890 402
1616900 402
1616910 400
1616920 401
1616930 401
1616940 401
1616950 398
1616960 398
1616970 392
1616980 384
1616990 384
1617000 378
1617010 375
1617020 375
1617030 373
1617040 376
1617050 376
1617060 378
1617070 383
1617080 377
1617090 381
1617100 385
1617110 385
1617120 387
1617130 392
1617140 392
1617150 396
1617160 397
1617170 397
1617180 395
1617190 398
1617200 398
1617210 401
1617220 404
1617230 404
1617240 405
1617250 406
1617260 406
1617270 409
1617280 413
1617290 413
1617300 418
1617310 423
1617320 423
1617330 426
1617340 429
1617350 429
1617360 429
1617370 429
1617380 430
1617390 430
1617400 431
1617410 431
1617420 431
1617430 431
1617440 431
1617450 431
1617460 431
1617470 431
1617480 431
1617490 433
1617500 436
1617510 436
1617520 439
1617530 441
1617540 441
1617550 442
1617560 443
1617570 443
1617580 443
1617590 442
1617600 442
1617610 440
1617620 436
1617630 436
1617640 429
1617650 423
1617660 423
1617670 416
1617680 408
1617690 408
1617700 405
1617710 411
1617720 411
1617730 417
1617740 418
1617750 418
1617760 419
1617770 421
1617780 421
1617790 425
1617800 430
1617810 430
1617820 435
1617830 441
1617840 441
1617850 448
1617860 455
1617870 455
1617880 461
1617890 468
1617900 468
1617910 473
1617920 475
1617930 475
1617940 475
1617950 475
1617960 475
1617970 476
1617980 479
1617990 479
1618000 481
1618010 483
1618020 483
1618030 484
1618040 485
1618050 481
1618060 481
1618070 481
1618080 481
1618090 481
1618100 481
1618110 481
1618120 481
1618130 481
1618140 481
1618150 481
1618160 482
1618170 482
1618180 482
1618190 481
1618200 480
1618210 480
1618220 479
1618230 477
1618240 477
1618250 475
1618260 472
1618270 472
1618280 469
1618290 466
1618300 466
1618310 463
1618320 459
1618330 459
1618340 456
1618350 452
1618360 452
1618370 448
1618380 444
1618390 444
1618400 441
1618410 444
1618420 444
1618430 448
1618440 454
1618450 454
1618460 459
1618470 463
1618480 463
1618490 464
1618500 464
1618510 464
1618520 461
1618530 457
1618540 457
1618550 457
1618560 453
1618570 453
1618580 447
1618590 441
1618600 441
1618610 434
1618620 429
1618630 429
1618640 424
1618650 418
1618660 418
1618670 413
1618680 407
1618690 407
1618700 402
1618710 398
1618720 398
1618730 394
1618740 391
1618750 390
1618760 390
1618770 390
1618780 390
1618790 390
1618800 390
1618810 391
1618820 391
1618830 391
1618840 391
1618850 391
1618860 391
1618870 391
1618880 391
1618890 391
1618900 392
1618910 392
1618920 392
1618930 392
1618940 392
1618950 392
1618960 393
1618970 393
1618980 393
1618990 393
1619000 393
1619010 392
1619020 392
1619030 392
1619040 391
1619050 391
1619060 391
1619070 391
1619080 391
1619090 391
1619100 391
1619110 391
1619120 391
1619130 391
1619140 391
1619150 391
1619160 392
1619170 392
1619180 392
1619190 393
1619200 394
1619210 394
1619220 395
1619230 396
1619240 396
1619250 397
1619260 398
1619270 398
1619280 400
1619290 401
1619300 401
1619310 403
1619320 405
1619330 405
1619340 407
1619350 410
1619360 410
1619370 412
1619380 414
1619390 414
1619400 414
1619410 411
1619420 406
1619430 406
1619440 399
1619450 390
1619460 390
1619470 382
1619480 377
1619490 377
1619500 376
1619510 375
1619520 375
1619530 376
1619540 377
1619550 377
1619560 376
1619570 376
1619580 376
1619590 376
1619600 376
1619610 376
1619620 376
1619630 378
1619640 378
1619650 383
1619660 390
1619670 390
1619680 395
1619690 397
1619700 397
1619710 399
1619720 405
1619730 405
1619740 410
1619750 413
1619760 413
1619770 415
1619780 415
1619790 415
1619800 416
1619810 416
1619820 416
1619830 416
1619840 416
1619850 416
1619860 415
1619870 415
1619880 415
1619890 415
1619900 414
1619910 414
1619920 414
1619930 413
1619940 413
1619950 413
1619960 410
1619970 410
1619980 410
1619990 409
