1600000 1046
1600010 1044
1600020 1041
1600030 1041
1600040 1039
1600050 1036
1600060 1036
1600070 1034
1600080 1033
1600090 1033
1600100 1034
1600110 1035
1600120 1035
1600130 1036
1600140 1038
1600150 1038
1600160 1040
1600170 1042
1600180 1042
1600190 1044
1600200 1045
1600210 1045
1600220 1047
1600230 1049
1600240 1049
1600250 1050
1600260 1052
1600270 1052
1600280 1053
1600290 1055
1600300 1055
1600310 1055
1600320 1056
1600330 1056
1600340 1057
1600350 1058
1600360 1058
1600370 1059
1600380 1059
1600390 1059
1600400 1059
1600410 1059
1600420 1059
1600430 1059
1600440 1058
1600450 1058
1600460 1058
1600470 1056
1600480 1054
1600490 1054
1600500 1051
1600510 1048
1600520 1048
1600530 1043
1600540 1036
1600550 1036
1600560 1029
1600570 1023
1600580 1023
1600590 1016
1600600 1010
1600610 1010
1600620 1006
1600630 1002
1600640 1002
1600650 998
1600660 994
1600670 994
1600680 988
1600690 983
1600700 983
1600710 980
1600720 977
1600730 977
1600740 974
1600750 972
1600760 972
1600770 970
1600780 967
1600790 967
1600800 964
1600810 961
1600820 961
1600830 958
1600840 954
1600850 954
1600860 950
1600870 947
1600880 947
1600890 943
1600900 940
1600910 940
1600920 936
1600930 932
1600940 935
1600950 930
1600960 925
1600970 925
1600980 920
1600990 914
1601000 914
1601010 909
1601020 904
1601030 904
1601040 900
1601050 895
1601060 891
1601070 891
1601080 887
1601090 883
1601100 883
1601110 879
1601120 874
1601130 874
1601140 869
1601150 864
1601160 864
1601170 859
1601180 853
1601190 853
1601200 847
1601210 841
1601220 841
1601230 835
1601240 830
1601250 830
1601260 825
1601270 819
1601280 819
1601290 814
1601300 811
1601310 811
1601320 808
1601330 808
1601340 808
1601350 808
1601360 808
1601370 808
1601380 807
1601390 807
1601400 807
1601410 806
1601420 806
1601430 806
1601440 805
1601450 804
1601460 804
1601470 803
1601480 802
1601490 802
1601500 802
1601510 803
1601520 803
1601530 803
1601540 804
1601550 804
1601560 804
1601570 804
1601580 804
1601590 803
1601600 801
1601610 801
1601620 801
1601630 802
1601640 802
1601650 801
1601660 798
1601670 798
1601680 795
1601690 792
1601700 792
1601710 788
1601720 784
1601730 784
1601740 780
1601750 776
1601760 774
1601770 774
1601780 771
1601790 766
1601800 766
1601810 760
1601820 758
1601830 758
1601840 761
1601850 764
1601860 764
1601870 769
1601880 774
1601890 774
1601900 777
1601910 781
1601920 781
1601930 787
1601940 793
1601950 793
1601960 797
1601970 801
1601980 801
1601990 802
1602000 802
1602010 802
1602020 803
1602030 807
1602040 810
1602050 815
1602060 819
1602070 819
1602080 822
1602090 825
1602100 825
1602110 827
1602120 829
1602130 829
1602140 830
1602150 830
1602160 830
1602170 829
1602180 830
1602190 830
1602200 834
1602210 838
1602220 838
1602230 842
1602240 846
1602250 846
1602260 848
1602270 852
1602280 852
1602290 855
1602300 857
1602310 857
1602320 861
1602330 867
1602340 867
1602350 875
1602360 883
1602370 883
1602380 890
1602390 896
1602400 896
1602410 902
1602420 907
1602430 907
1602440 911
1602450 916
1602460 922
1602470 922
1602480 928
1602490 934
1602500 934
1602510 940
1602520 945
1602530 945
1602540 951
1602550 958
1602560 958
1602570 964
1602580 970
1602590 970
1602600 974
1602610 977
1602620 977
1602630 979
1602640 982
1602650 982
1602660 985
1602670 989
1602680 989
1602690 994
1602700 997
1602710 997
1602720 1000
1602730 1003
1602740 1003
1602750 1007
1602760 1009
1602770 1009
1602780 1014
1602790 1019
1602800 1019
1602810 1024
1602820 1029
1602830 1029
1602840 1033
1602850 1038
1602860 1038
1602870 1043
1602880 1048
1602890 1048
1602900 1052
1602910 1056
1602920 1056
1602930 1060
1602940 1064
1602950 1064
1602960 1067
1602970 1071
1602980 1071
1602990 1075
1603000 1080
1603010 1080
1603020 1084
1603030 1088
1603040 1088
1603050 1093
1603060 1097
1603070 1097
1603080 1100
1603090 1103
1603100 1103
1603110 1105
1603120 1107
1603130 1113
1603140 1114
1603150 1115
1603160 1115
1603170 1115
1603180 1114
1603190 1113
1603200 1113
1603210 1111
1603220 1108
1603230 1108
1603240 1101
1603250 1094
1603260 1094
1603270 1089
1603280 1085
1603290 1085
1603300 1081
1603310 1076
1603320 1076
1603330 1070
1603340 1065
1603350 1065
1603360 1059
1603370 1054
1603380 1054
1603390 1048
1603400 1043
1603410 1043
1603420 1038
1603430 1034
1603440 1034
1603450 1030
1603460 1026
1603470 1026
1603480 1021
1603490 1018
1603500 1018
1603510 1015
1603520 1013
1603530 1013
1603540 1011
1603550 1008
1603560 1008
1603570 1005
1603580 1003
1603590 1003
1603600 1001
1603610 1000
1603620 1000
1603630 998
1603640 997
1603650 997
1603660 995
1603670 994
1603680 994
1603690 992
1603700 990
1603710 990
1603720 989
1603730 988
1603740 988
1603750 985
1603760 981
1603770 981
1603780 977
1603790 973
1603800 973
1603810 967
1603820 961
1603830 955
1603840 955
1603850 950
1603860 945
1603870 945
1603880 939
1603890 931
1603900 931
1603910 924
1603920 917
1603930 917
1603940 910
1603950 903
1603960 903
1603970 896
1603980 888
1603990 888
1604000 881
1604010 873
1604020 873
1604030 866
1604040 859
1604050 859
1604060 852
1604070 845
1604080 845
1604090 840
1604100 834
1604110 834
1604120 828
1604130 825
1604140 825
1604150 824
1604160 823
1604170 823
1604180 820
1604190 816
1604200 816
1604210 816
1604220 811
1604230 811
1604240 807
1604250 802
1604260 802
1604270 797
1604280 792
1604290 792
1604300 785
1604310 778
1604320 778
1604330 771
1604340 765
1604350 765
1604360 757
1604370 749
1604380 749
1604390 742
1604400 737
1604410 737
1604420 734
1604430 732
1604440 732
1604450 731
1604460 729
1604470 729
1604480 727
1604490 727
1604500 727
1604510 728
1604520 728
1604530 729
1604540 729
1604550 729
1604560 728
1604570 728
1604580 727
1604590 726
1604600 726
1604610 724
1604620 721
1604630 721
1604640 718
1604650 715
1604660 715
1604670 711
1604680 707
1604690 707
1604700 703
1604710 698
1604720 698
1604730 692
1604740 690
1604750 690
1604760 689
1604770 686
1604780 686
1604790 683
1604800 679
1604810 679
1604820 676
1604830 672
1604840 672
1604850 669
1604860 666
1604870 666
1604880 663
1604890 660
1604900 660
1604910 658
1604920 654
1604930 654
1604940 651
1604950 647
1604960 647
1604970 644
1604980 640
1604990 640
1605000 636
1605010 633
1605020 633
1605030 630
1605040 627
1605050 627
1605060 624
1605070 620
1605080 620
1605090 616
1605100 611
1605110 611
1605120 606
1605130 601
1605140 601
1605150 596
1605160 590
1605170 590
1605180 584
1605190 575
1605200 575
1605210 566
1605220 559
1605230 556
1605240 556
1605250 554
1605260 553
1605270 553
1605280 551
1605290 550
1605300 550
1605310 549
1605320 548
1605330 548
1605340 548
1605350 548
1605360 548
1605370 545
1605380 547
1605390 547
1605400 553
1605410 554
1605420 554
1605430 553
1605440 552
1605450 552
1605460 550
1605470 549
1605480 549
1605490 548
1605500 545
1605510 545
1605520 541
1605530 538
1605540 538
1605550 535
1605560 532
1605570 532
1605580 530
1605590 527
1605600 527
1605610 524
1605620 522
1605630 522
1605640 520
1605650 519
1605660 519
1605670 518
1605680 517
1605690 517
1605700 517
1605710 518
1605720 518
1605730 519
1605740 520
1605750 520
1605760 521
1605770 520
1605780 520
1605790 518
1605800 516
1605810 516
1605820 514
1605830 514
1605840 514
1605850 515
1605860 516
1605870 516
1605880 517
1605890 519
1605900 521
1605910 521
1605920 524
1605930 526
1605940 526
1605950 528
1605960 531
1605970 531
1605980 534
1605990 537
1606000 537
1606010 539
1606020 541
1606030 541
1606040 541
1606050 541
1606060 541
1606070 540
1606080 538
1606090 538
1606100 534
1606110 531
1606120 531
1606130 529
1606140 526
1606150 526
1606160 524
1606170 523
1606180 523
1606190 524
1606200 525
1606210 525
1606220 526
1606230 529
1606240 529
1606250 530
1606260 532
1606270 532
1606280 534
1606290 535
1606300 535
1606310 535
1606320 535
1606330 535
1606340 535
1606350 530
1606360 530
1606370 531
1606380 532
1606390 532
1606400 531
1606410 531
1606420 531
1606430 529
1606440 528
1606450 528
1606460 526
1606470 525
1606480 525
1606490 522
1606500 519
1606510 519
1606520 516
1606530 514
1606540 514
1606550 512
1606560 510
1606570 510
1606580 510
1606590 511
1606600 511
1606610 511
1606620 510
1606630 508
1606640 508
1606650 508
1606660 507
1606670 507
1606680 508
1606690 510
1606700 510
1606710 512
1606720 513
1606730 513
1606740 514
1606750 513
1606760 513
1606770 514
1606780 516
1606790 516
1606800 518
1606810 520
1606820 520
1606830 521
1606840 521
1606850 521
1606860 519
1606870 519
1606880 519
1606890 521
1606900 521
1606910 521
1606920 519
1606930 521
1606940 521
1606950 528
1606960 534
1606970 534
1606980 537
1606990 539
1607000 539
1607010 541
1607020 543
1607030 543
1607040 545
1607050 548
1607060 548
1607070 550
1607080 553
1607090 553
1607100 556
1607110 559
1607120 559
1607130 561
1607140 561
1607150 561
1607160 560
1607170 561
1607180 561
1607190 563
1607200 565
1607210 565
1607220 567
1607230 570
1607240 570
1607250 572
1607260 574
1607270 574
1607280 573
1607290 568
1607300 561
1607310 561
1607320 554
1607330 549
1607340 549
1607350 544
1607360 539
1607370 539
1607380 533
1607390 531
1607400 524
1607410 528
1607420 531
1607430 531
1607440 534
1607450 537
1607460 537
1607470 540
1607480 543
1607490 543
1607500 546
1607510 550
1607520 550
1607530 554
1607540 557
1607550 557
1607560 560
1607570 562
1607580 562
1607590 564
1607600 567
1607610 567
1607620 571
1607630 574
1607640 574
1607650 578
1607660 581
1607670 581
1607680 583
1607690 587
1607700 587
1607710 590
1607720 593
1607730 593
1607740 596
1607750 600
1607760 600
1607770 603
1607780 608
1607790 608
1607800 613
1607810 617
1607820 617
1607830 621
1607840 624
1607850 624
1607860 628
1607870 628
1607880 628
1607890 627
1607900 625
1607910 625
1607920 624
1607930 622
1607940 622
1607950 620
1607960 618
1607970 618
1607980 616
1607990 615
1608000 614
1608010 614
1608020 613
1608030 613
1608040 613
1608050 613
1608060 614
1608070 614
1608080 613
1608090 612
1608100 612
1608110 612
1608120 612
1608130 612
1608140 611
1608150 612
1608160 612
1608170 613
1608180 613
1608190 613
1608200 614
1608210 613
1608220 613
1608230 613
1608240 614
1608250 614
1608260 614
1608270 613
1608280 613
1608290 612
1608300 610
1608310 610
1608320 608
1608330 605
1608340 605
1608350 602
1608360 598
1608370 598
1608380 596
1608390 596
1608400 596
1608410 596
1608420 595
1608430 595
1608440 598
1608450 596
1608460 596
1608470 594
1608480 592
1608490 592
1608500 590
1608510 587
1608520 587
1608530 583
1608540 580
1608550 580
1608560 576
1608570 573
1608580 573
1608590 570
1608600 568
1608610 568
1608620 565
1608630 563
1608640 563
1608650 560
1608660 558
1608670 558
1608680 555
1608690 551
1608700 548
1608710 548
1608720 545
1608730 544
1608740 544
1608750 543
1608760 542
1608770 542
1608780 539
1608790 537
1608800 537
1608810 533
1608820 529
1608830 529
1608840 526
1608850 523
1608860 523
1608870 522
1608880 520
1608890 520
1608900 518
1608910 517
1608920 517
1608930 516
1608940 514
1608950 514
1608960 513
1608970 511
1608980 511
1608990 510
1609000 507
1609010 507
1609020 505
1609030 501
1609040 501
1609050 497
1609060 493
1609070 493
1609080 489
1609090 486
1609100 486
1609110 483
1609120 480
1609130 480
1609140 477
1609150 474
1609160 474
1609170 472
1609180 469
1609190 469
1609200 467
1609210 465
1609220 465
1609230 463
1609240 461
1609250 461
1609260 458
1609270 456
1609280 456
1609290 452
1609300 449
1609310 449
1609320 444
1609330 437
1609340 437
1609350 431
1609360 425
1609370 420
1609380 420
1609390 415
1609400 409
1609410 409
1609420 403
1609430 398
1609440 398
1609450 392
1609460 387
1609470 387
1609480 385
1609490 381
1609500 381
1609510 378
1609520 376
1609530 376
1609540 373
1609550 370
1609560 370
1609570 367
1609580 363
1609590 363
1609600 358
1609610 355
1609620 355
1609630 353
1609640 353
1609650 353
1609660 349
1609670 346
1609680 346
1609690 346
1609700 346
1609710 346
1609720 346
1609730 346
1609740 346
1609750 346
1609760 346
1609770 346
1609780 346
1609790 346
1609800 346
1609810 346
1609820 346
1609830 346
1609840 347
1609850 352
1609860 352
1609870 359
1609880 366
1609890 366
1609900 370
1609910 371
1609920 371
1609930 372
1609940 373
1609950 373
1609960 373
1609970 373
1609980 373
1609990 373
1610000 374
1610010 374
1610020 374
1610030 377
1610040 377
1610050 378
1610060 381
1610070 384
1610080 384
1610090 389
1610100 393
1610110 393
1610120 397
1610130 399
1610140 399
1610150 400
1610160 401
1610170 401
1610180 401
1610190 402
1610200 402
1610210 402
1610220 403
1610230 403
1610240 403
1610250 403
1610260 403
1610270 402
1610280 402
1610290 402
1610300 402
1610310 402
1610320 402
1610330 400
1610340 399
1610350 399
1610360 397
1610370 394
1610380 394
1610390 392
1610400 390
1610410 390
1610420 388
1610430 387
1610440 387
1610450 385
1610460 383
1610470 383
1610480 381
1610490 379
1610500 379
1610510 383
1610520 382
1610530 382
1610540 380
1610550 379
1610560 379
1610570 378
1610580 376
1610590 376
1610600 375
1610610 374
1610620 374
1610630 374
1610640 373
1610650 373
1610660 373
1610670 373
1610680 373
1610690 373
1610700 373
1610710 373
1610720 372
1610730 372
1610740 372
1610750 372
1610760 372
1610770 372
1610780 372
1610790 372
1610800 372
1610810 372
1610820 372
1610830 372
1610840 372
1610850 372
1610860 372
1610870 372
1610880 372
1610890 372
1610900 372
1610910 373
1610920 372
1610930 372
1610940 372
1610950 372
1610960 372
1610970 371
1610980 371
1610990 371
1611000 371
1611010 372
1611020 372
1611030 372
1611040 373
1611050 373
1611060 374
1611070 374
1611080 374
1611090 376
1611100 377
1611110 377
1611120 378
1611130 379
1611140 379
1611150 379
1611160 376
1611170 376
1611180 372
1611190 374
1611200 374
1611210 377
1611220 378
1611230 378
1611240 380
1611250 382
1611260 382
1611270 384
1611280 386
1611290 386
1611300 386
1611310 386
1611320 386
1611330 385
1611340 384
1611350 384
1611360 385
1611370 386
1611380 386
1611390 385
1611400 385
1611410 385
1611420 385
1611430 385
1611440 385
1611450 384
1611460 384
1611470 384
1611480 384
1611490 384
1611500 384
1611510 384
1611520 384
1611530 384
1611540 384
1611550 384
1611560 384
1611570 384
1611580 384
1611590 384
1611600 384
1611610 384
1611620 383
1611630 383
1611640 383
1611650 383
1611660 383
1611670 383
1611680 384
1611690 384
1611700 384
1611710 384
1611720 384
1611730 383
1611740 383
1611750 383
1611760 384
1611770 384
1611780 384
1611790 384
1611800 384
1611810 384
1611820 384
1611830 383
1611840 383
1611850 383
1611860 383
1611870 383
1611880 383
1611890 384
1611900 384
1611910 383
1611920 383
1611930 383
1611940 383
1611950 382
1611960 382
1611970 382
1611980 382
1611990 382
1612000 382
1612010 382
1612020 382
1612030 382
1612040 381
1612050 381
1612060 381
1612070 381
1612080 381
1612090 381
1612100 381
1612110 381
1612120 380
1612130 380
1612140 380
1612150 380
1612160 380
1612170 380
1612180 380
1612190 380
1612200 380
1612210 380
1612220 380
1612230 380
1612240 380
1612250 381
1612260 381
1612270 381
1612280 382
1612290 382
1612300 382
1612310 383
1612320 383
1612330 383
1612340 383
1612350 383
1612360 383
1612370 384
1612380 383
1612390 383
1612400 383
1612410 383
1612420 383
1612430 382
1612440 381
1612450 381
1612460 378
1612470 375
1612480 375
1612490 372
1612500 367
1612510 367
1612520 364
1612530 366
1612540 366
1612550 362
1612560 361
1612570 361
1612580 359
1612590 355
1612600 355
1612610 352
1612620 349
1612630 349
1612640 348
1612650 346
1612660 346
1612670 346
1612680 346
1612690 346
1612700 346
1612710 346
1612720 346
1612730 346
1612740 346
1612750 346
1612760 346
1612770 346
1612780 346
1612790 346
1612800 346
1612810 346
1612820 346
1612830 347
1612840 347
1612850 349
1612860 352
1612870 354
1612880 354
1612890 356
1612900 356
1612910 356
1612920 356
1612930 356
1612940 356
1612950 355
1612960 355
1612970 355
1612980 355
1612990 355
1613000 355
1613010 355
1613020 355
1613030 355
1613040 355
1613050 356
1613060 356
1613070 356
1613080 357
1613090 357
1613100 358
1613110 358
1613120 358
1613130 359
1613140 361
1613150 361
1613160 362
1613170 364
1613180 364
1613190 366
1613200 367
1613210 367
1613220 369
1613230 372
1613240 372
1613250 374
1613260 376
1613270 376
1613280 378
1613290 380
1613300 380
1613310 383
1613320 384
1613330 384
1613340 385
1613350 386
1613360 386
1613370 387
1613380 389
1613390 389
1613400 391
1613410 392
1613420 392
1613430 393
1613440 394
1613450 394
1613460 394
1613470 394
1613480 394
1613490 395
1613500 396
1613510 396
1613520 397
1613530 399
1613540 399
1613550 399
1613560 401
1613570 402
1613580 402
1613590 403
1613600 403
1613610 403
1613620 402
1613630 404
1613640 404
1613650 405
1613660 405
1613670 405
1613680 405
1613690 405
1613700 405
1613710 406
1613720 408
1613730 408
1613740 410
1613750 413
1613760 413
1613770 417
1613780 421
1613790 421
1613800 424
1613810 427
1613820 427
1613830 433
1613840 441
1613850 441
1613860 444
1613870 444
1613880 444
1613890 443
1613900 443
1613910 443
1613920 443
1613930 443
1613940 443
1613950 443
1613960 442
1613970 442
1613980 441
1613990 440
1614000 440
1614010 438
1614020 436
1614030 436
1614040 433
1614050 430
1614060 430
1614070 430
1614080 430
1614090 430
1614100 429
1614110 428
1614120 428
1614130 427
1614140 424
1614150 424
1614160 424
1614170 424
1614180 424
1614190 425
1614200 426
1614210 426
1614220 427
1614230 429
1614240 430
1614250 430
1614260 432
1614270 434
1614280 434
1614290 435
1614300 437
1614310 437
1614320 437
1614330 438
1614340 438
1614350 438
1614360 438
1614370 438
1614380 437
1614390 437
1614400 437
1614410 437
1614420 437
1614430 437
1614440 437
1614450 437
1614460 437
1614470 436
1614480 436
1614490 436
1614500 436
1614510 435
1614520 435
1614530 433
1614540 433
1614550 433
1614560 433
1614570 433
1614580 433
1614590 432
1614600 431
1614610 431
1614620 429
1614630 428
1614640 428
1614650 426
1614660 424
1614670 424
1614680 426
1614690 430
1614700 430
1614710 432
1614720 434
1614730 434
1614740 437
1614750 439
1614760 439
1614770 442
1614780 443
1614790 443
1614800 444
1614810 445
1614820 445
1614830 445
1614840 446
1614850 446
1614860 446
1614870 445
1614880 445
1614890 445
1614900 445
1614910 445
1614920 445
1614930 445
1614940 446
1614950 446
1614960 446
1614970 446
1614980 446
1614990 446
1615000 445
1615010 445
1615020 443
1615030 440
1615040 440
1615050 438
1615060 435
1615070 435
1615080 432
1615090 429
1615100 429
1615110 426
1615120 422
1615130 422
1615140 419
1615150 415
1615160 415
1615170 411
1615180 405
1615190 405
1615200 401
1615210 397
1615220 397
1615230 393
1615240 388
1615250 388
1615260 383
1615270 380
1615280 380
1615290 378
1615300 377
1615310 377
1615320 376
1615330 374
1615340 374
1615350 371
1615360 364
1615370 364
1615380 358
1615390 348
1615400 348
1615410 346
1615420 346
1615430 346
1615440 346
1615450 346
1615460 346
1615470 346
1615480 346
1615490 346
1615500 347
1615510 348
1615520 347
1615530 349
1615540 354
1615550 354
1615560 359
1615570 363
1615580 363
1615590 366
1615600 369
1615610 369
1615620 372
1615630 374
1615640 376
1615650 376
1615660 376
1615670 377
1615680 377
1615690 379
1615700 381
1615710 381
1615720 385
1615730 388
1615740 388
1615750 391
1615760 394
1615770 394
1615780 397
1615790 401
1615800 401
1615810 404
1615820 408
1615830 408
1615840 413
1615850 415
1615860 415
1615870 418
1615880 418
1615890 418
1615900 420
1615910 421
1615920 421
1615930 421
1615940 422
1615950 422
1615960 424
1615970 425
1615980 425
1615990 427
1616000 429
1616010 429
1616020 431
1616030 432
1616040 432
1616050 434
1616060 436
1616070 436
1616080 438
1616090 440
1616100 440
1616110 442
1616120 444
1616130 444
1616140 446
1616150 448
1616160 448
1616170 449
1616180 451
1616190 451
1616200 452
1616210 452
1616220 452
1616230 453
1616240 453
1616250 453
1616260 453
1616270 453
1616280 453
1616290 453
1616300 452
1616310 452
1616320 452
1616330 451
1616340 450
1616350 450
1616360 449
1616370 447
1616380 447
1616390 446
1616400 444
1616410 444
1616420 442
1616430 440
1616440 440
1616450 438
1616460 432
1616470 432
1616480 424
1616490 417
1616500 418
1616510 417
1616520 423
1616530 423
1616540 428
1616550 433
1616560 433
1616570 438
1616580 442
1616590 442
1616600 445
1616610 447
1616620 447
1616630 449
1616640 451
1616650 451
1616660 452
1616670 454
1616680 454
1616690 455
1616700 457
1616710 457
1616720 459
1616730 461
1616740 461
1616750 464
1616760 466
1616770 466
1616780 467
1616790 467
1616800 467
1616810 470
1616820 472
1616830 472
1616840 474
1616850 475
1616860 475
1616870 475
1616880 474
1616890 474
1616900 474
1616910 475
1616920 475
1616930 477
1616940 478
1616950 478
1616960 480
1616970 481
1616980 481
1616990 483
1617000 484
1617010 488
1617020 488
1617030 491
1617040 494
1617050 494
1617060 498
1617070 502
1617080 502
1617090 506
1617100 510
1617110 510
1617120 515
1617130 519
1617140 519
1617150 523
1617160 526
1617170 526
1617180 530
1617190 534
1617200 534
1617210 537
1617220 540
1617230 540
1617240 544
1617250 547
1617260 547
1617270 551
1617280 555
1617290 555
1617300 558
1617310 562
1617320 562
1617330 566
1617340 570
1617350 570
1617360 574
1617370 578
1617380 578
1617390 583
1617400 587
1617410 587
1617420 590
1617430 595
1617440 595
1617450 600
1617460 604
1617470 607
1617480 610
1617490 614
1617500 614
1617510 617
1617520 620
1617530 620
1617540 618
1617550 611
1617560 611
1617570 604
1617580 598
1617590 598
1617600 594
1617610 589
1617620 589
1617630 584
1617640 576
1617650 576
1617660 569
1617670 561
1617680 561
1617690 554
1617700 548
1617710 542
1617720 542
1617730 536
1617740 530
1617750 530
1617760 525
1617770 519
1617780 519
1617790 513
1617800 507
1617810 507
1617820 502
1617830 498
1617840 498
1617850 494
1617860 489
1617870 489
1617880 484
1617890 479
1617900 479
1617910 474
1617920 468
1617930 468
1617940 463
1617950 458
1617960 458
1617970 453
1617980 449
1617990 449
1618000 444
1618010 440
1618020 440
1618030 435
1618040 430
1618050 430
1618060 425
1618070 420
1618080 420
1618090 415
1618100 411
1618110 411
1618120 406
1618130 401
1618140 401
1618150 395
1618160 389
1618170 389
1618180 381
1618190 374
1618200 374
1618210 371
1618220 371
1618230 371
1618240 372
1618250 373
1618260 373
1618270 374
1618280 379
1618290 379
1618300 384
1618310 390
1618320 390
1618330 395
1618340 401
1618350 401
1618360 408
1618370 414
1618380 414
1618390 418
1618400 423
1618410 428
1618420 428
1618430 433
1618440 440
1618450 440
1618460 446
1618470 452
1618480 452
1618490 452
1618500 450
1618510 450
1618520 448
1618530 445
1618540 445
1618550 442
1618560 435
1618570 435
1618580 428
1618590 422
1618600 422
1618610 417
1618620 412
1618630 412
1618640 409
1618650 406
1618660 406
1618670 404
1618680 403
1618690 403
1618700 401
1618710 398
1618720 398
1618730 396
1618740 394
1618750 394
1618760 389
1618770 381
1618780 381
1618790 373
1618800 370
1618810 370
1618820 370
1618830 370
1618840 370
1618850 371
1618860 377
1618870 377
1618880 386
1618890 395
1618900 395
1618910 404
1618920 411
1618930 411
1618940 416
1618950 422
1618960 422
1618970 426
1618980 429
1618990 429
1619000 433
1619010 436
1619020 436
1619030 437
1619040 437
1619050 437
1619060 437
1619070 437
1619080 437
1619090 437
1619100 437
1619110 437
1619120 437
1619130 437
1619140 437
1619150 437
1619160 438
1619170 439
1619180 439
1619190 439
1619200 440
1619210 440
1619220 440
1619230 441
1619240 441
1619250 442
1619260 442
1619270 442
1619280 443
1619290 443
1619300 443
1619310 444
1619320 444
1619330 444
1619340 445
1619350 445
1619360 445
1619370 445
1619380 445
1619390 444
1619400 445
1619410 445
1619420 445
1619430 445
1619440 445
1619450 445
1619460 445
1619470 445
1619480 445
1619490 445
1619500 445
1619510 445
1619520 445
1619530 445
1619540 445
1619550 444
1619560 444
1619570 444
1619580 444
1619590 443
1619600 443
1619610 443
1619620 442
1619630 442
1619640 442
1619650 441
1619660 441
1619670 440
1619680 440
1619690 440
1619700 439
1619710 439
1619720 439
1619730 439
1619740 439
1619750 439
1619760 440
1619770 441
1619780 441
1619790 442
1619800 443
1619810 444
1619820 444
1619830 445
1619840 446
1619850 446
1619860 447
1619870 448
1619880 448
1619890 449
1619900 450
1619910 450
1619920 451
1619930 452
1619940 452
1619950 453
1619960 453
1619970 453
1619980 454
1619990 456
