1600000 923
1600010 923
1600020 923
1600030 922
1600040 919
1600050 919
1600060 921
1600070 926
1600080 926
1600090 929
1600100 931
1600110 931
1600120 933
1600130 935
1600140 935
1600150 938
1600160 941
1600170 941
1600180 944
1600190 948
1600200 948
1600210 951
1600220 955
1600230 955
1600240 958
1600250 961
1600260 961
1600270 964
1600280 967
1600290 967
1600300 971
1600310 974
1600320 974
1600330 976
1600340 979
1600350 979
1600360 982
1600370 987
1600380 987
1600390 993
1600400 997
1600410 997
1600420 1002
1600430 1006
1600440 1007
1600450 1007
1600460 1010
1600470 1012
1600480 1012
1600490 1014
1600500 1015
1600510 1015
1600520 1016
1600530 1016
1600540 1016
1600550 1016
1600560 1016
1600570 1016
1600580 1015
1600590 1014
1600600 1014
1600610 1013
1600620 1011
1600630 1011
1600640 1009
1600650 1006
1600660 1006
1600670 1002
1600680 998
1600690 998
1600700 993
1600710 988
1600720 988
1600730 984
1600740 981
1600750 981
1600760 977
1600770 973
1600780 973
1600790 969
1600800 965
1600810 965
1600820 962
1600830 958
1600840 958
1600850 954
1600860 949
1600870 949
1600880 944
1600890 936
1600900 936
1600910 927
1600920 920
1600930 920
1600940 913
1600950 905
1600960 905
1600970 897
1600980 892
1600990 892
1601000 886
1601010 878
1601020 878
1601030 872
1601040 868
1601050 868
1601060 866
1601070 864
1601080 864
1601090 862
1601100 861
1601110 861
1601120 861
1601130 861
1601140 862
1601150 862
1601160 862
1601170 863
1601180 863
1601190 862
1601200 862
1601210 862
1601220 861
1601230 860
1601240 860
1601250 858
1601260 855
1601270 855
1601280 853
1601290 850
1601300 850
1601310 847
1601320 843
1601330 843
1601340 839
1601350 836
1601360 836
1601370 833
1601380 829
1601390 829
1601400 825
1601410 821
1601420 821
1601430 817
1601440 812
1601450 812
1601460 807
1601470 802
1601480 802
1601490 797
1601500 792
1601510 792
1601520 787
1601530 782
1601540 782
1601550 774
1601560 769
1601570 769
1601580 765
1601590 761
1601600 761
1601610 756
1601620 751
1601630 751
1601640 746
1601650 741
1601660 741
1601670 736
1601680 732
1601690 732
1601700 727
1601710 721
1601720 721
1601730 714
1601740 711
1601750 711
1601760 717
1601770 729
1601780 729
1601790 738
1601800 745
1601810 745
1601820 752
1601830 759
1601840 766
1601850 766
1601860 773
1601870 780
1601880 780
1601890 787
1601900 793
1601910 793
1601920 800
1601930 807
1601940 807
1601950 814
1601960 821
1601970 821
1601980 828
1601990 834
1602000 834
1602010 841
1602020 846
1602030 846
1602040 852
1602050 858
1602060 858
1602070 863
1602080 868
1602090 868
1602100 871
1602110 873
1602120 873
1602130 873
1602140 873
1602150 873
1602160 873
1602170 873
1602180 873
1602190 873
1602200 873
1602210 873
1602220 872
1602230 871
1602240 871
1602250 870
1602260 869
1602270 869
1602280 867
1602290 865
1602300 865
1602310 863
1602320 861
1602330 861
1602340 859
1602350 857
1602360 857
1602370 858
1602380 860
1602390 860
1602400 862
1602410 863
1602420 863
1602430 863
1602440 863
1602450 863
1602460 868
1602470 874
1602480 874
1602490 879
1602500 884
1602510 884
1602520 890
1602530 896
1602540 902
1602550 902
1602560 909
1602570 917
1602580 917
1602590 925
1602600 932
1602610 932
1602620 937
1602630 942
1602640 946
1602650 951
1602660 956
1602670 956
1602680 962
1602690 968
1602700 968
1602710 975
1602720 981
1602730 981
1602740 987
1602750 993
1602760 993
1602770 1000
1602780 1007
1602790 1007
1602800 1014
1602810 1021
1602820 1021
1602830 1028
1602840 1034
1602850 1034
1602860 1041
1602870 1045
1602880 1045
1602890 1048
1602900 1055
1602910 1055
1602920 1063
1602930 1069
1602940 1069
1602950 1075
1602960 1081
1602970 1081
1602980 1087
1602990 1093
1603000 1093
1603010 1099
1603020 1105
1603030 1105
1603040 1111
1603050 1116
1603060 1116
1603070 1121
1603080 1126
1603090 1126
1603100 1131
1603110 1137
1603120 1137
1603130 1143
1603140 1149
1603150 1149
1603160 1155
1603170 1158
1603180 1158
1603190 1159
1603200 1158
1603210 1158
1603220 1155
1603230 1153
1603240 1150
1603250 1150
1603260 1147
1603270 1144
1603280 1144
1603290 1142
1603300 1139
1603310 1139
1603320 1136
1603330 1134
1603340 1134
1603350 1131
1603360 1129
1603370 1129
1603380 1127
1603390 1124
1603400 1124
1603410 1121
1603420 1118
1603430 1118
1603440 1116
1603450 1112
1603460 1112
1603470 1109
1603480 1105
1603490 1105
1603500 1102
1603510 1098
1603520 1098
1603530 1094
1603540 1090
1603550 1090
1603560 1086
1603570 1081
1603580 1081
1603590 1076
1603600 1072
1603610 1072
1603620 1067
1603630 1062
1603640 1062
1603650 1057
1603660 1052
1603670 1052
1603680 1047
1603690 1042
1603700 1042
1603710 1038
1603720 1033
1603730 1030
1603740 1026
1603750 1023
1603760 1023
1603770 1018
1603780 1015
1603790 1015
1603800 1011
1603810 1007
1603820 1007
1603830 1003
1603840 999
1603850 999
1603860 995
1603870 991
1603880 991
1603890 987
1603900 982
1603910 982
1603920 978
1603930 973
1603940 969
1603950 969
1603960 964
1603970 959
1603980 959
1603990 954
1604000 949
1604010 949
1604020 944
1604030 940
1604040 940
1604050 934
1604060 929
1604070 929
1604080 925
1604090 920
1604100 920
1604110 916
1604120 911
1604130 911
1604140 906
1604150 900
1604160 900
1604170 894
1604180 884
1604190 884
1604200 874
1604210 869
1604220 869
1604230 866
1604240 864
1604250 864
1604260 863
1604270 860
1604280 860
1604290 858
1604300 855
1604310 855
1604320 853
1604330 847
1604340 847
1604350 840
1604360 835
1604370 835
1604380 828
1604390 821
1604400 821
1604410 813
1604420 806
1604430 806
1604440 800
1604450 795
1604460 795
1604470 790
1604480 784
1604490 784
1604500 779
1604510 773
1604520 773
1604530 769
1604540 765
1604550 765
1604560 760
1604570 754
1604580 754
1604590 748
1604600 743
1604610 743
1604620 738
1604630 731
1604640 724
1604650 724
1604660 719
1604670 714
1604680 714
1604690 708
1604700 704
1604710 704
1604720 700
1604730 696
1604740 696
1604750 693
1604760 690
1604770 690
1604780 688
1604790 685
1604800 685
1604810 682
1604820 680
1604830 680
1604840 679
1604850 678
1604860 678
1604870 678
1604880 678
1604890 678
1604900 677
1604910 674
1604920 674
1604930 672
1604940 669
1604950 669
1604960 667
1604970 663
1604980 663
1604990 659
1605000 656
1605010 656
1605020 654
1605030 652
1605040 652
1605050 650
1605060 647
1605070 647
1605080 645
1605090 644
1605100 644
1605110 642
1605120 639
1605130 639
1605140 635
1605150 630
1605160 630
1605170 625
1605180 620
1605190 620
1605200 617
1605210 614
1605220 614
1605230 611
1605240 606
1605250 606
1605260 603
1605270 602
1605280 602
1605290 602
1605300 603
1605310 603
1605320 606
1605330 608
1605340 608
1605350 608
1605360 607
1605370 607
1605380 607
1605390 607
1605400 606
1605410 606
1605420 604
1605430 601
1605440 601
1605450 597
1605460 593
1605470 593
1605480 590
1605490 586
1605500 586
1605510 583
1605520 579
1605530 579
1605540 575
1605550 569
1605560 569
1605570 564
1605580 561
1605590 561
1605600 560
1605610 558
1605620 558
1605630 555
1605640 552
1605650 552
1605660 549
1605670 547
1605680 547
1605690 548
1605700 550
1605710 550
1605720 552
1605730 554
1605740 554
1605750 555
1605760 557
1605770 557
1605780 558
1605790 559
1605800 559
1605810 559
1605820 559
1605830 559
1605840 558
1605850 556
1605860 556
1605870 559
1605880 557
1605890 557
1605900 556
1605910 554
1605920 554
1605930 552
1605940 549
1605950 549
1605960 547
1605970 544
1605980 544
1605990 542
1606000 541
1606010 541
1606020 541
1606030 542
1606040 540
1606050 540
1606060 538
1606070 535
1606080 535
1606090 532
1606100 532
1606110 532
1606120 532
1606130 532
1606140 532
1606150 531
1606160 530
1606170 530
1606180 530
1606190 529
1606200 529
1606210 528
1606220 525
1606230 525
1606240 522
1606250 524
1606260 524
1606270 527
1606280 529
1606290 529
1606300 529
1606310 529
1606320 529
1606330 528
1606340 527
1606350 527
1606360 525
1606370 524
1606380 524
1606390 523
1606400 524
1606410 524
1606420 525
1606430 525
1606440 525
1606450 525
1606460 525
1606470 525
1606480 525
1606490 526
1606500 526
1606510 527
1606520 528
1606530 528
1606540 528
1606550 528
1606560 528
1606570 528
1606580 527
1606590 527
1606600 526
1606610 524
1606620 524
1606630 523
1606640 522
1606650 522
1606660 520
1606670 519
1606680 519
1606690 517
1606700 515
1606710 513
1606720 513
1606730 510
1606740 507
1606750 507
1606760 505
1606770 504
1606780 504
1606790 503
1606800 501
1606810 501
1606820 500
1606830 498
1606840 498
1606850 495
1606860 492
1606870 492
1606880 487
1606890 482
1606900 482
1606910 476
1606920 472
1606930 477
1606940 475
1606950 473
1606960 473
1606970 471
1606980 469
1606990 469
1607000 468
1607010 466
1607020 466
1607030 464
1607040 461
1607050 461
1607060 458
1607070 455
1607080 455
1607090 450
1607100 444
1607110 444
1607120 438
1607130 434
1607140 434
1607150 432
1607160 430
1607170 430
1607180 428
1607190 426
1607200 426
1607210 425
1607220 424
1607230 424
1607240 423
1607250 422
1607260 422
1607270 421
1607280 420
1607290 420
1607300 420
1607310 419
1607320 419
1607330 419
1607340 418
1607350 418
1607360 418
1607370 418
1607380 418
1607390 419
1607400 420
1607410 422
1607420 422
1607430 424
1607440 425
1607450 425
1607460 424
1607470 422
1607480 422
1607490 420
1607500 415
1607510 415
1607520 410
1607530 406
1607540 406
1607550 402
1607560 399
1607570 399
1607580 396
1607590 393
1607600 393
1607610 392
1607620 393
1607630 393
1607640 395
1607650 404
1607660 404
1607670 409
1607680 413
1607690 413
1607700 419
1607710 424
1607720 424
1607730 428
1607740 434
1607750 434
1607760 440
1607770 440
1607780 440
1607790 437
1607800 437
1607810 437
1607820 438
1607830 439
1607840 439
1607850 441
1607860 442
1607870 442
1607880 443
1607890 444
1607900 444
1607910 445
1607920 447
1607930 447
1607940 448
1607950 448
1607960 448
1607970 447
1607980 441
1607990 441
1608000 442
1608010 443
1608020 443
1608030 445
1608040 447
1608050 447
1608060 450
1608070 452
1608080 452
1608090 455
1608100 457
1608110 458
1608120 458
1608130 461
1608140 463
1608150 463
1608160 466
1608170 469
1608180 469
1608190 472
1608200 475
1608210 475
1608220 479
1608230 482
1608240 482
1608250 486
1608260 489
1608270 489
1608280 493
1608290 497
1608300 497
1608310 501
1608320 505
1608330 505
1608340 509
1608350 513
1608360 513
1608370 517
1608380 521
1608390 521
1608400 525
1608410 529
1608420 529
1608430 533
1608440 536
1608450 536
1608460 540
1608470 543
1608480 543
1608490 546
1608500 549
1608510 549
1608520 553
1608530 556
1608540 556
1608550 559
1608560 562
1608570 562
1608580 565
1608590 569
1608600 569
1608610 572
1608620 575
1608630 575
1608640 578
1608650 580
1608660 580
1608670 583
1608680 586
1608690 586
1608700 588
1608710 591
1608720 591
1608730 593
1608740 595
1608750 595
1608760 598
1608770 601
1608780 601
1608790 603
1608800 605
1608810 607
1608820 607
1608830 608
1608840 608
1608850 608
1608860 606
1608870 602
1608880 602
1608890 597
1608900 592
1608910 592
1608920 587
1608930 584
1608940 584
1608950 580
1608960 577
1608970 577
1608980 573
1608990 568
1609000 568
1609010 564
1609020 558
1609030 558
1609040 554
1609050 548
1609060 548
1609070 543
1609080 538
1609090 538
1609100 533
1609110 528
1609120 528
1609130 522
1609140 515
1609150 515
1609160 509
1609170 503
1609180 503
1609190 498
1609200 494
1609210 494
1609220 490
1609230 485
1609240 485
1609250 479
1609260 474
1609270 474
1609280 468
1609290 462
1609300 462
1609310 457
1609320 451
1609330 451
1609340 446
1609350 439
1609360 439
1609370 434
1609380 430
1609390 430
1609400 427
1609410 426
1609420 426
1609430 425
1609440 422
1609450 422
1609460 419
1609470 415
1609480 415
1609490 411
1609500 406
1609510 402
1609520 402
1609530 398
1609540 392
1609550 392
1609560 387
1609570 382
1609580 382
1609590 377
1609600 373
1609610 373
1609620 370
1609630 369
1609640 369
1609650 369
1609660 367
1609670 367
1609680 364
1609690 360
1609700 360
1609710 356
1609720 354
1609730 354
1609740 353
1609750 348
1609760 348
1609770 346
1609780 346
1609790 346
1609800 346
1609810 346
1609820 346
1609830 346
1609840 346
1609850 346
1609860 346
1609870 346
1609880 346
1609890 346
1609900 346
1609910 346
1609920 346
1609930 346
1609940 346
1609950 346
1609960 348
1609970 348
1609980 349
1609990 351
1610000 351
1610010 355
1610020 359
1610030 359
1610040 362
1610050 365
1610060 365
1610070 369
1610080 374
1610090 374
1610100 379
1610110 385
1610120 385
1610130 390
1610140 394
1610150 394
1610160 397
1610170 398
1610180 398
1610190 398
1610200 400
1610210 400
1610220 400
1610230 401
1610240 402
1610250 402
1610260 402
1610270 403
1610280 403
1610290 403
1610300 403
1610310 403
1610320 403
1610330 404
1610340 404
1610350 405
1610360 405
1610370 405
1610380 406
1610390 406
1610400 406
1610410 406
1610420 407
1610430 407
1610440 408
1610450 408
1610460 408
1610470 409
1610480 410
1610490 410
1610500 410
1610510 411
1610520 411
1610530 412
1610540 413
1610550 413
1610560 414
1610570 414
1610580 414
1610590 415
1610600 415
1610610 415
1610620 416
1610630 416
1610640 416
1610650 417
1610660 417
1610670 417
1610680 417
1610690 417
1610700 417
1610710 418
1610720 418
1610730 418
1610740 418
1610750 419
1610760 419
1610770 419
1610780 419
1610790 419
1610800 419
1610810 419
1610820 419
1610830 419
1610840 419
1610850 419
1610860 420
1610870 420
1610880 420
1610890 420
1610900 420
1610910 420
1610920 420
1610930 420
1610940 420
1610950 420
1610960 419
1610970 419
1610980 419
1610990 419
1611000 419
1611010 419
1611020 418
1611030 417
1611040 417
1611050 417
1611060 418
1611070 419
1611080 419
1611090 420
1611100 420
1611110 420
1611120 420
1611130 420
1611140 420
1611150 419
1611160 419
1611170 419
1611180 418
1611190 418
1611200 418
1611210 418
1611220 418
1611230 417
1611240 416
1611250 416
1611260 414
1611270 414
1611280 414
1611290 414
1611300 415
1611310 415
1611320 415
1611330 415
1611340 415
1611350 415
1611360 416
1611370 416
1611380 416
1611390 416
1611400 416
1611410 416
1611420 416
1611430 416
1611440 416
1611450 416
1611460 416
1611470 416
1611480 416
1611490 416
1611500 416
1611510 416
1611520 416
1611530 415
1611540 415
1611550 415
1611560 415
1611570 414
1611580 414
1611590 414
1611600 413
1611610 413
1611620 413
1611630 413
1611640 413
1611650 413
1611660 413
1611670 413
1611680 413
1611690 412
1611700 412
1611710 412
1611720 411
1611730 411
1611740 411
1611750 410
1611760 409
1611770 409
1611780 409
1611790 409
1611800 409
1611810 409
1611820 409
1611830 409
1611840 410
1611850 411
1611860 411
1611870 411
1611880 411
1611890 411
1611900 411
1611910 411
1611920 411
1611930 412
1611940 412
1611950 412
1611960 413
1611970 413
1611980 413
1611990 414
1612000 414
1612010 414
1612020 415
1612030 415
1612040 415
1612050 416
1612060 417
1612070 417
1612080 418
1612090 418
1612100 418
1612110 419
1612120 419
1612130 419
1612140 420
1612150 420
1612160 420
1612170 420
1612180 421
1612190 421
1612200 421
1612210 421
1612220 421
1612230 421
1612240 420
1612250 420
1612260 420
1612270 420
1612280 420
1612290 420
1612300 419
1612310 418
1612320 418
1612330 417
1612340 416
1612350 416
1612360 416
1612370 416
1612380 416
1612390 415
1612400 415
1612410 415
1612420 415
1612430 415
1612440 415
1612450 415
1612460 415
1612470 415
1612480 415
1612490 415
1612500 415
1612510 415
1612520 414
1612530 414
1612540 414
1612550 414
1612560 414
1612570 413
1612580 413
1612590 413
1612600 413
1612610 413
1612620 413
1612630 413
1612640 412
1612650 412
1612660 412
1612670 412
1612680 412
1612690 411
1612700 411
1612710 411
1612720 410
1612730 410
1612740 410
1612750 409
1612760 409
1612770 409
1612780 408
1612790 408
1612800 408
1612810 407
1612820 406
1612830 406
1612840 406
1612850 405
1612860 405
1612870 405
1612880 404
1612890 404
1612900 404
1612910 402
1612920 402
1612930 400
1612940 396
1612950 396
1612960 390
1612970 386
1612980 386
1612990 384
1613000 383
1613010 383
1613020 383
1613030 382
1613040 382
1613050 382
1613060 381
1613070 381
1613080 381
1613090 381
1613100 381
1613110 381
1613120 381
1613130 381
1613140 381
1613150 381
1613160 380
1613170 380
1613180 380
1613190 379
1613200 379
1613210 378
1613220 377
1613230 377
1613240 375
1613250 374
1613260 374
1613270 373
1613280 372
1613290 372
1613300 371
1613310 371
1613320 371
1613330 371
1613340 371
1613350 371
1613360 371
1613370 370
1613380 370
1613390 370
1613400 370
1613410 370
1613420 369
1613430 369
1613440 369
1613450 368
1613460 367
1613470 367
1613480 365
1613490 363
1613500 363
1613510 361
1613520 359
1613530 359
1613540 356
1613550 354
1613560 354
1613570 352
1613580 350
1613590 350
1613600 349
1613610 348
1613620 348
1613630 346
1613640 346
1613650 346
1613660 346
1613670 346
1613680 346
1613690 346
1613700 346
1613710 346
1613720 346
1613730 346
1613740 346
1613750 346
1613760 346
1613770 346
1613780 346
1613790 346
1613800 346
1613810 346
1613820 346
1613830 346
1613840 346
1613850 346
1613860 346
1613870 346
1613880 346
1613890 347
1613900 347
1613910 348
1613920 350
1613930 350
1613940 353
1613950 355
1613960 355
1613970 358
1613980 360
1613990 360
1614000 361
1614010 363
1614020 363
1614030 363
1614040 362
1614050 362
1614060 362
1614070 361
1614080 361
1614090 352
1614100 352
1614110 352
1614120 351
1614130 350
1614140 350
1614150 349
1614160 348
1614170 348
1614180 347
1614190 347
1614200 347
1614210 347
1614220 346
1614230 346
1614240 346
1614250 346
1614260 346
1614270 346
1614280 346
1614290 346
1614300 347
1614310 347
1614320 347
1614330 347
1614340 347
1614350 347
1614360 347
1614370 347
1614380 347
1614390 347
1614400 347
1614410 347
1614420 347
1614430 347
1614440 348
1614450 348
1614460 349
1614470 349
1614480 349
1614490 350
1614500 351
1614510 351
1614520 353
1614530 354
1614540 354
1614550 355
1614560 357
1614570 357
1614580 359
1614590 360
1614600 360
1614610 361
1614620 362
1614630 362
1614640 364
1614650 365
1614660 365
1614670 365
1614680 366
1614690 366
1614700 366
1614710 366
1614720 366
1614730 364
1614740 362
1614750 362
1614760 362
1614770 362
1614780 362
1614790 363
1614800 363
1614810 363
1614820 361
1614830 359
1614840 359
1614850 357
1614860 355
1614870 355
1614880 354
1614890 354
1614900 354
1614910 353
1614920 353
1614930 353
1614940 353
1614950 352
1614960 352
1614970 351
1614980 350
1614990 350
1615000 349
1615010 348
1615020 348
1615030 347
1615040 347
1615050 347
1615060 346
1615070 346
1615080 346
1615090 346
1615100 346
1615110 346
1615120 346
1615130 346
1615140 346
1615150 346
1615160 346
1615170 347
1615180 347
1615190 349
1615200 350
1615210 350
1615220 353
1615230 356
1615240 356
1615250 358
1615260 361
1615270 361
1615280 365
1615290 369
1615300 369
1615310 373
1615320 377
1615330 377
1615340 379
1615350 384
1615360 384
1615370 387
1615380 390
1615390 390
1615400 393
1615410 395
1615420 395
1615430 398
1615440 401
1615450 401
1615460 404
1615470 407
1615480 407
1615490 410
1615500 414
1615510 414
1615520 418
1615530 421
1615540 421
1615550 425
1615560 429
1615570 429
1615580 433
1615590 437
1615600 437
1615610 441
1615620 444
1615630 444
1615640 448
1615650 451
1615660 451
1615670 453
1615680 455
1615690 455
1615700 456
1615710 456
1615720 456
1615730 456
1615740 457
1615750 457
1615760 457
1615770 458
1615780 458
1615790 458
1615800 459
1615810 459
1615820 459
1615830 459
1615840 459
1615850 459
1615860 460
1615870 461
1615880 461
1615890 463
1615900 466
1615910 466
1615920 468
1615930 471
1615940 471
1615950 474
1615960 477
1615970 477
1615980 479
1615990 481
1616000 481
1616010 483
1616020 484
1616030 484
1616040 486
1616050 487
1616060 489
1616070 491
1616080 492
1616090 492
1616100 493
1616110 495
1616120 495
1616130 496
1616140 497
1616150 497
1616160 498
1616170 499
1616180 499
1616190 500
1616200 502
1616210 502
1616220 503
1616230 504
1616240 504
1616250 505
1616260 505
1616270 505
1616280 504
1616290 499
1616300 499
1616310 492
1616320 487
1616330 487
1616340 484
1616350 484
1616360 484
1616370 487
1616380 491
1616390 491
1616400 494
1616410 498
1616420 498
1616430 503
1616440 508
1616450 508
1616460 512
1616470 517
1616480 517
1616490 521
1616500 525
1616510 530
1616520 530
1616530 535
1616540 540
1616550 540
1616560 545
1616570 548
1616580 548
1616590 551
1616600 553
1616610 553
1616620 555
1616630 554
1616640 554
1616650 550
1616660 546
1616670 546
1616680 543
1616690 541
1616700 541
1616710 540
1616720 540
1616730 540
1616740 540
1616750 539
1616760 539
1616770 541
1616780 546
1616790 546
1616800 553
1616810 558
1616820 558
1616830 563
1616840 568
1616850 568
1616860 573
1616870 577
1616880 577
1616890 582
1616900 587
1616910 587
1616920 591
1616930 595
1616940 595
1616950 599
1616960 603
1616970 603
1616980 607
1616990 610
1617000 610
1617010 615
1617020 619
1617030 619
1617040 626
1617050 628
1617060 628
1617070 630
1617080 631
1617090 631
1617100 632
1617110 630
1617120 630
1617130 625
1617140 619
1617150 619
1617160 613
1617170 607
1617180 607
1617190 602
1617200 597
1617210 591
1617220 591
1617230 587
1617240 582
1617250 582
1617260 575
1617270 570
1617280 570
1617290 565
1617300 562
1617310 562
1617320 558
1617330 555
1617340 555
1617350 552
1617360 549
1617370 549
1617380 545
1617390 542
1617400 542
1617410 540
1617420 536
1617430 536
1617440 532
1617450 526
1617460 526
1617470 519
1617480 513
1617490 513
1617500 508
1617510 503
1617520 503
1617530 499
1617540 495
1617550 495
1617560 493
1617570 492
1617580 492
1617590 487
1617600 482
1617610 482
1617620 477
1617630 472
1617640 472
1617650 467
1617660 463
1617670 463
1617680 459
1617690 456
1617700 456
1617710 452
1617720 449
1617730 449
1617740 446
1617750 443
1617760 443
1617770 440
1617780 437
1617790 437
1617800 434
1617810 431
1617820 431
1617830 427
1617840 424
1617850 424
1617860 420
1617870 417
1617880 417
1617890 413
1617900 410
1617910 407
1617920 407
1617930 404
1617940 402
1617950 402
1617960 398
1617970 392
1617980 392
1617990 385
1618000 380
1618010 380
1618020 379
1618030 377
1618040 377
1618050 376
1618060 375
1618070 375
1618080 375
1618090 373
1618100 373
1618110 372
1618120 374
1618130 374
1618140 376
1618150 378
1618160 378
1618170 380
1618180 383
1618190 383
1618200 387
1618210 392
1618220 392
1618230 398
1618240 403
1618250 403
1618260 409
1618270 415
1618280 415
1618290 421
1618300 426
1618310 426
1618320 432
1618330 438
1618340 438
1618350 443
1618360 449
1618370 449
1618380 453
1618390 458
1618400 458
1618410 462
1618420 467
1618430 467
1618440 472
1618450 476
1618460 476
1618470 481
1618480 486
1618490 486
1618500 490
1618510 494
1618520 494
1618530 498
1618540 501
1618550 501
1618560 503
1618570 501
1618580 501
1618590 497
1618600 491
1618610 486
1618620 486
1618630 481
1618640 477
1618650 477
1618660 473
1618670 471
1618680 471
1618690 470
1618700 468
1618710 468
1618720 464
1618730 458
1618740 458
1618750 451
1618760 445
1618770 445
1618780 438
1618790 431
1618800 431
1618810 425
1618820 420
1618830 420
1618840 415
1618850 411
1618860 411
1618870 406
1618880 400
1618890 400
1618900 393
1618910 392
1618920 392
1618930 393
1618940 393
1618950 393
1618960 393
1618970 393
1618980 393
1618990 390
1619000 388
1619010 388
1619020 388
1619030 389
1619040 389
1619050 389
1619060 388
1619070 388
1619080 387
1619090 387
1619100 387
1619110 387
1619120 387
1619130 387
1619140 387
1619150 387
1619160 387
1619170 387
1619180 385
1619190 385
1619200 378
1619210 375
1619220 375
1619230 374
1619240 374
1619250 374
1619260 374
1619270 374
1619280 374
1619290 374
1619300 373
1619310 377
1619320 377
1619330 380
1619340 382
1619350 382
1619360 385
1619370 392
1619380 392
1619390 400
1619400 408
1619410 408
1619420 414
1619430 418
1619440 418
1619450 421
1619460 424
1619470 424
1619480 430
1619490 433
1619500 433
1619510 438
1619520 442
1619530 442
1619540 445
1619550 448
1619560 448
1619570 450
1619580 451
1619590 451
1619600 452
1619610 453
1619620 453
1619630 453
1619640 454
1619650 454
1619660 454
1619670 454
1619680 454
1619690 454
1619700 453
1619710 453
1619720 453
1619730 453
1619740 453
1619750 453
1619760 453
1619770 453
1619780 452
1619790 452
1619800 452
1619810 452
1619820 452
1619830 452
1619840 452
1619850 452
1619860 452
1619870 452
1619880 452
1619890 452
1619900 452
1619910 453
1619920 453
1619930 453
1619940 453
1619950 453
1619960 454
1619970 454
1619980 454
1619990 455
