1600000 956
1600010 954
1600020 954
1600030 951
1600040 948
1600050 948
1600060 946
1600070 944
1600080 944
1600090 943
1600100 945
1600110 945
1600120 949
1600130 953
1600140 953
1600150 958
1600160 962
1600170 962
1600180 967
1600190 972
1600200 977
1600210 977
1600220 982
1600230 987
1600240 987
1600250 992
1600260 997
1600270 997
1600280 1002
1600290 1006
1600300 1006
1600310 1011
1600320 1015
1600330 1015
1600340 1019
1600350 1024
1600360 1024
1600370 1027
1600380 1031
1600390 1031
1600400 1034
1600410 1038
1600420 1038
1600430 1041
1600440 1044
1600450 1044
1600460 1047
1600470 1050
1600480 1050
1600490 1053
1600500 1055
1600510 1055
1600520 1057
1600530 1058
1600540 1058
1600550 1058
1600560 1058
1600570 1058
1600580 1058
1600590 1057
1600600 1057
1600610 1056
1600620 1054
1600630 1054
1600640 1053
1600650 1052
1600660 1052
1600670 1050
1600680 1048
1600690 1048
1600700 1045
1600710 1043
1600720 1043
1600730 1040
1600740 1035
1600750 1035
1600760 1029
1600770 1022
1600780 1022
1600790 1015
1600800 1007
1600810 1007
1600820 1000
1600830 993
1600840 993
1600850 981
1600860 975
1600870 975
1600880 969
1600890 964
1600900 959
1600910 959
1600920 953
1600930 950
1600940 950
1600950 947
1600960 943
1600970 943
1600980 938
1600990 934
1601000 934
1601010 931
1601020 928
1601030 928
1601040 926
1601050 924
1601060 924
1601070 923
1601080 921
1601090 921
1601100 921
1601110 920
1601120 920
1601130 919
1601140 919
1601150 919
1601160 918
1601170 917
1601180 917
1601190 915
1601200 911
1601210 911
1601220 907
1601230 902
1601240 902
1601250 896
1601260 891
1601270 891
1601280 885
1601290 879
1601300 879
1601310 873
1601320 868
1601330 868
1601340 862
1601350 857
1601360 857
1601370 852
1601380 847
1601390 847
1601400 841
1601410 837
1601420 837
1601430 832
1601440 827
1601450 827
1601460 821
1601470 815
1601480 815
1601490 809
1601500 802
1601510 802
1601520 796
1601530 790
1601540 790
1601550 784
1601560 777
1601570 771
1601580 771
1601590 764
1601600 758
1601610 758
1601620 751
1601630 744
1601640 744
1601650 737
1601660 729
1601670 729
1601680 724
1601690 724
1601700 724
1601710 728
1601720 734
1601730 734
1601740 739
1601750 744
1601760 744
1601770 749
1601780 755
1601790 755
1601800 761
1601810 766
1601820 766
1601830 772
1601840 778
1601850 778
1601860 784
1601870 791
1601880 791
1601890 797
1601900 803
1601910 803
1601920 808
1601930 813
1601940 813
1601950 820
1601960 822
1601970 822
1601980 829
1601990 836
1602000 836
1602010 842
1602020 849
1602030 849
1602040 855
1602050 862
1602060 862
1602070 869
1602080 876
1602090 876
1602100 882
1602110 889
1602120 889
1602130 894
1602140 900
1602150 900
1602160 906
1602170 911
1602180 911
1602190 915
1602200 919
1602210 919
1602220 923
1602230 925
1602240 925
1602250 926
1602260 926
1602270 925
1602280 925
1602290 925
1602300 924
1602310 924
1602320 923
1602330 922
1602340 922
1602350 922
1602360 922
1602370 922
1602380 922
1602390 923
1602400 923
1602410 924
1602420 925
1602430 925
1602440 924
1602450 923
1602460 923
1602470 925
1602480 928
1602490 928
1602500 931
1602510 935
1602520 935
1602530 939
1602540 943
1602550 943
1602560 949
1602570 955
1602580 955
1602590 960
1602600 964
1602610 964
1602620 969
1602630 974
1602640 974
1602650 979
1602660 984
1602670 984
1602680 988
1602690 992
1602700 992
1602710 996
1602720 1002
1602730 1002
1602740 1007
1602750 1012
1602760 1012
1602770 1018
1602780 1025
1602790 1025
1602800 1032
1602810 1038
1602820 1038
1602830 1043
1602840 1047
1602850 1047
1602860 1054
1602870 1060
1602880 1060
1602890 1066
1602900 1071
1602910 1071
1602920 1077
1602930 1083
1602940 1083
1602950 1089
1602960 1094
1602970 1100
1602980 1100
1602990 1106
1603000 1112
1603010 1112
1603020 1118
1603030 1123
1603040 1123
1603050 1126
1603060 1132
1603070 1132
1603080 1138
1603090 1144
1603100 1144
1603110 1150
1603120 1155
1603130 1155
1603140 1160
1603150 1165
1603160 1165
1603170 1170
1603180 1174
1603190 1174
1603200 1174
1603210 1170
1603220 1170
1603230 1167
1603240 1164
1603250 1164
1603260 1160
1603270 1157
1603280 1157
1603290 1154
1603300 1151
1603310 1151
1603320 1148
1603330 1145
1603340 1145
1603350 1141
1603360 1138
1603370 1138
1603380 1135
1603390 1132
1603400 1132
1603410 1129
1603420 1125
1603430 1125
1603440 1121
1603450 1118
1603460 1118
1603470 1115
1603480 1112
1603490 1112
1603500 1109
1603510 1106
1603520 1106
1603530 1103
1603540 1100
1603550 1100
1603560 1096
1603570 1092
1603580 1092
1603590 1089
1603600 1084
1603610 1084
1603620 1080
1603630 1075
1603640 1075
1603650 1071
1603660 1066
1603670 1061
1603680 1061
1603690 1056
1603700 1051
1603710 1051
1603720 1046
1603730 1042
1603740 1042
1603750 1037
1603760 1032
1603770 1032
1603780 1026
1603790 1021
1603800 1021
1603810 1015
1603820 1010
1603830 1010
1603840 1004
1603850 999
1603860 999
1603870 993
1603880 988
1603890 988
1603900 983
1603910 978
1603920 978
1603930 973
1603940 969
1603950 969
1603960 964
1603970 960
1603980 960
1603990 955
1604000 950
1604010 950
1604020 945
1604030 941
1604040 941
1604050 936
1604060 930
1604070 930
1604080 925
1604090 920
1604100 920
1604110 915
1604120 909
1604130 912
1604140 905
1604150 899
1604160 899
1604170 894
1604180 891
1604190 891
1604200 887
1604210 883
1604220 883
1604230 880
1604240 877
1604250 877
1604260 874
1604270 871
1604280 871
1604290 868
1604300 865
1604310 865
1604320 861
1604330 857
1604340 857
1604350 852
1604360 848
1604370 843
1604380 843
1604390 838
1604400 833
1604410 833
1604420 826
1604430 820
1604440 820
1604450 814
1604460 808
1604470 808
1604480 802
1604490 796
1604500 796
1604510 790
1604520 784
1604530 784
1604540 778
1604550 772
1604560 772
1604570 766
1604580 758
1604590 758
1604600 751
1604610 746
1604620 746
1604630 741
1604640 736
1604650 736
1604660 732
1604670 728
1604680 728
1604690 724
1604700 720
1604710 720
1604720 716
1604730 713
1604740 713
1604750 711
1604760 709
1604770 709
1604780 707
1604790 706
1604800 706
1604810 706
1604820 704
1604830 704
1604840 702
1604850 700
1604860 700
1604870 695
1604880 690
1604890 690
1604900 684
1604910 679
1604920 679
1604930 675
1604940 671
1604950 671
1604960 667
1604970 664
1604980 664
1604990 660
1605000 656
1605010 656
1605020 651
1605030 646
1605040 642
1605050 642
1605060 637
1605070 635
1605080 635
1605090 633
1605100 631
1605110 631
1605120 630
1605130 627
1605140 627
1605150 624
1605160 622
1605170 622
1605180 619
1605190 615
1605200 616
1605210 611
1605220 606
1605230 606
1605240 602
1605250 599
1605260 599
1605270 596
1605280 595
1605290 595
1605300 593
1605310 591
1605320 591
1605330 588
1605340 586
1605350 586
1605360 584
1605370 584
1605380 584
1605390 585
1605400 586
1605410 586
1605420 587
1605430 588
1605440 588
1605450 589
1605460 590
1605470 590
1605480 590
1605490 589
1605500 589
1605510 587
1605520 584
1605530 584
1605540 580
1605550 575
1605560 575
1605570 571
1605580 565
1605590 565
1605600 560
1605610 555
1605620 555
1605630 552
1605640 549
1605650 549
1605660 547
1605670 543
1605680 543
1605690 538
1605700 534
1605710 534
1605720 531
1605730 527
1605740 524
1605750 524
1605760 523
1605770 522
1605780 522
1605790 521
1605800 520
1605810 520
1605820 520
1605830 519
1605840 519
1605850 518
1605860 517
1605870 517
1605880 517
1605890 516
1605900 516
1605910 516
1605920 516
1605930 516
1605940 516
1605950 516
1605960 516
1605970 516
1605980 516
1605990 516
1606000 517
1606010 518
1606020 518
1606030 518
1606040 519
1606050 519
1606060 519
1606070 519
1606080 519
1606090 519
1606100 519
1606110 519
1606120 519
1606130 516
1606140 516
1606150 511
1606160 506
1606170 506
1606180 502
1606190 499
1606200 499
1606210 497
1606220 496
1606230 496
1606240 496
1606250 497
1606260 497
1606270 495
1606280 492
1606290 492
1606300 491
1606310 492
1606320 492
1606330 492
1606340 492
1606350 492
1606360 491
1606370 491
1606380 491
1606390 490
1606400 492
1606410 492
1606420 496
1606430 496
1606440 495
1606450 495
1606460 493
1606470 490
1606480 490
1606490 489
1606500 488
1606510 488
1606520 488
1606530 486
1606540 486
1606550 484
1606560 480
1606570 480
1606580 476
1606590 475
1606600 475
1606610 475
1606620 473
1606630 473
1606640 470
1606650 466
1606660 466
1606670 462
1606680 459
1606690 459
1606700 460
1606710 463
1606720 463
1606730 466
1606740 465
1606750 465
1606760 460
1606770 453
1606780 453
1606790 447
1606800 444
1606810 444
1606820 444
1606830 444
1606840 444
1606850 445
1606860 445
1606870 445
1606880 444
1606890 443
1606900 443
1606910 442
1606920 441
1606930 441
1606940 440
1606950 438
1606960 438
1606970 437
1606980 436
1606990 436
1607000 436
1607010 435
1607020 435
1607030 435
1607040 434
1607050 434
1607060 432
1607070 430
1607080 430
1607090 426
1607100 424
1607110 424
1607120 424
1607130 425
1607140 428
1607150 428
1607160 432
1607170 436
1607180 436
1607190 439
1607200 443
1607210 443
1607220 446
1607230 447
1607240 447
1607250 449
1607260 449
1607270 449
1607280 449
1607290 447
1607300 447
1607310 444
1607320 435
1607330 435
1607340 433
1607350 429
1607360 429
1607370 423
1607380 419
1607390 419
1607400 416
1607410 413
1607420 413
1607430 411
1607440 411
1607450 411
1607460 411
1607470 412
1607480 412
1607490 415
1607500 420
1607510 420
1607520 423
1607530 427
1607540 427
1607550 432
1607560 437
1607570 437
1607580 442
1607590 447
1607600 447
1607610 452
1607620 459
1607630 459
1607640 466
1607650 470
1607660 470
1607670 473
1607680 476
1607690 476
1607700 481
1607710 485
1607720 485
1607730 491
1607740 497
1607750 497
1607760 501
1607770 503
1607780 503
1607790 506
1607800 509
1607810 509
1607820 510
1607830 511
1607840 511
1607850 511
1607860 511
1607870 511
1607880 511
1607890 512
1607900 513
1607910 513
1607920 514
1607930 515
1607940 515
1607950 516
1607960 516
1607970 516
1607980 516
1607990 517
1608000 517
1608010 518
1608020 519
1608030 519
1608040 520
1608050 521
1608060 521
1608070 522
1608080 523
1608090 523
1608100 525
1608110 527
1608120 527
1608130 529
1608140 531
1608150 531
1608160 533
1608170 535
1608180 535
1608190 538
1608200 540
1608210 540
1608220 543
1608230 546
1608240 546
1608250 549
1608260 552
1608270 552
1608280 555
1608290 559
1608300 559
1608310 563
1608320 567
1608330 567
1608340 571
1608350 574
1608360 574
1608370 572
1608380 575
1608390 575
1608400 579
1608410 582
1608420 582
1608430 585
1608440 589
1608450 589
1608460 592
1608470 595
1608480 595
1608490 598
1608500 601
1608510 601
1608520 605
1608530 608
1608540 611
1608550 611
1608560 613
1608570 616
1608580 616
1608590 619
1608600 621
1608610 621
1608620 624
1608630 627
1608640 627
1608650 630
1608660 633
1608670 633
1608680 635
1608690 637
1608700 637
1608710 637
1608720 635
1608730 635
1608740 633
1608750 630
1608760 630
1608770 627
1608780 624
1608790 624
1608800 620
1608810 617
1608820 617
1608830 614
1608840 612
1608850 612
1608860 610
1608870 607
1608880 607
1608890 605
1608900 603
1608910 603
1608920 600
1608930 597
1608940 597
1608950 594
1608960 592
1608970 592
1608980 589
1608990 585
1609000 585
1609010 582
1609020 579
1609030 579
1609040 575
1609050 572
1609060 572
1609070 568
1609080 564
1609090 564
1609100 561
1609110 556
1609120 556
1609130 553
1609140 550
1609150 550
1609160 546
1609170 542
1609180 542
1609190 538
1609200 534
1609210 534
1609220 530
1609230 525
1609240 520
1609250 520
1609260 516
1609270 511
1609280 511
1609290 507
1609300 504
1609310 504
1609320 500
1609330 498
1609340 498
1609350 495
1609360 493
1609370 493
1609380 491
1609390 488
1609400 482
1609410 481
1609420 478
1609430 478
1609440 476
1609450 472
1609460 472
1609470 468
1609480 463
1609490 463
1609500 458
1609510 452
1609520 452
1609530 444
1609540 436
1609550 436
1609560 428
1609570 419
1609580 419
1609590 409
1609600 401
1609610 401
1609620 393
1609630 386
1609640 386
1609650 377
1609660 360
1609670 360
1609680 355
1609690 355
1609700 355
1609710 354
1609720 350
1609730 350
1609740 346
1609750 346
1609760 346
1609770 346
1609780 346
1609790 346
1609800 346
1609810 346
1609820 346
1609830 346
1609840 346
1609850 346
1609860 346
1609870 347
1609880 347
1609890 352
1609900 355
1609910 355
1609920 359
1609930 362
1609940 365
1609950 365
1609960 366
1609970 366
1609980 366
1609990 366
1610000 366
1610010 366
1610020 369
1610030 374
1610040 374
1610050 378
1610060 382
1610070 382
1610080 386
1610090 391
1610100 391
1610110 394
1610120 398
1610130 398
1610140 401
1610150 402
1610160 402
1610170 402
1610180 402
1610190 402
1610200 403
1610210 403
1610220 403
1610230 403
1610240 403
1610250 403
1610260 403
1610270 403
1610280 403
1610290 403
1610300 404
1610310 404
1610320 404
1610330 404
1610340 404
1610350 405
1610360 405
1610370 405
1610380 406
1610390 406
1610400 406
1610410 406
1610420 407
1610430 407
1610440 407
1610450 408
1610460 408
1610470 408
1610480 409
1610490 409
1610500 409
1610510 410
1610520 410
1610530 411
1610540 411
1610550 411
1610560 411
1610570 411
1610580 411
1610590 411
1610600 412
1610610 412
1610620 412
1610630 412
1610640 412
1610650 412
1610660 412
1610670 412
1610680 412
1610690 413
1610700 413
1610710 413
1610720 413
1610730 413
1610740 413
1610750 414
1610760 414
1610770 414
1610780 414
1610790 414
1610800 414
1610810 414
1610820 414
1610830 414
1610840 414
1610850 415
1610860 415
1610870 415
1610880 415
1610890 415
1610900 415
1610910 415
1610920 415
1610930 415
1610940 415
1610950 415
1610960 415
1610970 415
1610980 415
1610990 415
1611000 414
1611010 414
1611020 414
1611030 414
1611040 414
1611050 415
1611060 415
1611070 415
1611080 414
1611090 414
1611100 414
1611110 414
1611120 414
1611130 414
1611140 414
1611150 414
1611160 414
1611170 414
1611180 414
1611190 414
1611200 414
1611210 414
1611220 414
1611230 414
1611240 414
1611250 414
1611260 413
1611270 410
1611280 410
1611290 409
1611300 409
1611310 410
1611320 410
1611330 411
1611340 411
1611350 411
1611360 412
1611370 412
1611380 412
1611390 412
1611400 412
1611410 412
1611420 412
1611430 411
1611440 411
1611450 411
1611460 411
1611470 411
1611480 411
1611490 411
1611500 411
1611510 411
1611520 411
1611530 411
1611540 412
1611550 411
1611560 411
1611570 411
1611580 411
1611590 411
1611600 410
1611610 410
1611620 410
1611630 410
1611640 410
1611650 410
1611660 410
1611670 410
1611680 410
1611690 410
1611700 409
1611710 409
1611720 409
1611730 408
1611740 408
1611750 408
1611760 407
1611770 407
1611780 406
1611790 405
1611800 405
1611810 404
1611820 403
1611830 403
1611840 403
1611850 404
1611860 404
1611870 405
1611880 404
1611890 404
1611900 404
1611910 403
1611920 403
1611930 404
1611940 405
1611950 405
1611960 406
1611970 407
1611980 407
1611990 408
1612000 409
1612010 409
1612020 409
1612030 409
1612040 410
1612050 410
1612060 411
1612070 411
1612080 411
1612090 411
1612100 411
1612110 411
1612120 412
1612130 412
1612140 412
1612150 412
1612160 412
1612170 412
1612180 412
1612190 412
1612200 412
1612210 412
1612220 411
1612230 411
1612240 411
1612250 411
1612260 411
1612270 411
1612280 411
1612290 411
1612300 411
1612310 411
1612320 411
1612330 410
1612340 410
1612350 410
1612360 408
1612370 406
1612380 406
1612390 405
1612400 403
1612410 403
1612420 403
1612430 403
1612440 403
1612450 403
1612460 404
1612470 404
1612480 405
1612490 406
1612500 406
1612510 407
1612520 406
1612530 406
1612540 406
1612550 405
1612560 405
1612570 404
1612580 403
1612590 403
1612600 403
1612610 404
1612620 404
1612630 404
1612640 404
1612650 404
1612660 405
1612670 404
1612680 404
1612690 404
1612700 402
1612710 398
1612720 398
1612730 391
1612740 386
1612750 386
1612760 384
1612770 382
1612780 382
1612790 380
1612800 380
1612810 380
1612820 379
1612830 379
1612840 379
1612850 379
1612860 379
1612870 379
1612880 379
1612890 379
1612900 379
1612910 379
1612920 378
1612930 378
1612940 377
1612950 375
1612960 375
1612970 375
1612980 375
1612990 375
1613000 375
1613010 375
1613020 375
1613030 375
1613040 374
1613050 374
1613060 373
1613070 371
1613080 371
1613090 370
1613100 370
1613110 370
1613120 370
1613130 370
1613140 370
1613150 370
1613160 369
1613170 369
1613180 367
1613190 362
1613200 362
1613210 358
1613220 354
1613230 354
1613240 351
1613250 349
1613260 349
1613270 348
1613280 346
1613290 346
1613300 346
1613310 346
1613320 346
1613330 346
1613340 346
1613350 346
1613360 346
1613370 346
1613380 346
1613390 346
1613400 346
1613410 346
1613420 346
1613430 346
1613440 346
1613450 346
1613460 346
1613470 346
1613480 346
1613490 346
1613500 346
1613510 346
1613520 347
1613530 349
1613540 349
1613550 351
1613560 354
1613570 354
1613580 356
1613590 358
1613600 358
1613610 361
1613620 363
1613630 363
1613640 365
1613650 367
1613660 367
1613670 369
1613680 370
1613690 370
1613700 372
1613710 375
1613720 375
1613730 377
1613740 379
1613750 379
1613760 379
1613770 379
1613780 379
1613790 379
1613800 379
1613810 379
1613820 379
1613830 379
1613840 379
1613850 379
1613860 379
1613870 379
1613880 379
1613890 379
1613900 379
1613910 379
1613920 379
1613930 379
1613940 380
1613950 380
1613960 380
1613970 380
1613980 381
1613990 381
1614000 382
1614010 382
1614020 382
1614030 384
1614040 385
1614050 385
1614060 386
1614070 387
1614080 387
1614090 387
1614100 388
1614110 388
1614120 388
1614130 388
1614140 388
1614150 388
1614160 388
1614170 388
1614180 388
1614190 388
1614200 388
1614210 388
1614220 387
1614230 387
1614240 387
1614250 387
1614260 387
1614270 387
1614280 387
1614290 386
1614300 386
1614310 386
1614320 386
1614330 386
1614340 386
1614350 386
1614360 386
1614370 386
1614380 386
1614390 386
1614400 386
1614410 386
1614420 386
1614430 386
1614440 386
1614450 386
1614460 386
1614470 385
1614480 385
1614490 385
1614500 385
1614510 385
1614520 385
1614530 385
1614540 385
1614550 385
1614560 385
1614570 385
1614580 385
1614590 385
1614600 385
1614610 385
1614620 386
1614630 386
1614640 386
1614650 386
1614660 386
1614670 387
1614680 387
1614690 387
1614700 387
1614710 387
1614720 387
1614730 387
1614740 387
1614750 387
1614760 386
1614770 386
1614780 386
1614790 385
1614800 384
1614810 381
1614820 381
1614830 380
1614840 378
1614850 378
1614860 377
1614870 377
1614880 377
1614890 376
1614900 376
1614910 376
1614920 376
1614930 375
1614940 375
1614950 375
1614960 375
1614970 375
1614980 375
1614990 374
1615000 374
1615010 374
1615020 374
1615030 374
1615040 375
1615050 375
1615060 375
1615070 375
1615080 375
1615090 375
1615100 375
1615110 374
1615120 374
1615130 370
1615140 365
1615150 365
1615160 360
1615170 356
1615180 356
1615190 352
1615200 349
1615210 349
1615220 347
1615230 346
1615240 346
1615250 346
1615260 346
1615270 346
1615280 346
1615290 346
1615300 346
1615310 346
1615320 346
1615330 346
1615340 346
1615350 346
1615360 346
1615370 348
1615380 351
1615390 351
1615400 354
1615410 359
1615420 359
1615430 364
1615440 369
1615450 373
1615460 378
1615470 380
1615480 380
1615490 382
1615500 383
1615510 385
1615520 385
1615530 387
1615540 389
1615550 389
1615560 392
1615570 396
1615580 396
1615590 400
1615600 404
1615610 404
1615620 408
1615630 411
1615640 411
1615650 414
1615660 417
1615670 417
1615680 418
1615690 416
1615700 416
1615710 416
1615720 416
1615730 416
1615740 416
1615750 419
1615760 419
1615770 423
1615780 428
1615790 428
1615800 433
1615810 439
1615820 439
1615830 444
1615840 447
1615850 447
1615860 449
1615870 452
1615880 452
1615890 455
1615900 457
1615910 457
1615920 460
1615930 462
1615940 462
1615950 463
1615960 465
1615970 465
1615980 466
1615990 467
1616000 467
1616010 468
1616020 470
1616030 470
1616040 471
1616050 472
1616060 472
1616070 473
1616080 474
1616090 474
1616100 475
1616110 476
1616120 476
1616130 477
1616140 478
1616150 478
1616160 479
1616170 480
1616180 480
1616190 481
1616200 481
1616210 481
1616220 481
1616230 482
1616240 482
1616250 482
1616260 482
1616270 483
1616280 483
1616290 483
1616300 482
1616310 482
1616320 479
1616330 475
1616340 475
1616350 470
1616360 465
1616370 465
1616380 462
1616390 459
1616400 459
1616410 457
1616420 458
1616430 461
1616440 464
1616450 467
1616460 467
1616470 471
1616480 475
1616490 475
1616500 478
1616510 480
1616520 480
1616530 482
1616540 485
1616550 485
1616560 489
1616570 493
1616580 493
1616590 495
1616600 497
1616610 497
1616620 498
1616630 498
1616640 498
1616650 497
1616660 500
1616670 500
1616680 506
1616690 510
1616700 510
1616710 512
1616720 516
1616730 516
1616740 521
1616750 526
1616760 526
1616770 531
1616780 535
1616790 535
1616800 538
1616810 541
1616820 541
1616830 545
1616840 548
1616850 548
1616860 551
1616870 554
1616880 554
1616890 556
1616900 559
1616910 561
1616920 561
1616930 563
1616940 565
1616950 565
1616960 565
1616970 567
1616980 567
1616990 570
1617000 573
1617010 573
1617020 577
1617030 580
1617040 580
1617050 584
1617060 588
1617070 588
1617080 592
1617090 595
1617100 595
1617110 599
1617120 603
1617130 603
1617140 606
1617150 609
1617160 609
1617170 613
1617180 615
1617190 615
1617200 618
1617210 621
1617220 621
1617230 624
1617240 627
1617250 627
1617260 630
1617270 634
1617280 634
1617290 635
1617300 634
1617310 634
1617320 631
1617330 627
1617340 627
1617350 624
1617360 621
1617370 621
1617380 617
1617390 611
1617400 606
1617410 600
1617420 592
1617430 592
1617440 585
1617450 579
1617460 579
1617470 573
1617480 567
1617490 567
1617500 560
1617510 553
1617520 553
1617530 546
1617540 540
1617550 540
1617560 536
1617570 530
1617580 530
1617590 523
1617600 517
1617610 512
1617620 512
1617630 507
1617640 502
1617650 502
1617660 497
1617670 493
1617680 493
1617690 488
1617700 484
1617710 484
1617720 479
1617730 475
1617740 475
1617750 472
1617760 467
1617770 467
1617780 463
1617790 458
1617800 458
1617810 453
1617820 448
1617830 448
1617840 443
1617850 437
1617860 437
1617870 431
1617880 426
1617890 426
1617900 421
1617910 417
1617920 417
1617930 414
1617940 411
1617950 411
1617960 408
1617970 407
1617980 407
1617990 403
1618000 396
1618010 396
1618020 390
1618030 384
1618040 384
1618050 380
1618060 378
1618070 378
1618080 377
1618090 375
1618100 375
1618110 374
1618120 373
1618130 373
1618140 373
1618150 373
1618160 373
1618170 372
1618180 372
1618190 372
1618200 373
1618210 373
1618220 373
1618230 375
1618240 378
1618250 378
1618260 383
1618270 388
1618280 388
1618290 393
1618300 397
1618310 402
1618320 402
1618330 407
1618340 412
1618350 412
1618360 420
1618370 426
1618380 426
1618390 432
1618400 438
1618410 438
1618420 444
1618430 450
1618440 450
1618450 455
1618460 461
1618470 461
1618480 466
1618490 472
1618500 472
1618510 477
1618520 482
1618530 482
1618540 487
1618550 491
1618560 491
1618570 492
1618580 488
1618590 488
1618600 483
1618610 478
1618620 478
1618630 472
1618640 466
1618650 466
1618660 459
1618670 450
1618680 450
1618690 441
1618700 435
1618710 435
1618720 428
1618730 421
1618740 421
1618750 414
1618760 408
1618770 408
1618780 404
1618790 401
1618800 401
1618810 396
1618820 390
1618830 390
1618840 383
1618850 378
1618860 378
1618870 373
1618880 371
1618890 371
1618900 371
1618910 372
1618920 372
1618930 372
1618940 372
1618950 372
1618960 372
1618970 372
1618980 372
1618990 372
1619000 373
1619010 374
1619020 374
1619030 373
1619040 373
1619050 373
1619060 373
1619070 374
1619080 374
1619090 374
1619100 373
1619110 373
1619120 374
1619130 375
1619140 375
1619150 377
1619160 380
1619170 380
1619180 382
1619190 387
1619200 387
1619210 392
1619220 398
1619230 398
1619240 401
1619250 401
1619260 401
1619270 395
1619280 390
1619290 390
1619300 389
1619310 392
1619320 385
1619330 388
1619340 388
1619350 388
1619360 389
1619370 396
1619380 396
1619390 403
1619400 408
1619410 408
1619420 412
1619430 418
1619440 418
1619450 422
1619460 425
1619470 425
1619480 427
1619490 429
1619500 429
1619510 431
1619520 434
1619530 434
1619540 438
1619550 445
1619560 445
1619570 447
1619580 449
1619590 449
1619600 449
1619610 450
1619620 450
1619630 450
1619640 450
1619650 450
1619660 450
1619670 450
1619680 450
1619690 450
1619700 450
1619710 450
1619720 450
1619730 451
1619740 451
1619750 451
1619760 451
1619770 451
1619780 451
1619790 451
1619800 450
1619810 450
1619820 451
1619830 451
1619840 451
1619850 450
1619860 449
1619870 449
1619880 451
1619890 451
1619900 451
1619910 452
1619920 452
1619930 452
1619940 453
1619950 454
1619960 454
1619970 455
1619980 457
1619990 457
