1600000 784
1600010 784
1600020 786
1600030 786
1600040 786
1600050 787
1600060 788
1600070 788
1600080 790
1600090 791
1600100 791
1600110 791
1600120 791
1600130 791
1600140 792
1600150 792
1600160 792
1600170 791
1600180 791
1600190 791
1600200 791
1600210 792
1600220 792
1600230 792
1600240 792
1600250 792
1600260 792
1600270 792
1600280 792
1600290 792
1600300 793
1600310 793
1600320 793
1600330 793
1600340 793
1600350 792
1600360 790
1600370 788
1600380 785
1600390 783
1600400 779
1600410 779
1600420 774
1600430 768
1600440 768
1600450 761
1600460 753
1600470 753
1600480 746
1600490 739
1600500 739
1600510 733
1600520 730
1600530 730
1600540 726
1600550 722
1600560 722
1600570 717
1600580 713
1600590 713
1600600 709
1600610 706
1600620 706
1600630 702
1600640 699
1600650 699
1600660 694
1600670 689
1600680 689
1600690 688
1600700 685
1600710 685
1600720 681
1600730 675
1600740 675
1600750 669
1600760 663
1600770 663
1600780 658
1600790 652
1600800 652
1600810 648
1600820 645
1600830 645
1600840 642
1600850 636
1600860 636
1600870 629
1600880 621
1600890 621
1600900 613
1600910 605
1600920 605
1600930 599
1600940 596
1600950 596
1600960 594
1600970 591
1600980 591
1600990 585
1601000 578
1601010 578
1601020 574
1601030 574
1601040 574
1601050 575
1601060 580
1601070 580
1601080 584
1601090 587
1601100 589
1601110 589
1601120 591
1601130 594
1601140 594
1601150 598
1601160 602
1601170 602
1601180 607
1601190 612
1601200 612
1601210 617
1601220 622
1601230 622
1601240 626
1601250 631
1601260 631
1601270 635
1601280 639
1601290 639
1601300 643
1601310 645
1601320 645
1601330 648
1601340 648
1601350 648
1601360 648
1601370 648
1601380 648
1601390 650
1601400 651
1601410 651
1601420 653
1601430 656
1601440 656
1601450 659
1601460 664
1601470 664
1601480 667
1601490 670
1601500 670
1601510 674
1601520 677
1601530 677
1601540 681
1601550 683
1601560 683
1601570 686
1601580 689
1601590 689
1601600 691
1601610 693
1601620 693
1601630 694
1601640 696
1601650 696
1601660 699
1601670 701
1601680 701
1601690 705
1601700 708
1601710 708
1601720 710
1601730 712
1601740 712
1601750 715
1601760 716
1601770 716
1601780 718
1601790 719
1601800 721
1601810 721
1601820 723
1601830 726
1601840 726
1601850 729
1601860 733
1601870 733
1601880 737
1601890 741
1601900 741
1601910 746
1601920 752
1601930 752
1601940 757
1601950 761
1601960 761
1601970 765
1601980 768
1601990 768
1602000 772
1602010 775
1602020 775
1602030 778
1602040 782
1602050 782
1602060 786
1602070 788
1602080 788
1602090 792
1602100 797
1602110 797
1602120 801
1602130 806
1602140 806
1602150 811
1602160 815
1602170 815
1602180 818
1602190 820
1602200 820
1602210 822
1602220 825
1602230 825
1602240 826
1602250 828
1602260 828
1602270 830
1602280 832
1602290 832
1602300 835
1602310 837
1602320 837
1602330 840
1602340 843
1602350 843
1602360 845
1602370 848
1602380 848
1602390 851
1602400 854
1602410 854
1602420 857
1602430 861
1602440 861
1602450 865
1602460 869
1602470 869
1602480 873
1602490 877
1602500 877
1602510 881
1602520 884
1602530 888
1602540 888
1602550 892
1602560 896
1602570 896
1602580 900
1602590 904
1602600 904
1602610 908
1602620 911
1602630 911
1602640 914
1602650 917
1602660 917
1602670 922
1602680 927
1602690 927
1602700 931
1602710 935
1602720 935
1602730 938
1602740 941
1602750 941
1602760 944
1602770 949
1602780 949
1602790 954
1602800 960
1602810 960
1602820 966
1602830 972
1602840 972
1602850 981
1602860 990
1602870 990
1602880 998
1602890 1006
1602900 1006
1602910 1011
1602920 1016
1602930 1016
1602940 1020
1602950 1024
1602960 1024
1602970 1028
1602980 1032
1602990 1032
1603000 1035
1603010 1039
1603020 1039
1603030 1043
1603040 1048
1603050 1048
1603060 1053
1603070 1056
1603080 1056
1603090 1059
1603100 1063
1603110 1063
1603120 1068
1603130 1075
1603140 1075
1603150 1083
1603160 1090
1603170 1090
1603180 1095
1603190 1100
1603200 1100
1603210 1106
1603220 1112
1603230 1117
1603240 1117
1603250 1122
1603260 1127
1603270 1127
1603280 1131
1603290 1136
1603300 1136
1603310 1140
1603320 1144
1603330 1144
1603340 1147
1603350 1151
1603360 1151
1603370 1154
1603380 1156
1603390 1156
1603400 1159
1603410 1160
1603420 1160
1603430 1156
1603440 1149
1603450 1149
1603460 1142
1603470 1134
1603480 1134
1603490 1126
1603500 1119
1603510 1119
1603520 1112
1603530 1105
1603540 1105
1603550 1098
1603560 1090
1603570 1090
1603580 1081
1603590 1073
1603600 1073
1603610 1067
1603620 1062
1603630 1062
1603640 1057
1603650 1052
1603660 1052
1603670 1048
1603680 1045
1603690 1045
1603700 1041
1603710 1037
1603720 1037
1603730 1034
1603740 1031
1603750 1031
1603760 1030
1603770 1028
1603780 1028
1603790 1026
1603800 1023
1603810 1023
1603820 1020
1603830 1017
1603840 1017
1603850 1014
1603860 1012
1603870 1012
1603880 1010
1603890 1008
1603900 1008
1603910 1006
1603920 1003
1603930 1003
1603940 1002
1603950 1002
1603960 1000
1603970 1000
1603980 999
1603990 997
1604000 997
1604010 996
1604020 995
1604030 995
1604040 993
1604050 992
1604060 992
1604070 990
1604080 988
1604090 988
1604100 984
1604110 981
1604120 981
1604130 980
1604140 978
1604150 978
1604160 975
1604170 973
1604180 973
1604190 969
1604200 967
1604210 967
1604220 966
1604230 962
1604240 962
1604250 959
1604260 956
1604270 956
1604280 955
1604290 953
1604300 953
1604310 950
1604320 948
1604330 948
1604340 945
1604350 941
1604360 941
1604370 939
1604380 936
1604390 936
1604400 935
1604410 933
1604420 933
1604430 931
1604440 929
1604450 929
1604460 927
1604470 925
1604480 925
1604490 922
1604500 918
1604510 918
1604520 915
1604530 912
1604540 912
1604550 911
1604560 909
1604570 909
1604580 908
1604590 907
1604600 907
1604610 906
1604620 905
1604630 905
1604640 905
1604650 904
1604660 902
1604670 902
1604680 900
1604690 899
1604700 899
1604710 897
1604720 895
1604730 895
1604740 894
1604750 894
1604760 894
1604770 893
1604780 893
1604790 893
1604800 892
1604810 891
1604820 891
1604830 891
1604840 891
1604850 891
1604860 891
1604870 890
1604880 890
1604890 889
1604900 887
1604910 887
1604920 885
1604930 884
1604940 884
1604950 882
1604960 881
1604970 881
1604980 879
1604990 876
1605000 876
1605010 872
1605020 868
1605030 868
1605040 865
1605050 863
1605060 863
1605070 861
1605080 858
1605090 858
1605100 855
1605110 851
1605120 851
1605130 846
1605140 842
1605150 842
1605160 839
1605170 839
1605180 839
1605190 838
1605200 838
1605210 838
1605220 838
1605230 842
1605240 842
1605250 846
1605260 849
1605270 849
1605280 850
1605290 851
1605300 851
1605310 851
1605320 850
1605330 850
1605340 848
1605350 846
1605360 845
1605370 845
1605380 844
1605390 843
1605400 843
1605410 843
1605420 843
1605430 843
1605440 843
1605450 843
1605460 843
1605470 842
1605480 841
1605490 841
1605500 840
1605510 839
1605520 839
1605530 838
1605540 837
1605550 837
1605560 836
1605570 835
1605580 835
1605590 834
1605600 834
1605610 834
1605620 834
1605630 834
1605640 834
1605650 835
1605660 835
1605670 835
1605680 836
1605690 836
1605700 836
1605710 836
1605720 836
1605730 836
1605740 836
1605750 835
1605760 835
1605770 834
1605780 833
1605790 833
1605800 833
1605810 829
1605820 829
1605830 829
1605840 828
1605850 828
1605860 827
1605870 828
1605880 828
1605890 828
1605900 828
1605910 828
1605920 828
1605930 829
1605940 829
1605950 829
1605960 829
1605970 829
1605980 830
1605990 830
1606000 830
1606010 831
1606020 833
1606030 833
1606040 835
1606050 836
1606060 836
1606070 837
1606080 837
1606090 836
1606100 836
1606110 834
1606120 831
1606130 831
1606140 829
1606150 829
1606160 829
1606170 830
1606180 831
1606190 831
1606200 832
1606210 832
1606220 832
1606230 832
1606240 831
1606250 831
1606260 831
1606270 830
1606280 830
1606290 829
1606300 828
1606310 828
1606320 826
1606330 824
1606340 824
1606350 823
1606360 822
1606370 822
1606380 820
1606390 818
1606400 818
1606410 817
1606420 815
1606430 815
1606440 814
1606450 812
1606460 812
1606470 810
1606480 809
1606490 809
1606500 807
1606510 805
1606520 805
1606530 804
1606540 803
1606550 803
1606560 801
1606570 800
1606580 800
1606590 799
1606600 798
1606610 798
1606620 797
1606630 796
1606640 796
1606650 794
1606660 793
1606670 793
1606680 792
1606690 791
1606700 791
1606710 790
1606720 789
1606730 789
1606740 787
1606750 785
1606760 785
1606770 784
1606780 783
1606790 782
1606800 782
1606810 781
1606820 780
1606830 780
1606840 779
1606850 778
1606860 778
1606870 773
1606880 771
1606890 771
1606900 770
1606910 767
1606920 767
1606930 763
1606940 753
1606950 753
1606960 743
1606970 733
1606980 733
1606990 723
1607000 713
1607010 713
1607020 704
1607030 695
1607040 695
1607050 687
1607060 679
1607070 679
1607080 671
1607090 663
1607100 663
1607110 656
1607120 648
1607130 648
1607140 641
1607150 635
1607160 635
1607170 629
1607180 625
1607190 625
1607200 620
1607210 617
1607220 617
1607230 613
1607240 610
1607250 610
1607260 606
1607270 602
1607280 602
1607290 598
1607300 593
1607310 593
1607320 589
1607330 585
1607340 585
1607350 582
1607360 578
1607370 578
1607380 575
1607390 571
1607400 571
1607410 568
1607420 562
1607430 562
1607440 556
1607450 549
1607460 549
1607470 542
1607480 536
1607490 536
1607500 530
1607510 523
1607520 517
1607530 517
1607540 512
1607550 507
1607560 507
1607570 499
1607580 491
1607590 491
1607600 478
1607610 469
1607620 469
1607630 464
1607640 459
1607650 459
1607660 449
1607670 438
1607680 438
1607690 431
1607700 425
1607710 425
1607720 420
1607730 414
1607740 414
1607750 409
1607760 403
1607770 403
1607780 398
1607790 392
1607800 392
1607810 387
1607820 383
1607830 383
1607840 378
1607850 373
1607860 373
1607870 369
1607880 365
1607890 365
1607900 361
1607910 357
1607920 357
1607930 354
1607940 350
1607950 350
1607960 348
1607970 346
1607980 346
1607990 346
1608000 346
1608010 346
1608020 346
1608030 346
1608040 346
1608050 346
1608060 346
1608070 346
1608080 346
1608090 348
1608100 348
1608110 354
1608120 362
1608130 362
1608140 368
1608150 369
1608160 369
1608170 368
1608180 368
1608190 368
1608200 368
1608210 368
1608220 368
1608230 368
1608240 368
1608250 369
1608260 369
1608270 369
1608280 371
1608290 371
1608300 372
1608310 370
1608320 370
1608330 370
1608340 370
1608350 370
1608360 370
1608370 370
1608380 370
1608390 372
1608400 372
1608410 372
1608420 374
1608430 376
1608440 376
1608450 380
1608460 384
1608470 384
1608480 389
1608490 394
1608500 394
1608510 399
1608520 404
1608530 404
1608540 411
1608550 417
1608560 417
1608570 422
1608580 424
1608590 424
1608600 427
1608610 435
1608620 435
1608630 442
1608640 450
1608650 450
1608660 455
1608670 459
1608680 459
1608690 463
1608700 468
1608710 468
1608720 478
1608730 490
1608740 490
1608750 495
1608760 500
1608770 500
1608780 505
1608790 512
1608800 512
1608810 520
1608820 527
1608830 527
1608840 534
1608850 540
1608860 540
1608870 541
1608880 543
1608890 543
1608900 547
1608910 551
1608920 551
1608930 554
1608940 555
1608950 554
1608960 559
1608970 557
1608980 556
1608990 556
1609000 554
1609010 554
1609020 554
1609030 553
1609040 551
1609050 551
1609060 550
1609070 549
1609080 549
1609090 547
1609100 546
1609110 546
1609120 546
1609130 546
1609140 546
1609150 546
1609160 546
1609170 546
1609180 546
1609190 546
1609200 546
1609210 547
1609220 548
1609230 548
1609240 549
1609250 549
1609260 549
1609270 548
1609280 547
1609290 547
1609300 547
1609310 546
1609320 546
1609330 543
1609340 542
1609350 542
1609360 541
1609370 542
1609380 542
1609390 544
1609400 545
1609410 545
1609420 546
1609430 547
1609440 547
1609450 548
1609460 548
1609470 548
1609480 547
1609490 547
1609500 547
1609510 546
1609520 545
1609530 545
1609540 544
1609550 542
1609560 542
1609570 541
1609580 540
1609590 540
1609600 539
1609610 539
1609620 539
1609630 539
1609640 538
1609650 537
1609660 537
1609670 534
1609680 532
1609690 532
1609700 531
1609710 531
1609720 531
1609730 532
1609740 535
1609750 535
1609760 538
1609770 541
1609780 541
1609790 545
1609800 548
1609810 548
1609820 550
1609830 554
1609840 554
1609850 558
1609860 563
1609870 563
1609880 568
1609890 572
1609900 572
1609910 578
1609920 582
1609930 582
1609940 586
1609950 589
1609960 589
1609970 590
1609980 592
1609990 598
1610000 599
1610010 601
1610020 601
1610030 604
1610040 605
1610050 605
1610060 606
1610070 609
1610080 609
1610090 611
1610100 613
1610110 613
1610120 613
1610130 613
1610140 613
1610150 615
1610160 618
1610170 618
1610180 622
1610190 626
1610200 626
1610210 630
1610220 634
1610230 634
1610240 653
1610250 668
1610260 668
1610270 675
1610280 676
1610290 676
1610300 672
1610310 668
1610320 668
1610330 669
1610340 670
1610350 670
1610360 674
1610370 678
1610380 681
1610390 681
1610400 684
1610410 685
1610420 685
1610430 686
1610440 686
1610450 686
1610460 688
1610470 690
1610480 690
1610490 694
1610500 698
1610510 698
1610520 704
1610530 712
1610540 712
1610550 717
1610560 723
1610570 723
1610580 727
1610590 732
1610600 732
1610610 734
1610620 735
1610630 735
1610640 734
1610650 731
1610660 731
1610670 726
1610680 722
1610690 722
1610700 720
1610710 716
1610720 716
1610730 713
1610740 710
1610750 710
1610760 709
1610770 709
1610780 709
1610790 709
1610800 710
1610810 710
1610820 712
1610830 713
1610840 713
1610850 715
1610860 715
1610870 715
1610880 715
1610890 715
1610900 715
1610910 716
1610920 717
1610930 717
1610940 717
1610950 718
1610960 718
1610970 718
1610980 717
1610990 717
1611000 716
1611010 717
1611020 717
1611030 716
1611040 715
1611050 715
1611060 713
1611070 712
1611080 710
1611090 710
1611100 708
1611110 706
1611120 706
1611130 704
1611140 701
1611150 701
1611160 699
1611170 698
1611180 698
1611190 697
1611200 696
1611210 696
1611220 694
1611230 695
1611240 695
1611250 696
1611260 697
1611270 697
1611280 696
1611290 693
1611300 693
1611310 690
1611320 686
1611330 686
1611340 684
1611350 683
1611360 683
1611370 683
1611380 684
1611390 684
1611400 686
1611410 688
1611420 688
1611430 690
1611440 692
1611450 692
1611460 694
1611470 695
1611480 695
1611490 696
1611500 697
1611510 697
1611520 697
1611530 696
1611540 696
1611550 694
1611560 691
1611570 691
1611580 688
1611590 686
1611600 686
1611610 685
1611620 683
1611630 683
1611640 682
1611650 680
1611660 680
1611670 678
1611680 676
1611690 676
1611700 674
1611710 672
1611720 672
1611730 669
1611740 665
1611750 665
1611760 661
1611770 658
1611780 658
1611790 655
1611800 651
1611810 648
1611820 648
1611830 644
1611840 640
1611850 640
1611860 635
1611870 630
1611880 630
1611890 626
1611900 622
1611910 622
1611920 619
1611930 616
1611940 616
1611950 611
1611960 607
1611970 607
1611980 603
1611990 602
1612000 602
1612010 602
1612020 602
1612030 606
1612040 605
1612050 606
1612060 606
1612070 607
1612080 608
1612090 608
1612100 607
1612110 607
1612120 607
1612130 607
1612140 609
1612150 609
1612160 612
1612170 614
1612180 614
1612190 616
1612200 619
1612210 619
1612220 620
1612230 622
1612240 622
1612250 624
1612260 625
1612270 625
1612280 626
1612290 627
1612300 627
1612310 628
1612320 628
1612330 628
1612340 627
1612350 626
1612360 626
1612370 625
1612380 626
1612390 626
1612400 626
1612410 627
1612420 627
1612430 628
1612440 628
1612450 628
1612460 630
1612470 632
1612480 632
1612490 635
1612500 637
1612510 639
1612520 639
1612530 640
1612540 642
1612550 642
1612560 644
1612570 645
1612580 645
1612590 645
1612600 645
1612610 645
1612620 645
1612630 646
1612640 646
1612650 649
1612660 653
1612670 653
1612680 658
1612690 665
1612700 665
1612710 671
1612720 677
1612730 677
1612740 682
1612750 686
1612760 686
1612770 690
1612780 693
1612790 693
1612800 697
1612810 700
1612820 700
1612830 704
1612840 708
1612850 708
1612860 711
1612870 715
1612880 715
1612890 718
1612900 721
1612910 721
1612920 724
1612930 726
1612940 726
1612950 729
1612960 731
1612970 731
1612980 734
1612990 735
1613000 735
1613010 736
1613020 737
1613030 742
1613040 743
1613050 743
1613060 743
1613070 744
1613080 745
1613090 745
1613100 745
1613110 745
1613120 745
1613130 745
1613140 745
1613150 745
1613160 744
1613170 739
1613180 739
1613190 732
1613200 726
1613210 726
1613220 719
1613230 714
1613240 709
1613250 709
1613260 704
1613270 700
1613280 700
1613290 695
1613300 689
1613310 689
1613320 684
1613330 681
1613340 681
1613350 681
1613360 682
1613370 682
1613380 684
1613390 686
1613400 686
1613410 686
1613420 684
1613430 684
1613440 682
1613450 680
1613460 680
1613470 680
1613480 683
1613490 683
1613500 686
1613510 691
1613520 691
1613530 696
1613540 702
1613550 702
1613560 707
1613570 714
1613580 714
1613590 720
1613600 726
1613610 726
1613620 730
1613630 733
1613640 733
1613650 736
1613660 738
1613670 738
1613680 738
1613690 737
1613700 737
1613710 736
1613720 733
1613730 733
1613740 731
1613750 729
1613760 729
1613770 726
1613780 724
1613790 724
1613800 721
1613810 719
1613820 719
1613830 717
1613840 716
1613850 716
1613860 713
1613870 709
1613880 709
1613890 706
1613900 704
1613910 704
1613920 701
1613930 700
1613940 700
1613950 699
1613960 701
1613970 704
1613980 704
1613990 707
1614000 712
1614010 712
1614020 717
1614030 725
1614040 725
1614050 729
1614060 733
1614070 733
1614080 736
1614090 738
1614100 738
1614110 739
1614120 737
1614130 737
1614140 735
1614150 733
1614160 733
1614170 730
1614180 727
1614190 727
1614200 725
1614210 724
1614220 724
1614230 723
1614240 723
1614250 723
1614260 723
1614270 723
1614280 723
1614290 721
1614300 718
1614310 718
1614320 717
1614330 718
1614340 718
1614350 721
1614360 723
1614370 723
1614380 726
1614390 729
1614400 729
1614410 733
1614420 736
1614430 736
1614440 737
1614450 736
1614460 736
1614470 734
1614480 732
1614490 732
1614500 731
1614510 732
1614520 732
1614530 734
1614540 739
1614550 739
1614560 744
1614570 751
1614580 751
1614590 757
1614600 762
1614610 762
1614620 768
1614630 773
1614640 773
1614650 780
1614660 789
1614670 796
1614680 796
1614690 802
1614700 808
1614710 808
1614720 814
1614730 820
1614740 820
1614750 825
1614760 829
1614770 829
1614780 834
1614790 839
1614800 839
1614810 842
1614820 843
1614830 843
1614840 846
1614850 848
1614860 848
1614870 842
1614880 837
1614890 837
1614900 836
1614910 835
1614920 835
1614930 833
1614940 830
1614950 830
1614960 827
1614970 824
1614980 824
1614990 824
1615000 825
1615010 825
1615020 832
1615030 833
1615040 833
1615050 834
1615060 835
1615070 835
1615080 836
1615090 837
1615100 837
1615110 836
1615120 836
1615130 836
1615140 835
1615150 835
1615160 835
1615170 835
1615180 836
1615190 836
1615200 837
1615210 839
1615220 839
1615230 840
1615240 840
1615250 840
1615260 841
1615270 841
1615280 841
1615290 843
1615300 847
1615310 847
1615320 850
1615330 856
1615340 856
1615350 861
1615360 869
1615370 869
1615380 876
1615390 877
1615400 877
1615410 877
1615420 879
1615430 882
1615440 882
1615450 887
1615460 892
1615470 892
1615480 897
1615490 903
1615500 903
1615510 908
1615520 912
1615530 912
1615540 915
1615550 916
1615560 916
1615570 917
1615580 914
1615590 914
1615600 908
1615610 898
1615620 898
1615630 888
1615640 878
1615650 878
1615660 871
1615670 864
1615680 864
1615690 859
1615700 855
1615710 855
1615720 850
1615730 846
1615740 846
1615750 841
1615760 835
1615770 835
1615780 831
1615790 826
1615800 826
1615810 822
1615820 817
1615830 817
1615840 813
1615850 809
1615860 809
1615870 805
1615880 801
1615890 801
1615900 798
1615910 795
1615920 795
1615930 793
1615940 791
1615950 791
1615960 790
1615970 790
1615980 790
1615990 791
1616000 791
1616010 785
1616020 786
1616030 786
1616040 786
1616050 787
1616060 788
1616070 788
1616080 787
1616090 787
1616100 785
1616110 785
1616120 784
1616130 782
1616140 782
1616150 779
1616160 777
1616170 777
1616180 773
1616190 769
1616200 769
1616210 764
1616220 759
1616230 759
1616240 752
1616250 745
1616260 745
1616270 739
1616280 733
1616290 733
1616300 728
1616310 723
1616320 723
1616330 718
1616340 712
1616350 712
1616360 706
1616370 701
1616380 701
1616390 696
1616400 692
1616410 692
1616420 687
1616430 684
1616440 684
1616450 680
1616460 674
1616470 674
1616480 671
1616490 669
1616500 669
1616510 669
1616520 671
1616530 671
1616540 671
1616550 670
1616560 670
1616570 670
1616580 670
1616590 670
1616600 671
1616610 672
1616620 672
1616630 673
1616640 674
1616650 674
1616660 674
1616670 674
1616680 674
1616690 674
1616700 674
1616710 674
1616720 673
1616730 672
1616740 672
1616750 672
1616760 670
1616770 670
1616780 668
1616790 664
1616800 664
1616810 661
1616820 658
1616830 656
1616840 656
1616850 654
1616860 651
1616870 651
1616880 648
1616890 645
1616900 645
1616910 642
1616920 638
1616930 638
1616940 633
1616950 627
1616960 627
1616970 621
1616980 611
1616990 611
1617000 604
1617010 598
1617020 598
1617030 592
1617040 585
1617050 585
1617060 578
1617070 571
1617080 571
1617090 564
1617100 557
1617110 557
1617120 550
1617130 545
1617140 545
1617150 539
1617160 533
1617170 533
1617180 527
1617190 521
1617200 521
1617210 516
1617220 510
1617230 510
1617240 505
1617250 499
1617260 499
1617270 492
1617280 485
1617290 485
1617300 478
1617310 470
1617320 470
1617330 462
1617340 454
1617350 454
1617360 445
1617370 438
1617380 438
1617390 431
1617400 424
1617410 424
1617420 420
1617430 418
1617440 418
1617450 415
1617460 412
1617470 412
1617480 410
1617490 413
1617500 413
1617510 418
1617520 422
1617530 425
1617540 425
1617550 430
1617560 434
1617570 434
1617580 439
1617590 445
1617600 445
1617610 452
1617620 459
1617630 459
1617640 465
1617650 471
1617660 471
1617670 476
1617680 479
1617690 479
1617700 483
1617710 488
1617720 488
1617730 493
1617740 498
1617750 498
1617760 503
1617770 510
1617780 510
1617790 517
1617800 527
1617810 527
1617820 538
1617830 545
1617840 545
1617850 549
1617860 553
1617870 553
1617880 558
1617890 563
1617900 563
1617910 568
1617920 572
1617930 572
1617940 575
1617950 571
1617960 571
1617970 571
1617980 570
1617990 570
1618000 569
1618010 570
1618020 570
1618030 577
1618040 584
1618050 584
1618060 591
1618070 597
1618080 597
1618090 602
1618100 606
1618110 606
1618120 609
1618130 614
1618140 614
1618150 620
1618160 626
1618170 626
1618180 632
1618190 639
1618200 639
1618210 645
1618220 652
1618230 652
1618240 659
1618250 665
1618260 671
1618270 671
1618280 676
1618290 682
1618300 682
1618310 687
1618320 693
1618330 693
1618340 701
1618350 709
1618360 709
1618370 716
1618380 719
1618390 719
1618400 723
1618410 725
1618420 725
1618430 728
1618440 730
1618450 730
1618460 733
1618470 736
1618480 736
1618490 738
1618500 740
1618510 740
1618520 742
1618530 742
1618540 742
1618550 743
1618560 743
1618570 743
1618580 743
1618590 743
1618600 743
1618610 743
1618620 741
1618630 741
1618640 737
1618650 734
1618660 734
1618670 731
1618680 730
1618690 730
1618700 727
1618710 726
1618720 726
1618730 723
1618740 722
1618750 722
1618760 722
1618770 722
1618780 722
1618790 721
1618800 719
1618810 719
1618820 717
1618830 714
1618840 714
1618850 710
1618860 704
1618870 704
1618880 696
1618890 688
1618900 688
1618910 680
1618920 674
1618930 674
1618940 667
1618950 660
1618960 655
1618970 655
1618980 652
1618990 649
1619000 649
1619010 646
1619020 643
1619030 643
1619040 640
1619050 637
1619060 637
1619070 634
1619080 630
1619090 630
1619100 627
1619110 623
1619120 623
1619130 620
1619140 617
1619150 617
1619160 613
1619170 610
1619180 610
1619190 607
1619200 604
1619210 604
1619220 601
1619230 598
1619240 598
1619250 595
1619260 592
1619270 592
1619280 589
1619290 585
1619300 585
1619310 582
1619320 577
1619330 577
1619340 570
1619350 564
1619360 564
1619370 560
1619380 557
1619390 557
1619400 554
1619410 550
1619420 550
1619430 548
1619440 546
1619450 546
1619460 544
1619470 541
1619480 541
1619490 539
1619500 536
1619510 536
1619520 534
1619530 533
1619540 533
1619550 533
1619560 529
1619570 529
1619580 527
1619590 525
1619600 525
1619610 522
1619620 520
1619630 520
1619640 521
1619650 526
1619660 526
1619670 530
1619680 532
1619690 535
1619700 535
1619710 537
1619720 538
1619730 538
1619740 539
1619750 538
1619760 538
1619770 539
1619780 542
1619790 542
1619800 548
1619810 555
1619820 555
1619830 561
1619840 566
1619850 566
1619860 568
1619870 563
1619880 563
1619890 560
1619900 558
1619910 558
1619920 555
1619930 553
1619940 553
1619950 551
1619960 549
1619970 549
1619980 547
1619990 545
