1600000 654
1600010 652
1600020 650
1600030 650
1600040 650
1600050 650
1600060 650
1600070 650
1600080 651
1600090 651
1600100 651
1600110 651
1600120 651
1600130 653
1600140 655
1600150 655
1600160 655
1600170 654
1600180 654
1600190 653
1600200 654
1600210 654
1600220 654
1600230 653
1600240 653
1600250 653
1600260 654
1600270 654
1600280 650
1600290 651
1600300 652
1600310 652
1600320 655
1600330 658
1600340 658
1600350 662
1600360 667
1600370 667
1600380 671
1600390 674
1600400 674
1600410 677
1600420 680
1600430 680
1600440 681
1600450 680
1600460 680
1600470 677
1600480 673
1600490 673
1600500 670
1600510 667
1600520 667
1600530 664
1600540 661
1600550 661
1600560 657
1600570 652
1600580 652
1600590 647
1600600 643
1600610 643
1600620 639
1600630 635
1600640 635
1600650 631
1600660 629
1600670 629
1600680 631
1600690 634
1600700 634
1600710 642
1600720 652
1600730 652
1600740 660
1600750 659
1600760 659
1600770 653
1600780 643
1600790 643
1600800 634
1600810 627
1600820 627
1600830 616
1600840 610
1600850 610
1600860 608
1600870 612
1600880 612
1600890 619
1600900 621
1600910 621
1600920 605
1600930 589
1600940 589
1600950 574
1600960 562
1600970 562
1600980 556
1600990 551
1601000 551
1601010 550
1601020 552
1601030 556
1601040 556
1601050 561
1601060 567
1601070 567
1601080 573
1601090 580
1601100 580
1601110 587
1601120 594
1601130 594
1601140 601
1601150 608
1601160 608
1601170 615
1601180 627
1601190 627
1601200 639
1601210 648
1601220 648
1601230 656
1601240 663
1601250 663
1601260 670
1601270 678
1601280 678
1601290 686
1601300 696
1601310 696
1601320 705
1601330 713
1601340 713
1601350 721
1601360 729
1601370 729
1601380 739
1601390 751
1601400 751
1601410 759
1601420 766
1601430 766
1601440 774
1601450 781
1601460 781
1601470 787
1601480 792
1601490 792
1601500 797
1601510 801
1601520 801
1601530 803
1601540 804
1601550 804
1601560 802
1601570 797
1601580 797
1601590 793
1601600 789
1601610 789
1601620 785
1601630 780
1601640 780
1601650 775
1601660 771
1601670 771
1601680 766
1601690 761
1601700 761
1601710 757
1601720 750
1601730 744
1601740 744
1601750 742
1601760 744
1601770 744
1601780 744
1601790 747
1601800 747
1601810 752
1601820 756
1601830 756
1601840 759
1601850 763
1601860 763
1601870 763
1601880 759
1601890 759
1601900 760
1601910 763
1601920 763
1601930 765
1601940 767
1601950 767
1601960 770
1601970 773
1601980 773
1601990 777
1602000 781
1602010 781
1602020 784
1602030 787
1602040 787
1602050 790
1602060 793
1602070 793
1602080 799
1602090 802
1602100 802
1602110 802
1602120 802
1602130 802
1602140 804
1602150 806
1602160 806
1602170 810
1602180 813
1602190 813
1602200 816
1602210 820
1602220 820
1602230 823
1602240 826
1602250 826
1602260 829
1602270 832
1602280 832
1602290 835
1602300 838
1602310 838
1602320 840
1602330 842
1602340 842
1602350 844
1602360 846
1602370 846
1602380 848
1602390 850
1602400 850
1602410 852
1602420 854
1602430 854
1602440 856
1602450 859
1602460 862
1602470 862
1602480 865
1602490 868
1602500 868
1602510 871
1602520 874
1602530 874
1602540 876
1602550 878
1602560 878
1602570 880
1602580 883
1602590 883
1602600 888
1602610 892
1602620 892
1602630 896
1602640 900
1602650 900
1602660 905
1602670 909
1602680 909
1602690 912
1602700 916
1602710 916
1602720 919
1602730 922
1602740 922
1602750 925
1602760 928
1602770 928
1602780 933
1602790 937
1602800 937
1602810 942
1602820 945
1602830 945
1602840 948
1602850 952
1602860 952
1602870 958
1602880 963
1602890 963
1602900 968
1602910 973
1602920 973
1602930 979
1602940 983
1602950 983
1602960 988
1602970 993
1602980 993
1602990 1000
1603000 1006
1603010 1006
1603020 1013
1603030 1019
1603040 1019
1603050 1023
1603060 1028
1603070 1028
1603080 1033
1603090 1038
1603100 1038
1603110 1046
1603120 1055
1603130 1055
1603140 1064
1603150 1064
1603160 1062
1603170 1062
1603180 1060
1603190 1061
1603200 1061
1603210 1066
1603220 1070
1603230 1070
1603240 1073
1603250 1076
1603260 1076
1603270 1078
1603280 1081
1603290 1081
1603300 1089
1603310 1094
1603320 1094
1603330 1097
1603340 1100
1603350 1100
1603360 1101
1603370 1102
1603380 1102
1603390 1106
1603400 1112
1603410 1112
1603420 1116
1603430 1121
1603440 1121
1603450 1126
1603460 1124
1603470 1124
1603480 1120
1603490 1116
1603500 1116
1603510 1114
1603520 1113
1603530 1113
1603540 1112
1603550 1109
1603560 1109
1603570 1107
1603580 1106
1603590 1106
1603600 1103
1603610 1100
1603620 1100
1603630 1096
1603640 1091
1603650 1091
1603660 1087
1603670 1084
1603680 1084
1603690 1081
1603700 1078
1603710 1078
1603720 1075
1603730 1073
1603740 1073
1603750 1070
1603760 1067
1603770 1067
1603780 1065
1603790 1062
1603800 1062
1603810 1059
1603820 1058
1603830 1058
1603840 1055
1603850 1053
1603860 1053
1603870 1050
1603880 1047
1603890 1043
1603900 1043
1603910 1038
1603920 1034
1603930 1034
1603940 1030
1603950 1027
1603960 1027
1603970 1024
1603980 1022
1603990 1022
1604000 1020
1604010 1017
1604020 1017
1604030 1015
1604040 1014
1604050 1014
1604060 1014
1604070 1014
1604080 1014
1604090 1013
1604100 1011
1604110 1011
1604120 1008
1604130 1005
1604140 1005
1604150 1002
1604160 1000
1604170 1000
1604180 998
1604190 997
1604200 997
1604210 996
1604220 994
1604230 994
1604240 991
1604250 990
1604260 990
1604270 988
1604280 986
1604290 986
1604300 986
1604310 986
1604320 986
1604330 986
1604340 986
1604350 986
1604360 986
1604370 986
1604380 986
1604390 987
1604400 988
1604410 988
1604420 988
1604430 988
1604440 988
1604450 987
1604460 985
1604470 985
1604480 983
1604490 981
1604500 981
1604510 979
1604520 978
1604530 978
1604540 979
1604550 980
1604560 980
1604570 980
1604580 978
1604590 976
1604600 976
1604610 975
1604620 973
1604630 973
1604640 972
1604650 969
1604660 969
1604670 966
1604680 964
1604690 964
1604700 963
1604710 961
1604720 961
1604730 959
1604740 957
1604750 957
1604760 955
1604770 952
1604780 952
1604790 951
1604800 950
1604810 950
1604820 950
1604830 950
1604840 950
1604850 947
1604860 945
1604870 945
1604880 942
1604890 939
1604900 939
1604910 934
1604920 928
1604930 928
1604940 922
1604950 915
1604960 915
1604970 908
1604980 902
1604990 902
1605000 898
1605010 891
1605020 891
1605030 883
1605040 877
1605050 877
1605060 874
1605070 871
1605080 871
1605090 871
1605100 871
1605110 871
1605120 872
1605130 872
1605140 872
1605150 872
1605160 874
1605170 874
1605180 876
1605190 879
1605200 879
1605210 881
1605220 883
1605230 883
1605240 883
1605250 883
1605260 883
1605270 883
1605280 882
1605290 882
1605300 881
1605310 880
1605320 879
1605330 879
1605340 878
1605350 876
1605360 876
1605370 873
1605380 871
1605390 871
1605400 870
1605410 866
1605420 866
1605430 863
1605440 860
1605450 860
1605460 858
1605470 857
1605480 857
1605490 856
1605500 856
1605510 856
1605520 855
1605530 854
1605540 854
1605550 852
1605560 851
1605570 851
1605580 849
1605590 848
1605600 848
1605610 846
1605620 843
1605630 843
1605640 840
1605650 836
1605660 836
1605670 832
1605680 828
1605690 828
1605700 825
1605710 823
1605720 824
1605730 823
1605740 822
1605750 822
1605760 821
1605770 819
1605780 819
1605790 818
1605800 817
1605810 817
1605820 815
1605830 813
1605840 813
1605850 810
1605860 808
1605870 808
1605880 807
1605890 805
1605900 805
1605910 803
1605920 801
1605930 801
1605940 798
1605950 795
1605960 795
1605970 793
1605980 789
1605990 789
1606000 786
1606010 784
1606020 784
1606030 783
1606040 782
1606050 780
1606060 780
1606070 777
1606080 775
1606090 775
1606100 772
1606110 769
1606120 769
1606130 767
1606140 765
1606150 765
1606160 765
1606170 764
1606180 764
1606190 763
1606200 763
1606210 763
1606220 762
1606230 760
1606240 760
1606250 755
1606260 750
1606270 750
1606280 749
1606290 748
1606300 748
1606310 747
1606320 747
1606330 747
1606340 746
1606350 745
1606360 745
1606370 744
1606380 743
1606390 743
1606400 741
1606410 740
1606420 740
1606430 738
1606440 737
1606450 737
1606460 736
1606470 734
1606480 734
1606490 732
1606500 729
1606510 729
1606520 725
1606530 721
1606540 721
1606550 716
1606560 710
1606570 710
1606580 706
1606590 702
1606600 702
1606610 700
1606620 698
1606630 698
1606640 696
1606650 695
1606660 695
1606670 693
1606680 691
1606690 691
1606700 689
1606710 688
1606720 688
1606730 687
1606740 687
1606750 686
1606760 686
1606770 686
1606780 681
1606790 681
1606800 679
1606810 677
1606820 677
1606830 675
1606840 673
1606850 673
1606860 672
1606870 670
1606880 670
1606890 668
1606900 666
1606910 666
1606920 664
1606930 662
1606940 662
1606950 660
1606960 657
1606970 657
1606980 654
1606990 651
1607000 651
1607010 649
1607020 645
1607030 645
1607040 641
1607050 637
1607060 637
1607070 633
1607080 630
1607090 630
1607100 627
1607110 625
1607120 625
1607130 623
1607140 621
1607150 621
1607160 619
1607170 618
1607180 618
1607190 617
1607200 616
1607210 616
1607220 615
1607230 614
1607240 614
1607250 611
1607260 608
1607270 608
1607280 606
1607290 604
1607300 604
1607310 601
1607320 598
1607330 598
1607340 594
1607350 591
1607360 591
1607370 587
1607380 583
1607390 583
1607400 579
1607410 576
1607420 576
1607430 572
1607440 567
1607450 567
1607460 561
1607470 557
1607480 553
1607490 553
1607500 547
1607510 541
1607520 541
1607530 535
1607540 532
1607550 532
1607560 530
1607570 526
1607580 526
1607590 524
1607600 523
1607610 523
1607620 522
1607630 521
1607640 521
1607650 519
1607660 515
1607670 515
1607680 511
1607690 508
1607700 508
1607710 505
1607720 501
1607730 501
1607740 498
1607750 495
1607760 495
1607770 492
1607780 491
1607790 491
1607800 489
1607810 488
1607820 488
1607830 489
1607840 489
1607850 489
1607860 488
1607870 487
1607880 487
1607890 485
1607900 483
1607910 483
1607920 480
1607930 468
1607940 468
1607950 454
1607960 440
1607970 440
1607980 426
1607990 420
1608000 420
1608010 415
1608020 410
1608030 410
1608040 405
1608050 401
1608060 401
1608070 398
1608080 393
1608090 393
1608100 388
1608110 381
1608120 381
1608130 372
1608140 363
1608150 363
1608160 356
1608170 350
1608180 348
1608190 348
1608200 346
1608210 346
1608220 346
1608230 346
1608240 346
1608250 346
1608260 346
1608270 346
1608280 346
1608290 346
1608300 346
1608310 346
1608320 346
1608330 346
1608340 346
1608350 346
1608360 346
1608370 346
1608380 346
1608390 346
1608400 346
1608410 347
1608420 351
1608430 351
1608440 356
1608450 358
1608460 358
1608470 361
1608480 365
1608490 365
1608500 366
1608510 371
1608520 371
1608530 376
1608540 380
1608550 380
1608560 384
1608570 389
1608580 389
1608590 394
1608600 399
1608610 399
1608620 404
1608630 408
1608640 408
1608650 413
1608660 418
1608670 418
1608680 425
1608690 431
1608700 431
1608710 439
1608720 445
1608730 445
1608740 454
1608750 465
1608760 465
1608770 471
1608780 472
1608790 472
1608800 473
1608810 476
1608820 476
1608830 478
1608840 483
1608850 483
1608860 488
1608870 494
1608880 494
1608890 502
1608900 509
1608910 516
1608920 516
1608930 522
1608940 530
1608950 530
1608960 537
1608970 546
1608980 546
1608990 555
1609000 561
1609010 561
1609020 568
1609030 577
1609040 577
1609050 593
1609060 604
1609070 604
1609080 611
1609090 619
1609100 619
1609110 635
1609120 650
1609130 650
1609140 673
1609150 690
1609160 690
1609170 694
1609180 693
1609190 693
1609200 691
1609210 690
1609220 690
1609230 688
1609240 687
1609250 687
1609260 686
1609270 684
1609280 684
1609290 682
1609300 679
1609310 679
1609320 676
1609330 673
1609340 673
1609350 671
1609360 670
1609370 670
1609380 668
1609390 667
1609400 667
1609410 665
1609420 664
1609430 664
1609440 663
1609450 662
1609460 662
1609470 661
1609480 661
1609490 661
1609500 660
1609510 660
1609520 660
1609530 660
1609540 660
1609550 660
1609560 661
1609570 662
1609580 662
1609590 663
1609600 662
1609610 662
1609620 662
1609630 664
1609640 669
1609650 669
1609660 672
1609670 673
1609680 673
1609690 674
1609700 675
1609710 675
1609720 675
1609730 676
1609740 676
1609750 676
1609760 675
1609770 675
1609780 673
1609790 667
1609800 667
1609810 662
1609820 659
1609830 659
1609840 660
1609850 660
1609860 660
1609870 661
1609880 662
1609890 662
1609900 670
1609910 670
1609920 670
1609930 670
1609940 673
1609950 673
1609960 676
1609970 682
1609980 682
1609990 688
1610000 694
1610010 694
1610020 700
1610030 705
1610040 705
1610050 710
1610060 714
1610070 714
1610080 718
1610090 723
1610100 723
1610110 729
1610120 735
1610130 735
1610140 741
1610150 747
1610160 747
1610170 752
1610180 758
1610190 758
1610200 764
1610210 769
1610220 769
1610230 773
1610240 776
1610250 776
1610260 778
1610270 780
1610280 780
1610290 781
1610300 782
1610310 782
1610320 782
1610330 782
1610340 782
1610350 782
1610360 782
1610370 781
1610380 781
1610390 780
1610400 780
1610410 780
1610420 781
1610430 782
1610440 782
1610450 782
1610460 782
1610470 782
1610480 782
1610490 782
1610500 782
1610510 781
1610520 780
1610530 780
1610540 779
1610550 779
1610560 779
1610570 781
1610580 782
1610590 782
1610600 784
1610610 786
1610620 786
1610630 789
1610640 792
1610650 792
1610660 795
1610670 797
1610680 797
1610690 800
1610700 802
1610710 802
1610720 802
1610730 803
1610740 803
1610750 803
1610760 803
1610770 803
1610780 803
1610790 803
1610800 803
1610810 803
1610820 802
1610830 802
1610840 801
1610850 801
1610860 801
1610870 800
1610880 799
1610890 799
1610900 798
1610910 797
1610920 797
1610930 799
1610940 799
1610950 799
1610960 799
1610970 798
1610980 798
1610990 798
1611000 797
1611010 797
1611020 796
1611030 795
1611040 795
1611050 794
1611060 792
1611070 790
1611080 790
1611090 788
1611100 785
1611110 785
1611120 782
1611130 779
1611140 779
1611150 776
1611160 774
1611170 774
1611180 772
1611190 770
1611200 770
1611210 769
1611220 766
1611230 766
1611240 763
1611250 760
1611260 760
1611270 757
1611280 754
1611290 754
1611300 751
1611310 749
1611320 749
1611330 747
1611340 746
1611350 746
1611360 744
1611370 742
1611380 742
1611390 740
1611400 738
1611410 738
1611420 736
1611430 734
1611440 734
1611450 733
1611460 730
1611470 730
1611480 728
1611490 727
1611500 727
1611510 726
1611520 724
1611530 724
1611540 721
1611550 719
1611560 719
1611570 719
1611580 720
1611590 720
1611600 720
1611610 720
1611620 720
1611630 720
1611640 719
1611650 719
1611660 719
1611670 719
1611680 719
1611690 719
1611700 718
1611710 718
1611720 717
1611730 717
1611740 717
1611750 715
1611760 712
1611770 712
1611780 709
1611790 705
1611800 701
1611810 701
1611820 700
1611830 702
1611840 702
1611850 705
1611860 707
1611870 707
1611880 709
1611890 710
1611900 710
1611910 710
1611920 710
1611930 710
1611940 716
1611950 717
1611960 717
1611970 718
1611980 718
1611990 718
1612000 716
1612010 711
1612020 711
1612030 707
1612040 705
1612050 705
1612060 702
1612070 698
1612080 698
1612090 693
1612100 690
1612110 690
1612120 692
1612130 697
1612140 697
1612150 703
1612160 708
1612170 708
1612180 711
1612190 716
1612200 716
1612210 720
1612220 725
1612230 725
1612240 729
1612250 733
1612260 733
1612270 737
1612280 741
1612290 741
1612300 745
1612310 748
1612320 748
1612330 751
1612340 753
1612350 753
1612360 755
1612370 758
1612380 758
1612390 760
1612400 761
1612410 761
1612420 761
1612430 765
1612440 765
1612450 768
1612460 768
1612470 768
1612480 768
1612490 768
1612500 765
1612510 765
1612520 760
1612530 756
1612540 756
1612550 753
1612560 750
1612570 750
1612580 747
1612590 746
1612600 746
1612610 747
1612620 748
1612630 748
1612640 749
1612650 750
1612660 750
1612670 748
1612680 749
1612690 749
1612700 751
1612710 753
1612720 753
1612730 752
1612740 751
1612750 751
1612760 753
1612770 758
1612780 758
1612790 764
1612800 768
1612810 768
1612820 772
1612830 775
1612840 775
1612850 778
1612860 781
1612870 781
1612880 783
1612890 787
1612900 787
1612910 789
1612920 792
1612930 792
1612940 794
1612950 804
1612960 804
1612970 805
1612980 808
1612990 808
1613000 810
1613010 812
1613020 812
1613030 815
1613040 817
1613050 817
1613060 821
1613070 825
1613080 825
1613090 829
1613100 832
1613110 832
1613120 835
1613130 837
1613140 837
1613150 839
1613160 841
1613170 841
1613180 842
1613190 842
1613200 842
1613210 841
1613220 840
1613230 839
1613240 839
1613250 838
1613260 837
1613270 837
1613280 835
1613290 833
1613300 833
1613310 831
1613320 829
1613330 829
1613340 831
1613350 832
1613360 832
1613370 833
1613380 835
1613390 835
1613400 837
1613410 838
1613420 838
1613430 838
1613440 837
1613450 837
1613460 837
1613470 837
1613480 837
1613490 837
1613500 838
1613510 838
1613520 838
1613530 840
1613540 840
1613550 842
1613560 846
1613570 846
1613580 850
1613590 852
1613600 852
1613610 854
1613620 854
1613630 854
1613640 856
1613650 856
1613660 856
1613670 859
1613680 863
1613690 863
1613700 864
1613710 863
1613720 863
1613730 862
1613740 863
1613750 863
1613760 864
1613770 870
1613780 870
1613790 874
1613800 874
1613810 874
1613820 875
1613830 874
1613840 874
1613850 874
1613860 874
1613870 874
1613880 875
1613890 876
1613900 876
1613910 877
1613920 874
1613930 874
1613940 871
1613950 878
1613960 876
1613970 876
1613980 875
1613990 874
1614000 874
1614010 873
1614020 872
1614030 872
1614040 870
1614050 868
1614060 868
1614070 867
1614080 868
1614090 868
1614100 872
1614110 883
1614120 883
1614130 900
1614140 903
1614150 903
1614160 903
1614170 902
1614180 902
1614190 900
1614200 898
1614210 898
1614220 897
1614230 894
1614240 894
1614250 891
1614260 888
1614270 888
1614280 885
1614290 883
1614300 883
1614310 883
1614320 882
1614330 882
1614340 881
1614350 880
1614360 880
1614370 878
1614380 876
1614390 876
1614400 875
1614410 875
1614420 875
1614430 875
1614440 875
1614450 875
1614460 875
1614470 876
1614480 876
1614490 880
1614500 881
1614510 881
1614520 880
1614530 881
1614540 881
1614550 884
1614560 887
1614570 887
1614580 889
1614590 892
1614600 892
1614610 894
1614620 896
1614630 896
1614640 897
1614650 898
1614660 900
1614670 900
1614680 901
1614690 903
1614700 903
1614710 904
1614720 905
1614730 905
1614740 907
1614750 908
1614760 908
1614770 911
1614780 913
1614790 913
1614800 916
1614810 919
1614820 919
1614830 922
1614840 926
1614850 926
1614860 929
1614870 934
1614880 934
1614890 939
1614900 946
1614910 946
1614920 951
1614930 956
1614940 959
1614950 964
1614960 970
1614970 970
1614980 973
1614990 975
1615000 975
1615010 977
1615020 974
1615030 974
1615040 968
1615050 964
1615060 964
1615070 962
1615080 956
1615090 956
1615100 948
1615110 941
1615120 941
1615130 934
1615140 929
1615150 929
1615160 924
1615170 920
1615180 920
1615190 915
1615200 910
1615210 910
1615220 905
1615230 901
1615240 901
1615250 896
1615260 892
1615270 892
1615280 888
1615290 884
1615300 884
1615310 879
1615320 873
1615330 873
1615340 867
1615350 861
1615360 861
1615370 856
1615380 850
1615390 845
1615400 845
1615410 840
1615420 837
1615430 837
1615440 832
1615450 825
1615460 825
1615470 819
1615480 814
1615490 814
1615500 811
1615510 808
1615520 808
1615530 805
1615540 805
1615550 805
1615560 809
1615570 816
1615580 816
1615590 823
1615600 825
1615610 825
1615620 820
1615630 808
1615640 808
1615650 798
1615660 794
1615670 794
1615680 789
1615690 785
1615700 785
1615710 780
1615720 778
1615730 778
1615740 774
1615750 770
1615760 770
1615770 766
1615780 763
1615790 763
1615800 759
1615810 754
1615820 754
1615830 747
1615840 738
1615850 738
1615860 730
1615870 723
1615880 723
1615890 716
1615900 710
1615910 710
1615920 700
1615930 694
1615940 694
1615950 688
1615960 682
1615970 682
1615980 678
1615990 673
1616000 673
1616010 667
1616020 662
1616030 662
1616040 655
1616050 649
1616060 649
1616070 650
1616080 650
1616090 650
1616100 651
1616110 650
1616120 651
1616130 651
1616140 652
1616150 653
1616160 653
1616170 655
1616180 655
1616190 655
1616200 655
1616210 655
1616220 655
1616230 654
1616240 652
1616250 652
1616260 649
1616270 646
1616280 646
1616290 643
1616300 639
1616310 639
1616320 636
1616330 633
1616340 633
1616350 630
1616360 627
1616370 627
1616380 624
1616390 621
1616400 621
1616410 618
1616420 614
1616430 614
1616440 609
1616450 605
1616460 605
1616470 598
1616480 590
1616490 590
1616500 583
1616510 577
1616520 577
1616530 572
1616540 567
1616550 567
1616560 560
1616570 555
1616580 555
1616590 554
1616600 554
1616610 554
1616620 553
1616630 552
1616640 552
1616650 550
1616660 548
1616670 548
1616680 546
1616690 545
1616700 545
1616710 544
1616720 542
1616730 542
1616740 541
1616750 540
1616760 540
1616770 539
1616780 539
1616790 539
1616800 537
1616810 536
1616820 535
1616830 535
1616840 534
1616850 532
1616860 532
1616870 531
1616880 529
1616890 529
1616900 522
1616910 520
1616920 520
1616930 519
1616940 518
1616950 518
1616960 516
1616970 512
1616980 512
1616990 509
1617000 508
1617010 508
1617020 505
1617030 502
1617040 502
1617050 499
1617060 496
1617070 496
1617080 493
1617090 490
1617100 490
1617110 487
1617120 484
1617130 484
1617140 480
1617150 470
1617160 470
1617170 460
1617180 450
1617190 450
1617200 441
1617210 434
1617220 434
1617230 429
1617240 426
1617250 426
1617260 422
1617270 418
1617280 418
1617290 417
1617300 416
1617310 416
1617320 418
1617330 419
1617340 419
1617350 420
1617360 420
1617370 420
1617380 420
1617390 420
1617400 420
1617410 420
1617420 420
1617430 420
1617440 420
1617450 421
1617460 421
1617470 422
1617480 424
1617490 424
1617500 426
1617510 429
1617520 429
1617530 432
1617540 437
1617550 441
1617560 441
1617570 446
1617580 452
1617590 452
1617600 458
1617610 463
1617620 463
1617630 470
1617640 476
1617650 476
1617660 483
1617670 489
1617680 489
1617690 497
1617700 504
1617710 504
1617720 511
1617730 518
1617740 518
1617750 525
1617760 533
1617770 533
1617780 542
1617790 555
1617800 555
1617810 562
1617820 562
1617830 562
1617840 563
1617850 566
1617860 566
1617870 567
1617880 571
1617890 571
1617900 574
1617910 574
1617920 574
1617930 573
1617940 572
1617950 572
1617960 570
1617970 566
1617980 566
1617990 563
1618000 560
1618010 560
1618020 557
1618030 554
1618040 554
1618050 552
1618060 550
1618070 550
1618080 546
1618090 543
1618100 543
1618110 542
1618120 546
1618130 546
1618140 548
1618150 551
1618160 551
1618170 558
1618180 566
1618190 566
1618200 571
1618210 574
1618220 574
1618230 577
1618240 584
1618250 584
1618260 590
1618270 595
1618280 599
1618290 599
1618300 603
1618310 607
1618320 607
1618330 613
1618340 620
1618350 620
1618360 625
1618370 629
1618380 629
1618390 632
1618400 634
1618410 634
1618420 635
1618430 635
1618440 635
1618450 638
1618460 643
1618470 643
1618480 649
1618490 655
1618500 655
1618510 657
1618520 655
1618530 655
1618540 656
1618550 660
1618560 660
1618570 664
1618580 665
1618590 665
1618600 658
1618610 650
1618620 650
1618630 642
1618640 636
1618650 636
1618660 633
1618670 630
1618680 630
1618690 627
1618700 625
1618710 625
1618720 622
1618730 622
1618740 622
1618750 631
1618760 638
1618770 638
1618780 645
1618790 652
1618800 652
1618810 662
1618820 667
1618830 661
1618840 661
1618850 665
1618860 665
1618870 673
1618880 677
1618890 677
1618900 679
1618910 681
1618920 681
1618930 681
1618940 681
1618950 681
1618960 682
1618970 683
1618980 685
1618990 685
1619000 688
1619010 690
1619020 690
1619030 692
1619040 694
1619050 694
1619060 695
1619070 695
1619080 695
1619090 694
1619100 694
1619110 694
1619120 693
1619130 692
1619140 692
1619150 690
1619160 686
1619170 686
1619180 682
1619190 679
1619200 679
1619210 675
1619220 671
1619230 671
1619240 668
1619250 664
1619260 664
1619270 657
1619280 653
1619290 653
1619300 650
1619310 648
1619320 648
1619330 646
1619340 645
1619350 645
1619360 643
1619370 641
1619380 641
1619390 640
1619400 637
1619410 637
1619420 634
1619430 631
1619440 631
1619450 628
1619460 626
1619470 626
1619480 624
1619490 622
1619500 622
1619510 620
1619520 617
1619530 617
1619540 615
1619550 612
1619560 612
1619570 609
1619580 607
1619590 607
1619600 605
1619610 602
1619620 602
1619630 599
1619640 595
1619650 595
1619660 591
1619670 588
1619680 588
1619690 584
1619700 581
1619710 577
1619720 577
1619730 573
1619740 568
1619750 568
1619760 564
1619770 561
1619780 561
1619790 556
1619800 552
1619810 552
1619820 549
1619830 548
1619840 548
1619850 547
1619860 546
1619870 546
1619880 545
1619890 544
1619900 544
1619910 543
1619920 542
1619930 542
1619940 540
1619950 538
1619960 538
1619970 535
1619980 532
1619990 532
