1600000 574
1600010 574
1600020 572
1600030 570
1600040 570
1600050 568
1600060 561
1600070 561
1600080 555
1600090 551
1600100 551
1600110 549
1600120 546
1600130 546
1600140 542
1600150 536
1600160 536
1600170 530
1600180 523
1600190 523
1600200 515
1600210 506
1600220 506
1600230 499
1600240 494
1600250 494
1600260 492
1600270 492
1600280 492
1600290 493
1600300 492
1600310 492
1600320 491
1600330 489
1600340 489
1600350 483
1600360 480
1600370 480
1600380 479
1600390 473
1600400 473
1600410 466
1600420 461
1600430 461
1600440 457
1600450 457
1600460 457
1600470 459
1600480 462
1600490 462
1600500 466
1600510 470
1600520 474
1600530 474
1600540 479
1600550 484
1600560 484
1600570 487
1600580 490
1600590 490
1600600 494
1600610 499
1600620 499
1600630 503
1600640 507
1600650 507
1600660 512
1600670 516
1600680 516
1600690 519
1600700 522
1600710 522
1600720 526
1600730 529
1600740 529
1600750 533
1600760 536
1600770 535
1600780 538
1600790 542
1600800 542
1600810 546
1600820 550
1600830 550
1600840 554
1600850 558
1600860 558
1600870 562
1600880 567
1600890 567
1600900 570
1600910 573
1600920 573
1600930 577
1600940 581
1600950 581
1600960 586
1600970 590
1600980 590
1600990 594
1601000 599
1601010 599
1601020 604
1601030 609
1601040 609
1601050 614
1601060 619
1601070 619
1601080 622
1601090 625
1601100 625
1601110 629
1601120 634
1601130 634
1601140 639
1601150 644
1601160 644
1601170 647
1601180 650
1601190 650
1601200 652
1601210 654
1601220 654
1601230 656
1601240 659
1601250 662
1601260 662
1601270 667
1601280 672
1601290 672
1601300 680
1601310 688
1601320 688
1601330 693
1601340 700
1601350 700
1601360 709
1601370 716
1601380 716
1601390 724
1601400 730
1601410 730
1601420 736
1601430 742
1601440 742
1601450 747
1601460 753
1601470 753
1601480 759
1601490 765
1601500 765
1601510 771
1601520 778
1601530 778
1601540 784
1601550 790
1601560 790
1601570 793
1601580 797
1601590 797
1601600 801
1601610 805
1601620 805
1601630 809
1601640 813
1601650 813
1601660 816
1601670 817
1601680 817
1601690 818
1601700 819
1601710 819
1601720 821
1601730 824
1601740 824
1601750 826
1601760 829
1601770 829
1601780 832
1601790 835
1601800 835
1601810 838
1601820 841
1601830 841
1601840 845
1601850 850
1601860 850
1601870 855
1601880 856
1601890 856
1601900 862
1601910 869
1601920 869
1601930 874
1601940 879
1601950 879
1601960 882
1601970 884
1601980 889
1601990 889
1602000 896
1602010 904
1602020 904
1602030 910
1602040 914
1602050 914
1602060 919
1602070 924
1602080 924
1602090 928
1602100 933
1602110 933
1602120 941
1602130 949
1602140 949
1602150 960
1602160 985
1602170 985
1602180 1001
1602190 1009
1602200 1009
1602210 1011
1602220 1013
1602230 1013
1602240 1018
1602250 1025
1602260 1025
1602270 1034
1602280 1043
1602290 1043
1602300 1051
1602310 1057
1602320 1057
1602330 1059
1602340 1061
1602350 1061
1602360 1064
1602370 1069
1602380 1069
1602390 1073
1602400 1076
1602410 1076
1602420 1082
1602430 1093
1602440 1093
1602450 1106
1602460 1110
1602470 1110
1602480 1111
1602490 1109
1602500 1109
1602510 1105
1602520 1102
1602530 1102
1602540 1100
1602550 1098
1602560 1098
1602570 1097
1602580 1095
1602590 1095
1602600 1096
1602610 1099
1602620 1099
1602630 1099
1602640 1098
1602650 1098
1602660 1101
1602670 1104
1602680 1104
1602690 1105
1602700 1104
1602710 1102
1602720 1102
1602730 1098
1602740 1089
1602750 1089
1602760 1078
1602770 1069
1602780 1069
1602790 1065
1602800 1066
1602810 1066
1602820 1067
1602830 1063
1602840 1063
1602850 1060
1602860 1059
1602870 1059
1602880 1060
1602890 1061
1602900 1061
1602910 1063
1602920 1060
1602930 1060
1602940 1059
1602950 1060
1602960 1060
1602970 1045
1602980 1043
1602990 1043
1603000 1040
1603010 1039
1603020 1039
1603030 1039
1603040 1041
1603050 1041
1603060 1040
1603070 1038
1603080 1038
1603090 1038
1603100 1040
1603110 1040
1603120 1043
1603130 1044
1603140 1044
1603150 1043
1603160 1043
1603170 1043
1603180 1045
1603190 1045
1603200 1045
1603210 1039
1603220 1034
1603230 1034
1603240 1032
1603250 1028
1603260 1028
1603270 1025
1603280 1023
1603290 1023
1603300 1019
1603310 1014
1603320 1014
1603330 1010
1603340 1007
1603350 1007
1603360 1004
1603370 1001
1603380 1001
1603390 998
1603400 995
1603410 995
1603420 991
1603430 989
1603440 987
1603450 987
1603460 985
1603470 984
1603480 984
1603490 983
1603500 980
1603510 980
1603520 977
1603530 974
1603540 974
1603550 971
1603560 969
1603570 969
1603580 971
1603590 974
1603600 974
1603610 977
1603620 978
1603630 978
1603640 980
1603650 981
1603660 981
1603670 981
1603680 982
1603690 982
1603700 985
1603710 990
1603720 990
1603730 998
1603740 1003
1603750 1003
1603760 997
1603770 991
1603780 991
1603790 995
1603800 1004
1603810 1004
1603820 1014
1603830 1015
1603840 1015
1603850 1010
1603860 1004
1603870 1004
1603880 1003
1603890 1004
1603900 1004
1603910 997
1603920 987
1603930 987
1603940 982
1603950 980
1603960 980
1603970 978
1603980 977
1603990 977
1604000 977
1604010 973
1604020 973
1604030 968
1604040 964
1604050 964
1604060 951
1604070 944
1604080 944
1604090 941
1604100 941
1604110 941
1604120 936
1604130 930
1604140 930
1604150 927
1604160 922
1604170 919
1604180 919
1604190 916
1604200 914
1604210 914
1604220 915
1604230 915
1604240 915
1604250 916
1604260 915
1604270 915
1604280 914
1604290 914
1604300 914
1604310 916
1604320 917
1604330 917
1604340 918
1604350 918
1604360 918
1604370 916
1604380 916
1604390 916
1604400 914
1604410 912
1604420 912
1604430 907
1604440 903
1604450 903
1604460 899
1604470 897
1604480 897
1604490 897
1604500 898
1604510 898
1604520 901
1604530 903
1604540 903
1604550 904
1604560 906
1604570 906
1604580 909
1604590 911
1604600 911
1604610 914
1604620 918
1604630 918
1604640 922
1604650 924
1604660 924
1604670 925
1604680 926
1604690 926
1604700 929
1604710 932
1604720 932
1604730 936
1604740 939
1604750 939
1604760 942
1604770 945
1604780 945
1604790 949
1604800 951
1604810 951
1604820 952
1604830 955
1604840 955
1604850 960
1604860 964
1604870 964
1604880 970
1604890 975
1604900 980
1604910 980
1604920 984
1604930 989
1604940 989
1604950 994
1604960 999
1604970 999
1604980 1005
1604990 1009
1605000 1009
1605010 1013
1605020 1018
1605030 1018
1605040 1022
1605050 1025
1605060 1025
1605070 1028
1605080 1031
1605090 1031
1605100 1033
1605110 1036
1605120 1036
1605130 1034
1605140 1036
1605150 1036
1605160 1040
1605170 1041
1605180 1041
1605190 1043
1605200 1046
1605210 1046
1605220 1049
1605230 1051
1605240 1051
1605250 1054
1605260 1055
1605270 1055
1605280 1057
1605290 1062
1605300 1062
1605310 1065
1605320 1070
1605330 1070
1605340 1070
1605350 1071
1605360 1071
1605370 1070
1605380 1068
1605390 1068
1605400 1065
1605410 1060
1605420 1060
1605430 1054
1605440 1047
1605450 1047
1605460 1039
1605470 1032
1605480 1032
1605490 1025
1605500 1017
1605510 1017
1605520 1010
1605530 1004
1605540 1004
1605550 996
1605560 988
1605570 988
1605580 980
1605590 972
1605600 972
1605610 965
1605620 957
1605630 950
1605640 950
1605650 944
1605660 937
1605670 937
1605680 931
1605690 925
1605700 925
1605710 919
1605720 913
1605730 913
1605740 906
1605750 899
1605760 899
1605770 891
1605780 883
1605790 883
1605800 876
1605810 869
1605820 869
1605830 862
1605840 854
1605850 854
1605860 848
1605870 842
1605880 842
1605890 836
1605900 830
1605910 830
1605920 825
1605930 820
1605940 820
1605950 816
1605960 814
1605970 814
1605980 811
1605990 809
1606000 809
1606010 807
1606020 804
1606030 804
1606040 802
1606050 799
1606060 799
1606070 797
1606080 795
1606090 795
1606100 792
1606110 791
1606120 791
1606130 790
1606140 791
1606150 791
1606160 792
1606170 792
1606180 792
1606190 796
1606200 795
1606210 795
1606220 794
1606230 793
1606240 793
1606250 791
1606260 790
1606270 790
1606280 788
1606290 786
1606300 786
1606310 784
1606320 782
1606330 780
1606340 780
1606350 778
1606360 775
1606370 775
1606380 771
1606390 767
1606400 767
1606410 762
1606420 759
1606430 759
1606440 755
1606450 752
1606460 752
1606470 750
1606480 748
1606490 748
1606500 746
1606510 745
1606520 745
1606530 744
1606540 744
1606550 744
1606560 743
1606570 743
1606580 743
1606590 742
1606600 740
1606610 740
1606620 738
1606630 735
1606640 735
1606650 732
1606660 729
1606670 729
1606680 726
1606690 722
1606700 722
1606710 719
1606720 717
1606730 717
1606740 715
1606750 713
1606760 713
1606770 711
1606780 708
1606790 708
1606800 706
1606810 703
1606820 703
1606830 701
1606840 700
1606850 700
1606860 699
1606870 699
1606880 699
1606890 698
1606900 696
1606910 696
1606920 691
1606930 686
1606940 686
1606950 681
1606960 675
1606970 675
1606980 668
1606990 660
1607000 660
1607010 652
1607020 644
1607030 644
1607040 636
1607050 630
1607060 624
1607070 624
1607080 619
1607090 613
1607100 613
1607110 607
1607120 601
1607130 601
1607140 597
1607150 592
1607160 592
1607170 587
1607180 583
1607190 583
1607200 580
1607210 576
1607220 576
1607230 573
1607240 569
1607250 572
1607260 568
1607270 564
1607280 564
1607290 560
1607300 557
1607310 557
1607320 555
1607330 553
1607340 553
1607350 550
1607360 546
1607370 546
1607380 541
1607390 536
1607400 536
1607410 531
1607420 526
1607430 526
1607440 523
1607450 520
1607460 520
1607470 517
1607480 515
1607490 515
1607500 511
1607510 508
1607520 508
1607530 505
1607540 501
1607550 501
1607560 496
1607570 491
1607580 491
1607590 487
1607600 484
1607610 484
1607620 482
1607630 479
1607640 479
1607650 477
1607660 474
1607670 474
1607680 472
1607690 470
1607700 470
1607710 468
1607720 466
1607730 466
1607740 464
1607750 461
1607760 461
1607770 459
1607780 458
1607790 456
1607800 456
1607810 454
1607820 452
1607830 452
1607840 449
1607850 446
1607860 446
1607870 443
1607880 442
1607890 442
1607900 440
1607910 438
1607920 438
1607930 434
1607940 431
1607950 431
1607960 428
1607970 426
1607980 426
1607990 424
1608000 421
1608010 421
1608020 419
1608030 418
1608040 418
1608050 416
1608060 412
1608070 412
1608080 408
1608090 403
1608100 403
1608110 396
1608120 390
1608130 390
1608140 385
1608150 381
1608160 381
1608170 378
1608180 376
1608190 376
1608200 373
1608210 372
1608220 372
1608230 373
1608240 373
1608250 373
1608260 371
1608270 371
1608280 371
1608290 362
1608300 362
1608310 362
1608320 365
1608330 368
1608340 368
1608350 370
1608360 370
1608370 370
1608380 366
1608390 358
1608400 358
1608410 352
1608420 348
1608430 348
1608440 346
1608450 346
1608460 346
1608470 346
1608480 346
1608490 346
1608500 346
1608510 346
1608520 346
1608530 346
1608540 348
1608550 350
1608560 350
1608570 355
1608580 357
1608590 357
1608600 360
1608610 364
1608620 364
1608630 368
1608640 372
1608650 372
1608660 377
1608670 383
1608680 383
1608690 390
1608700 402
1608710 402
1608720 411
1608730 414
1608740 414
1608750 414
1608760 410
1608770 410
1608780 406
1608790 403
1608800 403
1608810 402
1608820 399
1608830 399
1608840 399
1608850 399
1608860 399
1608870 400
1608880 402
1608890 402
1608900 403
1608910 405
1608920 405
1608930 408
1608940 414
1608950 414
1608960 421
1608970 429
1608980 429
1608990 438
1609000 448
1609010 448
1609020 457
1609030 464
1609040 464
1609050 467
1609060 469
1609070 469
1609080 468
1609090 465
1609100 465
1609110 460
1609120 460
1609130 460
1609140 462
1609150 466
1609160 466
1609170 468
1609180 471
1609190 471
1609200 472
1609210 475
1609220 475
1609230 477
1609240 480
1609250 482
1609260 482
1609270 485
1609280 487
1609290 487
1609300 490
1609310 494
1609320 494
1609330 496
1609340 500
1609350 500
1609360 504
1609370 509
1609380 509
1609390 513
1609400 518
1609410 518
1609420 524
1609430 530
1609440 530
1609450 535
1609460 538
1609470 538
1609480 542
1609490 545
1609500 545
1609510 549
1609520 553
1609530 553
1609540 557
1609550 559
1609560 559
1609570 560
1609580 563
1609590 563
1609600 566
1609610 569
1609620 569
1609630 572
1609640 576
1609650 576
1609660 580
1609670 583
1609680 583
1609690 587
1609700 591
1609710 591
1609720 595
1609730 599
1609740 599
1609750 603
1609760 607
1609770 607
1609780 609
1609790 612
1609800 612
1609810 617
1609820 621
1609830 621
1609840 625
1609850 627
1609860 627
1609870 632
1609880 637
1609890 637
1609900 641
1609910 646
1609920 646
1609930 650
1609940 656
1609950 656
1609960 661
1609970 668
1609980 673
1609990 673
1610000 679
1610010 685
1610020 685
1610030 691
1610040 696
1610050 696
1610060 700
1610070 704
1610080 704
1610090 709
1610100 715
1610110 715
1610120 721
1610130 727
1610140 727
1610150 733
1610160 738
1610170 738
1610180 743
1610190 749
1610200 749
1610210 754
1610220 759
1610230 759
1610240 765
1610250 770
1610260 770
1610270 776
1610280 782
1610290 782
1610300 788
1610310 793
1610320 793
1610330 799
1610340 805
1610350 805
1610360 814
1610370 820
1610380 820
1610390 827
1610400 833
1610410 833
1610420 839
1610430 846
1610440 846
1610450 853
1610460 859
1610470 859
1610480 865
1610490 872
1610500 872
1610510 878
1610520 884
1610530 884
1610540 890
1610550 896
1610560 896
1610570 902
1610580 908
1610590 908
1610600 914
1610610 920
1610620 920
1610630 926
1610640 932
1610650 932
1610660 939
1610670 945
1610680 945
1610690 951
1610700 954
1610710 957
1610720 957
1610730 960
1610740 963
1610750 963
1610760 966
1610770 969
1610780 969
1610790 971
1610800 974
1610810 974
1610820 976
1610830 979
1610840 979
1610850 981
1610860 984
1610870 984
1610880 986
1610890 988
1610900 988
1610910 990
1610920 991
1610930 991
1610940 992
1610950 994
1610960 994
1610970 995
1610980 996
1610990 996
1611000 997
1611010 998
1611020 998
1611030 999
1611040 1000
1611050 1000
1611060 1001
1611070 1002
1611080 1002
1611090 1003
1611100 1004
1611110 1004
1611120 1004
1611130 1005
1611140 1005
1611150 1006
1611160 1007
1611170 1007
1611180 1007
1611190 1008
1611200 1008
1611210 1009
1611220 1011
1611230 1011
1611240 1012
1611250 1013
1611260 1013
1611270 1015
1611280 1016
1611290 1016
1611300 1018
1611310 1019
1611320 1019
1611330 1020
1611340 1022
1611350 1022
1611360 1023
1611370 1025
1611380 1031
1611390 1032
1611400 1033
1611410 1033
1611420 1033
1611430 1034
1611440 1037
1611450 1037
1611460 1040
1611470 1043
1611480 1043
1611490 1044
1611500 1043
1611510 1043
1611520 1043
1611530 1043
1611540 1043
1611550 1044
1611560 1045
1611570 1045
1611580 1046
1611590 1047
1611600 1047
1611610 1048
1611620 1050
1611630 1050
1611640 1051
1611650 1053
1611660 1053
1611670 1054
1611680 1054
1611690 1054
1611700 1054
1611710 1054
1611720 1054
1611730 1055
1611740 1056
1611750 1056
1611760 1057
1611770 1058
1611780 1058
1611790 1058
1611800 1057
1611810 1057
1611820 1056
1611830 1056
1611840 1056
1611850 1059
1611860 1065
1611870 1065
1611880 1073
1611890 1073
1611900 1073
1611910 1075
1611920 1074
1611930 1074
1611940 1072
1611950 1077
1611960 1077
1611970 1082
1611980 1089
1611990 1089
1612000 1092
1612010 1095
1612020 1095
1612030 1100
1612040 1103
1612050 1103
1612060 1105
1612070 1108
1612080 1108
1612090 1115
1612100 1121
1612110 1121
1612120 1126
1612130 1130
1612140 1130
1612150 1132
1612160 1134
1612170 1136
1612180 1136
1612190 1138
1612200 1143
1612210 1143
1612220 1147
1612230 1152
1612240 1152
1612250 1157
1612260 1162
1612270 1162
1612280 1163
1612290 1156
1612300 1156
1612310 1147
1612320 1137
1612330 1137
1612340 1133
1612350 1134
1612360 1134
1612370 1140
1612380 1161
1612390 1194
1612400 1197
1612410 1196
1612420 1196
1612430 1197
1612440 1196
1612450 1196
1612460 1195
1612470 1192
1612480 1192
1612490 1188
1612500 1183
1612510 1183
1612520 1179
1612530 1176
1612540 1176
1612550 1172
1612560 1165
1612570 1165
1612580 1161
1612590 1157
1612600 1157
1612610 1154
1612620 1147
1612630 1147
1612640 1141
1612650 1137
1612660 1137
1612670 1129
1612680 1123
1612690 1123
1612700 1116
1612710 1110
1612720 1110
1612730 1106
1612740 1100
1612750 1100
1612760 1094
1612770 1087
1612780 1087
1612790 1079
1612800 1073
1612810 1073
1612820 1068
1612830 1062
1612840 1062
1612850 1057
1612860 1051
1612870 1051
1612880 1048
1612890 1046
1612900 1041
1612910 1041
1612920 1036
1612930 1031
1612940 1031
1612950 1029
1612960 1028
1612970 1028
1612980 1027
1612990 1025
1613000 1025
1613010 1021
1613020 1017
1613030 1017
1613040 1013
1613050 1007
1613060 1007
1613070 1001
1613080 996
1613090 996
1613100 990
1613110 985
1613120 985
1613130 979
1613140 974
1613150 974
1613160 969
1613170 963
1613180 963
1613190 960
1613200 955
1613210 955
1613220 951
1613230 946
1613240 946
1613250 941
1613260 937
1613270 937
1613280 933
1613290 930
1613300 930
1613310 928
1613320 926
1613330 926
1613340 925
1613350 923
1613360 923
1613370 919
1613380 915
1613390 909
1613400 903
1613410 898
1613420 898
1613430 894
1613440 893
1613450 893
1613460 888
1613470 884
1613480 884
1613490 882
1613500 879
1613510 879
1613520 877
1613530 873
1613540 873
1613550 868
1613560 862
1613570 862
1613580 855
1613590 850
1613600 850
1613610 846
1613620 844
1613630 849
1613640 849
1613650 854
1613660 858
1613670 858
1613680 861
1613690 864
1613700 864
1613710 865
1613720 865
1613730 865
1613740 866
1613750 866
1613760 866
1613770 866
1613780 867
1613790 867
1613800 867
1613810 867
1613820 867
1613830 866
1613840 866
1613850 866
1613860 865
1613870 864
1613880 864
1613890 863
1613900 861
1613910 861
1613920 859
1613930 856
1613940 856
1613950 852
1613960 848
1613970 848
1613980 842
1613990 835
1614000 835
1614010 828
1614020 822
1614030 822
1614040 815
1614050 809
1614060 809
1614070 802
1614080 801
1614090 801
1614100 800
1614110 797
1614120 797
1614130 792
1614140 787
1614150 787
1614160 790
1614170 791
1614180 791
1614190 792
1614200 792
1614210 792
1614220 792
1614230 792
1614240 792
1614250 791
1614260 790
1614270 790
1614280 789
1614290 788
1614300 788
1614310 786
1614320 785
1614330 785
1614340 783
1614350 782
1614360 782
1614370 780
1614380 778
1614390 771
1614400 771
1614410 768
1614420 766
1614430 766
1614440 764
1614450 762
1614460 762
1614470 761
1614480 759
1614490 759
1614500 756
1614510 754
1614520 754
1614530 751
1614540 748
1614550 748
1614560 745
1614570 740
1614580 740
1614590 737
1614600 734
1614610 734
1614620 733
1614630 732
1614640 732
1614650 732
1614660 730
1614670 730
1614680 728
1614690 726
1614700 726
1614710 723
1614720 723
1614730 723
1614740 722
1614750 719
1614760 719
1614770 717
1614780 718
1614790 718
1614800 717
1614810 716
1614820 716
1614830 715
1614840 714
1614850 714
1614860 714
1614870 714
1614880 714
1614890 714
1614900 715
1614910 715
1614920 715
1614930 716
1614940 716
1614950 717
1614960 717
1614970 717
1614980 717
1614990 718
1615000 718
1615010 719
1615020 719
1615030 719
1615040 720
1615050 720
1615060 720
1615070 720
1615080 721
1615090 721
1615100 721
1615110 721
1615120 721
1615130 721
1615140 720
1615150 720
1615160 720
1615170 719
1615180 718
1615190 718
1615200 716
1615210 715
1615220 715
1615230 714
1615240 713
1615250 713
1615260 711
1615270 710
1615280 710
1615290 709
1615300 707
1615310 707
1615320 706
1615330 704
1615340 704
1615350 703
1615360 701
1615370 701
1615380 698
1615390 696
1615400 696
1615410 695
1615420 693
1615430 693
1615440 691
1615450 688
1615460 688
1615470 686
1615480 685
1615490 685
1615500 683
1615510 681
1615520 681
1615530 679
1615540 678
1615550 678
1615560 677
1615570 674
1615580 674
1615590 671
1615600 667
1615610 667
1615620 660
1615630 653
1615640 653
1615650 647
1615660 644
1615670 644
1615680 640
1615690 637
1615700 637
1615710 639
1615720 640
1615730 640
1615740 640
1615750 641
1615760 641
1615770 642
1615780 643
1615790 643
1615800 643
1615810 644
1615820 644
1615830 644
1615840 644
1615850 644
1615860 644
1615870 643
1615880 640
1615890 640
1615900 635
1615910 629
1615920 629
1615930 622
1615940 614
1615950 614
1615960 607
1615970 599
1615980 599
1615990 590
1616000 582
1616010 582
1616020 573
1616030 565
1616040 565
1616050 558
1616060 550
1616070 550
1616080 544
1616090 537
1616100 537
1616110 531
1616120 526
1616130 526
1616140 521
1616150 517
1616160 517
1616170 512
1616180 508
1616190 508
1616200 504
1616210 500
1616220 500
1616230 496
1616240 492
1616250 492
1616260 488
1616270 485
1616280 485
1616290 481
1616300 477
1616310 477
1616320 474
1616330 470
1616340 470
1616350 467
1616360 460
1616370 460
1616380 460
1616390 460
1616400 460
1616410 460
1616420 461
1616430 461
1616440 464
1616450 469
1616460 469
1616470 475
1616480 480
1616490 480
1616500 485
1616510 491
1616520 491
1616530 498
1616540 505
1616550 505
1616560 514
1616570 530
1616580 542
1616590 542
1616600 548
1616610 556
1616620 556
1616630 561
1616640 566
1616650 566
1616660 573
1616670 575
1616680 575
1616690 575
1616700 574
1616710 574
1616720 574
1616730 574
1616740 574
1616750 573
1616760 575
1616770 575
1616780 576
1616790 576
1616800 576
1616810 577
1616820 578
1616830 578
1616840 580
1616850 581
1616860 581
1616870 582
1616880 582
1616890 582
1616900 580
1616910 578
1616920 578
1616930 575
1616940 572
1616950 572
1616960 570
1616970 568
1616980 568
1616990 565
1617000 562
1617010 562
1617020 559
1617030 557
1617040 557
1617050 556
1617060 554
1617070 554
1617080 553
1617090 551
1617100 551
1617110 550
1617120 548
1617130 548
1617140 546
1617150 542
1617160 542
1617170 539
1617180 537
1617190 537
1617200 536
1617210 537
1617220 537
1617230 539
1617240 541
1617250 541
1617260 543
1617270 544
1617280 544
1617290 546
1617300 547
1617310 548
1617320 548
1617330 553
1617340 553
1617350 553
1617360 553
1617370 552
1617380 552
1617390 550
1617400 546
1617410 546
1617420 543
1617430 541
1617440 541
1617450 538
1617460 536
1617470 536
1617480 533
1617490 526
1617500 526
1617510 519
1617520 512
1617530 512
1617540 505
1617550 499
1617560 499
1617570 493
1617580 488
1617590 488
1617600 484
1617610 480
1617620 480
1617630 474
1617640 467
1617650 467
1617660 461
1617670 457
1617680 457
1617690 457
1617700 460
1617710 460
1617720 460
1617730 459
1617740 459
1617750 456
1617760 453
1617770 453
1617780 450
1617790 448
1617800 448
1617810 446
1617820 445
1617830 445
1617840 444
1617850 443
1617860 443
1617870 438
1617880 434
1617890 434
1617900 433
1617910 432
1617920 432
1617930 432
1617940 432
1617950 432
1617960 431
1617970 431
1617980 431
1617990 430
1618000 430
1618010 430
1618020 429
1618030 429
1618040 428
1618050 428
1618060 426
1618070 428
1618080 428
1618090 429
1618100 432
1618110 432
1618120 433
1618130 435
1618140 435
1618150 437
1618160 441
1618170 441
1618180 442
1618190 446
1618200 446
1618210 449
1618220 453
1618230 453
1618240 456
1618250 459
1618260 459
1618270 461
1618280 463
1618290 463
1618300 460
1618310 460
1618320 460
1618330 460
1618340 459
1618350 459
1618360 458
1618370 459
1618380 459
1618390 461
1618400 465
1618410 465
1618420 469
1618430 472
1618440 472
1618450 474
1618460 477
1618470 477
1618480 480
1618490 483
1618500 483
1618510 486
1618520 490
1618530 490
1618540 494
1618550 497
1618560 497
1618570 500
1618580 503
1618590 503
1618600 506
1618610 509
1618620 509
1618630 512
1618640 515
1618650 515
1618660 518
1618670 521
1618680 521
1618690 523
1618700 526
1618710 526
1618720 529
1618730 532
1618740 532
1618750 534
1618760 536
1618770 535
1618780 535
1618790 533
1618800 531
1618810 531
1618820 530
1618830 530
1618840 530
1618850 530
1618860 530
1618870 530
1618880 530
1618890 531
1618900 531
1618910 531
1618920 530
1618930 530
1618940 530
1618950 531
1618960 531
1618970 530
1618980 530
1618990 530
1619000 528
1619010 525
1619020 525
1619030 524
1619040 524
1619050 524
1619060 524
1619070 522
1619080 522
1619090 522
1619100 523
1619110 523
1619120 525
1619130 527
1619140 527
1619150 530
1619160 533
1619170 533
1619180 534
1619190 535
1619200 535
1619210 537
1619220 538
1619230 538
1619240 539
1619250 540
1619260 538
1619270 539
1619280 539
1619290 539
1619300 539
1619310 540
1619320 540
1619330 540
1619340 541
1619350 541
1619360 541
1619370 541
1619380 541
1619390 542
1619400 542
1619410 542
1619420 542
1619430 542
1619440 542
1619450 543
1619460 544
1619470 544
1619480 544
1619490 544
1619500 544
1619510 544
1619520 543
1619530 543
1619540 543
1619550 540
1619560 544
1619570 544
1619580 546
1619590 544
1619600 544
1619610 546
1619620 546
1619630 546
1619640 546
1619650 546
1619660 546
1619670 548
1619680 548
1619690 548
1619700 548
1619710 549
1619720 549
1619730 550
1619740 550
1619750 550
1619760 550
1619770 553
1619780 553
1619790 557
1619800 559
1619810 559
1619820 561
1619830 562
1619840 562
1619850 566
1619860 568
1619870 568
1619880 569
1619890 569
1619900 569
1619910 569
1619920 570
1619930 570
1619940 570
1619950 571
1619960 571
1619970 574
1619980 577
1619990 577
