1600000 378
1600010 378
1600020 379
1600030 379
1600040 379
1600050 379
1600060 379
1600070 379
1600080 379
1600090 379
1600100 379
1600110 379
1600120 379
1600130 379
1600140 379
1600150 379
1600160 379
1600170 379
1600180 379
1600190 379
1600200 379
1600210 379
1600220 379
1600230 379
1600240 379
1600250 379
1600260 379
1600270 379
1600280 379
1600290 379
1600300 379
1600310 379
1600320 379
1600330 379
1600340 379
1600350 379
1600360 379
1600370 379
1600380 379
1600390 380
1600400 380
1600410 380
1600420 380
1600430 380
1600440 380
1600450 380
1600460 380
1600470 380
1600480 380
1600490 380
1600500 380
1600510 379
1600520 379
1600530 379
1600540 379
1600550 379
1600560 379
1600570 378
1600580 378
1600590 378
1600600 378
1600610 378
1600620 378
1600630 378
1600640 378
1600650 378
1600660 378
1600670 377
1600680 377
1600690 375
1600700 373
1600710 373
1600720 370
1600730 367
1600740 367
1600750 364
1600760 363
1600770 363
1600780 362
1600790 361
1600800 361
1600810 361
1600820 361
1600830 361
1600840 361
1600850 361
1600860 361
1600870 361
1600880 361
1600890 361
1600900 361
1600910 361
1600920 361
1600930 361
1600940 360
1600950 360
1600960 360
1600970 360
1600980 360
1600990 360
1601000 360
1601010 360
1601020 360
1601030 360
1601040 360
1601050 360
1601060 360
1601070 360
1601080 360
1601090 360
1601100 360
1601110 360
1601120 360
1601130 359
1601140 359
1601150 359
1601160 359
1601170 359
1601180 360
1601190 360
1601200 360
1601210 360
1601220 360
1601230 360
1601240 360
1601250 360
1601260 360
1601270 360
1601280 360
1601290 360
1601300 360
1601310 361
1601320 361
1601330 361
1601340 361
1601350 361
1601360 361
1601370 361
1601380 361
1601390 361
1601400 362
1601410 362
1601420 362
1601430 362
1601440 362
1601450 362
1601460 362
1601470 362
1601480 362
1601490 361
1601500 361
1601510 361
1601520 361
1601530 361
1601540 361
1601550 359
1601560 359
1601570 357
1601580 358
1601590 359
1601600 359
1601610 359
1601620 359
1601630 359
1601640 358
1601650 358
1601660 358
1601670 358
1601680 358
1601690 358
1601700 357
1601710 357
1601720 357
1601730 357
1601740 357
1601750 357
1601760 357
1601770 356
1601780 356
1601790 356
1601800 356
1601810 356
1601820 356
1601830 355
1601840 355
1601850 355
1601860 354
1601870 354
1601880 353
1601890 353
1601900 353
1601910 353
1601920 352
1601930 352
1601940 352
1601950 351
1601960 351
1601970 351
1601980 350
1601990 350
1602000 350
1602010 350
1602020 350
1602030 350
1602040 350
1602050 350
1602060 350
1602070 350
1602080 350
1602090 350
1602100 350
1602110 350
1602120 349
1602130 347
1602140 346
1602150 347
1602160 348
1602170 348
1602180 348
1602190 348
1602200 348
1602210 348
1602220 348
1602230 348
1602240 348
1602250 347
1602260 347
1602270 347
1602280 347
1602290 347
1602300 347
1602310 346
1602320 346
1602330 346
1602340 346
1602350 346
1602360 346
1602370 345
1602380 345
1602390 345
1602400 345
1602410 344
1602420 344
1602430 344
1602440 343
1602450 343
1602460 342
1602470 341
1602480 341
1602490 338
1602500 335
1602510 335
1602520 332
1602530 331
1602540 331
1602550 331
1602560 331
1602570 331
1602580 331
1602590 331
1602600 331
1602610 331
1602620 331
1602630 331
1602640 331
1602650 331
1602660 331
1602670 331
1602680 331
1602690 331
1602700 331
1602710 331
1602720 331
1602730 331
1602740 331
1602750 331
1602760 333
1602770 337
1602780 337
1602790 339
1602800 340
1602810 340
1602820 341
1602830 342
1602840 342
1602850 343
1602860 345
1602870 345
1602880 346
1602890 347
1602900 347
1602910 349
1602920 350
1602930 350
1602940 351
1602950 352
1602960 352
1602970 351
1602980 351
1602990 351
1603000 351
1603010 351
1603020 351
1603030 351
1603040 351
1603050 351
1603060 350
1603070 350
1603080 350
1603090 350
1603100 350
1603110 350
1603120 350
1603130 349
1603140 349
1603150 349
1603160 348
1603170 346
1603180 346
1603190 345
1603200 345
1603210 345
1603220 345
1603230 346
1603240 346
1603250 345
1603260 343
1603270 343
1603280 340
1603290 338
1603300 338
1603310 334
1603320 331
1603330 331
1603340 331
1603350 331
1603360 331
1603370 331
1603380 331
1603390 331
1603400 331
1603410 331
1603420 331
1603430 331
1603440 331
1603450 331
1603460 336
1603470 345
1603480 345
1603490 351
1603500 352
1603510 352
1603520 354
1603530 354
1603540 354
1603550 354
1603560 354
1603570 354
1603580 355
1603590 356
1603600 356
1603610 357
1603620 357
1603630 357
1603640 358
1603650 359
1603660 359
1603670 360
1603680 360
1603690 360
1603700 360
1603710 360
1603720 360
1603730 360
1603740 359
1603750 359
1603760 360
1603770 361
1603780 361
1603790 361
1603800 361
1603810 361
1603820 361
1603830 361
1603840 361
1603850 361
1603860 361
1603870 361
1603880 361
1603890 362
1603900 362
1603910 362
1603920 362
1603930 362
1603940 362
1603950 362
1603960 362
1603970 362
1603980 362
1603990 362
1604000 362
1604010 362
1604020 362
1604030 362
1604040 362
1604050 362
1604060 362
1604070 362
1604080 362
1604090 362
1604100 363
1604110 363
1604120 363
1604130 363
1604140 363
1604150 363
1604160 363
1604170 362
1604180 362
1604190 362
1604200 362
1604210 362
1604220 362
1604230 362
1604240 362
1604250 362
1604260 362
1604270 362
1604280 362
1604290 362
1604300 362
1604310 362
1604320 362
1604330 362
1604340 362
1604350 362
1604360 362
1604370 362
1604380 362
1604390 362
1604400 362
1604410 362
1604420 362
1604430 362
1604440 363
1604450 363
1604460 363
1604470 363
1604480 363
1604490 363
1604500 363
1604510 363
1604520 363
1604530 363
1604540 363
1604550 363
1604560 363
1604570 363
1604580 363
1604590 355
1604600 355
1604610 347
1604620 341
1604630 341
1604640 338
1604650 336
1604660 335
1604670 335
1604680 335
1604690 334
1604700 334
1604710 338
1604720 344
1604730 344
1604740 348
1604750 352
1604760 352
1604770 355
1604780 359
1604790 359
1604800 362
1604810 364
1604820 364
1604830 367
1604840 369
1604850 369
1604860 372
1604870 376
1604880 376
1604890 381
1604900 386
1604910 386
1604920 391
1604930 396
1604940 396
1604950 399
1604960 401
1604970 401
1604980 403
1604990 406
1605000 406
1605010 409
1605020 411
1605030 411
1605040 413
1605050 414
1605060 414
1605070 415
1605080 416
1605090 416
1605100 417
1605110 418
1605120 418
1605130 419
1605140 421
1605150 421
1605160 422
1605170 424
1605180 424
1605190 426
1605200 428
1605210 428
1605220 430
1605230 433
1605240 433
1605250 435
1605260 438
1605270 438
1605280 441
1605290 442
1605300 442
1605310 444
1605320 446
1605330 446
1605340 448
1605350 451
1605360 451
1605370 454
1605380 457
1605390 453
1605400 456
1605410 460
1605420 464
1605430 464
1605440 467
1605450 471
1605460 471
1605470 474
1605480 478
1605490 478
1605500 479
1605510 481
1605520 481
1605530 483
1605540 484
1605550 484
1605560 484
1605570 485
1605580 485
1605590 486
1605600 487
1605610 487
1605620 488
1605630 490
1605640 490
1605650 491
1605660 492
1605670 492
1605680 493
1605690 494
1605700 494
1605710 495
1605720 497
1605730 497
1605740 498
1605750 499
1605760 499
1605770 500
1605780 502
1605790 502
1605800 503
1605810 505
1605820 505
1605830 506
1605840 508
1605850 508
1605860 509
1605870 510
1605880 510
1605890 511
1605900 512
1605910 512
1605920 513
1605930 513
1605940 513
1605950 514
1605960 514
1605970 514
1605980 514
1605990 514
1606000 514
1606010 514
1606020 515
1606030 515
1606040 515
1606050 516
1606060 516
1606070 516
1606080 517
1606090 517
1606100 517
1606110 517
1606120 517
1606130 517
1606140 513
1606150 513
1606160 507
1606170 502
1606180 502
1606190 499
1606200 499
1606210 499
1606220 499
1606230 499
1606240 500
1606250 500
1606260 501
1606270 502
1606280 502
1606290 502
1606300 502
1606310 502
1606320 502
1606330 501
1606340 501
1606350 500
1606360 499
1606370 499
1606380 496
1606390 492
1606400 492
1606410 487
1606420 484
1606430 484
1606440 483
1606450 488
1606460 488
1606470 491
1606480 493
1606490 493
1606500 495
1606510 497
1606520 497
1606530 498
1606540 499
1606550 499
1606560 499
1606570 499
1606580 499
1606590 499
1606600 497
1606610 497
1606620 492
1606630 487
1606640 487
1606650 484
1606660 481
1606670 481
1606680 477
1606690 472
1606700 472
1606710 467
1606720 462
1606730 462
1606740 459
1606750 459
1606760 459
1606770 465
1606780 470
1606790 470
1606800 474
1606810 478
1606820 478
1606830 483
1606840 487
1606850 487
1606860 492
1606870 496
1606880 496
1606890 500
1606900 504
1606910 504
1606920 507
1606930 510
1606940 510
1606950 513
1606960 516
1606970 518
1606980 518
1606990 521
1607000 523
1607010 523
1607020 524
1607030 526
1607040 526
1607050 525
1607060 522
1607070 522
1607080 519
1607090 517
1607100 517
1607110 516
1607120 517
1607130 517
1607140 521
1607150 526
1607160 526
1607170 531
1607180 536
1607190 536
1607200 539
1607210 543
1607220 543
1607230 546
1607240 549
1607250 549
1607260 552
1607270 554
1607280 554
1607290 557
1607300 559
1607310 559
1607320 561
1607330 563
1607340 563
1607350 565
1607360 567
1607370 567
1607380 569
1607390 570
1607400 570
1607410 572
1607420 573
1607430 573
1607440 574
1607450 575
1607460 575
1607470 575
1607480 574
1607490 574
1607500 572
1607510 577
1607520 577
1607530 576
1607540 576
1607550 576
1607560 577
1607570 578
1607580 578
1607590 579
1607600 582
1607610 582
1607620 585
1607630 589
1607640 589
1607650 592
1607660 596
1607670 596
1607680 600
1607690 604
1607700 604
1607710 607
1607720 611
1607730 614
1607740 614
1607750 617
1607760 620
1607770 620
1607780 623
1607790 626
1607800 626
1607810 629
1607820 631
1607830 631
1607840 634
1607850 636
1607860 636
1607870 639
1607880 641
1607890 641
1607900 643
1607910 645
1607920 645
1607930 646
1607940 648
1607950 648
1607960 649
1607970 650
1607980 650
1607990 651
1608000 652
1608010 652
1608020 652
1608030 652
1608040 652
1608050 652
1608060 652
1608070 652
1608080 651
1608090 651
1608100 651
1608110 650
1608120 649
1608130 649
1608140 648
1608150 646
1608160 646
1608170 644
1608180 638
1608190 638
1608200 631
1608210 624
1608220 624
1608230 617
1608240 612
1608250 612
1608260 607
1608270 602
1608280 602
1608290 596
1608300 591
1608310 591
1608320 586
1608330 582
1608340 582
1608350 577
1608360 573
1608370 573
1608380 569
1608390 565
1608400 565
1608410 561
1608420 555
1608430 555
1608440 550
1608450 544
1608460 544
1608470 539
1608480 534
1608490 534
1608500 528
1608510 519
1608520 513
1608530 513
1608540 508
1608550 511
1608560 511
1608570 506
1608580 501
1608590 501
1608600 496
1608610 490
1608620 490
1608630 484
1608640 472
1608650 472
1608660 462
1608670 454
1608680 454
1608690 447
1608700 441
1608710 441
1608720 437
1608730 433
1608740 433
1608750 433
1608760 435
1608770 435
1608780 438
1608790 442
1608800 442
1608810 445
1608820 449
1608830 449
1608840 452
1608850 456
1608860 456
1608870 460
1608880 463
1608890 463
1608900 468
1608910 472
1608920 472
1608930 477
1608940 482
1608950 482
1608960 487
1608970 491
1608980 491
1608990 495
1609000 498
1609010 498
1609020 502
1609030 506
1609040 506
1609050 509
1609060 512
1609070 512
1609080 516
1609090 519
1609100 519
1609110 522
1609120 525
1609130 525
1609140 527
1609150 530
1609160 530
1609170 533
1609180 535
1609190 535
1609200 538
1609210 540
1609220 540
1609230 542
1609240 545
1609250 545
1609260 549
1609270 553
1609280 556
1609290 556
1609300 559
1609310 561
1609320 561
1609330 563
1609340 565
1609350 565
1609360 567
1609370 569
1609380 569
1609390 571
1609400 572
1609410 572
1609420 572
1609430 573
1609440 573
1609450 575
1609460 575
1609470 575
1609480 576
1609490 576
1609500 576
1609510 578
1609520 579
1609530 579
1609540 580
1609550 582
1609560 582
1609570 585
1609580 593
1609590 593
1609600 597
1609610 600
1609620 600
1609630 603
1609640 605
1609650 605
1609660 606
1609670 606
1609680 606
1609690 606
1609700 606
1609710 606
1609720 605
1609730 603
1609740 603
1609750 602
1609760 601
1609770 601
1609780 600
1609790 600
1609800 600
1609810 599
1609820 600
1609830 600
1609840 602
1609850 603
1609860 603
1609870 605
1609880 606
1609890 606
1609900 607
1609910 607
1609920 607
1609930 606
1609940 605
1609950 605
1609960 602
1609970 597
1609980 597
1609990 590
1610000 582
1610010 582
1610020 574
1610030 566
1610040 560
1610050 560
1610060 554
1610070 551
1610080 551
1610090 548
1610100 544
1610110 544
1610120 542
1610130 539
1610140 539
1610150 537
1610160 534
1610170 534
1610180 530
1610190 527
1610200 527
1610210 523
1610220 520
1610230 520
1610240 517
1610250 515
1610260 515
1610270 512
1610280 509
1610290 509
1610300 505
1610310 501
1610320 501
1610330 496
1610340 491
1610350 491
1610360 489
1610370 491
1610380 491
1610390 496
1610400 503
1610410 503
1610420 509
1610430 513
1610440 513
1610450 518
1610460 523
1610470 523
1610480 528
1610490 534
1610500 534
1610510 540
1610520 546
1610530 546
1610540 551
1610550 557
1610560 557
1610570 562
1610580 568
1610590 568
1610600 573
1610610 575
1610620 575
1610630 579
1610640 584
1610650 584
1610660 588
1610670 592
1610680 592
1610690 596
1610700 600
1610710 600
1610720 603
1610730 606
1610740 606
1610750 609
1610760 611
1610770 611
1610780 614
1610790 616
1610800 616
1610810 618
1610820 620
1610830 621
1610840 621
1610850 622
1610860 623
1610870 623
1610880 624
1610890 624
1610900 624
1610910 625
1610920 626
1610930 626
1610940 626
1610950 625
1610960 625
1610970 626
1610980 626
1610990 626
1611000 627
1611010 628
1611020 628
1611030 628
1611040 628
1611050 628
1611060 627
1611070 625
1611080 625
1611090 623
1611100 620
1611110 620
1611120 616
1611130 614
1611140 614
1611150 612
1611160 611
1611170 611
1611180 610
1611190 610
1611200 610
1611210 610
1611220 610
1611230 610
1611240 610
1611250 610
1611260 610
1611270 609
1611280 609
1611290 609
1611300 609
1611310 609
1611320 609
1611330 609
1611340 608
1611350 608
1611360 607
1611370 605
1611380 605
1611390 600
1611400 595
1611410 595
1611420 590
1611430 586
1611440 586
1611450 582
1611460 580
1611470 580
1611480 578
1611490 576
1611500 576
1611510 576
1611520 576
1611530 576
1611540 576
1611550 576
1611560 576
1611570 578
1611580 579
1611590 582
1611600 582
1611610 584
1611620 587
1611630 589
1611640 592
1611650 596
1611660 596
1611670 599
1611680 601
1611690 601
1611700 604
1611710 606
1611720 606
1611730 609
1611740 612
1611750 612
1611760 617
1611770 623
1611780 623
1611790 623
1611800 625
1611810 625
1611820 626
1611830 626
1611840 626
1611850 626
1611860 626
1611870 626
1611880 626
1611890 626
1611900 626
1611910 627
1611920 628
1611930 628
1611940 630
1611950 633
1611960 633
1611970 634
1611980 636
1611990 636
1612000 636
1612010 635
1612020 635
1612030 633
1612040 629
1612050 629
1612060 627
1612070 623
1612080 623
1612090 621
1612100 619
1612110 619
1612120 619
1612130 620
1612140 620
1612150 620
1612160 621
1612170 621
1612180 623
1612190 624
1612200 624
1612210 627
1612220 631
1612230 631
1612240 635
1612250 640
1612260 640
1612270 645
1612280 650
1612290 650
1612300 655
1612310 659
1612320 659
1612330 664
1612340 667
1612350 667
1612360 670
1612370 673
1612380 677
1612390 677
1612400 679
1612410 679
1612420 679
1612430 678
1612440 677
1612450 677
1612460 677
1612470 677
1612480 677
1612490 676
1612500 675
1612510 675
1612520 675
1612530 674
1612540 674
1612550 673
1612560 672
1612570 672
1612580 671
1612590 670
1612600 670
1612610 669
1612620 667
1612630 667
1612640 663
1612650 662
1612660 662
1612670 661
1612680 660
1612690 660
1612700 658
1612710 657
1612720 657
1612730 656
1612740 656
1612750 656
1612760 654
1612770 653
1612780 653
1612790 652
1612800 651
1612810 651
1612820 650
1612830 649
1612840 649
1612850 649
1612860 648
1612870 648
1612880 646
1612890 645
1612900 645
1612910 644
1612920 643
1612930 643
1612940 642
1612950 640
1612960 640
1612970 639
1612980 638
1612990 638
1613000 637
1613010 635
1613020 635
1613030 634
1613040 633
1613050 633
1613060 632
1613070 631
1613080 631
1613090 632
1613100 632
1613110 632
1613120 633
1613130 633
1613140 634
1613150 634
1613160 634
1613170 634
1613180 634
1613190 635
1613200 636
1613210 636
1613220 636
1613230 637
1613240 637
1613250 638
1613260 639
1613270 639
1613280 640
1613290 639
1613300 639
1613310 638
1613320 636
1613330 636
1613340 634
1613350 631
1613360 631
1613370 628
1613380 625
1613390 625
1613400 622
1613410 619
1613420 619
1613430 616
1613440 614
1613450 614
1613460 612
1613470 610
1613480 610
1613490 607
1613500 604
1613510 604
1613520 602
1613530 599
1613540 599
1613550 597
1613560 594
1613570 594
1613580 592
1613590 590
1613600 590
1613610 588
1613620 587
1613630 587
1613640 584
1613650 582
1613660 582
1613670 582
1613680 585
1613690 585
1613700 588
1613710 591
1613720 591
1613730 592
1613740 594
1613750 594
1613760 597
1613770 602
1613780 602
1613790 607
1613800 611
1613810 611
1613820 612
1613830 613
1613840 613
1613850 614
1613860 615
1613870 615
1613880 617
1613890 620
1613900 624
1613910 624
1613920 628
1613930 633
1613940 633
1613950 630
1613960 630
1613970 630
1613980 633
1613990 636
1614000 636
1614010 642
1614020 647
1614030 647
1614040 652
1614050 657
1614060 657
1614070 661
1614080 664
1614090 664
1614100 662
1614110 659
1614120 659
1614130 652
1614140 645
1614150 645
1614160 640
1614170 637
1614180 637
1614190 635
1614200 634
1614210 634
1614220 634
1614230 634
1614240 634
1614250 633
1614260 632
1614270 632
1614280 630
1614290 628
1614300 628
1614310 627
1614320 626
1614330 626
1614340 626
1614350 626
1614360 626
1614370 625
1614380 625
1614390 625
1614400 624
1614410 623
1614420 623
1614430 622
1614440 621
1614450 621
1614460 621
1614470 620
1614480 620
1614490 619
1614500 618
1614510 618
1614520 617
1614530 615
1614540 615
1614550 614
1614560 613
1614570 613
1614580 611
1614590 610
1614600 610
1614610 609
1614620 608
1614630 607
1614640 606
1614650 604
1614660 604
1614670 603
1614680 602
1614690 601
1614700 601
1614710 599
1614720 598
1614730 598
1614740 596
1614750 594
1614760 594
1614770 592
1614780 590
1614790 590
1614800 587
1614810 585
1614820 585
1614830 582
1614840 579
1614850 579
1614860 575
1614870 570
1614880 570
1614890 565
1614900 560
1614910 560
1614920 556
1614930 553
1614940 553
1614950 549
1614960 544
1614970 544
1614980 539
1614990 534
1615000 534
1615010 529
1615020 527
1615030 527
1615040 525
1615050 523
1615060 523
1615070 520
1615080 518
1615090 518
1615100 518
1615110 519
1615120 519
1615130 517
1615140 513
1615150 513
1615160 511
1615170 509
1615180 509
1615190 506
1615200 504
1615210 504
1615220 502
1615230 500
1615240 500
1615250 498
1615260 497
1615270 497
1615280 496
1615290 496
1615300 496
1615310 496
1615320 495
1615330 495
1615340 495
1615350 494
1615360 494
1615370 495
1615380 498
1615390 498
1615400 502
1615410 506
1615420 506
1615430 510
1615440 514
1615450 517
1615460 517
1615470 520
1615480 522
1615490 522
1615500 523
1615510 523
1615520 523
1615530 523
1615540 525
1615550 525
1615560 526
1615570 530
1615580 530
1615590 532
1615600 534
1615610 534
1615620 537
1615630 538
1615640 538
1615650 539
1615660 540
1615670 540
1615680 541
1615690 542
1615700 542
1615710 543
1615720 543
1615730 543
1615740 544
1615750 542
1615760 542
1615770 539
1615780 535
1615790 535
1615800 535
1615810 534
1615820 534
1615830 534
1615840 537
1615850 537
1615860 538
1615870 539
1615880 539
1615890 541
1615900 544
1615910 544
1615920 546
1615930 549
1615940 549
1615950 552
1615960 554
1615970 554
1615980 556
1615990 558
1616000 558
1616010 559
1616020 560
1616030 560
1616040 561
1616050 562
1616060 562
1616070 562
1616080 563
1616090 563
1616100 563
1616110 563
1616120 563
1616130 564
1616140 564
1616150 564
1616160 564
1616170 564
1616180 564
1616190 564
1616200 564
1616210 564
1616220 564
1616230 564
1616240 563
1616250 563
1616260 562
1616270 561
1616280 561
1616290 557
1616300 554
1616310 554
1616320 553
1616330 552
1616340 552
1616350 552
1616360 551
1616370 551
1616380 549
1616390 546
1616400 546
1616410 542
1616420 537
1616430 537
1616440 531
1616450 523
1616460 523
1616470 516
1616480 510
1616490 510
1616500 505
1616510 499
1616520 499
1616530 496
1616540 497
1616550 497
1616560 505
1616570 511
1616580 511
1616590 516
1616600 521
1616610 521
1616620 526
1616630 531
1616640 531
1616650 536
1616660 542
1616670 542
1616680 548
1616690 555
1616700 555
1616710 558
1616720 560
1616730 560
1616740 563
1616750 566
1616760 566
1616770 570
1616780 574
1616790 574
1616800 578
1616810 580
1616820 580
1616830 580
1616840 582
1616850 582
1616860 584
1616870 586
1616880 586
1616890 587
1616900 588
1616910 588
1616920 589
1616930 590
1616940 590
1616950 591
1616960 591
1616970 591
1616980 590
1616990 590
1617000 590
1617010 590
1617020 593
1617030 596
1617040 596
1617050 598
1617060 599
1617070 599
1617080 601
1617090 602
1617100 602
1617110 603
1617120 604
1617130 604
1617140 605
1617150 607
1617160 607
1617170 609
1617180 610
1617190 610
1617200 612
1617210 613
1617220 613
1617230 615
1617240 616
1617250 616
1617260 617
1617270 618
1617280 618
1617290 619
1617300 620
1617310 620
1617320 620
1617330 621
1617340 621
1617350 622
1617360 622
1617370 622
1617380 623
1617390 624
1617400 624
1617410 624
1617420 625
1617430 625
1617440 626
1617450 626
1617460 626
1617470 626
1617480 626
1617490 626
1617500 626
1617510 626
1617520 626
1617530 626
1617540 626
1617550 626
1617560 626
1617570 626
1617580 627
1617590 627
1617600 626
1617610 626
1617620 625
1617630 622
1617640 622
1617650 617
1617660 613
1617670 613
1617680 608
1617690 603
1617700 603
1617710 598
1617720 593
1617730 593
1617740 589
1617750 585
1617760 581
1617770 581
1617780 578
1617790 575
1617800 575
1617810 574
1617820 571
1617830 571
1617840 569
1617850 565
1617860 565
1617870 562
1617880 558
1617890 558
1617900 556
1617910 555
1617920 555
1617930 554
1617940 554
1617950 554
1617960 553
1617970 550
1617980 550
1617990 547
1618000 546
1618010 546
1618020 543
1618030 541
1618040 541
1618050 539
1618060 537
1618070 537
1618080 534
1618090 531
1618100 531
1618110 526
1618120 522
1618130 522
1618140 520
1618150 518
1618160 518
1618170 517
1618180 517
1618190 517
1618200 517
1618210 517
1618220 517
1618230 519
1618240 520
1618250 520
1618260 519
1618270 517
1618280 517
1618290 515
1618300 514
1618310 514
1618320 514
1618330 513
1618340 513
1618350 511
1618360 510
1618370 510
1618380 509
1618390 508
1618400 508
1618410 506
1618420 505
1618430 505
1618440 503
1618450 502
1618460 502
1618470 501
1618480 498
1618490 498
1618500 493
1618510 491
1618520 491
1618530 492
1618540 498
1618550 500
1618560 500
1618570 501
1618580 502
1618590 502
1618600 503
1618610 503
1618620 503
1618630 501
1618640 500
1618650 500
1618660 500
1618670 498
1618680 498
1618690 496
1618700 493
1618710 493
1618720 490
1618730 491
1618740 491
1618750 490
1618760 489
1618770 489
1618780 488
1618790 485
1618800 485
1618810 482
1618820 482
1618830 482
1618840 482
1618850 483
1618860 483
1618870 483
1618880 481
1618890 481
1618900 480
1618910 478
1618920 478
1618930 476
1618940 474
1618950 474
1618960 473
1618970 473
1618980 473
1618990 472
1619000 472
1619010 472
1619020 472
1619030 472
1619040 472
1619050 473
1619060 473
1619070 473
1619080 473
1619090 473
1619100 473
1619110 476
1619120 478
1619130 478
1619140 480
1619150 482
1619160 482
1619170 483
1619180 485
1619190 485
1619200 486
1619210 487
1619220 487
1619230 488
1619240 489
1619250 489
1619260 490
1619270 491
1619280 491
1619290 492
1619300 493
1619310 493
1619320 493
1619330 493
1619340 493
1619350 493
1619360 493
1619370 494
1619380 494
1619390 495
1619400 495
1619410 495
1619420 495
1619430 498
1619440 498
1619450 501
1619460 504
1619470 504
1619480 507
1619490 510
1619500 509
1619510 511
1619520 513
1619530 513
1619540 514
1619550 515
1619560 515
1619570 516
1619580 516
1619590 516
1619600 516
1619610 517
1619620 517
1619630 518
1619640 518
1619650 518
1619660 519
1619670 521
1619680 521
1619690 520
1619700 519
1619710 519
1619720 518
1619730 519
1619740 519
1619750 521
1619760 522
1619770 522
1619780 523
1619790 524
1619800 524
1619810 526
1619820 527
1619830 527
1619840 528
1619850 529
1619860 529
1619870 530
1619880 531
1619890 531
1619900 532
1619910 533
1619920 533
1619930 534
1619940 534
1619950 534
1619960 535
1619970 536
1619980 536
1619990 536
