1600000 531
1600010 530
1600020 530
1600030 528
1600040 521
1600050 521
1600060 520
1600070 520
1600080 520
1600090 519
1600100 517
1600110 517
1600120 516
1600130 516
1600140 516
1600150 516
1600160 516
1600170 516
1600180 515
1600190 514
1600200 514
1600210 513
1600220 514
1600230 514
1600240 513
1600250 512
1600260 512
1600270 512
1600280 512
1600290 512
1600300 512
1600310 513
1600320 513
1600330 514
1600340 515
1600350 515
1600360 517
1600370 519
1600380 519
1600390 521
1600400 523
1600410 523
1600420 525
1600430 527
1600440 527
1600450 530
1600460 532
1600470 532
1600480 535
1600490 537
1600500 537
1600510 540
1600520 543
1600530 543
1600540 545
1600550 548
1600560 548
1600570 550
1600580 552
1600590 552
1600600 554
1600610 555
1600620 555
1600630 556
1600640 556
1600650 555
1600660 555
1600670 554
1600680 553
1600690 553
1600700 551
1600710 550
1600720 550
1600730 548
1600740 547
1600750 547
1600760 546
1600770 546
1600780 546
1600790 545
1600800 544
1600810 544
1600820 543
1600830 542
1600840 542
1600850 542
1600860 541
1600870 541
1600880 540
1600890 539
1600900 539
1600910 537
1600920 536
1600930 536
1600940 535
1600950 534
1600960 534
1600970 532
1600980 531
1600990 531
1601000 530
1601010 529
1601020 529
1601030 527
1601040 525
1601050 525
1601060 524
1601070 522
1601080 522
1601090 520
1601100 518
1601110 518
1601120 516
1601130 515
1601140 515
1601150 508
1601160 505
1601170 505
1601180 503
1601190 500
1601200 500
1601210 498
1601220 494
1601230 494
1601240 490
1601250 485
1601260 485
1601270 480
1601280 476
1601290 476
1601300 473
1601310 468
1601320 468
1601330 463
1601340 458
1601350 458
1601360 453
1601370 450
1601380 450
1601390 447
1601400 444
1601410 444
1601420 441
1601430 438
1601440 436
1601450 436
1601460 437
1601470 440
1601480 440
1601490 444
1601500 447
1601510 447
1601520 450
1601530 454
1601540 454
1601550 457
1601560 460
1601570 460
1601580 463
1601590 466
1601600 466
1601610 468
1601620 471
1601630 471
1601640 473
1601650 476
1601660 476
1601670 478
1601680 480
1601690 480
1601700 481
1601710 482
1601720 482
1601730 483
1601740 483
1601750 483
1601760 482
1601770 481
1601780 481
1601790 479
1601800 477
1601810 477
1601820 475
1601830 473
1601840 473
1601850 470
1601860 466
1601870 466
1601880 462
1601890 458
1601900 458
1601910 453
1601920 449
1601930 449
1601940 445
1601950 443
1601960 443
1601970 440
1601980 438
1601990 438
1602000 435
1602010 432
1602020 432
1602030 429
1602040 425
1602050 425
1602060 421
1602070 417
1602080 417
1602090 413
1602100 410
1602110 410
1602120 405
1602130 399
1602140 399
1602150 395
1602160 395
1602170 395
1602180 399
1602190 402
1602200 402
1602210 406
1602220 409
1602230 413
1602240 413
1602250 416
1602260 420
1602270 420
1602280 424
1602290 428
1602300 428
1602310 432
1602320 437
1602330 437
1602340 443
1602350 448
1602360 448
1602370 452
1602380 456
1602390 456
1602400 461
1602410 467
1602420 467
1602430 471
1602440 476
1602450 476
1602460 481
1602470 485
1602480 485
1602490 490
1602500 494
1602510 494
1602520 500
1602530 506
1602540 506
1602550 511
1602560 516
1602570 516
1602580 521
1602590 526
1602600 526
1602610 530
1602620 535
1602630 535
1602640 539
1602650 542
1602660 542
1602670 545
1602680 547
1602690 547
1602700 548
1602710 550
1602720 550
1602730 550
1602740 550
1602750 550
1602760 549
1602770 548
1602780 548
1602790 546
1602800 545
1602810 545
1602820 545
1602830 544
1602840 544
1602850 543
1602860 541
1602870 541
1602880 540
1602890 539
1602900 539
1602910 537
1602920 535
1602930 535
1602940 534
1602950 532
1602960 532
1602970 531
1602980 530
1602990 529
1603000 529
1603010 528
1603020 527
1603030 527
1603040 527
1603050 526
1603060 526
1603070 525
1603080 524
1603090 524
1603100 523
1603110 522
1603120 522
1603130 522
1603140 521
1603150 521
1603160 521
1603170 520
1603180 520
1603190 519
1603200 519
1603210 519
1603220 518
1603230 517
1603240 517
1603250 516
1603260 514
1603270 514
1603280 513
1603290 512
1603300 512
1603310 511
1603320 510
1603330 510
1603340 516
1603350 515
1603360 515
1603370 514
1603380 513
1603390 513
1603400 512
1603410 511
1603420 511
1603430 510
1603440 509
1603450 509
1603460 508
1603470 507
1603480 507
1603490 505
1603500 503
1603510 503
1603520 499
1603530 495
1603540 495
1603550 491
1603560 490
1603570 490
1603580 490
1603590 490
1603600 490
1603610 490
1603620 489
1603630 489
1603640 489
1603650 487
1603660 487
1603670 486
1603680 483
1603690 483
1603700 480
1603710 479
1603720 479
1603730 480
1603740 481
1603750 481
1603760 482
1603770 483
1603780 482
1603790 482
1603800 479
1603810 477
1603820 477
1603830 476
1603840 476
1603850 476
1603860 478
1603870 481
1603880 481
1603890 484
1603900 486
1603910 486
1603920 488
1603930 490
1603940 490
1603950 491
1603960 492
1603970 492
1603980 492
1603990 492
1604000 492
1604010 492
1604020 489
1604030 489
1604040 486
1604050 483
1604060 483
1604070 482
1604080 482
1604090 482
1604100 482
1604110 483
1604120 483
1604130 482
1604140 481
1604150 481
1604160 481
1604170 479
1604180 479
1604190 477
1604200 479
1604210 479
1604220 482
1604230 483
1604240 483
1604250 483
1604260 483
1604270 483
1604280 483
1604290 483
1604300 483
1604310 481
1604320 480
1604330 480
1604340 478
1604350 477
1604360 477
1604370 475
1604380 474
1604390 474
1604400 473
1604410 473
1604420 473
1604430 479
1604440 480
1604450 480
1604460 481
1604470 483
1604480 483
1604490 484
1604500 485
1604510 485
1604520 485
1604530 485
1604540 485
1604550 485
1604560 485
1604570 485
1604580 485
1604590 485
1604600 485
1604610 485
1604620 485
1604630 485
1604640 485
1604650 485
1604660 485
1604670 485
1604680 485
1604690 485
1604700 485
1604710 485
1604720 484
1604730 484
1604740 483
1604750 482
1604760 482
1604770 481
1604780 480
1604790 480
1604800 478
1604810 477
1604820 477
1604830 474
1604840 472
1604850 472
1604860 470
1604870 467
1604880 467
1604890 465
1604900 462
1604910 462
1604920 460
1604930 457
1604940 457
1604950 454
1604960 451
1604970 451
1604980 447
1604990 441
1605000 441
1605010 434
1605020 428
1605030 428
1605040 421
1605050 416
1605060 416
1605070 411
1605080 406
1605090 406
1605100 402
1605110 398
1605120 398
1605130 395
1605140 392
1605150 392
1605160 390
1605170 388
1605180 388
1605190 385
1605200 383
1605210 383
1605220 380
1605230 379
1605240 379
1605250 378
1605260 376
1605270 376
1605280 374
1605290 372
1605300 372
1605310 370
1605320 368
1605330 368
1605340 365
1605350 362
1605360 360
1605370 360
1605380 358
1605390 356
1605400 356
1605410 356
1605420 356
1605430 356
1605440 355
1605450 353
1605460 353
1605470 352
1605480 352
1605490 352
1605500 351
1605510 352
1605520 352
1605530 352
1605540 352
1605550 352
1605560 352
1605570 352
1605580 352
1605590 352
1605600 352
1605610 352
1605620 352
1605630 352
1605640 352
1605650 352
1605660 350
1605670 350
1605680 352
1605690 354
1605700 354
1605710 360
1605720 368
1605730 368
1605740 374
1605750 376
1605760 376
1605770 377
1605780 378
1605790 378
1605800 380
1605810 382
1605820 382
1605830 385
1605840 388
1605850 388
1605860 391
1605870 394
1605880 394
1605890 398
1605900 401
1605910 401
1605920 404
1605930 407
1605940 407
1605950 409
1605960 412
1605970 412
1605980 415
1605990 417
1606000 417
1606010 419
1606020 420
1606030 420
1606040 422
1606050 423
1606060 423
1606070 424
1606080 425
1606090 425
1606100 425
1606110 425
1606120 426
1606130 426
1606140 426
1606150 427
1606160 427
1606170 427
1606180 427
1606190 427
1606200 427
1606210 426
1606220 426
1606230 427
1606240 428
1606250 428
1606260 429
1606270 430
1606280 430
1606290 430
1606300 431
1606310 431
1606320 433
1606330 434
1606340 434
1606350 435
1606360 436
1606370 436
1606380 436
1606390 437
1606400 437
1606410 438
1606420 438
1606430 438
1606440 439
1606450 439
1606460 439
1606470 441
1606480 441
1606490 441
1606500 442
1606510 442
1606520 442
1606530 443
1606540 444
1606550 444
1606560 440
1606570 442
1606580 442
1606590 443
1606600 444
1606610 444
1606620 445
1606630 446
1606640 446
1606650 447
1606660 448
1606670 448
1606680 450
1606690 452
1606700 452
1606710 453
1606720 455
1606730 455
1606740 456
1606750 458
1606760 458
1606770 460
1606780 462
1606790 462
1606800 464
1606810 465
1606820 465
1606830 467
1606840 468
1606850 468
1606860 470
1606870 471
1606880 471
1606890 472
1606900 474
1606910 475
1606920 475
1606930 477
1606940 479
1606950 479
1606960 481
1606970 483
1606980 483
1606990 485
1607000 487
1607010 487
1607020 489
1607030 491
1607040 491
1607050 494
1607060 496
1607070 496
1607080 498
1607090 499
1607100 499
1607110 501
1607120 502
1607130 502
1607140 503
1607150 504
1607160 504
1607170 505
1607180 506
1607190 506
1607200 507
1607210 508
1607220 508
1607230 508
1607240 508
1607250 508
1607260 508
1607270 508
1607280 508
1607290 509
1607300 510
1607310 510
1607320 512
1607330 513
1607340 513
1607350 514
1607360 516
1607370 516
1607380 517
1607390 518
1607400 518
1607410 519
1607420 520
1607430 520
1607440 521
1607450 521
1607460 521
1607470 522
1607480 522
1607490 522
1607500 522
1607510 521
1607520 521
1607530 520
1607540 519
1607550 519
1607560 518
1607570 517
1607580 517
1607590 517
1607600 518
1607610 513
1607620 514
1607630 514
1607640 514
1607650 515
1607660 516
1607670 516
1607680 517
1607690 520
1607700 522
1607710 522
1607720 526
1607730 530
1607740 530
1607750 534
1607760 537
1607770 537
1607780 541
1607790 544
1607800 544
1607810 548
1607820 553
1607830 553
1607840 557
1607850 560
1607860 560
1607870 561
1607880 562
1607890 562
1607900 560
1607910 556
1607920 556
1607930 550
1607940 546
1607950 546
1607960 544
1607970 543
1607980 543
1607990 541
1608000 538
1608010 538
1608020 537
1608030 541
1608040 541
1608050 543
1608060 546
1608070 546
1608080 550
1608090 554
1608100 554
1608110 558
1608120 562
1608130 562
1608140 565
1608150 568
1608160 568
1608170 571
1608180 575
1608190 575
1608200 578
1608210 582
1608220 582
1608230 585
1608240 588
1608250 588
1608260 591
1608270 593
1608280 593
1608290 596
1608300 598
1608310 598
1608320 600
1608330 602
1608340 602
1608350 604
1608360 605
1608370 605
1608380 607
1608390 610
1608400 610
1608410 612
1608420 615
1608430 615
1608440 617
1608450 620
1608460 620
1608470 625
1608480 629
1608490 628
1608500 628
1608510 626
1608520 624
1608530 624
1608540 624
1608550 625
1608560 625
1608570 626
1608580 628
1608590 628
1608600 630
1608610 631
1608620 631
1608630 632
1608640 633
1608650 631
1608660 632
1608670 633
1608680 633
1608690 633
1608700 632
1608710 632
1608720 630
1608730 625
1608740 625
1608750 620
1608760 615
1608770 615
1608780 611
1608790 606
1608800 606
1608810 602
1608820 598
1608830 598
1608840 593
1608850 589
1608860 589
1608870 586
1608880 584
1608890 584
1608900 583
1608910 581
1608920 581
1608930 578
1608940 574
1608950 574
1608960 569
1608970 567
1608980 567
1608990 565
1609000 565
1609010 565
1609020 567
1609030 571
1609040 571
1609050 576
1609060 581
1609070 581
1609080 585
1609090 588
1609100 588
1609110 591
1609120 595
1609130 595
1609140 598
1609150 602
1609160 602
1609170 605
1609180 608
1609190 608
1609200 611
1609210 615
1609220 615
1609230 617
1609240 621
1609250 624
1609260 624
1609270 627
1609280 629
1609290 629
1609300 632
1609310 635
1609320 635
1609330 637
1609340 640
1609350 640
1609360 642
1609370 645
1609380 645
1609390 648
1609400 650
1609410 650
1609420 653
1609430 655
1609440 655
1609450 657
1609460 659
1609470 659
1609480 662
1609490 664
1609500 664
1609510 667
1609520 669
1609530 669
1609540 672
1609550 674
1609560 674
1609570 676
1609580 679
1609590 679
1609600 682
1609610 684
1609620 684
1609630 687
1609640 690
1609650 690
1609660 692
1609670 695
1609680 695
1609690 692
1609700 695
1609710 695
1609720 698
1609730 700
1609740 700
1609750 702
1609760 705
1609770 705
1609780 707
1609790 709
1609800 709
1609810 711
1609820 713
1609830 713
1609840 715
1609850 717
1609860 717
1609870 718
1609880 719
1609890 719
1609900 721
1609910 722
1609920 722
1609930 723
1609940 725
1609950 725
1609960 726
1609970 727
1609980 727
1609990 729
1610000 730
1610010 730
1610020 731
1610030 733
1610040 734
1610050 734
1610060 736
1610070 737
1610080 737
1610090 738
1610100 738
1610110 738
1610120 738
1610130 738
1610140 738
1610150 737
1610160 734
1610170 734
1610180 730
1610190 726
1610200 726
1610210 723
1610220 719
1610230 719
1610240 715
1610250 711
1610260 711
1610270 708
1610280 704
1610290 704
1610300 700
1610310 697
1610320 697
1610330 694
1610340 691
1610350 691
1610360 689
1610370 687
1610380 687
1610390 685
1610400 684
1610410 684
1610420 682
1610430 681
1610440 681
1610450 680
1610460 678
1610470 678
1610480 676
1610490 673
1610500 673
1610510 669
1610520 666
1610530 666
1610540 662
1610550 659
1610560 659
1610570 658
1610580 657
1610590 657
1610600 656
1610610 656
1610620 656
1610630 655
1610640 656
1610650 656
1610660 656
1610670 656
1610680 656
1610690 656
1610700 655
1610710 657
1610720 653
1610730 649
1610740 649
1610750 644
1610760 640
1610770 640
1610780 635
1610790 631
1610800 631
1610810 631
1610820 633
1610830 635
1610840 635
1610850 637
1610860 639
1610870 639
1610880 640
1610890 640
1610900 640
1610910 639
1610920 636
1610930 636
1610940 634
1610950 632
1610960 632
1610970 631
1610980 634
1610990 634
1611000 638
1611010 642
1611020 642
1611030 646
1611040 650
1611050 650
1611060 653
1611070 655
1611080 655
1611090 657
1611100 660
1611110 660
1611120 663
1611130 665
1611140 665
1611150 668
1611160 670
1611170 670
1611180 672
1611190 675
1611200 675
1611210 677
1611220 679
1611230 679
1611240 682
1611250 683
1611260 683
1611270 685
1611280 686
1611290 686
1611300 686
1611310 682
1611320 682
1611330 678
1611340 675
1611350 675
1611360 672
1611370 670
1611380 670
1611390 669
1611400 669
1611410 669
1611420 670
1611430 671
1611440 671
1611450 672
1611460 674
1611470 674
1611480 678
1611490 681
1611500 681
1611510 684
1611520 687
1611530 687
1611540 688
1611550 691
1611560 691
1611570 692
1611580 691
1611590 691
1611600 688
1611610 685
1611620 681
1611630 681
1611640 677
1611650 675
1611660 675
1611670 674
1611680 674
1611690 674
1611700 675
1611710 676
1611720 676
1611730 680
1611740 679
1611750 679
1611760 678
1611770 674
1611780 674
1611790 671
1611800 668
1611810 668
1611820 665
1611830 661
1611840 661
1611850 658
1611860 655
1611870 655
1611880 653
1611890 650
1611900 650
1611910 647
1611920 645
1611930 645
1611940 644
1611950 644
1611960 644
1611970 644
1611980 644
1611990 644
1612000 645
1612010 646
1612020 646
1612030 647
1612040 649
1612050 649
1612060 650
1612070 653
1612080 653
1612090 655
1612100 658
1612110 658
1612120 661
1612130 663
1612140 663
1612150 666
1612160 669
1612170 669
1612180 672
1612190 675
1612200 675
1612210 677
1612220 679
1612230 679
1612240 680
1612250 680
1612260 680
1612270 678
1612280 676
1612290 676
1612300 674
1612310 672
1612320 672
1612330 670
1612340 667
1612350 667
1612360 664
1612370 660
1612380 660
1612390 655
1612400 652
1612410 646
1612420 646
1612430 640
1612440 635
1612450 635
1612460 631
1612470 629
1612480 629
1612490 628
1612500 627
1612510 627
1612520 627
1612530 627
1612540 627
1612550 626
1612560 626
1612570 626
1612580 627
1612590 627
1612600 627
1612610 628
1612620 629
1612630 629
1612640 630
1612650 632
1612660 632
1612670 633
1612680 635
1612690 635
1612700 637
1612710 639
1612720 639
1612730 642
1612740 649
1612750 649
1612760 651
1612770 653
1612780 653
1612790 654
1612800 654
1612810 654
1612820 653
1612830 652
1612840 652
1612850 650
1612860 648
1612870 648
1612880 646
1612890 644
1612900 644
1612910 642
1612920 639
1612930 639
1612940 637
1612950 634
1612960 634
1612970 632
1612980 629
1612990 629
1613000 626
1613010 624
1613020 624
1613030 620
1613040 617
1613050 617
1613060 612
1613070 608
1613080 608
1613090 608
1613100 610
1613110 610
1613120 611
1613130 612
1613140 612
1613150 613
1613160 615
1613170 615
1613180 616
1613190 616
1613200 617
1613210 617
1613220 618
1613230 618
1613240 618
1613250 619
1613260 620
1613270 620
1613280 620
1613290 621
1613300 621
1613310 621
1613320 622
1613330 622
1613340 623
1613350 623
1613360 623
1613370 624
1613380 624
1613390 624
1613400 625
1613410 625
1613420 625
1613430 626
1613440 625
1613450 625
1613460 625
1613470 624
1613480 624
1613490 623
1613500 622
1613510 622
1613520 619
1613530 616
1613540 616
1613550 613
1613560 610
1613570 610
1613580 607
1613590 605
1613600 605
1613610 603
1613620 601
1613630 601
1613640 599
1613650 597
1613660 597
1613670 595
1613680 593
1613690 593
1613700 591
1613710 589
1613720 589
1613730 587
1613740 585
1613750 585
1613760 583
1613770 581
1613780 581
1613790 579
1613800 576
1613810 576
1613820 574
1613830 571
1613840 571
1613850 569
1613860 567
1613870 567
1613880 566
1613890 564
1613900 564
1613910 563
1613920 562
1613930 562
1613940 561
1613950 559
1613960 559
1613970 556
1613980 553
1613990 557
1614000 557
1614010 560
1614020 563
1614030 563
1614040 565
1614050 569
1614060 569
1614070 573
1614080 578
1614090 578
1614100 583
1614110 587
1614120 587
1614130 590
1614140 593
1614150 593
1614160 595
1614170 598
1614180 598
1614190 600
1614200 602
1614210 602
1614220 603
1614230 605
1614240 605
1614250 606
1614260 606
1614270 606
1614280 607
1614290 608
1614300 608
1614310 608
1614320 609
1614330 609
1614340 609
1614350 610
1614360 610
1614370 610
1614380 610
1614390 610
1614400 611
1614410 611
1614420 611
1614430 611
1614440 611
1614450 611
1614460 611
1614470 610
1614480 610
1614490 609
1614500 608
1614510 608
1614520 606
1614530 602
1614540 602
1614550 599
1614560 596
1614570 596
1614580 593
1614590 590
1614600 590
1614610 586
1614620 586
1614630 586
1614640 589
1614650 590
1614660 590
1614670 591
1614680 592
1614690 592
1614700 594
1614710 596
1614720 596
1614730 598
1614740 602
1614750 602
1614760 603
1614770 604
1614780 606
1614790 606
1614800 607
1614810 608
1614820 608
1614830 610
1614840 611
1614850 611
1614860 613
1614870 614
1614880 614
1614890 616
1614900 617
1614910 617
1614920 618
1614930 619
1614940 619
1614950 621
1614960 622
1614970 622
1614980 623
1614990 624
1615000 624
1615010 625
1615020 625
1615030 625
1615040 625
1615050 625
1615060 625
1615070 622
1615080 616
1615090 616
1615100 611
1615110 604
1615120 604
1615130 597
1615140 590
1615150 590
1615160 583
1615170 575
1615180 575
1615190 568
1615200 560
1615210 560
1615220 554
1615230 548
1615240 548
1615250 541
1615260 535
1615270 535
1615280 531
1615290 528
1615300 528
1615310 525
1615320 523
1615330 523
1615340 526
1615350 533
1615360 533
1615370 539
1615380 544
1615390 544
1615400 549
1615410 554
1615420 554
1615430 560
1615440 566
1615450 566
1615460 572
1615470 579
1615480 579
1615490 585
1615500 592
1615510 592
1615520 599
1615530 605
1615540 611
1615550 611
1615560 617
1615570 623
1615580 623
1615590 629
1615600 634
1615610 634
1615620 639
1615630 643
1615640 643
1615650 648
1615660 652
1615670 652
1615680 656
1615690 661
1615700 661
1615710 665
1615720 671
1615730 671
1615740 676
1615750 680
1615760 680
1615770 684
1615780 688
1615790 688
1615800 692
1615810 695
1615820 695
1615830 698
1615840 702
1615850 702
1615860 705
1615870 708
1615880 708
1615890 711
1615900 714
1615910 714
1615920 717
1615930 720
1615940 720
1615950 722
1615960 724
1615970 724
1615980 726
1615990 728
1616000 728
1616010 729
1616020 731
1616030 731
1616040 732
1616050 734
1616060 734
1616070 735
1616080 735
1616090 735
1616100 736
1616110 736
1616120 736
1616130 736
1616140 737
1616150 737
1616160 736
1616170 736
1616180 736
1616190 735
1616200 735
1616210 735
1616220 733
1616230 732
1616240 732
1616250 731
1616260 730
1616270 730
1616280 729
1616290 728
1616300 728
1616310 727
1616320 725
1616330 724
1616340 724
1616350 723
1616360 721
1616370 721
1616380 719
1616390 716
1616400 716
1616410 713
1616420 708
1616430 708
1616440 703
1616450 698
1616460 698
1616470 693
1616480 689
1616490 689
1616500 685
1616510 680
1616520 680
1616530 676
1616540 671
1616550 671
1616560 665
1616570 660
1616580 660
1616590 653
1616600 646
1616610 646
1616620 641
1616630 636
1616640 636
1616650 631
1616660 626
1616670 626
1616680 621
1616690 615
1616700 614
1616710 609
1616720 603
1616730 603
1616740 597
1616750 593
1616760 593
1616770 594
1616780 599
1616790 599
1616800 604
1616810 607
1616820 607
1616830 610
1616840 612
1616850 612
1616860 615
1616870 617
1616880 617
1616890 619
1616900 621
1616910 621
1616920 624
1616930 627
1616940 627
1616950 631
1616960 635
1616970 635
1616980 639
1616990 643
1617000 643
1617010 647
1617020 650
1617030 650
1617040 654
1617050 658
1617060 658
1617070 661
1617080 665
1617090 665
1617100 669
1617110 672
1617120 676
1617130 676
1617140 680
1617150 684
1617160 684
1617170 688
1617180 691
1617190 691
1617200 695
1617210 700
1617220 700
1617230 702
1617240 705
1617250 705
1617260 709
1617270 712
1617280 712
1617290 715
1617300 718
1617310 718
1617320 721
1617330 724
1617340 724
1617350 727
1617360 730
1617370 730
1617380 733
1617390 735
1617400 735
1617410 737
1617420 739
1617430 739
1617440 741
1617450 742
1617460 742
1617470 742
1617480 743
1617490 743
1617500 743
1617510 742
1617520 742
1617530 741
1617540 740
1617550 740
1617560 739
1617570 737
1617580 737
1617590 735
1617600 732
1617610 732
1617620 729
1617630 726
1617640 726
1617650 722
1617660 718
1617670 721
1617680 715
1617690 712
1617700 712
1617710 711
1617720 709
1617730 709
1617740 705
1617750 699
1617760 699
1617770 693
1617780 686
1617790 686
1617800 679
1617810 673
1617820 673
1617830 671
1617840 671
1617850 671
1617860 672
1617870 672
1617880 672
1617890 675
1617900 679
1617910 682
1617920 682
1617930 686
1617940 689
1617950 689
1617960 692
1617970 694
1617980 694
1617990 697
1618000 699
1618010 699
1618020 701
1618030 703
1618040 703
1618050 705
1618060 706
1618070 706
1618080 707
1618090 708
1618100 708
1618110 709
1618120 709
1618130 709
1618140 709
1618150 709
1618160 709
1618170 708
1618180 708
1618190 708
1618200 707
1618210 706
1618220 706
1618230 706
1618240 704
1618250 704
1618260 703
1618270 702
1618280 702
1618290 701
1618300 700
1618310 700
1618320 699
1618330 697
1618340 697
1618350 696
1618360 694
1618370 694
1618380 693
1618390 691
1618400 691
1618410 688
1618420 684
1618430 684
1618440 679
1618450 674
1618460 674
1618470 670
1618480 666
1618490 666
1618500 664
1618510 661
1618520 661
1618530 659
1618540 657
1618550 657
1618560 655
1618570 654
1618580 654
1618590 652
1618600 650
1618610 650
1618620 649
1618630 647
1618640 651
1618650 649
1618660 646
1618670 646
1618680 644
1618690 641
1618700 639
1618710 639
1618720 637
1618730 634
1618740 634
1618750 631
1618760 628
1618770 628
1618780 625
1618790 622
1618800 622
1618810 618
1618820 615
1618830 615
1618840 611
1618850 606
1618860 606
1618870 600
1618880 595
1618890 595
1618900 589
1618910 585
1618920 585
1618930 580
1618940 576
1618950 576
1618960 571
1618970 567
1618980 567
1618990 562
1619000 556
1619010 556
1619020 551
1619030 545
1619040 545
1619050 538
1619060 530
1619070 530
1619080 522
1619090 515
1619100 515
1619110 512
1619120 511
1619130 511
1619140 511
1619150 510
1619160 510
1619170 510
1619180 513
1619190 513
1619200 518
1619210 523
1619220 523
1619230 527
1619240 531
1619250 531
1619260 534
1619270 537
1619280 537
1619290 540
1619300 543
1619310 543
1619320 544
1619330 545
1619340 545
1619350 546
1619360 547
1619370 547
1619380 548
1619390 550
1619400 550
1619410 553
1619420 557
1619430 557
1619440 561
1619450 562
1619460 562
1619470 562
1619480 563
1619490 563
1619500 563
1619510 563
1619520 563
1619530 563
1619540 563
1619550 562
1619560 562
1619570 562
1619580 561
1619590 561
1619600 564
1619610 563
1619620 563
1619630 561
1619640 557
1619650 557
1619660 551
1619670 546
1619680 546
1619690 542
1619700 539
1619710 539
1619720 535
1619730 530
1619740 530
1619750 525
1619760 521
1619770 521
1619780 518
1619790 517
1619800 517
1619810 517
1619820 517
1619830 517
1619840 515
1619850 516
1619860 516
1619870 520
1619880 524
1619890 524
1619900 527
1619910 529
1619920 529
1619930 532
1619940 535
1619950 535
1619960 537
1619970 540
1619980 540
1619990 542
