1600000 509
1600010 509
1600020 509
1600030 507
1600040 503
1600050 503
1600060 499
1600070 496
1600080 492
1600090 492
1600100 490
1600110 488
1600120 488
1600130 488
1600140 490
1600150 490
1600160 492
1600170 494
1600180 494
1600190 496
1600200 498
1600210 498
1600220 499
1600230 500
1600240 500
1600250 501
1600260 500
1600270 500
1600280 500
1600290 500
1600300 500
1600310 499
1600320 498
1600330 498
1600340 498
1600350 497
1600360 497
1600370 497
1600380 496
1600390 496
1600400 496
1600410 497
1600420 497
1600430 499
1600440 501
1600450 501
1600460 502
1600470 504
1600480 504
1600490 506
1600500 507
1600510 507
1600520 509
1600530 511
1600540 511
1600550 514
1600560 516
1600570 516
1600580 518
1600590 520
1600600 520
1600610 523
1600620 526
1600630 526
1600640 529
1600650 532
1600660 532
1600670 535
1600680 539
1600690 539
1600700 543
1600710 546
1600720 546
1600730 549
1600740 553
1600750 553
1600760 556
1600770 559
1600780 559
1600790 563
1600800 566
1600810 566
1600820 570
1600830 573
1600840 573
1600850 576
1600860 578
1600870 579
1600880 579
1600890 579
1600900 581
1600910 581
1600920 584
1600930 586
1600940 586
1600950 591
1600960 591
1600970 591
1600980 590
1600990 590
1601000 590
1601010 591
1601020 592
1601030 592
1601040 592
1601050 593
1601060 593
1601070 594
1601080 594
1601090 594
1601100 593
1601110 593
1601120 593
1601130 594
1601140 593
1601150 593
1601160 592
1601170 591
1601180 591
1601190 590
1601200 589
1601210 589
1601220 587
1601230 586
1601240 586
1601250 583
1601260 581
1601270 581
1601280 579
1601290 576
1601300 576
1601310 571
1601320 566
1601330 566
1601340 563
1601350 561
1601360 561
1601370 558
1601380 556
1601390 556
1601400 553
1601410 551
1601420 551
1601430 548
1601440 545
1601450 545
1601460 541
1601470 538
1601480 538
1601490 534
1601500 531
1601510 531
1601520 529
1601530 527
1601540 527
1601550 526
1601560 525
1601570 525
1601580 523
1601590 522
1601600 522
1601610 520
1601620 518
1601630 518
1601640 516
1601650 513
1601660 510
1601670 510
1601680 506
1601690 504
1601700 504
1601710 501
1601720 499
1601730 499
1601740 496
1601750 494
1601760 494
1601770 491
1601780 489
1601790 489
1601800 487
1601810 485
1601820 485
1601830 484
1601840 482
1601850 482
1601860 481
1601870 480
1601880 480
1601890 479
1601900 478
1601910 478
1601920 476
1601930 475
1601940 475
1601950 474
1601960 473
1601970 473
1601980 472
1601990 470
1602000 470
1602010 469
1602020 467
1602030 467
1602040 465
1602050 461
1602060 461
1602070 459
1602080 458
1602090 458
1602100 457
1602110 457
1602120 457
1602130 456
1602140 455
1602150 455
1602160 454
1602170 452
1602180 452
1602190 448
1602200 443
1602210 443
1602220 440
1602230 439
1602240 439
1602250 436
1602260 433
1602270 433
1602280 432
1602290 432
1602300 432
1602310 431
1602320 431
1602330 431
1602340 431
1602350 433
1602360 433
1602370 436
1602380 440
1602390 440
1602400 442
1602410 445
1602420 445
1602430 447
1602440 450
1602450 452
1602460 452
1602470 455
1602480 457
1602490 457
1602500 460
1602510 462
1602520 462
1602530 465
1602540 467
1602550 467
1602560 469
1602570 471
1602580 471
1602590 473
1602600 475
1602610 475
1602620 476
1602630 478
1602640 478
1602650 480
1602660 481
1602670 481
1602680 482
1602690 481
1602700 481
1602710 479
1602720 478
1602730 478
1602740 477
1602750 477
1602760 477
1602770 478
1602780 480
1602790 480
1602800 483
1602810 487
1602820 487
1602830 491
1602840 496
1602850 496
1602860 500
1602870 504
1602880 504
1602890 507
1602900 511
1602910 511
1602920 514
1602930 517
1602940 517
1602950 519
1602960 521
1602970 521
1602980 524
1602990 526
1603000 526
1603010 529
1603020 532
1603030 532
1603040 535
1603050 538
1603060 538
1603070 542
1603080 545
1603090 545
1603100 549
1603110 552
1603120 552
1603130 557
1603140 560
1603150 560
1603160 563
1603170 567
1603180 567
1603190 572
1603200 577
1603210 577
1603220 583
1603230 589
1603240 596
1603250 596
1603260 602
1603270 609
1603280 609
1603290 615
1603300 622
1603310 622
1603320 628
1603330 634
1603340 634
1603350 639
1603360 644
1603370 644
1603380 650
1603390 655
1603400 655
1603410 660
1603420 665
1603430 665
1603440 670
1603450 674
1603460 674
1603470 678
1603480 682
1603490 682
1603500 686
1603510 689
1603520 689
1603530 693
1603540 695
1603550 695
1603560 697
1603570 697
1603580 697
1603590 694
1603600 691
1603610 691
1603620 689
1603630 687
1603640 687
1603650 684
1603660 682
1603670 682
1603680 679
1603690 677
1603700 677
1603710 675
1603720 673
1603730 673
1603740 670
1603750 668
1603760 668
1603770 666
1603780 663
1603790 663
1603800 661
1603810 659
1603820 659
1603830 658
1603840 657
1603850 657
1603860 655
1603870 654
1603880 654
1603890 653
1603900 652
1603910 652
1603920 651
1603930 650
1603940 650
1603950 649
1603960 648
1603970 648
1603980 646
1603990 645
1604000 645
1604010 643
1604020 641
1604030 638
1604040 638
1604050 634
1604060 628
1604070 628
1604080 622
1604090 616
1604100 616
1604110 610
1604120 603
1604130 603
1604140 596
1604150 590
1604160 590
1604170 584
1604180 578
1604190 578
1604200 572
1604210 565
1604220 565
1604230 562
1604240 556
1604250 556
1604260 550
1604270 543
1604280 543
1604290 538
1604300 532
1604310 532
1604320 527
1604330 521
1604340 521
1604350 515
1604360 510
1604370 510
1604380 504
1604390 499
1604400 499
1604410 493
1604420 488
1604430 488
1604440 483
1604450 478
1604460 478
1604470 473
1604480 469
1604490 469
1604500 465
1604510 461
1604520 461
1604530 457
1604540 454
1604550 454
1604560 450
1604570 446
1604580 446
1604590 442
1604600 439
1604610 439
1604620 435
1604630 432
1604640 432
1604650 428
1604660 425
1604670 425
1604680 422
1604690 419
1604700 419
1604710 416
1604720 414
1604730 414
1604740 412
1604750 410
1604760 410
1604770 409
1604780 407
1604790 407
1604800 406
1604810 405
1604820 405
1604830 406
1604840 408
1604850 410
1604860 410
1604870 414
1604880 418
1604890 418
1604900 422
1604910 426
1604920 426
1604930 430
1604940 435
1604950 435
1604960 439
1604970 443
1604980 443
1604990 446
1605000 451
1605010 451
1605020 455
1605030 460
1605040 460
1605050 464
1605060 468
1605070 468
1605080 472
1605090 477
1605100 477
1605110 481
1605120 486
1605130 486
1605140 490
1605150 493
1605160 493
1605170 497
1605180 500
1605190 500
1605200 503
1605210 506
1605220 506
1605230 509
1605240 511
1605250 511
1605260 512
1605270 513
1605280 513
1605290 514
1605300 508
1605310 508
1605320 507
1605330 505
1605340 505
1605350 504
1605360 502
1605370 502
1605380 500
1605390 498
1605400 498
1605410 495
1605420 491
1605430 491
1605440 483
1605450 476
1605460 476
1605470 468
1605480 460
1605490 460
1605500 452
1605510 445
1605520 445
1605530 437
1605540 430
1605550 430
1605560 422
1605570 415
1605580 415
1605590 407
1605600 401
1605610 401
1605620 395
1605630 391
1605640 386
1605650 386
1605660 380
1605670 372
1605680 372
1605690 366
1605700 364
1605710 364
1605720 362
1605730 362
1605740 362
1605750 363
1605760 363
1605770 363
1605780 363
1605790 364
1605800 364
1605810 368
1605820 374
1605830 374
1605840 381
1605850 387
1605860 387
1605870 393
1605880 398
1605890 398
1605900 404
1605910 409
1605920 409
1605930 415
1605940 420
1605950 420
1605960 425
1605970 430
1605980 430
1605990 435
1606000 439
1606010 439
1606020 444
1606030 448
1606040 448
1606050 452
1606060 456
1606070 456
1606080 461
1606090 466
1606100 466
1606110 470
1606120 475
1606130 475
1606140 479
1606150 483
1606160 483
1606170 487
1606180 490
1606190 490
1606200 493
1606210 496
1606220 496
1606230 499
1606240 502
1606250 502
1606260 504
1606270 506
1606280 506
1606290 509
1606300 511
1606310 511
1606320 514
1606330 516
1606340 516
1606350 518
1606360 525
1606370 525
1606380 527
1606390 530
1606400 530
1606410 532
1606420 533
1606430 535
1606440 535
1606450 537
1606460 539
1606470 539
1606480 541
1606490 543
1606500 543
1606510 544
1606520 546
1606530 546
1606540 547
1606550 549
1606560 549
1606570 550
1606580 551
1606590 551
1606600 552
1606610 553
1606620 553
1606630 554
1606640 555
1606650 555
1606660 555
1606670 556
1606680 556
1606690 556
1606700 557
1606710 557
1606720 557
1606730 557
1606740 557
1606750 557
1606760 557
1606770 557
1606780 557
1606790 556
1606800 556
1606810 553
1606820 549
1606830 549
1606840 545
1606850 543
1606860 543
1606870 541
1606880 541
1606890 541
1606900 540
1606910 540
1606920 540
1606930 539
1606940 540
1606950 540
1606960 540
1606970 540
1606980 540
1606990 540
1607000 540
1607010 540
1607020 541
1607030 540
1607040 540
1607050 540
1607060 539
1607070 539
1607080 538
1607090 537
1607100 537
1607110 535
1607120 533
1607130 533
1607140 530
1607150 525
1607160 525
1607170 522
1607180 521
1607190 521
1607200 523
1607210 524
1607220 522
1607230 522
1607240 519
1607250 517
1607260 517
1607270 515
1607280 515
1607290 515
1607300 515
1607310 516
1607320 516
1607330 516
1607340 516
1607350 516
1607360 516
1607370 519
1607380 519
1607390 524
1607400 530
1607410 530
1607420 532
1607430 538
1607440 538
1607450 544
1607460 549
1607470 549
1607480 555
1607490 561
1607500 561
1607510 567
1607520 573
1607530 573
1607540 578
1607550 584
1607560 584
1607570 589
1607580 594
1607590 594
1607600 599
1607610 603
1607620 603
1607630 607
1607640 612
1607650 612
1607660 617
1607670 620
1607680 620
1607690 624
1607700 627
1607710 627
1607720 630
1607730 632
1607740 632
1607750 634
1607760 636
1607770 636
1607780 638
1607790 640
1607800 640
1607810 641
1607820 640
1607830 640
1607840 636
1607850 630
1607860 630
1607870 624
1607880 617
1607890 617
1607900 610
1607910 603
1607920 603
1607930 596
1607940 590
1607950 590
1607960 586
1607970 583
1607980 583
1607990 581
1608000 579
1608010 580
1608020 580
1608030 581
1608040 581
1608050 581
1608060 585
1608070 591
1608080 591
1608090 596
1608100 600
1608110 600
1608120 604
1608130 609
1608140 609
1608150 614
1608160 618
1608170 618
1608180 622
1608190 626
1608200 626
1608210 630
1608220 633
1608230 633
1608240 636
1608250 638
1608260 638
1608270 639
1608280 640
1608290 640
1608300 640
1608310 640
1608320 640
1608330 641
1608340 642
1608350 642
1608360 643
1608370 644
1608380 644
1608390 644
1608400 645
1608410 645
1608420 647
1608430 647
1608440 647
1608450 647
1608460 652
1608470 652
1608480 652
1608490 652
1608500 652
1608510 652
1608520 654
1608530 654
1608540 654
1608550 652
1608560 652
1608570 654
1608580 661
1608590 661
1608600 667
1608610 672
1608620 672
1608630 677
1608640 684
1608650 684
1608660 691
1608670 696
1608680 696
1608690 701
1608700 705
1608710 705
1608720 710
1608730 714
1608740 714
1608750 719
1608760 723
1608770 723
1608780 727
1608790 731
1608800 734
1608810 734
1608820 737
1608830 739
1608840 739
1608850 738
1608860 734
1608870 734
1608880 730
1608890 726
1608900 726
1608910 721
1608920 713
1608930 713
1608940 705
1608950 697
1608960 697
1608970 689
1608980 682
1608990 682
1609000 676
1609010 670
1609020 670
1609030 664
1609040 658
1609050 658
1609060 652
1609070 647
1609080 647
1609090 641
1609100 636
1609110 636
1609120 631
1609130 625
1609140 625
1609150 621
1609160 616
1609170 616
1609180 612
1609190 608
1609200 608
1609210 604
1609220 600
1609230 600
1609240 596
1609250 592
1609260 592
1609270 588
1609280 584
1609290 584
1609300 581
1609310 577
1609320 577
1609330 574
1609340 571
1609350 571
1609360 568
1609370 566
1609380 566
1609390 564
1609400 563
1609410 563
1609420 562
1609430 561
1609440 561
1609450 560
1609460 557
1609470 557
1609480 556
1609490 555
1609500 552
1609510 550
1609520 549
1609530 549
1609540 547
1609550 546
1609560 546
1609570 544
1609580 543
1609590 543
1609600 542
1609610 540
1609620 539
1609630 539
1609640 537
1609650 536
1609660 536
1609670 535
1609680 534
1609690 534
1609700 533
1609710 532
1609720 532
1609730 532
1609740 532
1609750 532
1609760 532
1609770 532
1609780 532
1609790 532
1609800 531
1609810 531
1609820 531
1609830 530
1609840 530
1609850 530
1609860 529
1609870 529
1609880 528
1609890 527
1609900 527
1609910 527
1609920 526
1609930 526
1609940 525
1609950 525
1609960 525
1609970 525
1609980 526
1609990 526
1610000 526
1610010 527
1610020 527
1610030 528
1610040 528
1610050 528
1610060 529
1610070 530
1610080 530
1610090 530
1610100 531
1610110 531
1610120 531
1610130 531
1610140 531
1610150 532
1610160 533
1610170 533
1610180 533
1610190 533
1610200 533
1610210 534
1610220 534
1610230 534
1610240 533
1610250 530
1610260 530
1610270 526
1610280 521
1610290 521
1610300 515
1610310 516
1610320 516
1610330 519
1610340 521
1610350 521
1610360 523
1610370 525
1610380 525
1610390 528
1610400 531
1610410 534
1610420 534
1610430 537
1610440 541
1610450 541
1610460 544
1610470 547
1610480 547
1610490 549
1610500 550
1610510 550
1610520 547
1610530 548
1610540 548
1610550 547
1610560 546
1610570 546
1610580 545
1610590 542
1610600 542
1610610 537
1610620 535
1610630 535
1610640 531
1610650 526
1610660 526
1610670 529
1610680 535
1610690 535
1610700 540
1610710 543
1610720 543
1610730 547
1610740 552
1610750 552
1610760 555
1610770 559
1610780 559
1610790 563
1610800 567
1610810 567
1610820 571
1610830 574
1610840 574
1610850 578
1610860 582
1610870 582
1610880 585
1610890 590
1610900 590
1610910 594
1610920 598
1610930 598
1610940 603
1610950 607
1610960 607
1610970 611
1610980 615
1610990 615
1611000 619
1611010 623
1611020 623
1611030 627
1611040 630
1611050 630
1611060 634
1611070 637
1611080 637
1611090 640
1611100 642
1611110 642
1611120 645
1611130 648
1611140 648
1611150 651
1611160 655
1611170 655
1611180 658
1611190 662
1611200 664
1611210 664
1611220 667
1611230 670
1611240 670
1611250 673
1611260 675
1611270 675
1611280 676
1611290 677
1611300 677
1611310 678
1611320 678
1611330 678
1611340 679
1611350 679
1611360 679
1611370 680
1611380 680
1611390 680
1611400 678
1611410 675
1611420 675
1611430 672
1611440 669
1611450 669
1611460 666
1611470 662
1611480 662
1611490 658
1611500 653
1611510 653
1611520 648
1611530 644
1611540 640
1611550 635
1611560 630
1611570 630
1611580 625
1611590 621
1611600 621
1611610 619
1611620 617
1611630 617
1611640 616
1611650 615
1611660 615
1611670 615
1611680 614
1611690 614
1611700 615
1611710 616
1611720 616
1611730 621
1611740 626
1611750 626
1611760 630
1611770 632
1611780 632
1611790 628
1611800 620
1611810 620
1611820 614
1611830 608
1611840 608
1611850 602
1611860 597
1611870 597
1611880 594
1611890 592
1611900 592
1611910 593
1611920 596
1611930 596
1611940 600
1611950 603
1611960 603
1611970 607
1611980 610
1611990 613
1612000 613
1612010 616
1612020 619
1612030 619
1612040 622
1612050 625
1612060 625
1612070 628
1612080 631
1612090 631
1612100 635
1612110 638
1612120 638
1612130 641
1612140 643
1612150 643
1612160 647
1612170 651
1612180 651
1612190 656
1612200 661
1612210 661
1612220 666
1612230 672
1612240 672
1612250 678
1612260 683
1612270 683
1612280 688
1612290 693
1612300 693
1612310 698
1612320 704
1612330 704
1612340 711
1612350 715
1612360 715
1612370 720
1612380 723
1612390 723
1612400 726
1612410 727
1612420 727
1612430 729
1612440 731
1612450 731
1612460 733
1612470 735
1612480 735
1612490 736
1612500 738
1612510 738
1612520 740
1612530 742
1612540 742
1612550 742
1612560 743
1612570 743
1612580 743
1612590 743
1612600 743
1612610 742
1612620 741
1612630 741
1612640 741
1612650 740
1612660 740
1612670 740
1612680 739
1612690 739
1612700 738
1612710 738
1612720 738
1612730 739
1612740 739
1612750 739
1612760 739
1612770 739
1612780 739
1612790 739
1612800 738
1612810 737
1612820 737
1612830 737
1612840 736
1612850 736
1612860 735
1612870 735
1612880 735
1612890 734
1612900 733
1612910 733
1612920 733
1612930 732
1612940 732
1612950 732
1612960 731
1612970 731
1612980 731
1612990 730
1613000 730
1613010 730
1613020 730
1613030 730
1613040 730
1613050 730
1613060 730
1613070 730
1613080 730
1613090 730
1613100 730
1613110 729
1613120 729
1613130 729
1613140 729
1613150 729
1613160 728
1613170 728
1613180 728
1613190 728
1613200 727
1613210 727
1613220 726
1613230 724
1613240 724
1613250 721
1613260 716
1613270 716
1613280 713
1613290 712
1613300 712
1613310 711
1613320 708
1613330 708
1613340 706
1613350 703
1613360 703
1613370 700
1613380 697
1613390 697
1613400 694
1613410 691
1613420 691
1613430 688
1613440 686
1613450 686
1613460 683
1613470 680
1613480 680
1613490 677
1613500 675
1613510 675
1613520 672
1613530 672
1613540 672
1613550 672
1613560 666
1613570 666
1613580 665
1613590 664
1613600 662
1613610 662
1613620 659
1613630 657
1613640 657
1613650 655
1613660 653
1613670 653
1613680 650
1613690 647
1613700 647
1613710 645
1613720 643
1613730 643
1613740 641
1613750 639
1613760 639
1613770 637
1613780 635
1613790 635
1613800 632
1613810 631
1613820 631
1613830 629
1613840 626
1613850 626
1613860 624
1613870 622
1613880 622
1613890 620
1613900 619
1613910 619
1613920 617
1613930 617
1613940 617
1613950 617
1613960 616
1613970 616
1613980 614
1613990 613
1614000 613
1614010 621
1614020 628
1614030 628
1614040 633
1614050 637
1614060 637
1614070 640
1614080 643
1614090 643
1614100 645
1614110 647
1614120 647
1614130 649
1614140 651
1614150 651
1614160 653
1614170 655
1614180 655
1614190 657
1614200 659
1614210 659
1614220 661
1614230 663
1614240 663
1614250 665
1614260 667
1614270 667
1614280 669
1614290 672
1614300 672
1614310 675
1614320 677
1614330 677
1614340 679
1614350 681
1614360 681
1614370 683
1614380 686
1614390 688
1614400 688
1614410 691
1614420 693
1614430 693
1614440 695
1614450 697
1614460 697
1614470 699
1614480 700
1614490 700
1614500 702
1614510 704
1614520 704
1614530 705
1614540 707
1614550 704
1614560 705
1614570 706
1614580 706
1614590 706
1614600 705
1614610 705
1614620 703
1614630 700
1614640 700
1614650 696
1614660 692
1614670 692
1614680 688
1614690 685
1614700 685
1614710 683
1614720 681
1614730 681
1614740 678
1614750 675
1614760 675
1614770 673
1614780 671
1614790 671
1614800 669
1614810 667
1614820 667
1614830 665
1614840 662
1614850 662
1614860 661
1614870 659
1614880 659
1614890 656
1614900 655
1614910 655
1614920 653
1614930 652
1614940 652
1614950 651
1614960 649
1614970 649
1614980 646
1614990 641
1615000 641
1615010 636
1615020 632
1615030 632
1615040 627
1615050 623
1615060 623
1615070 619
1615080 616
1615090 616
1615100 613
1615110 610
1615120 610
1615130 608
1615140 604
1615150 604
1615160 602
1615170 602
1615180 602
1615190 602
1615200 599
1615210 599
1615220 599
1615230 598
1615240 594
1615250 594
1615260 587
1615270 580
1615280 580
1615290 571
1615300 562
1615310 562
1615320 555
1615330 552
1615340 552
1615350 557
1615360 562
1615370 562
1615380 566
1615390 569
1615400 569
1615410 573
1615420 576
1615430 576
1615440 579
1615450 584
1615460 584
1615470 588
1615480 593
1615490 593
1615500 597
1615510 601
1615520 601
1615530 605
1615540 609
1615550 609
1615560 612
1615570 615
1615580 615
1615590 617
1615600 620
1615610 620
1615620 623
1615630 626
1615640 626
1615650 629
1615660 632
1615670 632
1615680 634
1615690 636
1615700 636
1615710 638
1615720 640
1615730 640
1615740 641
1615750 643
1615760 643
1615770 645
1615780 647
1615790 647
1615800 649
1615810 650
1615820 650
1615830 652
1615840 653
1615850 653
1615860 653
1615870 653
1615880 653
1615890 652
1615900 652
1615910 652
1615920 652
1615930 650
1615940 650
1615950 647
1615960 647
1615970 647
1615980 647
1615990 647
1616000 648
1616010 648
1616020 651
1616030 653
1616040 653
1616050 656
1616060 659
1616070 659
1616080 664
1616090 668
1616100 668
1616110 672
1616120 675
1616130 675
1616140 679
1616150 684
1616160 684
1616170 688
1616180 692
1616190 692
1616200 696
1616210 700
1616220 700
1616230 704
1616240 708
1616250 708
1616260 712
1616270 716
1616280 716
1616290 720
1616300 724
1616310 724
1616320 729
1616330 733
1616340 733
1616350 737
1616360 742
1616370 742
1616380 746
1616390 750
1616400 750
1616410 754
1616420 759
1616430 759
1616440 762
1616450 766
1616460 766
1616470 770
1616480 774
1616490 774
1616500 778
1616510 782
1616520 781
1616530 785
1616540 788
1616550 788
1616560 792
1616570 795
1616580 795
1616590 798
1616600 801
1616610 801
1616620 804
1616630 807
1616640 807
1616650 808
1616660 808
1616670 808
1616680 805
1616690 801
1616700 801
1616710 796
1616720 792
1616730 792
1616740 788
1616750 785
1616760 785
1616770 782
1616780 779
1616790 777
1616800 777
1616810 776
1616820 774
1616830 774
1616840 769
1616850 764
1616860 764
1616870 762
1616880 762
1616890 762
1616900 762
1616910 762
1616920 762
1616930 763
1616940 766
1616950 766
1616960 768
1616970 771
1616980 771
1616990 776
1617000 781
1617010 781
1617020 783
1617030 784
1617040 784
1617050 786
1617060 787
1617070 787
1617080 789
1617090 790
1617100 790
1617110 792
1617120 793
1617130 793
1617140 794
1617150 794
1617160 794
1617170 795
1617180 796
1617190 796
1617200 796
1617210 797
1617220 797
1617230 797
1617240 798
1617250 798
1617260 800
1617270 801
1617280 801
1617290 802
1617300 804
1617310 804
1617320 807
1617330 808
1617340 808
1617350 811
1617360 813
1617370 813
1617380 815
1617390 817
1617400 817
1617410 818
1617420 820
1617430 820
1617440 822
1617450 825
1617460 825
1617470 827
1617480 828
1617490 828
1617500 832
1617510 832
1617520 832
1617530 831
1617540 828
1617550 828
1617560 823
1617570 816
1617580 811
1617590 811
1617600 806
1617610 801
1617620 801
1617630 797
1617640 793
1617650 793
1617660 790
1617670 785
1617680 785
1617690 781
1617700 777
1617710 777
1617720 774
1617730 771
1617740 771
1617750 767
1617760 763
1617770 763
1617780 759
1617790 755
1617800 755
1617810 752
1617820 750
1617830 750
1617840 747
1617850 743
1617860 743
1617870 741
1617880 737
1617890 737
1617900 732
1617910 725
1617920 725
1617930 718
1617940 714
1617950 714
1617960 713
1617970 709
1617980 709
1617990 703
1618000 698
1618010 698
1618020 697
1618030 697
1618040 697
1618050 698
1618060 699
1618070 699
1618080 700
1618090 701
1618100 701
1618110 700
1618120 699
1618130 699
1618140 696
1618150 692
1618160 692
1618170 688
1618180 683
1618190 683
1618200 677
1618210 672
1618220 672
1618230 667
1618240 662
1618250 662
1618260 657
1618270 652
1618280 652
1618290 647
1618300 643
1618310 643
1618320 638
1618330 634
1618340 634
1618350 630
1618360 626
1618370 626
1618380 626
1618390 626
1618400 627
1618410 627
1618420 628
1618430 628
1618440 628
1618450 627
1618460 622
1618470 622
1618480 619
1618490 616
1618500 616
1618510 612
1618520 609
1618530 609
1618540 604
1618550 600
1618560 600
1618570 595
1618580 590
1618590 590
1618600 584
1618610 579
1618620 579
1618630 574
1618640 568
1618650 568
1618660 563
1618670 558
1618680 558
1618690 557
1618700 558
1618710 558
1618720 562
1618730 569
1618740 569
1618750 573
1618760 577
1618770 577
1618780 583
1618790 588
1618800 588
1618810 592
1618820 598
1618830 598
1618840 603
1618850 609
1618860 609
1618870 615
1618880 620
1618890 620
1618900 625
1618910 631
1618920 631
1618930 637
1618940 643
1618950 643
1618960 648
1618970 653
1618980 653
1618990 659
1619000 664
1619010 664
1619020 669
1619030 674
1619040 674
1619050 679
1619060 684
1619070 684
1619080 688
1619090 692
1619100 692
1619110 695
1619120 698
1619130 698
1619140 702
1619150 706
1619160 706
1619170 710
1619180 714
1619190 718
1619200 718
1619210 721
1619220 723
1619230 723
1619240 725
1619250 725
1619260 725
1619270 724
1619280 724
1619290 724
1619300 727
1619310 729
1619320 729
1619330 732
1619340 735
1619350 735
1619360 739
1619370 743
1619380 743
1619390 747
1619400 751
1619410 751
1619420 760
1619430 764
1619440 764
1619450 768
1619460 772
1619470 772
1619480 776
1619490 780
1619500 780
1619510 784
1619520 788
1619530 788
1619540 792
1619550 796
1619560 796
1619570 800
1619580 803
1619590 803
1619600 806
1619610 808
1619620 808
1619630 808
1619640 804
1619650 804
1619660 798
1619670 791
1619680 791
1619690 784
1619700 777
1619710 777
1619720 769
1619730 761
1619740 761
1619750 753
1619760 745
1619770 745
1619780 737
1619790 729
1619800 729
1619810 721
1619820 713
1619830 713
1619840 704
1619850 696
1619860 696
1619870 690
1619880 682
1619890 682
1619900 675
1619910 670
1619920 670
1619930 666
1619940 661
1619950 661
1619960 655
1619970 648
1619980 641
1619990 641
