1600000 432
1600010 435
1600020 439
1600030 439
1600040 442
1600050 446
1600060 446
1600070 449
1600080 447
1600090 447
1600100 450
1600110 454
1600120 454
1600130 458
1600140 462
1600150 462
1600160 466
1600170 469
1600180 469
1600190 472
1600200 474
1600210 474
1600220 474
1600230 473
1600240 473
1600250 471
1600260 469
1600270 469
1600280 467
1600290 467
1600300 467
1600310 466
1600320 466
1600330 466
1600340 465
1600350 464
1600360 464
1600370 464
1600380 464
1600390 464
1600400 463
1600410 463
1600420 463
1600430 464
1600440 464
1600450 464
1600460 466
1600470 469
1600480 469
1600490 472
1600500 475
1600510 475
1600520 478
1600530 483
1600540 483
1600550 487
1600560 492
1600570 492
1600580 497
1600590 502
1600600 502
1600610 507
1600620 512
1600630 517
1600640 517
1600650 523
1600660 528
1600670 528
1600680 534
1600690 539
1600700 539
1600710 545
1600720 551
1600730 551
1600740 558
1600750 564
1600760 564
1600770 569
1600780 575
1600790 575
1600800 579
1600810 580
1600820 580
1600830 580
1600840 579
1600850 579
1600860 575
1600870 571
1600880 571
1600890 568
1600900 565
1600910 565
1600920 562
1600930 559
1600940 559
1600950 557
1600960 555
1600970 555
1600980 553
1600990 551
1601000 551
1601010 550
1601020 548
1601030 548
1601040 547
1601050 546
1601060 546
1601070 548
1601080 551
1601090 551
1601100 555
1601110 559
1601120 559
1601130 564
1601140 570
1601150 570
1601160 575
1601170 580
1601180 580
1601190 585
1601200 590
1601210 590
1601220 595
1601230 600
1601240 600
1601250 604
1601260 607
1601270 607
1601280 609
1601290 609
1601300 609
1601310 606
1601320 601
1601330 601
1601340 596
1601350 591
1601360 591
1601370 587
1601380 582
1601390 582
1601400 576
1601410 572
1601420 572
1601430 567
1601440 563
1601450 559
1601460 559
1601470 555
1601480 551
1601490 551
1601500 547
1601510 545
1601520 545
1601530 543
1601540 542
1601550 542
1601560 541
1601570 538
1601580 538
1601590 535
1601600 533
1601610 533
1601620 530
1601630 529
1601640 529
1601650 529
1601660 531
1601670 531
1601680 534
1601690 537
1601700 537
1601710 541
1601720 545
1601730 545
1601740 549
1601750 552
1601760 552
1601770 555
1601780 558
1601790 558
1601800 563
1601810 568
1601820 568
1601830 573
1601840 577
1601850 577
1601860 581
1601870 583
1601880 583
1601890 586
1601900 588
1601910 588
1601920 590
1601930 591
1601940 591
1601950 593
1601960 593
1601970 593
1601980 594
1601990 595
1602000 595
1602010 596
1602020 597
1602030 597
1602040 599
1602050 600
1602060 600
1602070 601
1602080 603
1602090 603
1602100 604
1602110 605
1602120 605
1602130 607
1602140 608
1602150 608
1602160 609
1602170 611
1602180 611
1602190 612
1602200 613
1602210 613
1602220 614
1602230 615
1602240 615
1602250 616
1602260 617
1602270 619
1602280 619
1602290 620
1602300 622
1602310 622
1602320 622
1602330 623
1602340 623
1602350 623
1602360 622
1602370 622
1602380 622
1602390 622
1602400 622
1602410 622
1602420 621
1602430 621
1602440 621
1602450 621
1602460 621
1602470 620
1602480 619
1602490 619
1602500 617
1602510 615
1602520 615
1602530 614
1602540 611
1602550 611
1602560 608
1602570 602
1602580 602
1602590 596
1602600 590
1602610 590
1602620 584
1602630 578
1602640 578
1602650 573
1602660 568
1602670 568
1602680 562
1602690 557
1602700 557
1602710 551
1602720 546
1602730 546
1602740 541
1602750 538
1602760 538
1602770 534
1602780 532
1602790 532
1602800 529
1602810 527
1602820 527
1602830 525
1602840 525
1602850 525
1602860 526
1602870 530
1602880 530
1602890 535
1602900 539
1602910 539
1602920 543
1602930 547
1602940 547
1602950 550
1602960 552
1602970 552
1602980 552
1602990 553
1603000 553
1603010 552
1603020 552
1603030 552
1603040 552
1603050 554
1603060 554
1603070 555
1603080 558
1603090 558
1603100 560
1603110 563
1603120 565
1603130 565
1603140 567
1603150 570
1603160 570
1603170 572
1603180 574
1603190 574
1603200 576
1603210 579
1603220 579
1603230 582
1603240 586
1603250 586
1603260 589
1603270 593
1603280 593
1603290 597
1603300 601
1603310 601
1603320 605
1603330 608
1603340 608
1603350 612
1603360 615
1603370 615
1603380 619
1603390 626
1603400 626
1603410 629
1603420 632
1603430 632
1603440 635
1603450 638
1603460 638
1603470 641
1603480 643
1603490 643
1603500 646
1603510 648
1603520 648
1603530 649
1603540 649
1603550 649
1603560 645
1603570 639
1603580 639
1603590 632
1603600 624
1603610 624
1603620 616
1603630 609
1603640 609
1603650 601
1603660 594
1603670 594
1603680 588
1603690 581
1603700 581
1603710 575
1603720 569
1603730 569
1603740 563
1603750 558
1603760 558
1603770 553
1603780 548
1603790 548
1603800 544
1603810 540
1603820 540
1603830 537
1603840 533
1603850 533
1603860 529
1603870 526
1603880 526
1603890 524
1603900 521
1603910 521
1603920 519
1603930 518
1603940 516
1603950 516
1603960 514
1603970 513
1603980 513
1603990 512
1604000 510
1604010 510
1604020 509
1604030 507
1604040 507
1604050 506
1604060 505
1604070 505
1604080 504
1604090 502
1604100 502
1604110 501
1604120 499
1604130 499
1604140 497
1604150 495
1604160 495
1604170 493
1604180 491
1604190 491
1604200 491
1604210 492
1604220 492
1604230 492
1604240 492
1604250 492
1604260 492
1604270 491
1604280 491
1604290 489
1604300 487
1604310 487
1604320 486
1604330 484
1604340 484
1604350 482
1604360 481
1604370 481
1604380 479
1604390 478
1604400 478
1604410 477
1604420 474
1604430 474
1604440 470
1604450 467
1604460 467
1604470 462
1604480 461
1604490 461
1604500 463
1604510 465
1604520 465
1604530 469
1604540 472
1604550 472
1604560 476
1604570 479
1604580 479
1604590 483
1604600 486
1604610 486
1604620 487
1604630 487
1604640 487
1604650 485
1604660 482
1604670 482
1604680 480
1604690 481
1604700 481
1604710 483
1604720 485
1604730 485
1604740 488
1604750 488
1604760 488
1604770 488
1604780 488
1604790 488
1604800 488
1604810 488
1604820 489
1604830 489
1604840 490
1604850 489
1604860 489
1604870 487
1604880 483
1604890 483
1604900 478
1604910 474
1604920 474
1604930 471
1604940 467
1604950 467
1604960 461
1604970 457
1604980 457
1604990 456
1605000 455
1605010 455
1605020 454
1605030 454
1605040 454
1605050 455
1605060 456
1605070 456
1605080 458
1605090 460
1605100 460
1605110 461
1605120 464
1605130 464
1605140 467
1605150 470
1605160 470
1605170 473
1605180 476
1605190 476
1605200 480
1605210 483
1605220 483
1605230 486
1605240 489
1605250 489
1605260 493
1605270 498
1605280 498
1605290 502
1605300 506
1605310 506
1605320 511
1605330 516
1605340 516
1605350 521
1605360 527
1605370 527
1605380 531
1605390 533
1605400 533
1605410 535
1605420 537
1605430 537
1605440 539
1605450 541
1605460 541
1605470 542
1605480 545
1605490 545
1605500 548
1605510 552
1605520 552
1605530 555
1605540 557
1605550 557
1605560 560
1605570 563
1605580 565
1605590 565
1605600 568
1605610 569
1605620 569
1605630 574
1605640 577
1605650 577
1605660 576
1605670 574
1605680 574
1605690 572
1605700 569
1605710 569
1605720 566
1605730 563
1605740 563
1605750 561
1605760 559
1605770 559
1605780 556
1605790 554
1605800 554
1605810 551
1605820 546
1605830 546
1605840 542
1605850 539
1605860 539
1605870 535
1605880 533
1605890 533
1605900 532
1605910 530
1605920 530
1605930 529
1605940 528
1605950 528
1605960 528
1605970 524
1605980 524
1605990 521
1606000 520
1606010 520
1606020 518
1606030 517
1606040 517
1606050 518
1606060 519
1606070 519
1606080 521
1606090 523
1606100 523
1606110 525
1606120 525
1606130 525
1606140 525
1606150 523
1606160 523
1606170 521
1606180 519
1606190 519
1606200 517
1606210 511
1606220 511
1606230 504
1606240 497
1606250 497
1606260 491
1606270 486
1606280 486
1606290 481
1606300 475
1606310 475
1606320 469
1606330 464
1606340 464
1606350 459
1606360 453
1606370 453
1606380 447
1606390 440
1606400 440
1606410 434
1606420 428
1606430 423
1606440 423
1606450 419
1606460 416
1606470 416
1606480 413
1606490 412
1606500 412
1606510 411
1606520 413
1606530 413
1606540 414
1606550 416
1606560 416
1606570 420
1606580 424
1606590 424
1606600 433
1606610 438
1606620 438
1606630 443
1606640 448
1606650 448
1606660 453
1606670 457
1606680 457
1606690 461
1606700 465
1606710 465
1606720 469
1606730 474
1606740 474
1606750 479
1606760 484
1606770 484
1606780 488
1606790 493
1606800 493
1606810 496
1606820 499
1606830 499
1606840 501
1606850 503
1606860 503
1606870 505
1606880 506
1606890 506
1606900 506
1606910 505
1606920 505
1606930 501
1606940 494
1606950 494
1606960 487
1606970 480
1606980 480
1606990 474
1607000 468
1607010 468
1607020 459
1607030 450
1607040 450
1607050 442
1607060 435
1607070 435
1607080 429
1607090 422
1607100 422
1607110 418
1607120 416
1607130 416
1607140 414
1607150 415
1607160 415
1607170 417
1607180 419
1607190 419
1607200 422
1607210 427
1607220 427
1607230 432
1607240 437
1607250 443
1607260 443
1607270 449
1607280 454
1607290 454
1607300 460
1607310 466
1607320 466
1607330 471
1607340 476
1607350 476
1607360 478
1607370 479
1607380 479
1607390 479
1607400 479
1607410 479
1607420 478
1607430 477
1607440 477
1607450 476
1607460 476
1607470 476
1607480 476
1607490 479
1607500 479
1607510 481
1607520 481
1607530 481
1607540 481
1607550 480
1607560 480
1607570 479
1607580 479
1607590 479
1607600 479
1607610 480
1607620 480
1607630 482
1607640 483
1607650 489
1607660 490
1607670 491
1607680 491
1607690 492
1607700 494
1607710 494
1607720 496
1607730 496
1607740 496
1607750 494
1607760 492
1607770 492
1607780 490
1607790 488
1607800 488
1607810 487
1607820 486
1607830 486
1607840 485
1607850 484
1607860 484
1607870 483
1607880 482
1607890 482
1607900 482
1607910 483
1607920 483
1607930 483
1607940 484
1607950 484
1607960 485
1607970 485
1607980 485
1607990 486
1608000 486
1608010 486
1608020 485
1608030 484
1608040 484
1608050 482
1608060 477
1608070 473
1608080 473
1608090 468
1608100 469
1608110 469
1608120 468
1608130 465
1608140 465
1608150 460
1608160 463
1608170 463
1608180 469
1608190 472
1608200 472
1608210 476
1608220 477
1608230 477
1608240 480
1608250 484
1608260 484
1608270 487
1608280 488
1608290 488
1608300 488
1608310 492
1608320 492
1608330 496
1608340 498
1608350 498
1608360 501
1608370 503
1608380 503
1608390 505
1608400 506
1608410 506
1608420 508
1608430 510
1608440 510
1608450 511
1608460 513
1608470 513
1608480 514
1608490 515
1608500 515
1608510 517
1608520 518
1608530 518
1608540 519
1608550 520
1608560 520
1608570 522
1608580 523
1608590 523
1608600 524
1608610 524
1608620 524
1608630 525
1608640 525
1608650 525
1608660 526
1608670 526
1608680 526
1608690 526
1608700 529
1608710 529
1608720 528
1608730 528
1608740 528
1608750 528
1608760 527
1608770 527
1608780 525
1608790 524
1608800 524
1608810 521
1608820 518
1608830 518
1608840 515
1608850 511
1608860 511
1608870 507
1608880 504
1608890 501
1608900 501
1608910 499
1608920 497
1608930 497
1608940 495
1608950 492
1608960 492
1608970 489
1608980 488
1608990 488
1609000 487
1609010 485
1609020 485
1609030 484
1609040 483
1609050 483
1609060 483
1609070 482
1609080 482
1609090 479
1609100 474
1609110 474
1609120 468
1609130 464
1609140 464
1609150 463
1609160 461
1609170 461
1609180 462
1609190 463
1609200 463
1609210 463
1609220 463
1609230 463
1609240 462
1609250 461
1609260 461
1609270 460
1609280 457
1609290 457
1609300 455
1609310 454
1609320 454
1609330 453
1609340 452
1609350 452
1609360 451
1609370 450
1609380 450
1609390 449
1609400 448
1609410 448
1609420 447
1609430 447
1609440 447
1609450 446
1609460 445
1609470 445
1609480 445
1609490 445
1609500 445
1609510 444
1609520 445
1609530 445
1609540 445
1609550 443
1609560 443
1609570 443
1609580 445
1609590 445
1609600 449
1609610 456
1609620 456
1609630 462
1609640 468
1609650 468
1609660 473
1609670 478
1609680 478
1609690 483
1609700 488
1609710 488
1609720 493
1609730 495
1609740 500
1609750 500
1609760 505
1609770 510
1609780 510
1609790 516
1609800 520
1609810 520
1609820 525
1609830 529
1609840 529
1609850 533
1609860 537
1609870 537
1609880 541
1609890 545
1609900 545
1609910 549
1609920 553
1609930 553
1609940 557
1609950 561
1609960 561
1609970 564
1609980 568
1609990 568
1610000 571
1610010 574
1610020 574
1610030 578
1610040 581
1610050 581
1610060 584
1610070 587
1610080 587
1610090 590
1610100 593
1610110 593
1610120 596
1610130 598
1610140 598
1610150 601
1610160 604
1610170 604
1610180 607
1610190 610
1610200 610
1610210 613
1610220 616
1610230 616
1610240 619
1610250 621
1610260 621
1610270 623
1610280 625
1610290 625
1610300 627
1610310 629
1610320 629
1610330 631
1610340 632
1610350 632
1610360 634
1610370 635
1610380 635
1610390 637
1610400 639
1610410 639
1610420 641
1610430 643
1610440 643
1610450 645
1610460 646
1610470 646
1610480 648
1610490 650
1610500 650
1610510 652
1610520 654
1610530 654
1610540 656
1610550 658
1610560 660
1610570 660
1610580 663
1610590 665
1610600 665
1610610 667
1610620 669
1610630 669
1610640 671
1610650 673
1610660 673
1610670 675
1610680 676
1610690 676
1610700 677
1610710 677
1610720 677
1610730 677
1610740 676
1610750 676
1610760 674
1610770 672
1610780 672
1610790 668
1610800 665
1610810 665
1610820 661
1610830 655
1610840 655
1610850 648
1610860 641
1610870 641
1610880 633
1610890 625
1610900 625
1610910 617
1610920 609
1610930 609
1610940 601
1610950 593
1610960 593
1610970 585
1610980 578
1610990 578
1611000 571
1611010 564
1611020 564
1611030 558
1611040 551
1611050 551
1611060 545
1611070 540
1611080 540
1611090 535
1611100 530
1611110 530
1611120 526
1611130 525
1611140 525
1611150 522
1611160 525
1611170 525
1611180 529
1611190 534
1611200 534
1611210 538
1611220 542
1611230 542
1611240 546
1611250 551
1611260 551
1611270 555
1611280 558
1611290 558
1611300 560
1611310 563
1611320 563
1611330 565
1611340 567
1611350 567
1611360 569
1611370 574
1611380 581
1611390 581
1611400 590
1611410 596
1611420 596
1611430 602
1611440 607
1611450 607
1611460 613
1611470 617
1611480 617
1611490 622
1611500 628
1611510 628
1611520 633
1611530 637
1611540 637
1611550 642
1611560 646
1611570 646
1611580 650
1611590 653
1611600 653
1611610 655
1611620 657
1611630 657
1611640 659
1611650 661
1611660 661
1611670 662
1611680 664
1611690 664
1611700 666
1611710 667
1611720 667
1611730 668
1611740 670
1611750 670
1611760 673
1611770 673
1611780 673
1611790 675
1611800 678
1611810 678
1611820 680
1611830 682
1611840 682
1611850 684
1611860 685
1611870 685
1611880 687
1611890 689
1611900 689
1611910 691
1611920 693
1611930 693
1611940 694
1611950 695
1611960 695
1611970 696
1611980 696
1611990 696
1612000 698
1612010 699
1612020 699
1612030 701
1612040 706
1612050 706
1612060 713
1612070 719
1612080 719
1612090 725
1612100 729
1612110 729
1612120 733
1612130 738
1612140 738
1612150 742
1612160 745
1612170 745
1612180 748
1612190 751
1612200 753
1612210 753
1612220 755
1612230 756
1612240 756
1612250 757
1612260 758
1612270 758
1612280 758
1612290 758
1612300 758
1612310 754
1612320 748
1612330 748
1612340 742
1612350 735
1612360 735
1612370 728
1612380 721
1612390 721
1612400 716
1612410 712
1612420 712
1612430 709
1612440 705
1612450 705
1612460 701
1612470 700
1612480 700
1612490 697
1612500 693
1612510 693
1612520 692
1612530 697
1612540 697
1612550 703
1612560 708
1612570 708
1612580 714
1612590 719
1612600 719
1612610 724
1612620 730
1612630 730
1612640 734
1612650 740
1612660 740
1612670 745
1612680 749
1612690 749
1612700 754
1612710 758
1612720 758
1612730 763
1612740 767
1612750 767
1612760 771
1612770 775
1612780 775
1612790 778
1612800 781
1612810 781
1612820 784
1612830 786
1612840 786
1612850 788
1612860 789
1612870 789
1612880 788
1612890 784
1612900 784
1612910 779
1612920 775
1612930 775
1612940 772
1612950 769
1612960 769
1612970 767
1612980 766
1612990 766
1613000 765
1613010 763
1613020 763
1613030 761
1613040 758
1613050 756
1613060 756
1613070 753
1613080 749
1613090 749
1613100 751
1613110 758
1613120 758
1613130 764
1613140 770
1613150 770
1613160 775
1613170 781
1613180 781
1613190 786
1613200 791
1613210 791
1613220 796
1613230 800
1613240 800
1613250 805
1613260 809
1613270 809
1613280 814
1613290 819
1613300 819
1613310 824
1613320 828
1613330 828
1613340 832
1613350 834
1613360 834
1613370 831
1613380 825
1613390 825
1613400 819
1613410 813
1613420 813
1613430 808
1613440 804
1613450 804
1613460 800
1613470 797
1613480 797
1613490 793
1613500 790
1613510 790
1613520 787
1613530 785
1613540 785
1613550 782
1613560 777
1613570 777
1613580 771
1613590 770
1613600 770
1613610 773
1613620 778
1613630 778
1613640 782
1613650 785
1613660 785
1613670 789
1613680 791
1613690 791
1613700 793
1613710 796
1613720 796
1613730 798
1613740 801
1613750 801
1613760 803
1613770 804
1613780 804
1613790 799
1613800 806
1613810 806
1613820 812
1613830 816
1613840 816
1613850 819
1613860 824
1613870 828
1613880 828
1613890 832
1613900 837
1613910 837
1613920 842
1613930 847
1613940 847
1613950 852
1613960 856
1613970 856
1613980 861
1613990 866
1614000 866
1614010 871
1614020 876
1614030 876
1614040 880
1614050 884
1614060 884
1614070 888
1614080 891
1614090 891
1614100 894
1614110 896
1614120 896
1614130 897
1614140 898
1614150 898
1614160 898
1614170 899
1614180 899
1614190 899
1614200 899
1614210 899
1614220 898
1614230 898
1614240 898
1614250 897
1614260 896
1614270 896
1614280 895
1614290 895
1614300 895
1614310 894
1614320 893
1614330 893
1614340 893
1614350 892
1614360 892
1614370 891
1614380 890
1614390 890
1614400 889
1614410 888
1614420 888
1614430 887
1614440 886
1614450 886
1614460 885
1614470 884
1614480 884
1614490 883
1614500 881
1614510 881
1614520 880
1614530 879
1614540 879
1614550 877
1614560 875
1614570 875
1614580 874
1614590 872
1614600 872
1614610 870
1614620 868
1614630 868
1614640 866
1614650 865
1614660 865
1614670 863
1614680 861
1614690 861
1614700 861
1614710 860
1614720 859
1614730 859
1614740 858
1614750 857
1614760 857
1614770 856
1614780 859
1614790 859
1614800 859
1614810 859
1614820 859
1614830 858
1614840 858
1614850 858
1614860 857
1614870 857
1614880 857
1614890 857
1614900 856
1614910 856
1614920 856
1614930 856
1614940 856
1614950 855
1614960 855
1614970 855
1614980 854
1614990 854
1615000 854
1615010 854
1615020 853
1615030 853
1615040 853
1615050 854
1615060 854
1615070 854
1615080 853
1615090 853
1615100 852
1615110 852
1615120 852
1615130 851
1615140 851
1615150 851
1615160 851
1615170 850
1615180 850
1615190 849
1615200 849
1615210 849
1615220 849
1615230 849
1615240 849
1615250 848
1615260 846
1615270 846
1615280 846
1615290 846
1615300 846
1615310 845
1615320 845
1615330 845
1615340 845
1615350 845
1615360 845
1615370 845
1615380 845
1615390 845
1615400 845
1615410 845
1615420 845
1615430 845
1615440 845
1615450 845
1615460 845
1615470 846
1615480 846
1615490 846
1615500 846
1615510 846
1615520 847
1615530 847
1615540 847
1615550 847
1615560 846
1615570 845
1615580 845
1615590 842
1615600 841
1615610 841
1615620 839
1615630 839
1615640 839
1615650 838
1615660 839
1615670 839
1615680 839
1615690 839
1615700 839
1615710 840
1615720 841
1615730 841
1615740 841
1615750 842
1615760 842
1615770 844
1615780 845
1615790 845
1615800 846
1615810 847
1615820 847
1615830 848
1615840 848
1615850 848
1615860 848
1615870 849
1615880 849
1615890 850
1615900 851
1615910 851
1615920 851
1615930 852
1615940 852
1615950 853
1615960 854
1615970 854
1615980 855
1615990 855
1616000 855
1616010 856
1616020 857
1616030 857
1616040 857
1616050 857
1616060 857
1616070 856
1616080 855
1616090 855
1616100 853
1616110 852
1616120 852
1616130 852
1616140 852
1616150 852
1616160 852
1616170 852
1616180 852
1616190 852
1616200 852
1616210 852
1616220 852
1616230 852
1616240 852
1616250 853
1616260 853
1616270 853
1616280 854
1616290 855
1616300 855
1616310 856
1616320 856
1616330 856
1616340 857
1616350 858
1616360 860
1616370 860
1616380 862
1616390 863
1616400 863
1616410 865
1616420 868
1616430 868
1616440 870
1616450 871
1616460 871
1616470 871
1616480 872
1616490 872
1616500 872
1616510 874
1616520 874
1616530 876
1616540 877
1616550 877
1616560 878
1616570 880
1616580 880
1616590 881
1616600 882
1616610 882
1616620 884
1616630 885
1616640 885
1616650 887
1616660 888
1616670 888
1616680 889
1616690 891
1616700 891
1616710 893
1616720 895
1616730 895
1616740 898
1616750 904
1616760 904
1616770 906
1616780 908
1616790 908
1616800 910
1616810 911
1616820 911
1616830 913
1616840 915
1616850 915
1616860 916
1616870 918
1616880 918
1616890 919
1616900 921
1616910 921
1616920 923
1616930 925
1616940 925
1616950 927
1616960 929
1616970 929
1616980 931
1616990 935
1617000 935
1617010 940
1617020 943
1617030 943
1617040 946
1617050 950
1617060 950
1617070 952
1617080 955
1617090 955
1617100 958
1617110 960
1617120 960
1617130 963
1617140 965
1617150 965
1617160 967
1617170 970
1617180 972
1617190 972
1617200 973
1617210 975
1617220 975
1617230 976
1617240 978
1617250 978
1617260 980
1617270 982
1617280 982
1617290 983
1617300 985
1617310 985
1617320 985
1617330 985
1617340 985
1617350 984
1617360 983
1617370 983
1617380 981
1617390 979
1617400 979
1617410 976
1617420 974
1617430 974
1617440 971
1617450 968
1617460 968
1617470 965
1617480 962
1617490 962
1617500 960
1617510 958
1617520 958
1617530 955
1617540 953
1617550 953
1617560 950
1617570 948
1617580 948
1617590 945
1617600 942
1617610 942
1617620 939
1617630 936
1617640 936
1617650 933
1617660 929
1617670 929
1617680 924
1617690 918
1617700 918
1617710 913
1617720 909
1617730 909
1617740 905
1617750 900
1617760 900
1617770 895
1617780 891
1617790 891
1617800 887
1617810 884
1617820 884
1617830 881
1617840 878
1617850 878
1617860 876
1617870 875
1617880 875
1617890 873
1617900 872
1617910 872
1617920 870
1617930 868
1617940 868
1617950 866
1617960 865
1617970 865
1617980 862
1617990 860
1618000 860
1618010 856
1618020 851
1618030 846
1618040 846
1618050 842
1618060 838
1618070 838
1618080 836
1618090 835
1618100 835
1618110 835
1618120 835
1618130 835
1618140 834
1618150 833
1618160 833
1618170 833
1618180 833
1618190 833
1618200 834
1618210 836
1618220 836
1618230 837
1618240 838
1618250 838
1618260 839
1618270 840
1618280 840
1618290 841
1618300 842
1618310 842
1618320 842
1618330 843
1618340 843
1618350 844
1618360 844
1618370 844
1618380 845
1618390 845
1618400 845
1618410 846
1618420 846
1618430 846
1618440 847
1618450 847
1618460 847
1618470 848
1618480 849
1618490 849
1618500 850
1618510 851
1618520 851
1618530 851
1618540 852
1618550 852
1618560 852
1618570 853
1618580 853
1618590 854
1618600 855
1618610 855
1618620 856
1618630 857
1618640 857
1618650 858
1618660 859
1618670 859
1618680 862
1618690 863
1618700 863
1618710 864
1618720 865
1618730 865
1618740 865
1618750 866
1618760 866
1618770 867
1618780 868
1618790 868
1618800 869
1618810 870
1618820 870
1618830 871
1618840 872
1618850 873
1618860 873
1618870 874
1618880 874
1618890 874
1618900 875
1618910 875
1618920 875
1618930 875
1618940 876
1618950 876
1618960 876
1618970 876
1618980 876
1618990 876
1619000 876
1619010 876
1619020 876
1619030 876
1619040 876
1619050 875
1619060 875
1619070 875
1619080 874
1619090 873
1619100 873
1619110 872
1619120 871
1619130 871
1619140 870
1619150 870
1619160 870
1619170 869
1619180 868
1619190 868
1619200 866
1619210 865
1619220 865
1619230 864
1619240 863
1619250 863
1619260 862
1619270 860
1619280 860
1619290 859
1619300 858
1619310 858
1619320 857
1619330 855
1619340 855
1619350 854
1619360 852
1619370 852
1619380 850
1619390 848
1619400 848
1619410 846
1619420 843
1619430 843
1619440 841
1619450 837
1619460 837
1619470 834
1619480 831
1619490 831
1619500 828
1619510 826
1619520 826
1619530 825
1619540 824
1619550 824
1619560 822
1619570 820
1619580 820
1619590 818
1619600 816
1619610 816
1619620 814
1619630 813
1619640 810
1619650 808
1619660 807
1619670 806
1619680 806
1619690 805
1619700 804
1619710 804
1619720 802
1619730 801
1619740 801
1619750 800
1619760 798
1619770 798
1619780 797
1619790 795
1619800 795
1619810 794
1619820 792
1619830 792
1619840 791
1619850 791
1619860 791
1619870 790
1619880 789
1619890 789
1619900 788
1619910 787
1619920 787
1619930 787
1619940 787
1619950 787
1619960 786
1619970 786
1619980 786
1619990 786
