1600000 387
1600010 390
1600020 393
1600030 393
1600040 394
1600050 394
1600060 394
1600070 393
1600080 391
1600090 391
1600100 388
1600110 387
1600120 386
1600130 385
1600140 388
1600150 388
1600160 392
1600170 395
1600180 395
1600190 397
1600200 400
1600210 400
1600220 402
1600230 404
1600240 404
1600250 406
1600260 408
1600270 408
1600280 410
1600290 412
1600300 412
1600310 414
1600320 415
1600330 415
1600340 417
1600350 418
1600360 418
1600370 420
1600380 421
1600390 421
1600400 422
1600410 423
1600420 423
1600430 424
1600440 426
1600450 426
1600460 427
1600470 428
1600480 428
1600490 428
1600500 429
1600510 429
1600520 430
1600530 430
1600540 430
1600550 431
1600560 431
1600570 431
1600580 432
1600590 432
1600600 432
1600610 432
1600620 432
1600630 432
1600640 432
1600650 432
1600660 432
1600670 431
1600680 431
1600690 431
1600700 430
1600710 429
1600720 429
1600730 428
1600740 425
1600750 425
1600760 420
1600770 417
1600780 414
1600790 414
1600800 413
1600810 411
1600820 411
1600830 410
1600840 408
1600850 408
1600860 405
1600870 405
1600880 405
1600890 405
1600900 404
1600910 404
1600920 403
1600930 401
1600940 401
1600950 399
1600960 398
1600970 398
1600980 396
1600990 395
1601000 395
1601010 393
1601020 389
1601030 389
1601040 387
1601050 384
1601060 384
1601070 382
1601080 383
1601090 383
1601100 386
1601110 389
1601120 389
1601130 391
1601140 393
1601150 393
1601160 395
1601170 396
1601180 396
1601190 398
1601200 399
1601210 399
1601220 400
1601230 399
1601240 399
1601250 399
1601260 399
1601270 399
1601280 399
1601290 398
1601300 398
1601310 397
1601320 396
1601330 396
1601340 394
1601350 392
1601360 392
1601370 389
1601380 386
1601390 386
1601400 383
1601410 378
1601420 378
1601430 373
1601440 374
1601450 374
1601460 376
1601470 376
1601480 376
1601490 375
1601500 374
1601510 374
1601520 372
1601530 371
1601540 371
1601550 371
1601560 369
1601570 369
1601580 367
1601590 366
1601600 366
1601610 366
1601620 366
1601630 366
1601640 367
1601650 366
1601660 367
1601670 367
1601680 368
1601690 369
1601700 369
1601710 371
1601720 373
1601730 373
1601740 377
1601750 380
1601760 380
1601770 382
1601780 384
1601790 384
1601800 385
1601810 387
1601820 387
1601830 388
1601840 390
1601850 390
1601860 391
1601870 393
1601880 393
1601890 394
1601900 395
1601910 395
1601920 396
1601930 397
1601940 397
1601950 399
1601960 401
1601970 401
1601980 403
1601990 404
1602000 404
1602010 405
1602020 406
1602030 406
1602040 406
1602050 404
1602060 404
1602070 400
1602080 396
1602090 396
1602100 395
1602110 397
1602120 397
1602130 398
1602140 400
1602150 400
1602160 402
1602170 405
1602180 405
1602190 408
1602200 411
1602210 411
1602220 414
1602230 417
1602240 417
1602250 418
1602260 419
1602270 419
1602280 421
1602290 425
1602300 425
1602310 429
1602320 432
1602330 430
1602340 433
1602350 436
1602360 436
1602370 438
1602380 440
1602390 440
1602400 443
1602410 445
1602420 445
1602430 448
1602440 450
1602450 450
1602460 453
1602470 456
1602480 456
1602490 459
1602500 461
1602510 461
1602520 463
1602530 466
1602540 466
1602550 469
1602560 471
1602570 474
1602580 474
1602590 476
1602600 478
1602610 478
1602620 480
1602630 481
1602640 481
1602650 484
1602660 486
1602670 486
1602680 488
1602690 491
1602700 491
1602710 494
1602720 497
1602730 497
1602740 499
1602750 501
1602760 501
1602770 502
1602780 504
1602790 504
1602800 506
1602810 509
1602820 509
1602830 511
1602840 512
1602850 512
1602860 515
1602870 519
1602880 519
1602890 522
1602900 525
1602910 525
1602920 527
1602930 530
1602940 530
1602950 532
1602960 534
1602970 534
1602980 538
1602990 542
1603000 542
1603010 546
1603020 551
1603030 551
1603040 553
1603050 555
1603060 555
1603070 557
1603080 559
1603090 559
1603100 562
1603110 565
1603120 565
1603130 569
1603140 573
1603150 573
1603160 576
1603170 579
1603180 579
1603190 582
1603200 585
1603210 585
1603220 588
1603230 592
1603240 592
1603250 595
1603260 597
1603270 597
1603280 599
1603290 602
1603300 602
1603310 604
1603320 607
1603330 607
1603340 609
1603350 611
1603360 611
1603370 613
1603380 615
1603390 615
1603400 617
1603410 618
1603420 616
1603430 616
1603440 616
1603450 616
1603460 616
1603470 616
1603480 616
1603490 616
1603500 616
1603510 617
1603520 617
1603530 618
1603540 618
1603550 618
1603560 620
1603570 622
1603580 622
1603590 624
1603600 627
1603610 627
1603620 629
1603630 632
1603640 632
1603650 634
1603660 636
1603670 636
1603680 638
1603690 640
1603700 640
1603710 642
1603720 644
1603730 644
1603740 647
1603750 649
1603760 649
1603770 652
1603780 656
1603790 656
1603800 659
1603810 659
1603820 659
1603830 660
1603840 662
1603850 662
1603860 665
1603870 667
1603880 667
1603890 669
1603900 671
1603910 671
1603920 673
1603930 674
1603940 674
1603950 676
1603960 678
1603970 678
1603980 680
1603990 681
1604000 681
1604010 683
1604020 685
1604030 685
1604040 686
1604050 688
1604060 688
1604070 690
1604080 692
1604090 692
1604100 694
1604110 695
1604120 695
1604130 697
1604140 699
1604150 699
1604160 700
1604170 702
1604180 702
1604190 704
1604200 706
1604210 706
1604220 708
1604230 710
1604240 710
1604250 712
1604260 714
1604270 714
1604280 716
1604290 717
1604300 717
1604310 718
1604320 719
1604330 720
1604340 720
1604350 720
1604360 721
1604370 721
1604380 721
1604390 722
1604400 722
1604410 723
1604420 723
1604430 723
1604440 723
1604450 723
1604460 723
1604470 722
1604480 722
1604490 722
1604500 718
1604510 718
1604520 718
1604530 717
1604540 717
1604550 717
1604560 716
1604570 715
1604580 715
1604590 714
1604600 713
1604610 713
1604620 712
1604630 711
1604640 711
1604650 710
1604660 709
1604670 709
1604680 707
1604690 706
1604700 706
1604710 705
1604720 703
1604730 703
1604740 701
1604750 699
1604760 699
1604770 695
1604780 689
1604790 689
1604800 682
1604810 675
1604820 675
1604830 668
1604840 661
1604850 661
1604860 654
1604870 647
1604880 647
1604890 641
1604900 634
1604910 634
1604920 629
1604930 626
1604940 626
1604950 624
1604960 621
1604970 621
1604980 616
1604990 612
1605000 612
1605010 607
1605020 602
1605030 602
1605040 598
1605050 593
1605060 593
1605070 588
1605080 591
1605090 591
1605100 597
1605110 602
1605120 602
1605130 606
1605140 610
1605150 610
1605160 614
1605170 618
1605180 618
1605190 621
1605200 625
1605210 629
1605220 629
1605230 633
1605240 636
1605250 636
1605260 639
1605270 641
1605280 641
1605290 643
1605300 645
1605310 645
1605320 647
1605330 649
1605340 649
1605350 651
1605360 653
1605370 653
1605380 654
1605390 655
1605400 655
1605410 656
1605420 656
1605430 656
1605440 657
1605450 657
1605460 657
1605470 657
1605480 656
1605490 656
1605500 655
1605510 654
1605520 654
1605530 652
1605540 650
1605550 650
1605560 649
1605570 648
1605580 648
1605590 646
1605600 643
1605610 643
1605620 637
1605630 632
1605640 632
1605650 625
1605660 619
1605670 619
1605680 612
1605690 606
1605700 606
1605710 600
1605720 594
1605730 594
1605740 588
1605750 582
1605760 582
1605770 577
1605780 572
1605790 572
1605800 567
1605810 563
1605820 563
1605830 559
1605840 556
1605850 556
1605860 552
1605870 548
1605880 548
1605890 544
1605900 540
1605910 540
1605920 535
1605930 531
1605940 531
1605950 527
1605960 523
1605970 523
1605980 518
1605990 513
1606000 513
1606010 508
1606020 503
1606030 503
1606040 499
1606050 497
1606060 497
1606070 494
1606080 492
1606090 491
1606100 491
1606110 491
1606120 488
1606130 488
1606140 484
1606150 478
1606160 478
1606170 473
1606180 468
1606190 468
1606200 463
1606210 458
1606220 458
1606230 453
1606240 449
1606250 449
1606260 448
1606270 447
1606280 447
1606290 446
1606300 445
1606310 445
1606320 451
1606330 459
1606340 459
1606350 466
1606360 470
1606370 470
1606380 473
1606390 477
1606400 477
1606410 481
1606420 486
1606430 486
1606440 491
1606450 495
1606460 495
1606470 498
1606480 502
1606490 502
1606500 505
1606510 508
1606520 508
1606530 513
1606540 518
1606550 518
1606560 523
1606570 528
1606580 528
1606590 532
1606600 537
1606610 537
1606620 541
1606630 549
1606640 549
1606650 552
1606660 556
1606670 556
1606680 559
1606690 562
1606700 562
1606710 566
1606720 570
1606730 570
1606740 574
1606750 578
1606760 578
1606770 582
1606780 587
1606790 587
1606800 591
1606810 596
1606820 596
1606830 600
1606840 604
1606850 604
1606860 609
1606870 613
1606880 613
1606890 616
1606900 620
1606910 620
1606920 624
1606930 628
1606940 628
1606950 631
1606960 635
1606970 635
1606980 638
1606990 641
1607000 644
1607010 644
1607020 646
1607030 649
1607040 649
1607050 651
1607060 652
1607070 652
1607080 653
1607090 654
1607100 654
1607110 655
1607120 655
1607130 655
1607140 655
1607150 655
1607160 655
1607170 654
1607180 654
1607190 654
1607200 653
1607210 652
1607220 652
1607230 649
1607240 643
1607250 643
1607260 637
1607270 630
1607280 630
1607290 625
1607300 620
1607310 620
1607320 615
1607330 612
1607340 612
1607350 611
1607360 611
1607370 611
1607380 610
1607390 610
1607400 610
1607410 609
1607420 608
1607430 608
1607440 607
1607450 607
1607460 607
1607470 605
1607480 605
1607490 605
1607500 603
1607510 602
1607520 602
1607530 601
1607540 600
1607550 600
1607560 599
1607570 598
1607580 598
1607590 598
1607600 597
1607610 597
1607620 597
1607630 596
1607640 596
1607650 595
1607660 594
1607670 594
1607680 595
1607690 591
1607700 591
1607710 591
1607720 591
1607730 591
1607740 590
1607750 590
1607760 590
1607770 588
1607780 586
1607790 586
1607800 583
1607810 579
1607820 579
1607830 574
1607840 570
1607850 570
1607860 564
1607870 558
1607880 551
1607890 551
1607900 544
1607910 536
1607920 536
1607930 529
1607940 522
1607950 522
1607960 515
1607970 508
1607980 508
1607990 501
1608000 494
1608010 494
1608020 488
1608030 482
1608040 482
1608050 481
1608060 488
1608070 488
1608080 495
1608090 501
1608100 501
1608110 507
1608120 513
1608130 513
1608140 519
1608150 525
1608160 525
1608170 531
1608180 536
1608190 536
1608200 541
1608210 546
1608220 546
1608230 550
1608240 555
1608250 555
1608260 558
1608270 562
1608280 562
1608290 564
1608300 564
1608310 564
1608320 563
1608330 561
1608340 561
1608350 559
1608360 556
1608370 556
1608380 554
1608390 551
1608400 551
1608410 548
1608420 545
1608430 545
1608440 542
1608450 539
1608460 539
1608470 536
1608480 533
1608490 533
1608500 530
1608510 527
1608520 527
1608530 525
1608540 523
1608550 523
1608560 521
1608570 518
1608580 518
1608590 516
1608600 514
1608610 514
1608620 511
1608630 509
1608640 509
1608650 507
1608660 505
1608670 505
1608680 504
1608690 502
1608700 502
1608710 500
1608720 498
1608730 491
1608740 489
1608750 487
1608760 486
1608770 486
1608780 484
1608790 483
1608800 483
1608810 481
1608820 479
1608830 479
1608840 477
1608850 475
1608860 475
1608870 474
1608880 472
1608890 472
1608900 471
1608910 467
1608920 467
1608930 462
1608940 459
1608950 459
1608960 454
1608970 454
1608980 454
1608990 455
1609000 457
1609010 457
1609020 461
1609030 465
1609040 465
1609050 469
1609060 473
1609070 473
1609080 476
1609090 478
1609100 478
1609110 482
1609120 486
1609130 486
1609140 489
1609150 493
1609160 493
1609170 495
1609180 497
1609190 497
1609200 500
1609210 503
1609220 503
1609230 505
1609240 508
1609250 508
1609260 510
1609270 510
1609280 510
1609290 508
1609300 507
1609310 507
1609320 512
1609330 519
1609340 519
1609350 525
1609360 530
1609370 530
1609380 533
1609390 536
1609400 536
1609410 539
1609420 542
1609430 542
1609440 545
1609450 547
1609460 547
1609470 550
1609480 552
1609490 552
1609500 555
1609510 557
1609520 557
1609530 560
1609540 562
1609550 562
1609560 564
1609570 566
1609580 566
1609590 567
1609600 569
1609610 569
1609620 570
1609630 570
1609640 571
1609650 571
1609660 571
1609670 572
1609680 572
1609690 572
1609700 572
1609710 572
1609720 571
1609730 571
1609740 571
1609750 570
1609760 567
1609770 571
1609780 567
1609790 563
1609800 563
1609810 560
1609820 566
1609830 566
1609840 571
1609850 576
1609860 576
1609870 581
1609880 584
1609890 584
1609900 586
1609910 588
1609920 588
1609930 590
1609940 592
1609950 592
1609960 593
1609970 595
1609980 595
1609990 597
1610000 598
1610010 598
1610020 599
1610030 600
1610040 600
1610050 602
1610060 602
1610070 602
1610080 602
1610090 601
1610100 601
1610110 598
1610120 595
1610130 595
1610140 591
1610150 586
1610160 586
1610170 584
1610180 580
1610190 580
1610200 576
1610210 577
1610220 577
1610230 583
1610240 589
1610250 589
1610260 593
1610270 597
1610280 597
1610290 600
1610300 604
1610310 604
1610320 607
1610330 611
1610340 611
1610350 614
1610360 617
1610370 617
1610380 621
1610390 624
1610400 624
1610410 627
1610420 630
1610430 630
1610440 633
1610450 636
1610460 636
1610470 639
1610480 642
1610490 642
1610500 645
1610510 648
1610520 651
1610530 651
1610540 653
1610550 656
1610560 656
1610570 659
1610580 662
1610590 662
1610600 665
1610610 668
1610620 668
1610630 671
1610640 674
1610650 674
1610660 677
1610670 680
1610680 680
1610690 683
1610700 686
1610710 686
1610720 689
1610730 692
1610740 692
1610750 695
1610760 698
1610770 698
1610780 702
1610790 701
1610800 701
1610810 705
1610820 708
1610830 708
1610840 712
1610850 715
1610860 715
1610870 719
1610880 724
1610890 724
1610900 728
1610910 732
1610920 732
1610930 737
1610940 741
1610950 741
1610960 745
1610970 750
1610980 750
1610990 754
1611000 758
1611010 758
1611020 762
1611030 766
1611040 766
1611050 770
1611060 774
1611070 774
1611080 778
1611090 781
1611100 781
1611110 785
1611120 789
1611130 789
1611140 793
1611150 796
1611160 796
1611170 799
1611180 802
1611190 802
1611200 804
1611210 806
1611220 806
1611230 807
1611240 806
1611250 806
1611260 803
1611270 799
1611280 799
1611290 796
1611300 793
1611310 793
1611320 790
1611330 787
1611340 787
1611350 784
1611360 782
1611370 782
1611380 780
1611390 777
1611400 774
1611410 774
1611420 770
1611430 767
1611440 767
1611450 763
1611460 759
1611470 759
1611480 755
1611490 751
1611500 751
1611510 747
1611520 744
1611530 744
1611540 740
1611550 736
1611560 736
1611570 733
1611580 731
1611590 731
1611600 728
1611610 725
1611620 725
1611630 719
1611640 719
1611650 719
1611660 717
1611670 716
1611680 716
1611690 714
1611700 712
1611710 712
1611720 711
1611730 709
1611740 709
1611750 707
1611760 707
1611770 707
1611780 706
1611790 704
1611800 704
1611810 696
1611820 693
1611830 693
1611840 690
1611850 687
1611860 687
1611870 684
1611880 680
1611890 680
1611900 676
1611910 673
1611920 673
1611930 669
1611940 665
1611950 665
1611960 661
1611970 657
1611980 657
1611990 653
1612000 649
1612010 649
1612020 644
1612030 641
1612040 641
1612050 636
1612060 629
1612070 629
1612080 622
1612090 620
1612100 620
1612110 624
1612120 626
1612130 626
1612140 625
1612150 623
1612160 623
1612170 621
1612180 617
1612190 617
1612200 615
1612210 615
1612220 615
1612230 614
1612240 613
1612250 613
1612260 614
1612270 614
1612280 615
1612290 615
1612300 615
1612310 616
1612320 616
1612330 617
1612340 617
1612350 617
1612360 618
1612370 617
1612380 617
1612390 615
1612400 612
1612410 612
1612420 609
1612430 605
1612440 605
1612450 601
1612460 596
1612470 596
1612480 590
1612490 585
1612500 585
1612510 581
1612520 576
1612530 576
1612540 572
1612550 567
1612560 567
1612570 561
1612580 555
1612590 555
1612600 548
1612610 541
1612620 541
1612630 534
1612640 527
1612650 527
1612660 520
1612670 513
1612680 513
1612690 506
1612700 499
1612710 499
1612720 493
1612730 486
1612740 486
1612750 478
1612760 471
1612770 471
1612780 469
1612790 474
1612800 474
1612810 481
1612820 487
1612830 487
1612840 492
1612850 498
1612860 498
1612870 503
1612880 508
1612890 508
1612900 514
1612910 518
1612920 518
1612930 523
1612940 526
1612950 526
1612960 530
1612970 533
1612980 533
1612990 537
1613000 541
1613010 541
1613020 546
1613030 552
1613040 552
1613050 559
1613060 565
1613070 565
1613080 571
1613090 576
1613100 576
1613110 581
1613120 586
1613130 586
1613140 590
1613150 594
1613160 598
1613170 598
1613180 601
1613190 603
1613200 603
1613210 605
1613220 606
1613230 606
1613240 607
1613250 609
1613260 609
1613270 612
1613280 616
1613290 616
1613300 619
1613310 623
1613320 623
1613330 627
1613340 631
1613350 631
1613360 635
1613370 639
1613380 639
1613390 643
1613400 648
1613410 648
1613420 652
1613430 657
1613440 657
1613450 661
1613460 665
1613470 665
1613480 669
1613490 673
1613500 673
1613510 676
1613520 679
1613530 679
1613540 682
1613550 684
1613560 684
1613570 687
1613580 689
1613590 689
1613600 692
1613610 694
1613620 694
1613630 697
1613640 700
1613650 700
1613660 703
1613670 707
1613680 707
1613690 711
1613700 715
1613710 715
1613720 719
1613730 723
1613740 723
1613750 727
1613760 731
1613770 731
1613780 734
1613790 737
1613800 737
1613810 740
1613820 744
1613830 744
1613840 746
1613850 748
1613860 748
1613870 750
1613880 751
1613890 751
1613900 752
1613910 753
1613920 753
1613930 754
1613940 754
1613950 754
1613960 755
1613970 756
1613980 756
1613990 756
1614000 757
1614010 757
1614020 757
1614030 757
1614040 758
1614050 758
1614060 759
1614070 759
1614080 759
1614090 759
1614100 760
1614110 760
1614120 760
1614130 760
1614140 760
1614150 760
1614160 760
1614170 760
1614180 760
1614190 761
1614200 761
1614210 761
1614220 762
1614230 762
1614240 763
1614250 763
1614260 763
1614270 764
1614280 764
1614290 764
1614300 765
1614310 765
1614320 765
1614330 766
1614340 766
1614350 766
1614360 767
1614370 767
1614380 767
1614390 768
1614400 769
1614410 769
1614420 770
1614430 771
1614440 771
1614450 772
1614460 773
1614470 773
1614480 774
1614490 775
1614500 775
1614510 776
1614520 777
1614530 777
1614540 778
1614550 779
1614560 779
1614570 779
1614580 780
1614590 780
1614600 780
1614610 780
1614620 780
1614630 780
1614640 780
1614650 780
1614660 780
1614670 780
1614680 780
1614690 779
1614700 779
1614710 779
1614720 779
1614730 778
1614740 778
1614750 778
1614760 777
1614770 777
1614780 777
1614790 776
1614800 776
1614810 773
1614820 772
1614830 772
1614840 771
1614850 771
1614860 771
1614870 770
1614880 770
1614890 770
1614900 769
1614910 768
1614920 767
1614930 767
1614940 766
1614950 766
1614960 766
1614970 765
1614980 764
1614990 764
1615000 763
1615010 762
1615020 762
1615030 761
1615040 760
1615050 760
1615060 759
1615070 758
1615080 758
1615090 757
1615100 756
1615110 756
1615120 754
1615130 754
1615140 754
1615150 753
1615160 752
1615170 752
1615180 751
1615190 750
1615200 750
1615210 749
1615220 748
1615230 748
1615240 747
1615250 746
1615260 746
1615270 745
1615280 745
1615290 745
1615300 744
1615310 743
1615320 743
1615330 742
1615340 741
1615350 741
1615360 740
1615370 739
1615380 739
1615390 738
1615400 737
1615410 737
1615420 736
1615430 735
1615440 735
1615450 734
1615460 733
1615470 733
1615480 732
1615490 731
1615500 731
1615510 730
1615520 729
1615530 729
1615540 727
1615550 726
1615560 726
1615570 724
1615580 723
1615590 723
1615600 721
1615610 719
1615620 719
1615630 716
1615640 714
1615650 714
1615660 712
1615670 709
1615680 709
1615690 706
1615700 701
1615710 701
1615720 695
1615730 689
1615740 689
1615750 682
1615760 676
1615770 676
1615780 670
1615790 665
1615800 665
1615810 659
1615820 653
1615830 648
1615840 648
1615850 642
1615860 636
1615870 636
1615880 631
1615890 625
1615900 625
1615910 619
1615920 613
1615930 613
1615940 607
1615950 601
1615960 601
1615970 594
1615980 588
1615990 588
1616000 583
1616010 578
1616020 578
1616030 573
1616040 569
1616050 569
1616060 564
1616070 560
1616080 560
1616090 555
1616100 549
1616110 549
1616120 544
1616130 541
1616140 541
1616150 537
1616160 532
1616170 532
1616180 527
1616190 522
1616200 522
1616210 517
1616220 513
1616230 513
1616240 507
1616250 501
1616260 501
1616270 500
1616280 506
1616290 506
1616300 512
1616310 517
1616320 517
1616330 521
1616340 524
1616350 524
1616360 527
1616370 529
1616380 529
1616390 532
1616400 534
1616410 534
1616420 538
1616430 542
1616440 542
1616450 546
1616460 550
1616470 550
1616480 554
1616490 557
1616500 557
1616510 559
1616520 563
1616530 563
1616540 566
1616550 570
1616560 570
1616570 574
1616580 578
1616590 578
1616600 582
1616610 586
1616620 586
1616630 590
1616640 594
1616650 594
1616660 598
1616670 602
1616680 602
1616690 605
1616700 609
1616710 612
1616720 612
1616730 615
1616740 618
1616750 618
1616760 622
1616770 625
1616780 623
1616790 626
1616800 629
1616810 629
1616820 632
1616830 636
1616840 636
1616850 639
1616860 643
1616870 643
1616880 647
1616890 650
1616900 650
1616910 653
1616920 656
1616930 656
1616940 659
1616950 662
1616960 662
1616970 665
1616980 668
1616990 668
1617000 671
1617010 675
1617020 675
1617030 678
1617040 681
1617050 681
1617060 685
1617070 688
1617080 688
1617090 691
1617100 694
1617110 694
1617120 697
1617130 699
1617140 699
1617150 701
1617160 703
1617170 703
1617180 705
1617190 707
1617200 707
1617210 709
1617220 711
1617230 711
1617240 712
1617250 714
1617260 714
1617270 715
1617280 715
1617290 715
1617300 715
1617310 715
1617320 715
1617330 716
1617340 716
1617350 716
1617360 717
1617370 717
1617380 717
1617390 719
1617400 720
1617410 720
1617420 722
1617430 724
1617440 724
1617450 725
1617460 727
1617470 727
1617480 728
1617490 729
1617500 729
1617510 730
1617520 731
1617530 731
1617540 732
1617550 733
1617560 733
1617570 735
1617580 736
1617590 738
1617600 738
1617610 739
1617620 741
1617630 741
1617640 743
1617650 745
1617660 745
1617670 746
1617680 748
1617690 748
1617700 749
1617710 750
1617720 750
1617730 751
1617740 752
1617750 753
1617760 754
1617770 754
1617780 754
1617790 754
1617800 754
1617810 754
1617820 755
1617830 755
1617840 755
1617850 755
1617860 754
1617870 754
1617880 754
1617890 752
1617900 752
1617910 751
1617920 750
1617930 750
1617940 749
1617950 749
1617960 749
1617970 748
1617980 747
1617990 747
1618000 745
1618010 744
1618020 744
1618030 743
1618040 741
1618050 741
1618060 739
1618070 738
1618080 738
1618090 736
1618100 735
1618110 735
1618120 734
1618130 732
1618140 732
1618150 730
1618160 728
1618170 728
1618180 725
1618190 723
1618200 723
1618210 721
1618220 718
1618230 718
1618240 716
1618250 713
1618260 713
1618270 710
1618280 707
1618290 707
1618300 703
1618310 699
1618320 699
1618330 697
1618340 693
1618350 693
1618360 688
1618370 683
1618380 683
1618390 680
1618400 675
1618410 675
1618420 671
1618430 667
1618440 667
1618450 663
1618460 658
1618470 658
1618480 653
1618490 648
1618500 643
1618510 643
1618520 639
1618530 635
1618540 635
1618550 631
1618560 629
1618570 629
1618580 630
1618590 629
1618600 629
1618610 627
1618620 625
1618630 625
1618640 624
1618650 623
1618660 623
1618670 622
1618680 620
1618690 620
1618700 619
1618710 618
1618720 614
1618730 613
1618740 610
1618750 610
1618760 608
1618770 604
1618780 604
1618790 601
1618800 596
1618810 596
1618820 591
1618830 587
1618840 587
1618850 585
1618860 583
1618870 583
1618880 581
1618890 578
1618900 578
1618910 576
1618920 572
1618930 572
1618940 567
1618950 562
1618960 562
1618970 559
1618980 563
1618990 563
1619000 568
1619010 573
1619020 573
1619030 578
1619040 583
1619050 583
1619060 587
1619070 591
1619080 591
1619090 595
1619100 598
1619110 598
1619120 600
1619130 602
1619140 602
1619150 604
1619160 604
1619170 604
1619180 603
1619190 602
1619200 602
1619210 600
1619220 597
1619230 597
1619240 592
1619250 587
1619260 587
1619270 582
1619280 578
1619290 578
1619300 573
1619310 570
1619320 570
1619330 567
1619340 565
1619350 565
1619360 563
1619370 562
1619380 563
1619390 563
1619400 567
1619410 571
1619420 571
1619430 575
1619440 579
1619450 579
1619460 583
1619470 587
1619480 587
1619490 591
1619500 595
1619510 595
1619520 599
1619530 603
1619540 603
1619550 607
1619560 611
1619570 611
1619580 615
1619590 618
1619600 618
1619610 622
1619620 625
1619630 625
1619640 629
1619650 631
1619660 631
1619670 634
1619680 638
1619690 638
1619700 641
1619710 644
1619720 644
1619730 646
1619740 648
1619750 648
1619760 650
1619770 652
1619780 652
1619790 652
1619800 653
1619810 653
1619820 653
1619830 652
1619840 652
1619850 651
1619860 651
1619870 651
1619880 650
1619890 649
1619900 649
1619910 648
1619920 646
1619930 646
1619940 644
1619950 643
1619960 643
1619970 641
1619980 639
1619990 639
