1619020 436
1619030 437
1619040 439
1619050 442
1619060 445
1619070 447
1619080 448
1619090 448
1619100 447
1619110 448
1619120 449
1619130 451
1619140 452
1619150 452
1619160 453
1619170 454
1619180 455
1619190 456
1619200 457
1619210 458
1619220 459
1619230 461
1619240 462
1619250 463
1619260 464
1619270 465
1619280 467
1619290 468
1619300 469
1619310 470
1619320 471
1619330 472
1619340 472
1619350 473
1619360 473
1619370 473
1619380 473
1619390 473
1619400 474
1619410 475
1619420 476
1619430 477
1619440 478
1619450 479
1619460 480
1619470 481
1619480 482
1619490 482
1619500 483
1619510 484
1619520 486
1619530 487
1619540 488
1619550 489
1619560 490
1619570 490
1619580 492
1619590 494
1619600 495
1619610 496
1619620 496
1619630 497
1619640 498
1619650 499
1619660 500
1619670 501
1619680 502
1619690 503
1619700 505
1619710 506
1619720 508
1619730 509
1619740 511
1619750 512
1619760 514
1619770 515
1619780 517
1619790 518
1619800 519
1619810 520
1619820 521
1619830 522
1619840 523
1619850 524
1619860 525
1619870 526
1619880 527
1619890 528
1619900 528
1619910 529
1619920 530
1619930 530
1619940 531
1619950 531
1619960 531
1619970 531
1619980 530
1619990 529
