1600000 355
1600010 355
1600020 356
1600030 356
1600040 356
1600050 357
1600060 357
1600070 357
1600080 358
1600090 359
1600100 359
1600110 360
1600120 362
1600130 362
1600140 364
1600150 364
1600160 364
1600170 365
1600180 366
1600190 366
1600200 367
1600210 368
1600220 368
1600230 370
1600240 372
1600250 372
1600260 374
1600270 376
1600280 376
1600290 377
1600300 378
1600310 378
1600320 380
1600330 382
1600340 382
1600350 383
1600360 384
1600370 384
1600380 385
1600390 387
1600400 387
1600410 389
1600420 392
1600430 392
1600440 394
1600450 395
1600460 395
1600470 397
1600480 399
1600490 401
1600500 401
1600510 403
1600520 405
1600530 405
1600540 407
1600550 409
1600560 409
1600570 411
1600580 413
1600590 413
1600600 415
1600610 416
1600620 416
1600630 417
1600640 418
1600650 418
1600660 418
1600670 417
1600680 417
1600690 414
1600700 410
1600710 410
1600720 408
1600730 406
1600740 406
1600750 404
1600760 402
1600770 402
1600780 401
1600790 399
1600800 399
1600810 398
1600820 398
1600830 398
1600840 398
1600850 397
1600860 397
1600870 397
1600880 398
1600890 400
1600900 400
1600910 399
1600920 399
1600930 397
1600940 396
1600950 396
1600960 394
1600970 392
1600980 392
1600990 390
1601000 390
1601010 390
1601020 388
1601030 387
1601040 387
1601050 387
1601060 388
1601070 388
1601080 388
1601090 388
1601100 388
1601110 388
1601120 389
1601130 389
1601140 391
1601150 392
1601160 392
1601170 392
1601180 392
1601190 392
1601200 393
1601210 393
1601220 393
1601230 393
1601240 393
1601250 393
1601260 393
1601270 393
1601280 393
1601290 393
1601300 392
1601310 392
1601320 391
1601330 390
1601340 390
1601350 389
1601360 387
1601370 387
1601380 386
1601390 385
1601400 385
1601410 384
1601420 382
1601430 382
1601440 381
1601450 379
1601460 377
1601470 377
1601480 374
1601490 372
1601500 372
1601510 369
1601520 367
1601530 367
1601540 365
1601550 363
1601560 363
1601570 362
1601580 360
1601590 360
1601600 360
1601610 361
1601620 361
1601630 361
1601640 362
1601650 362
1601660 362
1601670 363
1601680 363
1601690 363
1601700 363
1601710 363
1601720 363
1601730 363
1601740 363
1601750 363
1601760 362
1601770 362
1601780 361
1601790 361
1601800 361
1601810 361
1601820 360
1601830 360
1601840 359
1601850 358
1601860 358
1601870 357
1601880 355
1601890 355
1601900 353
1601910 351
1601920 351
1601930 348
1601940 345
1601950 345
1601960 342
1601970 339
1601980 339
1601990 336
1602000 333
1602010 333
1602020 331
1602030 329
1602040 329
1602050 327
1602060 326
1602070 326
1602080 325
1602090 324
1602100 324
1602110 323
1602120 323
1602130 323
1602140 323
1602150 321
1602160 321
1602170 319
1602180 317
1602190 317
1602200 314
1602210 312
1602220 312
1602230 310
1602240 308
1602250 308
1602260 307
1602270 307
1602280 307
1602290 307
1602300 306
1602310 306
1602320 306
1602330 306
1602340 306
1602350 305
1602360 305
1602370 305
1602380 304
1602390 304
1602400 304
1602410 303
1602420 302
1602430 301
1602440 301
1602450 302
1602460 302
1602470 302
1602480 302
1602490 302
1602500 302
1602510 302
1602520 302
1602530 302
1602540 302
1602550 302
1602560 302
1602570 302
1602580 306
1602590 306
1602600 308
1602610 308
1602620 308
1602630 308
1602640 308
1602650 308
1602660 308
1602670 308
1602680 308
1602690 308
1602700 308
1602710 308
1602720 308
1602730 308
1602740 308
1602750 308
1602760 308
1602770 308
1602780 308
1602790 307
1602800 307
1602810 307
1602820 307
1602830 307
1602840 307
1602850 307
1602860 307
1602870 307
1602880 307
1602890 307
1602900 307
1602910 307
1602920 307
1602930 307
1602940 307
1602950 307
1602960 307
1602970 307
1602980 307
1602990 307
1603000 307
1603010 307
1603020 307
1603030 307
1603040 307
1603050 307
1603060 307
1603070 307
1603080 307
1603090 307
1603100 307
1603110 306
1603120 307
1603130 307
1603140 307
1603150 307
1603160 307
1603170 305
1603180 304
1603190 304
1603200 304
1603210 304
1603220 304
1603230 304
1603240 304
1603250 304
1603260 304
1603270 304
1603280 304
1603290 304
1603300 304
1603310 304
1603320 304
1603330 303
1603340 303
1603350 302
1603360 301
1603370 302
1603380 302
1603390 302
1603400 304
1603410 304
1603420 309
1603430 312
1603440 312
1603450 313
1603460 315
1603470 315
1603480 319
1603490 324
1603500 324
1603510 326
1603520 327
1603530 327
1603540 328
1603550 329
1603560 329
1603570 330
1603580 329
1603590 329
1603600 329
1603610 329
1603620 329
1603630 329
1603640 329
1603650 329
1603660 329
1603670 329
1603680 329
1603690 329
1603700 329
1603710 329
1603720 329
1603730 328
1603740 328
1603750 328
1603760 328
1603770 328
1603780 328
1603790 328
1603800 328
1603810 328
1603820 328
1603830 328
1603840 328
1603850 328
1603860 328
1603870 327
1603880 326
1603890 326
1603900 327
1603910 328
1603920 328
1603930 328
1603940 328
1603950 328
1603960 328
1603970 328
1603980 328
1603990 328
1604000 328
1604010 328
1604020 328
1604030 330
1604040 330
1604050 332
1604060 334
1604070 334
1604080 335
1604090 336
1604100 336
1604110 338
1604120 341
1604130 341
1604140 345
1604150 348
1604160 348
1604170 351
1604180 351
1604190 351
1604200 353
1604210 355
1604220 355
1604230 359
1604240 362
1604250 362
1604260 365
1604270 369
1604280 369
1604290 372
1604300 374
1604310 374
1604320 377
1604330 381
1604340 383
1604350 383
1604360 386
1604370 391
1604380 391
1604390 395
1604400 398
1604410 398
1604420 402
1604430 407
1604440 407
1604450 412
1604460 418
1604470 418
1604480 424
1604490 429
1604500 429
1604510 432
1604520 434
1604530 434
1604540 438
1604550 444
1604560 444
1604570 451
1604580 458
1604590 458
1604600 465
1604610 472
1604620 472
1604630 479
1604640 487
1604650 487
1604660 494
1604670 501
1604680 501
1604690 507
1604700 513
1604710 513
1604720 520
1604730 527
1604740 527
1604750 533
1604760 540
1604770 540
1604780 546
1604790 551
1604800 551
1604810 555
1604820 559
1604830 559
1604840 563
1604850 566
1604860 566
1604870 569
1604880 571
1604890 571
1604900 574
1604910 577
1604920 577
1604930 580
1604940 582
1604950 582
1604960 585
1604970 587
1604980 587
1604990 590
1605000 593
1605010 593
1605020 595
1605030 596
1605040 596
1605050 598
1605060 600
1605070 600
1605080 602
1605090 605
1605100 605
1605110 607
1605120 609
1605130 609
1605140 611
1605150 612
1605160 612
1605170 613
1605180 613
1605190 613
1605200 613
1605210 612
1605220 612
1605230 609
1605240 607
1605250 607
1605260 612
1605270 611
1605280 611
1605290 611
1605300 613
1605310 614
1605320 614
1605330 614
1605340 614
1605350 614
1605360 613
1605370 611
1605380 611
1605390 607
1605400 604
1605410 604
1605420 601
1605430 601
1605440 601
1605450 603
1605460 604
1605470 604
1605480 607
1605490 610
1605500 610
1605510 613
1605520 616
1605530 616
1605540 619
1605550 622
1605560 622
1605570 625
1605580 629
1605590 629
1605600 630
1605610 634
1605620 634
1605630 637
1605640 639
1605650 639
1605660 642
1605670 645
1605680 645
1605690 648
1605700 650
1605710 650
1605720 653
1605730 655
1605740 655
1605750 658
1605760 660
1605770 660
1605780 662
1605790 664
1605800 664
1605810 667
1605820 669
1605830 669
1605840 671
1605850 672
1605860 672
1605870 674
1605880 676
1605890 676
1605900 677
1605910 677
1605920 677
1605930 678
1605940 678
1605950 678
1605960 679
1605970 680
1605980 680
1605990 680
1606000 680
1606010 680
1606020 681
1606030 681
1606040 681
1606050 681
1606060 681
1606070 681
1606080 682
1606090 682
1606100 682
1606110 683
1606120 683
1606130 683
1606140 683
1606150 684
1606160 684
1606170 684
1606180 684
1606190 684
1606200 683
1606210 683
1606220 683
1606230 683
1606240 683
1606250 683
1606260 683
1606270 683
1606280 683
1606290 683
1606300 683
1606310 683
1606320 686
1606330 686
1606340 687
1606350 687
1606360 687
1606370 687
1606380 687
1606390 688
1606400 688
1606410 688
1606420 688
1606430 687
1606440 687
1606450 687
1606460 686
1606470 686
1606480 686
1606490 685
1606500 685
1606510 685
1606520 685
1606530 685
1606540 683
1606550 682
1606560 682
1606570 680
1606580 680
1606590 680
1606600 681
1606610 681
1606620 681
1606630 682
1606640 681
1606650 681
1606660 680
1606670 681
1606680 681
1606690 681
1606700 682
1606710 682
1606720 682
1606730 683
1606740 683
1606750 684
1606760 685
1606770 685
1606780 687
1606790 688
1606800 688
1606810 690
1606820 692
1606830 692
1606840 692
1606850 694
1606860 694
1606870 696
1606880 698
1606890 698
1606900 699
1606910 702
1606920 702
1606930 704
1606940 706
1606950 706
1606960 708
1606970 710
1606980 710
1606990 711
1607000 713
1607010 713
1607020 715
1607030 715
1607040 715
1607050 716
1607060 717
1607070 717
1607080 719
1607090 721
1607100 721
1607110 723
1607120 726
1607130 726
1607140 728
1607150 730
1607160 730
1607170 732
1607180 734
1607190 734
1607200 736
1607210 737
1607220 739
1607230 739
1607240 740
1607250 742
1607260 742
1607270 743
1607280 743
1607290 743
1607300 744
1607310 744
1607320 744
1607330 744
1607340 744
1607350 744
1607360 744
1607370 744
1607380 746
1607390 746
1607400 746
1607410 746
1607420 746
1607430 745
1607440 745
1607450 745
1607460 744
1607470 744
1607480 743
1607490 742
1607500 742
1607510 742
1607520 741
1607530 741
1607540 741
1607550 740
1607560 740
1607570 740
1607580 739
1607590 739
1607600 738
1607610 737
1607620 737
1607630 735
1607640 734
1607650 734
1607660 732
1607670 731
1607680 731
1607690 729
1607700 727
1607710 727
1607720 726
1607730 725
1607740 725
1607750 724
1607760 723
1607770 723
1607780 722
1607790 720
1607800 720
1607810 719
1607820 718
1607830 718
1607840 718
1607850 717
1607860 717
1607870 717
1607880 717
1607890 717
1607900 717
1607910 716
1607920 716
1607930 716
1607940 715
1607950 715
1607960 715
1607970 714
1607980 714
1607990 714
1608000 714
1608010 714
1608020 713
1608030 712
1608040 712
1608050 711
1608060 710
1608070 710
1608080 709
1608090 708
1608100 708
1608110 708
1608120 707
1608130 707
1608140 706
1608150 706
1608160 706
1608170 705
1608180 704
1608190 703
1608200 703
1608210 700
1608220 696
1608230 696
1608240 690
1608250 686
1608260 686
1608270 684
1608280 684
1608290 684
1608300 685
1608310 686
1608320 686
1608330 685
1608340 685
1608350 685
1608360 684
1608370 683
1608380 683
1608390 687
1608400 690
1608410 690
1608420 694
1608430 695
1608440 695
1608450 696
1608460 697
1608470 697
1608480 697
1608490 697
1608500 697
1608510 697
1608520 697
1608530 697
1608540 698
1608550 698
1608560 698
1608570 698
1608580 699
1608590 699
1608600 698
1608610 698
1608620 698
1608630 697
1608640 695
1608650 695
1608660 693
1608670 690
1608680 690
1608690 688
1608700 687
1608710 687
1608720 686
1608730 684
1608740 684
1608750 681
1608760 677
1608770 677
1608780 674
1608790 671
1608800 671
1608810 668
1608820 664
1608830 664
1608840 661
1608850 659
1608860 659
1608870 657
1608880 658
1608890 658
1608900 662
1608910 665
1608920 665
1608930 667
1608940 668
1608950 668
1608960 668
1608970 668
1608980 668
1608990 667
1609000 666
1609010 666
1609020 666
1609030 664
1609040 664
1609050 660
1609060 655
1609070 655
1609080 651
1609090 646
1609100 646
1609110 642
1609120 638
1609130 631
1609140 631
1609150 627
1609160 624
1609170 624
1609180 625
1609190 629
1609200 629
1609210 634
1609220 637
1609230 637
1609240 637
1609250 641
1609260 641
1609270 646
1609280 651
1609290 651
1609300 656
1609310 659
1609320 659
1609330 663
1609340 667
1609350 667
1609360 671
1609370 675
1609380 675
1609390 679
1609400 682
1609410 682
1609420 686
1609430 689
1609440 689
1609450 692
1609460 696
1609470 696
1609480 699
1609490 701
1609500 701
1609510 703
1609520 705
1609530 705
1609540 706
1609550 706
1609560 706
1609570 707
1609580 707
1609590 707
1609600 707
1609610 707
1609620 707
1609630 707
1609640 707
1609650 707
1609660 707
1609670 707
1609680 707
1609690 706
1609700 706
1609710 706
1609720 705
1609730 705
1609740 705
1609750 704
1609760 704
1609770 704
1609780 704
1609790 703
1609800 703
1609810 703
1609820 703
1609830 703
1609840 703
1609850 702
1609860 702
1609870 701
1609880 699
1609890 699
1609900 697
1609910 694
1609920 694
1609930 691
1609940 686
1609950 686
1609960 681
1609970 679
1609980 679
1609990 681
1610000 683
1610010 683
1610020 686
1610030 688
1610040 688
1610050 691
1610060 693
1610070 693
1610080 694
1610090 695
1610100 696
1610110 696
1610120 697
1610130 698
1610140 698
1610150 699
1610160 699
1610170 699
1610180 699
1610190 698
1610200 698
1610210 697
1610220 697
1610230 697
1610240 696
1610250 694
1610260 694
1610270 693
1610280 690
1610290 690
1610300 688
1610310 688
1610320 688
1610330 687
1610340 686
1610350 686
1610360 686
1610370 685
1610380 685
1610390 684
1610400 683
1610410 683
1610420 683
1610430 682
1610440 682
1610450 678
1610460 676
1610470 676
1610480 676
1610490 676
1610500 676
1610510 672
1610520 673
1610530 673
1610540 675
1610550 676
1610560 676
1610570 677
1610580 677
1610590 677
1610600 678
1610610 678
1610620 678
1610630 679
1610640 679
1610650 679
1610660 679
1610670 680
1610680 680
1610690 681
1610700 683
1610710 683
1610720 685
1610730 687
1610740 687
1610750 690
1610760 693
1610770 693
1610780 695
1610790 697
1610800 697
1610810 700
1610820 702
1610830 702
1610840 705
1610850 708
1610860 708
1610870 710
1610880 712
1610890 712
1610900 714
1610910 716
1610920 716
1610930 718
1610940 720
1610950 720
1610960 722
1610970 724
1610980 724
1610990 726
1611000 728
1611010 728
1611020 731
1611030 733
1611040 733
1611050 736
1611060 738
1611070 739
1611080 739
1611090 740
1611100 741
1611110 741
1611120 742
1611130 743
1611140 743
1611150 744
1611160 745
1611170 745
1611180 745
1611190 745
1611200 745
1611210 745
1611220 745
1611230 745
1611240 745
1611250 744
1611260 744
1611270 744
1611280 743
1611290 743
1611300 742
1611310 741
1611320 741
1611330 740
1611340 739
1611350 739
1611360 737
1611370 736
1611380 736
1611390 734
1611400 733
1611410 733
1611420 731
1611430 729
1611440 729
1611450 728
1611460 726
1611470 726
1611480 725
1611490 723
1611500 723
1611510 718
1611520 716
1611530 716
1611540 714
1611550 711
1611560 711
1611570 710
1611580 707
1611590 707
1611600 704
1611610 703
1611620 703
1611630 701
1611640 698
1611650 698
1611660 695
1611670 693
1611680 693
1611690 691
1611700 689
1611710 689
1611720 686
1611730 684
1611740 684
1611750 681
1611760 678
1611770 678
1611780 675
1611790 671
1611800 671
1611810 670
1611820 668
1611830 668
1611840 665
1611850 662
1611860 662
1611870 659
1611880 657
1611890 657
1611900 655
1611910 653
1611920 653
1611930 651
1611940 648
1611950 648
1611960 645
1611970 642
1611980 642
1611990 639
1612000 637
1612010 634
1612020 634
1612030 630
1612040 627
1612050 627
1612060 624
1612070 621
1612080 621
1612090 618
1612100 615
1612110 615
1612120 611
1612130 608
1612140 608
1612150 605
1612160 602
1612170 602
1612180 600
1612190 598
1612200 598
1612210 596
1612220 594
1612230 594
1612240 592
1612250 590
1612260 590
1612270 587
1612280 585
1612290 585
1612300 583
1612310 580
1612320 580
1612330 580
1612340 579
1612350 579
1612360 576
1612370 574
1612380 574
1612390 572
1612400 570
1612410 570
1612420 567
1612430 566
1612440 566
1612450 564
1612460 561
1612470 561
1612480 559
1612490 556
1612500 556
1612510 554
1612520 547
1612530 547
1612540 544
1612550 541
1612560 541
1612570 536
1612580 535
1612590 535
1612600 533
1612610 531
1612620 531
1612630 528
1612640 525
1612650 525
1612660 521
1612670 520
1612680 520
1612690 518
1612700 515
1612710 515
1612720 513
1612730 510
1612740 510
1612750 507
1612760 505
1612770 505
1612780 502
1612790 499
1612800 499
1612810 497
1612820 494
1612830 494
1612840 492
1612850 489
1612860 489
1612870 486
1612880 484
1612890 484
1612900 481
1612910 479
1612920 479
1612930 477
1612940 474
1612950 474
1612960 472
1612970 470
1612980 467
1612990 467
1613000 465
1613010 462
1613020 462
1613030 459
1613040 456
1613050 456
1613060 453
1613070 449
1613080 449
1613090 444
1613100 439
1613110 439
1613120 435
1613130 432
1613140 432
1613150 427
1613160 422
1613170 422
1613180 418
1613190 413
1613200 413
1613210 409
1613220 405
1613230 405
1613240 400
1613250 396
1613260 396
1613270 392
1613280 387
1613290 387
1613300 383
1613310 378
1613320 378
1613330 375
1613340 375
1613350 375
1613360 376
1613370 377
1613380 377
1613390 378
1613400 379
1613410 379
1613420 380
1613430 383
1613440 383
1613450 387
1613460 390
1613470 390
1613480 392
1613490 394
1613500 394
1613510 397
1613520 400
1613530 403
1613540 405
1613550 408
1613560 408
1613570 409
1613580 413
1613590 413
1613600 418
1613610 419
1613620 419
1613630 420
1613640 421
1613650 421
1613660 421
1613670 421
1613680 421
1613690 421
1613700 422
1613710 422
1613720 422
1613730 422
1613740 422
1613750 422
1613760 421
1613770 421
1613780 418
1613790 418
1613800 418
1613810 420
1613820 422
1613830 422
1613840 423
1613850 426
1613860 426
1613870 429
1613880 432
1613890 432
1613900 435
1613910 437
1613920 437
1613930 438
1613940 439
1613950 440
1613960 440
1613970 441
1613980 440
1613990 440
1614000 438
1614010 441
1614020 441
1614030 443
1614040 444
1614050 444
1614060 445
1614070 445
1614080 445
1614090 446
1614100 448
1614110 448
1614120 449
1614130 450
1614140 450
1614150 452
1614160 453
1614170 453
1614180 453
1614190 454
1614200 454
1614210 458
1614220 460
1614230 460
1614240 461
1614250 463
1614260 463
1614270 465
1614280 466
1614290 466
1614300 468
1614310 469
1614320 469
1614330 471
1614340 472
1614350 472
1614360 474
1614370 476
1614380 476
1614390 477
1614400 477
1614410 477
1614420 478
1614430 478
1614440 478
1614450 478
1614460 477
1614470 477
1614480 474
1614490 473
1614500 473
1614510 473
1614520 478
1614530 479
1614540 483
1614550 486
1614560 486
1614570 488
1614580 490
1614590 490
1614600 493
1614610 495
1614620 495
1614630 497
1614640 499
1614650 499
1614660 501
1614670 503
1614680 503
1614690 505
1614700 507
1614710 507
1614720 509
1614730 511
1614740 511
1614750 513
1614760 515
1614770 515
1614780 516
1614790 518
1614800 518
1614810 519
1614820 520
1614830 520
1614840 521
1614850 522
1614860 522
1614870 522
1614880 522
1614890 522
1614900 523
1614910 522
1614920 522
1614930 522
1614940 522
1614950 521
1614960 521
1614970 521
1614980 518
1614990 518
1615000 518
1615010 521
1615020 521
1615030 522
1615040 522
1615050 522
1615060 522
1615070 521
1615080 521
1615090 520
1615100 519
1615110 519
1615120 517
1615130 516
1615140 516
1615150 516
1615160 516
1615170 516
1615180 516
1615190 517
1615200 517
1615210 517
1615220 518
1615230 518
1615240 519
1615250 521
1615260 521
1615270 521
1615280 522
1615290 522
1615300 523
1615310 524
1615320 524
1615330 524
1615340 524
1615350 524
1615360 523
1615370 522
1615380 522
1615390 522
1615400 522
1615410 522
1615420 523
1615430 523
1615440 523
1615450 523
1615460 524
1615470 524
1615480 524
1615490 524
1615500 524
1615510 524
1615520 525
1615530 525
1615540 525
1615550 525
1615560 525
1615570 525
1615580 524
1615590 524
1615600 523
1615610 522
1615620 522
1615630 520
1615640 518
1615650 518
1615660 516
1615670 512
1615680 512
1615690 508
1615700 506
1615710 506
1615720 503
1615730 500
1615740 500
1615750 501
1615760 501
1615770 501
1615780 503
1615790 505
1615800 505
1615810 504
1615820 505
1615830 505
1615840 506
1615850 507
1615860 507
1615870 507
1615880 507
1615890 507
1615900 507
1615910 507
1615920 507
1615930 507
1615940 507
1615950 507
1615960 507
1615970 507
1615980 505
1615990 505
1616000 504
1616010 501
1616020 501
1616030 498
1616040 495
1616050 495
1616060 492
1616070 489
1616080 489
1616090 485
1616100 486
1616110 486
1616120 491
1616130 494
1616140 494
1616150 499
1616160 503
1616170 503
1616180 505
1616190 507
1616200 507
1616210 510
1616220 512
1616230 512
1616240 515
1616250 517
1616260 517
1616270 518
1616280 520
1616290 520
1616300 521
1616310 522
1616320 522
1616330 523
1616340 524
1616350 524
1616360 524
1616370 525
1616380 525
1616390 525
1616400 525
1616410 525
1616420 525
1616430 525
1616440 525
1616450 524
1616460 523
1616470 523
1616480 522
1616490 521
1616500 520
1616510 518
1616520 516
1616530 516
1616540 515
1616550 511
1616560 511
1616570 506
1616580 501
1616590 501
1616600 496
1616610 491
1616620 491
1616630 486
1616640 480
1616650 480
1616660 477
1616670 478
1616680 478
1616690 484
1616700 487
1616710 487
1616720 490
1616730 493
1616740 493
1616750 495
1616760 497
1616770 497
1616780 499
1616790 500
1616800 500
1616810 501
1616820 501
1616830 500
1616840 500
1616850 498
1616860 496
1616870 496
1616880 492
1616890 488
1616900 488
1616910 486
1616920 491
1616930 491
1616940 494
1616950 496
1616960 496
1616970 497
1616980 498
1616990 498
1617000 499
1617010 499
1617020 499
1617030 500
1617040 500
1617050 500
1617060 499
1617070 499
1617080 499
1617090 498
1617100 497
1617110 497
1617120 499
1617130 503
1617140 503
1617150 506
1617160 507
1617170 507
1617180 509
1617190 510
1617200 510
1617210 512
1617220 515
1617230 515
1617240 516
1617250 518
1617260 518
1617270 517
1617280 515
1617290 515
1617300 513
1617310 512
1617320 512
1617330 511
1617340 510
1617350 510
1617360 510
1617370 511
1617380 511
1617390 511
1617400 511
1617410 511
1617420 511
1617430 511
1617440 511
1617450 511
1617460 510
1617470 513
1617480 514
1617490 515
1617500 515
1617510 515
1617520 512
1617530 512
1617540 515
1617550 522
1617560 522
1617570 529
1617580 533
1617590 533
1617600 536
1617610 540
1617620 540
1617630 544
1617640 547
1617650 547
1617660 551
1617670 554
1617680 554
1617690 557
1617700 560
1617710 560
1617720 562
1617730 564
1617740 564
1617750 567
1617760 569
1617770 569
1617780 571
1617790 574
1617800 576
1617810 576
1617820 579
1617830 581
1617840 581
1617850 583
1617860 585
1617870 585
1617880 587
1617890 590
1617900 590
1617910 592
1617920 595
1617930 595
1617940 597
1617950 599
1617960 599
1617970 601
1617980 603
1617990 603
1618000 606
1618010 608
1618020 608
1618030 610
1618040 611
1618050 611
1618060 613
1618070 615
1618080 615
1618090 616
1618100 618
1618110 618
1618120 620
1618130 621
1618140 621
1618150 623
1618160 624
1618170 624
1618180 626
1618190 627
1618200 627
1618210 629
1618220 630
1618230 630
1618240 632
1618250 633
1618260 633
1618270 635
1618280 636
1618290 636
1618300 637
1618310 639
1618320 639
1618330 640
1618340 641
1618350 641
1618360 642
1618370 643
1618380 643
1618390 644
1618400 645
1618410 645
1618420 646
1618430 647
1618440 646
1618450 647
1618460 648
1618470 648
1618480 649
1618490 650
1618500 650
1618510 650
1618520 650
1618530 650
1618540 650
1618550 650
1618560 650
1618570 650
1618580 649
1618590 649
1618600 649
1618610 648
1618620 648
1618630 648
1618640 647
1618650 647
1618660 646
1618670 645
1618680 645
1618690 644
1618700 643
1618710 643
1618720 642
1618730 642
1618740 642
1618750 640
1618760 639
1618770 637
1618780 637
1618790 636
1618800 635
1618810 635
1618820 633
1618830 632
1618840 632
1618850 630
1618860 628
1618870 628
1618880 623
1618890 620
1618900 620
1618910 619
1618920 620
1618930 620
1618940 620
1618950 618
1618960 618
1618970 616
1618980 616
1618990 616
1619000 616
1619010 616
1619020 616
1619030 616
1619040 616
1619050 616
1619060 616
1619070 616
1619080 616
1619090 616
1619100 616
1619110 616
1619120 615
1619130 614
1619140 614
1619150 613
1619160 612
1619170 612
1619180 610
1619190 607
1619200 607
1619210 602
1619220 597
1619230 597
1619240 593
1619250 589
1619260 589
1619270 588
1619280 587
1619290 587
1619300 585
1619310 580
1619320 580
1619330 574
1619340 566
1619350 566
1619360 566
1619370 571
1619380 571
1619390 576
1619400 581
1619410 581
1619420 586
1619430 590
1619440 590
1619450 593
1619460 597
1619470 597
1619480 600
1619490 604
1619500 604
1619510 606
1619520 609
1619530 609
1619540 611
1619550 613
1619560 613
1619570 614
1619580 615
1619590 615
1619600 616
1619610 617
1619620 617
1619630 618
1619640 619
1619650 619
1619660 620
1619670 621
1619680 621
1619690 623
1619700 624
1619710 624
1619720 625
1619730 627
1619740 628
1619750 628
1619760 628
1619770 628
1619780 628
1619790 630
1619800 633
1619810 633
1619820 635
1619830 637
1619840 637
1619850 638
1619860 639
1619870 639
1619880 641
1619890 642
1619900 642
1619910 644
1619920 645
1619930 645
1619940 647
1619950 648
1619960 648
1619970 650
1619980 652
1619990 652
