1600000 346
1600010 346
1600020 346
1600030 346
1600040 346
1600050 346
1600060 345
1600070 345
1600080 346
1600090 348
1600100 348
1600110 349
1600120 351
1600130 351
1600140 354
1600150 355
1600160 355
1600170 357
1600180 359
1600190 359
1600200 360
1600210 362
1600220 362
1600230 364
1600240 365
1600250 365
1600260 366
1600270 368
1600280 368
1600290 369
1600300 371
1600310 371
1600320 372
1600330 372
1600340 372
1600350 373
1600360 375
1600370 375
1600380 377
1600390 378
1600400 378
1600410 380
1600420 381
1600430 381
1600440 383
1600450 385
1600460 385
1600470 386
1600480 388
1600490 388
1600500 390
1600510 391
1600520 388
1600530 389
1600540 391
1600550 391
1600560 393
1600570 395
1600580 395
1600590 397
1600600 399
1600610 401
1600620 401
1600630 403
1600640 405
1600650 405
1600660 406
1600670 408
1600680 408
1600690 410
1600700 412
1600710 412
1600720 414
1600730 416
1600740 416
1600750 416
1600760 417
1600770 417
1600780 416
1600790 415
1600800 415
1600810 414
1600820 414
1600830 414
1600840 412
1600850 411
1600860 411
1600870 409
1600880 407
1600890 407
1600900 406
1600910 404
1600920 404
1600930 403
1600940 401
1600950 401
1600960 398
1600970 397
1600980 397
1600990 396
1601000 395
1601010 395
1601020 394
1601030 394
1601040 394
1601050 395
1601060 395
1601070 395
1601080 395
1601090 395
1601100 395
1601110 396
1601120 397
1601130 397
1601140 397
1601150 397
1601160 397
1601170 397
1601180 396
1601190 396
1601200 396
1601210 396
1601220 396
1601230 395
1601240 395
1601250 395
1601260 395
1601270 395
1601280 395
1601290 394
1601300 394
1601310 394
1601320 393
1601330 393
1601340 393
1601350 392
1601360 392
1601370 392
1601380 391
1601390 391
1601400 391
1601410 390
1601420 389
1601430 389
1601440 387
1601450 385
1601460 385
1601470 382
1601480 379
1601490 379
1601500 376
1601510 373
1601520 373
1601530 371
1601540 369
1601550 369
1601560 366
1601570 364
1601580 365
1601590 365
1601600 366
1601610 366
1601620 366
1601630 368
1601640 368
1601650 368
1601660 367
1601670 367
1601680 367
1601690 367
1601700 367
1601710 367
1601720 368
1601730 367
1601740 367
1601750 367
1601760 366
1601770 366
1601780 365
1601790 363
1601800 363
1601810 362
1601820 361
1601830 361
1601840 360
1601850 358
1601860 358
1601870 356
1601880 354
1601890 354
1601900 352
1601910 350
1601920 350
1601930 348
1601940 345
1601950 345
1601960 342
1601970 340
1601980 340
1601990 338
1602000 336
1602010 336
1602020 334
1602030 332
1602040 332
1602050 330
1602060 328
1602070 328
1602080 327
1602090 324
1602100 324
1602110 323
1602120 321
1602130 321
1602140 321
1602150 321
1602160 321
1602170 322
1602180 321
1602190 321
1602200 318
1602210 316
1602220 316
1602230 315
1602240 314
1602250 314
1602260 312
1602270 311
1602280 311
1602290 310
1602300 309
1602310 309
1602320 308
1602330 307
1602340 307
1602350 306
1602360 305
1602370 305
1602380 305
1602390 305
1602400 305
1602410 304
1602420 303
1602430 303
1602440 302
1602450 302
1602460 302
1602470 302
1602480 302
1602490 302
1602500 302
1602510 302
1602520 302
1602530 302
1602540 302
1602550 301
1602560 301
1602570 301
1602580 302
1602590 302
1602600 305
1602610 308
1602620 308
1602630 308
1602640 308
1602650 308
1602660 308
1602670 307
1602680 307
1602690 307
1602700 307
1602710 307
1602720 307
1602730 307
1602740 307
1602750 307
1602760 307
1602770 307
1602780 307
1602790 307
1602800 307
1602810 307
1602820 307
1602830 307
1602840 307
1602850 307
1602860 307
1602870 307
1602880 307
1602890 307
1602900 307
1602910 307
1602920 307
1602930 307
1602940 307
1602950 307
1602960 307
1602970 307
1602980 307
1602990 307
1603000 307
1603010 307
1603020 307
1603030 307
1603040 307
1603050 307
1603060 307
1603070 307
1603080 306
1603090 306
1603100 306
1603110 306
1603120 306
1603130 306
1603140 306
1603150 306
1603160 306
1603170 306
1603180 305
1603190 305
1603200 305
1603210 304
1603220 304
1603230 304
1603240 304
1603250 304
1603260 304
1603270 304
1603280 304
1603290 304
1603300 304
1603310 304
1603320 303
1603330 302
1603340 302
1603350 302
1603360 302
1603370 302
1603380 302
1603390 302
1603400 302
1603410 302
1603420 302
1603430 302
1603440 303
1603450 306
1603460 306
1603470 312
1603480 318
1603490 318
1603500 318
1603510 317
1603520 319
1603530 319
1603540 322
1603550 325
1603560 325
1603570 326
1603580 327
1603590 327
1603600 329
1603610 329
1603620 329
1603630 329
1603640 329
1603650 329
1603660 329
1603670 329
1603680 329
1603690 329
1603700 329
1603710 329
1603720 329
1603730 329
1603740 329
1603750 328
1603760 328
1603770 328
1603780 328
1603790 327
1603800 327
1603810 327
1603820 327
1603830 327
1603840 327
1603850 328
1603860 328
1603870 328
1603880 327
1603890 327
1603900 327
1603910 327
1603920 327
1603930 327
1603940 328
1603950 328
1603960 328
1603970 328
1603980 328
1603990 328
1604000 328
1604010 328
1604020 328
1604030 329
1604040 329
1604050 331
1604060 333
1604070 333
1604080 335
1604090 336
1604100 336
1604110 337
1604120 339
1604130 339
1604140 341
1604150 343
1604160 343
1604170 347
1604180 350
1604190 350
1604200 352
1604210 355
1604220 355
1604230 358
1604240 362
1604250 362
1604260 366
1604270 369
1604280 369
1604290 372
1604300 376
1604310 376
1604320 380
1604330 383
1604340 383
1604350 385
1604360 388
1604370 388
1604380 392
1604390 395
1604400 395
1604410 398
1604420 402
1604430 402
1604440 405
1604450 409
1604460 409
1604470 413
1604480 419
1604490 423
1604500 423
1604510 426
1604520 430
1604530 430
1604540 435
1604550 441
1604560 441
1604570 446
1604580 453
1604590 453
1604600 460
1604610 468
1604620 468
1604630 474
1604640 480
1604650 480
1604660 485
1604670 492
1604680 492
1604690 496
1604700 501
1604710 501
1604720 506
1604730 512
1604740 512
1604750 518
1604760 525
1604770 525
1604780 530
1604790 537
1604800 537
1604810 545
1604820 552
1604830 552
1604840 558
1604850 563
1604860 563
1604870 567
1604880 570
1604890 568
1604900 572
1604910 575
1604920 575
1604930 579
1604940 582
1604950 582
1604960 586
1604970 589
1604980 589
1604990 592
1605000 595
1605010 595
1605020 598
1605030 602
1605040 602
1605050 605
1605060 608
1605070 608
1605080 611
1605090 613
1605100 613
1605110 616
1605120 618
1605130 618
1605140 621
1605150 624
1605160 624
1605170 626
1605180 628
1605190 628
1605200 629
1605210 627
1605220 627
1605230 625
1605240 624
1605250 624
1605260 623
1605270 624
1605280 624
1605290 624
1605300 624
1605310 624
1605320 625
1605330 625
1605340 625
1605350 626
1605360 626
1605370 626
1605380 625
1605390 623
1605400 623
1605410 620
1605420 616
1605430 615
1605440 615
1605450 617
1605460 619
1605470 619
1605480 619
1605490 621
1605500 621
1605510 623
1605520 627
1605530 627
1605540 629
1605550 631
1605560 631
1605570 632
1605580 634
1605590 634
1605600 635
1605610 638
1605620 638
1605630 642
1605640 645
1605650 645
1605660 648
1605670 650
1605680 650
1605690 653
1605700 656
1605710 656
1605720 658
1605730 660
1605740 660
1605750 662
1605760 664
1605770 664
1605780 666
1605790 667
1605800 667
1605810 669
1605820 671
1605830 671
1605840 674
1605850 676
1605860 676
1605870 678
1605880 680
1605890 680
1605900 682
1605910 683
1605920 683
1605930 685
1605940 686
1605950 686
1605960 689
1605970 689
1605980 689
1605990 690
1606000 690
1606010 690
1606020 691
1606030 691
1606040 691
1606050 691
1606060 691
1606070 691
1606080 692
1606090 692
1606100 692
1606110 692
1606120 692
1606130 692
1606140 692
1606150 692
1606160 692
1606170 692
1606180 692
1606190 692
1606200 692
1606210 692
1606220 692
1606230 693
1606240 693
1606250 693
1606260 693
1606270 694
1606280 694
1606290 694
1606300 695
1606310 695
1606320 695
1606330 696
1606340 696
1606350 696
1606360 696
1606370 696
1606380 696
1606390 696
1606400 696
1606410 696
1606420 696
1606430 696
1606440 696
1606450 696
1606460 696
1606470 696
1606480 696
1606490 695
1606500 695
1606510 695
1606520 694
1606530 694
1606540 693
1606550 691
1606560 691
1606570 690
1606580 689
1606590 689
1606600 690
1606610 690
1606620 690
1606630 691
1606640 691
1606650 691
1606660 691
1606670 691
1606680 691
1606690 691
1606700 691
1606710 691
1606720 691
1606730 691
1606740 691
1606750 692
1606760 692
1606770 692
1606780 694
1606790 695
1606800 695
1606810 697
1606820 699
1606830 699
1606840 701
1606850 702
1606860 702
1606870 704
1606880 706
1606890 706
1606900 708
1606910 710
1606920 710
1606930 712
1606940 713
1606950 713
1606960 715
1606970 716
1606980 716
1606990 718
1607000 719
1607010 719
1607020 722
1607030 723
1607040 723
1607050 724
1607060 725
1607070 725
1607080 726
1607090 728
1607100 728
1607110 729
1607120 730
1607130 730
1607140 731
1607150 732
1607160 732
1607170 733
1607180 734
1607190 734
1607200 734
1607210 735
1607220 735
1607230 735
1607240 736
1607250 736
1607260 736
1607270 737
1607280 737
1607290 737
1607300 737
1607310 737
1607320 738
1607330 739
1607340 739
1607350 740
1607360 741
1607370 743
1607380 743
1607390 743
1607400 743
1607410 743
1607420 743
1607430 742
1607440 742
1607450 741
1607460 740
1607470 740
1607480 740
1607490 740
1607500 740
1607510 740
1607520 740
1607530 740
1607540 740
1607550 739
1607560 739
1607570 738
1607580 736
1607590 736
1607600 735
1607610 734
1607620 734
1607630 734
1607640 733
1607650 733
1607660 733
1607670 733
1607680 733
1607690 732
1607700 732
1607710 732
1607720 731
1607730 731
1607740 731
1607750 730
1607760 729
1607770 729
1607780 728
1607790 728
1607800 728
1607810 727
1607820 727
1607830 727
1607840 726
1607850 726
1607860 726
1607870 725
1607880 725
1607890 725
1607900 724
1607910 724
1607920 724
1607930 724
1607940 723
1607950 723
1607960 723
1607970 722
1607980 722
1607990 722
1608000 722
1608010 722
1608020 722
1608030 722
1608040 722
1608050 721
1608060 721
1608070 725
1608080 725
1608090 724
1608100 724
1608110 724
1608120 723
1608130 723
1608140 722
1608150 720
1608160 720
1608170 719
1608180 718
1608190 718
1608200 717
1608210 715
1608220 715
1608230 712
1608240 709
1608250 709
1608260 705
1608270 704
1608280 704
1608290 704
1608300 704
1608310 704
1608320 704
1608330 704
1608340 704
1608350 704
1608360 703
1608370 703
1608380 703
1608390 702
1608400 703
1608410 703
1608420 704
1608430 705
1608440 705
1608450 705
1608460 706
1608470 706
1608480 706
1608490 706
1608500 706
1608510 706
1608520 705
1608530 705
1608540 705
1608550 706
1608560 706
1608570 706
1608580 706
1608590 706
1608600 705
1608610 705
1608620 705
1608630 704
1608640 703
1608650 703
1608660 701
1608670 698
1608680 698
1608690 694
1608700 689
1608710 689
1608720 684
1608730 681
1608740 681
1608750 679
1608760 677
1608770 677
1608780 675
1608790 673
1608800 673
1608810 672
1608820 672
1608830 672
1608840 670
1608850 667
1608860 667
1608870 669
1608880 671
1608890 671
1608900 673
1608910 674
1608920 674
1608930 675
1608940 676
1608950 676
1608960 676
1608970 676
1608980 676
1608990 675
1609000 674
1609010 674
1609020 674
1609030 673
1609040 673
1609050 671
1609060 667
1609070 667
1609080 662
1609090 657
1609100 657
1609110 655
1609120 650
1609130 650
1609140 645
1609150 638
1609160 638
1609170 633
1609180 636
1609190 636
1609200 641
1609210 646
1609220 646
1609230 649
1609240 652
1609250 652
1609260 654
1609270 656
1609280 658
1609290 658
1609300 657
1609310 661
1609320 661
1609330 666
1609340 670
1609350 670
1609360 674
1609370 677
1609380 677
1609390 681
1609400 685
1609410 685
1609420 689
1609430 692
1609440 692
1609450 695
1609460 699
1609470 699
1609480 702
1609490 704
1609500 704
1609510 707
1609520 709
1609530 709
1609540 711
1609550 712
1609560 712
1609570 714
1609580 715
1609590 715
1609600 716
1609610 717
1609620 717
1609630 717
1609640 717
1609650 717
1609660 716
1609670 716
1609680 716
1609690 716
1609700 715
1609710 715
1609720 714
1609730 714
1609740 714
1609750 713
1609760 713
1609770 713
1609780 712
1609790 712
1609800 712
1609810 711
1609820 711
1609830 711
1609840 710
1609850 709
1609860 709
1609870 708
1609880 706
1609890 706
1609900 702
1609910 697
1609920 697
1609930 692
1609940 687
1609950 687
1609960 684
1609970 685
1609980 685
1609990 687
1610000 689
1610010 689
1610020 691
1610030 694
1610040 694
1610050 696
1610060 699
1610070 699
1610080 700
1610090 701
1610100 701
1610110 702
1610120 703
1610130 703
1610140 706
1610150 706
1610160 706
1610170 706
1610180 706
1610190 706
1610200 707
1610210 707
1610220 707
1610230 706
1610240 705
1610250 705
1610260 705
1610270 704
1610280 702
1610290 702
1610300 701
1610310 699
1610320 699
1610330 697
1610340 695
1610350 695
1610360 694
1610370 694
1610380 694
1610390 693
1610400 692
1610410 692
1610420 690
1610430 686
1610440 686
1610450 688
1610460 688
1610470 688
1610480 687
1610490 684
1610500 684
1610510 679
1610520 681
1610530 681
1610540 683
1610550 685
1610560 685
1610570 686
1610580 687
1610590 687
1610600 687
1610610 688
1610620 688
1610630 689
1610640 689
1610650 689
1610660 690
1610670 690
1610680 690
1610690 692
1610700 692
1610710 692
1610720 694
1610730 697
1610740 697
1610750 698
1610760 700
1610770 700
1610780 702
1610790 704
1610800 704
1610810 706
1610820 708
1610830 708
1610840 710
1610850 712
1610860 712
1610870 714
1610880 716
1610890 716
1610900 718
1610910 720
1610920 720
1610930 722
1610940 724
1610950 724
1610960 725
1610970 727
1610980 727
1610990 729
1611000 731
1611010 731
1611020 732
1611030 734
1611040 734
1611050 736
1611060 737
1611070 737
1611080 739
1611090 740
1611100 740
1611110 741
1611120 742
1611130 742
1611140 742
1611150 742
1611160 742
1611170 742
1611180 741
1611190 741
1611200 741
1611210 740
1611220 740
1611230 740
1611240 739
1611250 738
1611260 738
1611270 737
1611280 735
1611290 735
1611300 734
1611310 733
1611320 733
1611330 732
1611340 730
1611350 730
1611360 728
1611370 727
1611380 727
1611390 725
1611400 724
1611410 724
1611420 722
1611430 721
1611440 721
1611450 718
1611460 716
1611470 716
1611480 714
1611490 711
1611500 711
1611510 709
1611520 707
1611530 707
1611540 704
1611550 702
1611560 702
1611570 699
1611580 694
1611590 694
1611600 692
1611610 689
1611620 689
1611630 687
1611640 685
1611650 685
1611660 683
1611670 680
1611680 680
1611690 676
1611700 675
1611710 675
1611720 673
1611730 671
1611740 671
1611750 668
1611760 665
1611770 665
1611780 663
1611790 660
1611800 660
1611810 657
1611820 654
1611830 654
1611840 653
1611850 651
1611860 651
1611870 649
1611880 646
1611890 646
1611900 644
1611910 643
1611920 643
1611930 640
1611940 638
1611950 638
1611960 635
1611970 632
1611980 632
1611990 629
1612000 627
1612010 627
1612020 625
1612030 621
1612040 621
1612050 618
1612060 615
1612070 615
1612080 611
1612090 607
1612100 607
1612110 604
1612120 601
1612130 601
1612140 598
1612150 595
1612160 592
1612170 592
1612180 587
1612190 584
1612200 584
1612210 579
1612220 578
1612230 578
1612240 576
1612250 575
1612260 575
1612270 573
1612280 572
1612290 572
1612300 571
1612310 569
1612320 569
1612330 566
1612340 564
1612350 564
1612360 563
1612370 561
1612380 561
1612390 558
1612400 555
1612410 555
1612420 552
1612430 549
1612440 549
1612450 547
1612460 544
1612470 544
1612480 541
1612490 537
1612500 537
1612510 532
1612520 530
1612530 530
1612540 528
1612550 524
1612560 524
1612570 521
1612580 517
1612590 517
1612600 515
1612610 513
1612620 513
1612630 511
1612640 508
1612650 508
1612660 506
1612670 503
1612680 503
1612690 500
1612700 497
1612710 497
1612720 495
1612730 492
1612740 492
1612750 491
1612760 488
1612770 488
1612780 485
1612790 482
1612800 482
1612810 479
1612820 475
1612830 475
1612840 472
1612850 470
1612860 470
1612870 468
1612880 467
1612890 467
1612900 466
1612910 464
1612920 464
1612930 463
1612940 461
1612950 461
1612960 459
1612970 456
1612980 456
1612990 454
1613000 452
1613010 452
1613020 450
1613030 447
1613040 447
1613050 445
1613060 442
1613070 442
1613080 439
1613090 436
1613100 436
1613110 432
1613120 427
1613130 422
1613140 422
1613150 418
1613160 414
1613170 414
1613180 411
1613190 403
1613200 403
1613210 401
1613220 401
1613230 401
1613240 400
1613250 398
1613260 398
1613270 393
1613280 389
1613290 389
1613300 384
1613310 380
1613320 380
1613330 377
1613340 374
1613350 374
1613360 374
1613370 376
1613380 376
1613390 377
1613400 378
1613410 378
1613420 383
1613430 389
1613440 389
1613450 394
1613460 398
1613470 398
1613480 401
1613490 404
1613500 404
1613510 407
1613520 410
1613530 410
1613540 412
1613550 415
1613560 415
1613570 418
1613580 420
1613590 420
1613600 421
1613610 421
1613620 421
1613630 421
1613640 421
1613650 421
1613660 421
1613670 422
1613680 422
1613690 423
1613700 423
1613710 423
1613720 424
1613730 426
1613740 426
1613750 427
1613760 427
1613770 427
1613780 427
1613790 428
1613800 428
1613810 429
1613820 430
1613830 430
1613840 432
1613850 436
1613860 436
1613870 439
1613880 442
1613890 442
1613900 443
1613910 445
1613920 445
1613930 446
1613940 446
1613950 446
1613960 447
1613970 448
1613980 448
1613990 449
1614000 449
1614010 449
1614020 448
1614030 449
1614040 449
1614050 451
1614060 451
1614070 451
1614080 452
1614090 453
1614100 454
1614110 454
1614120 456
1614130 458
1614140 458
1614150 459
1614160 461
1614170 461
1614180 462
1614190 466
1614200 466
1614210 467
1614220 469
1614230 469
1614240 471
1614250 472
1614260 472
1614270 474
1614280 476
1614290 476
1614300 477
1614310 479
1614320 479
1614330 481
1614340 483
1614350 483
1614360 484
1614370 484
1614380 484
1614390 485
1614400 487
1614410 487
1614420 488
1614430 489
1614440 489
1614450 489
1614460 489
1614470 489
1614480 490
1614490 489
1614500 489
1614510 491
1614520 492
1614530 492
1614540 492
1614550 494
1614560 494
1614570 495
1614580 498
1614590 498
1614600 501
1614610 503
1614620 503
1614630 505
1614640 507
1614650 507
1614660 509
1614670 510
1614680 510
1614690 512
1614700 514
1614710 514
1614720 515
1614730 517
1614740 517
1614750 519
1614760 520
1614770 520
1614780 522
1614790 523
1614800 523
1614810 525
1614820 526
1614830 526
1614840 527
1614850 527
1614860 527
1614870 527
1614880 528
1614890 528
1614900 528
1614910 528
1614920 528
1614930 527
1614940 527
1614950 527
1614960 526
1614970 525
1614980 525
1614990 524
1615000 523
1615010 523
1615020 523
1615030 524
1615040 525
1615050 525
1615060 525
1615070 525
1615080 525
1615090 524
1615100 523
1615110 523
1615120 523
1615130 523
1615140 523
1615150 524
1615160 524
1615170 524
1615180 527
1615190 527
1615200 527
1615210 528
1615220 529
1615230 529
1615240 529
1615250 530
1615260 530
1615270 531
1615280 532
1615290 532
1615300 533
1615310 533
1615320 533
1615330 533
1615340 533
1615350 533
1615360 533
1615370 533
1615380 533
1615390 533
1615400 533
1615410 533
1615420 533
1615430 533
1615440 533
1615450 533
1615460 532
1615470 532
1615480 532
1615490 531
1615500 531
1615510 531
1615520 530
1615530 530
1615540 530
1615550 530
1615560 530
1615570 530
1615580 529
1615590 529
1615600 528
1615610 527
1615620 527
1615630 526
1615640 522
1615650 522
1615660 517
1615670 517
1615680 517
1615690 516
1615700 515
1615710 515
1615720 511
1615730 509
1615740 509
1615750 508
1615760 509
1615770 509
1615780 510
1615790 510
1615800 510
1615810 511
1615820 512
1615830 512
1615840 514
1615850 515
1615860 515
1615870 515
1615880 516
1615890 516
1615900 517
1615910 517
1615920 517
1615930 516
1615940 516
1615950 516
1615960 516
1615970 515
1615980 515
1615990 514
1616000 512
1616010 508
1616020 508
1616030 504
1616040 501
1616050 501
1616060 497
1616070 494
1616080 494
1616090 491
1616100 496
1616110 496
1616120 498
1616130 499
1616140 499
1616150 501
1616160 505
1616170 504
1616180 508
1616190 512
1616200 512
1616210 515
1616220 517
1616230 517
1616240 518
1616250 520
1616260 520
1616270 522
1616280 524
1616290 524
1616300 526
1616310 527
1616320 527
1616330 528
1616340 528
1616350 528
1616360 529
1616370 529
1616380 529
1616390 529
1616400 528
1616410 528
1616420 528
1616430 527
1616440 527
1616450 525
1616460 522
1616470 522
1616480 519
1616490 516
1616500 516
1616510 514
1616520 511
1616530 511
1616540 508
1616550 505
1616560 505
1616570 502
1616580 498
1616590 498
1616600 494
1616610 491
1616620 491
1616630 487
1616640 483
1616650 483
1616660 482
1616670 485
1616680 485
1616690 483
1616700 484
1616710 484
1616720 489
1616730 494
1616740 494
1616750 499
1616760 502
1616770 502
1616780 504
1616790 506
1616800 506
1616810 508
1616820 508
1616830 508
1616840 508
1616850 506
1616860 506
1616870 503
1616880 501
1616890 501
1616900 497
1616910 494
1616920 494
1616930 492
1616940 497
1616950 497
1616960 500
1616970 503
1616980 505
1616990 505
1617000 506
1617010 507
1617020 507
1617030 508
1617040 508
1617050 508
1617060 508
1617070 508
1617080 508
1617090 508
1617100 507
1617110 507
1617120 507
1617130 506
1617140 509
1617150 508
1617160 507
1617170 507
1617180 508
1617190 512
1617200 512
1617210 514
1617220 516
1617230 516
1617240 519
1617250 521
1617260 521
1617270 524
1617280 526
1617290 526
1617300 528
1617310 529
1617320 529
1617330 529
1617340 528
1617350 528
1617360 526
1617370 525
1617380 525
1617390 523
1617400 522
1617410 522
1617420 521
1617430 521
1617440 521
1617450 520
1617460 520
1617470 520
1617480 520
1617490 521
1617500 521
1617510 522
1617520 523
1617530 523
1617540 522
1617550 520
1617560 520
1617570 521
1617580 524
1617590 524
1617600 525
1617610 530
1617620 530
1617630 536
1617640 540
1617650 540
1617660 543
1617670 546
1617680 546
1617690 549
1617700 552
1617710 552
1617720 555
1617730 558
1617740 558
1617750 560
1617760 563
1617770 563
1617780 566
1617790 568
1617800 568
1617810 570
1617820 573
1617830 573
1617840 575
1617850 577
1617860 577
1617870 579
1617880 582
1617890 582
1617900 583
1617910 586
1617920 586
1617930 588
1617940 590
1617950 593
1617960 593
1617970 595
1617980 597
1617990 597
1618000 599
1618010 601
1618020 601
1618030 602
1618040 604
1618050 604
1618060 605
1618070 607
1618080 607
1618090 608
1618100 611
1618110 609
1618120 610
1618130 612
1618140 612
1618150 614
1618160 615
1618170 615
1618180 618
1618190 619
1618200 619
1618210 621
1618220 623
1618230 623
1618240 624
1618250 626
1618260 626
1618270 627
1618280 626
1618290 626
1618300 628
1618310 630
1618320 630
1618330 633
1618340 636
1618350 636
1618360 638
1618370 640
1618380 640
1618390 642
1618400 644
1618410 644
1618420 646
1618430 647
1618440 647
1618450 648
1618460 649
1618470 649
1618480 650
1618490 651
1618500 651
1618510 652
1618520 652
1618530 652
1618540 653
1618550 653
1618560 653
1618570 654
1618580 654
1618590 654
1618600 654
1618610 654
1618620 654
1618630 653
1618640 653
1618650 653
1618660 652
1618670 652
1618680 652
1618690 651
1618700 650
1618710 650
1618720 649
1618730 648
1618740 648
1618750 647
1618760 645
1618770 645
1618780 644
1618790 643
1618800 643
1618810 642
1618820 640
1618830 640
1618840 639
1618850 637
1618860 637
1618870 635
1618880 633
1618890 633
1618900 630
1618910 628
1618920 626
1618930 626
1618940 624
1618950 623
1618960 623
1618970 623
1618980 622
1618990 622
1619000 622
1619010 622
1619020 622
1619030 622
1619040 622
1619050 622
1619060 622
1619070 624
1619080 624
1619090 624
1619100 624
1619110 624
1619120 623
1619130 622
1619140 622
1619150 620
1619160 617
1619170 617
1619180 614
1619190 610
1619200 610
1619210 606
1619220 603
1619230 603
1619240 601
1619250 599
1619260 599
1619270 596
1619280 594
1619290 594
1619300 591
1619310 589
1619320 589
1619330 585
1619340 581
1619350 581
1619360 578
1619370 575
1619380 575
1619390 573
1619400 570
1619410 570
1619420 577
1619430 587
1619440 587
1619450 592
1619460 596
1619470 596
1619480 599
1619490 603
1619500 603
1619510 606
1619520 609
1619530 609
1619540 613
1619550 616
1619560 616
1619570 618
1619580 621
1619590 621
1619600 622
1619610 624
1619620 624
1619630 625
1619640 626
1619650 626
1619660 627
1619670 628
1619680 628
1619690 629
1619700 630
1619710 630
1619720 631
1619730 631
1619740 631
1619750 632
1619760 633
1619770 633
1619780 634
1619790 636
1619800 636
1619810 637
1619820 638
1619830 638
1619840 640
1619850 641
1619860 641
1619870 642
1619880 643
1619890 645
1619900 645
1619910 647
1619920 649
1619930 649
1619940 650
1619950 652
1619960 652
1619970 654
1619980 655
1619990 655
