1613190 354
1613200 353
1613210 354
1613220 355
1613230 356
1613240 357
1613250 360
1613260 363
1613270 364
1613280 365
1613290 365
1613300 365
1613310 365
1613320 365
1613330 365
1613340 365
1613350 365
1613360 364
1613370 363
1613380 362
1613390 362
1613400 362
1613410 363
1613420 364
1613430 364
1613440 365
1613450 365
1613460 366
1613470 368
1613480 370
1613490 372
1613500 373
1613510 374
1613520 376
1613530 377
1613540 378
1613550 378
1613560 379
1613570 379
1613580 380
1613590 380
1613600 381
1613610 382
1613620 383
1613630 384
1613640 386
1613650 390
1613660 394
1613670 396
1613680 398
1613690 399
1613700 400
1613710 401
1613720 402
1613730 403
1613740 403
1613750 404
1613760 404
1613770 405
1613780 405
1613790 406
1613800 407
1613810 408
1613820 409
1613830 410
1613840 412
1613850 413
1613860 415
1613870 416
1613880 418
1613890 419
1613900 419
1613910 420
1613920 421
1613930 422
1613940 423
1613950 424
1613960 424
1613970 425
1613980 425
1613990 424
1614000 425
1614010 427
1614020 427
1614030 427
1614040 427
1614050 427
1614060 427
1614070 428
1614080 428
1614090 429
1614100 429
1614110 428
1614120 428
1614130 429
1614140 430
1614150 430
1614160 430
1614170 430
1614180 431
1614190 431
1614200 431
1614210 431
1614220 431
1614230 430
1614240 429
1614250 428
1614260 426
1614270 426
1614280 426
1614290 425
1614300 425
1614310 425
1614320 426
1614330 426
1614340 426
1614350 423
1614360 421
1614370 421
1614380 422
1614390 423
1614400 424
1614410 425
1614420 427
1614430 428
1614440 429
1614450 430
1614460 432
1614470 435
1614480 437
1614490 440
1614500 442
1614510 443
1614520 445
1614530 446
1614540 448
1614550 449
1614560 451
1614570 452
1614580 454
1614590 456
1614600 457
1614610 459
1614620 460
1614630 461
1614640 462
1614650 463
1614660 464
1614670 466
1614680 467
1614690 469
1614700 470
1614710 471
1614720 473
1614730 474
1614740 475
1614750 476
1614760 477
1614770 478
1614780 479
1614790 480
1614800 481
1614810 481
1614820 482
1614830 483
1614840 484
1614850 484
1614860 485
1614870 485
1614880 485
1614890 485
1614900 486
1614910 486
1614920 486
1614930 487
1614940 488
1614950 489
1614960 490
1614970 491
1614980 492
1614990 493
1615000 494
1615010 496
1615020 497
1615030 500
1615040 502
1615050 505
1615060 507
1615070 509
1615080 510
1615090 511
1615100 512
1615110 512
1615120 513
1615130 514
1615140 515
1615150 516
1615160 517
1615170 518
1615180 519
1615190 519
1615200 520
1615210 522
1615220 523
1615230 524
1615240 525
1615250 526
1615260 527
1615270 528
1615280 529
1615290 530
1615300 532
1615310 533
1615320 534
1615330 535
1615340 536
1615350 537
1615360 539
1615370 540
1615380 541
1615390 542
1615400 543
1615410 544
1615420 545
1615430 546
1615440 548
1615450 549
1615460 551
1615470 553
1615480 556
1615490 558
1615500 560
1615510 562
1615520 564
1615530 566
1615540 567
1615550 568
1615560 569
1615570 570
1615580 571
1615590 571
1615600 572
1615610 573
1615620 574
1615630 576
1615640 577
1615650 579
1615660 581
1615670 584
1615680 586
1615690 589
1615700 592
1615710 595
1615720 598
1615730 601
1615740 604
1615750 607
1615760 611
1615770 616
1615780 619
1615790 622
1615800 624
1615810 626
1615820 627
1615830 629
1615840 630
1615850 632
1615860 634
1615870 635
1615880 637
1615890 639
1615900 641
1615910 643
1615920 644
1615930 645
1615940 647
1615950 648
1615960 649
1615970 650
1615980 651
1615990 652
1616000 652
1616010 653
1616020 653
1616030 654
1616040 654
1616050 654
1616060 655
1616070 655
1616080 655
1616090 655
1616100 655
1616110 656
1616120 656
1616130 656
1616140 656
1616150 656
1616160 656
1616170 656
1616180 656
1616190 656
1616200 656
1616210 656
1616220 655
1616230 655
1616240 655
1616250 655
1616260 654
1616270 654
1616280 654
1616290 653
1616300 653
1616310 652
1616320 651
1616330 651
1616340 650
1616350 650
1616360 649
1616370 648
1616380 648
1616390 647
1616400 646
1616410 646
1616420 645
1616430 645
1616440 644
1616450 644
1616460 644
1616470 644
1616480 644
1616490 644
1616500 644
1616510 644
1616520 644
1616530 644
1616540 643
1616550 643
1616560 642
1616570 642
1616580 642
1616590 641
1616600 641
1616610 640
1616620 639
1616630 639
1616640 638
1616650 636
1616660 634
1616670 631
1616680 628
1616690 624
1616700 621
1616710 617
1616720 614
1616730 610
1616740 606
1616750 602
1616760 599
1616770 596
1616780 594
1616790 591
1616800 589
1616810 586
1616820 584
1616830 582
1616840 580
1616850 577
1616860 574
1616870 571
1616880 571
1616890 573
1616900 575
1616910 577
1616920 577
1616930 578
1616940 578
1616950 578
1616960 578
1616970 577
1616980 577
1616990 576
1617000 575
1617010 574
1617020 574
1617030 574
1617040 574
1617050 574
1617060 573
1617070 573
1617080 572
1617090 572
1617100 571
1617110 569
1617120 566
1617130 564
1617140 564
1617150 565
1617160 567
1617170 568
1617180 569
1617190 570
1617200 571
1617210 573
1617220 575
1617230 576
1617240 577
1617250 579
1617260 580
1617270 581
1617280 583
1617290 584
1617300 585
1617310 586
1617320 586
1617330 587
1617340 588
1617350 588
1617360 588
1617370 588
1617380 588
1617390 588
1617400 587
1617410 587
1617420 587
1617430 586
1617440 585
1617450 585
1617460 584
1617470 583
1617480 582
1617490 581
1617500 580
1617510 579
1617520 578
1617530 576
1617540 575
1617550 573
1617560 572
1617570 571
1617580 569
1617590 568
1617600 567
1617610 565
1617620 564
1617630 562
1617640 559
1617650 556
1617660 554
1617670 552
1617680 551
1617690 550
1617700 549
1617710 549
1617720 548
1617730 548
1617740 549
1617750 548
1617760 547
1617770 546
1617780 545
1617790 544
1617800 544
1617810 544
1617820 544
1617830 543
1617840 540
1617850 540
1617860 541
1617870 541
1617880 541
1617890 540
1617900 538
1617910 535
1617920 533
1617930 532
1617940 532
1617950 533
1617960 534
1617970 536
1617980 536
1617990 535
1618000 534
1618010 533
1618020 533
1618030 533
1618040 534
1618050 535
1618060 536
1618070 538
1618080 540
1618090 541
1618100 543
1618110 544
1618120 545
1618130 546
1618140 548
1618150 549
1618160 550
1618170 551
1618180 553
1618190 554
1618200 555
1618210 555
1618220 555
1618230 555
1618240 555
1618250 555
1618260 555
1618270 556
1618280 557
1618290 557
1618300 558
1618310 559
1618320 559
1618330 559
1618340 559
1618350 559
1618360 560
1618370 560
1618380 560
1618390 560
1618400 561
1618410 562
1618420 563
1618430 563
1618440 564
1618450 565
1618460 565
1618470 566
1618480 566
1618490 567
1618500 568
1618510 568
1618520 569
1618530 570
1618540 571
1618550 571
1618560 571
1618570 573
1618580 574
1618590 575
1618600 576
1618610 577
1618620 578
1618630 580
1618640 581
1618650 583
1618660 585
1618670 588
1618680 590
1618690 592
1618700 593
1618710 595
1618720 597
1618730 598
1618740 600
1618750 602
1618760 603
1618770 605
1618780 607
1618790 608
1618800 611
1618810 613
1618820 615
1618830 618
1618840 619
1618850 620
1618860 622
1618870 623
1618880 625
1618890 626
1618900 626
1618910 627
1618920 627
1618930 628
1618940 629
1618950 630
1618960 631
1618970 632
1618980 633
1618990 635
1619000 636
1619010 637
1619020 637
1619030 638
1619040 639
1619050 640
1619060 641
1619070 643
1619080 644
1619090 645
1619100 646
1619110 647
1619120 648
1619130 649
1619140 650
1619150 651
1619160 652
1619170 653
1619180 654
1619190 656
1619200 657
1619210 658
1619220 659
1619230 661
1619240 662
1619250 664
1619260 665
1619270 666
1619280 668
1619290 669
1619300 670
1619310 671
1619320 672
1619330 673
1619340 674
1619350 676
1619360 677
1619370 678
1619380 679
1619390 680
1619400 681
1619410 682
1619420 682
1619430 683
1619440 684
1619450 684
1619460 685
1619470 686
1619480 687
1619490 688
1619500 689
1619510 689
1619520 690
1619530 690
1619540 690
1619550 690
1619560 691
1619570 692
1619580 692
1619590 692
1619600 692
1619610 691
1619620 691
1619630 690
1619640 690
1619650 690
1619660 690
1619670 689
1619680 689
1619690 688
1619700 688
1619710 687
1619720 687
1619730 686
1619740 685
1619750 685
1619760 684
1619770 683
1619780 682
1619790 681
1619800 680
1619810 679
1619820 678
1619830 677
1619840 676
1619850 675
1619860 674
1619870 672
1619880 671
1619890 669
1619900 668
1619910 667
1619920 665
1619930 664
1619940 663
1619950 661
1619960 660
1619970 659
1619980 657
1619990 656
