1609710 302
1609720 302
1609730 302
1609740 303
1609750 304
1609760 304
1609770 305
1609780 306
1609790 307
1609800 308
1609810 308
1609820 308
1609830 308
1609840 308
1609850 308
1609860 308
1609870 308
1609880 308
1609890 308
1609900 308
1609910 308
1609920 308
1609930 308
1609940 308
1609950 309
1609960 309
1609970 309
1609980 309
1609990 309
1610000 309
1610010 309
1610020 309
1610030 309
1610040 309
1610050 310
1610060 310
1610070 310
1610080 310
1610090 310
1610100 310
1610110 310
1610120 310
1610130 310
1610140 310
1610150 310
1610160 311
1610170 311
1610180 311
1610190 311
1610200 312
1610210 312
1610220 313
1610230 313
1610240 314
1610250 315
1610260 316
1610270 317
1610280 318
1610290 319
1610300 319
1610310 320
1610320 321
1610330 322
1610340 323
1610350 324
1610360 324
1610370 325
1610380 325
1610390 325
1610400 326
1610410 326
1610420 326
1610430 326
1610440 326
1610450 326
1610460 326
1610470 327
1610480 327
1610490 328
1610500 328
1610510 329
1610520 330
1610530 331
1610540 332
1610550 332
1610560 332
1610570 332
1610580 333
1610590 333
1610600 334
1610610 333
1610620 333
1610630 333
1610640 333
1610650 332
1610660 332
1610670 332
1610680 333
1610690 333
1610700 334
1610710 334
1610720 334
1610730 334
1610740 334
1610750 334
1610760 334
1610770 335
1610780 336
1610790 336
1610800 336
1610810 337
1610820 337
1610830 337
1610840 338
1610850 338
1610860 338
1610870 338
1610880 338
1610890 338
1610900 338
1610910 338
1610920 339
1610930 339
1610940 339
1610950 339
1610960 338
1610970 339
1610980 340
1610990 341
1611000 343
1611010 344
1611020 346
1611030 347
1611040 348
1611050 349
1611060 350
1611070 350
1611080 350
1611090 352
1611100 353
1611110 354
1611120 354
1611130 353
1611140 352
1611150 350
1611160 349
1611170 349
1611180 349
1611190 349
1611200 350
1611210 350
1611220 353
1611230 356
1611240 358
1611250 359
1611260 359
1611270 359
1611280 359
1611290 359
1611300 360
1611310 360
1611320 360
1611330 361
1611340 361
1611350 361
1611360 361
1611370 361
1611380 361
1611390 361
1611400 361
1611410 361
1611420 361
1611430 361
1611440 360
1611450 360
1611460 361
1611470 361
1611480 361
1611490 361
1611500 361
1611510 361
1611520 361
1611530 360
1611540 360
1611550 360
1611560 361
1611570 361
1611580 362
1611590 362
1611600 363
1611610 364
1611620 365
1611630 365
1611640 366
1611650 366
1611660 367
1611670 367
1611680 368
1611690 368
1611700 369
1611710 369
1611720 370
1611730 371
1611740 371
1611750 372
1611760 373
1611770 373
1611780 374
1611790 375
1611800 376
1611810 377
1611820 378
1611830 378
1611840 379
1611850 380
1611860 382
1611870 383
1611880 384
1611890 385
1611900 386
1611910 387
1611920 388
1611930 389
1611940 389
1611950 389
1611960 390
1611970 391
1611980 392
1611990 393
1612000 392
1612010 392
1612020 392
1612030 392
1612040 393
1612050 393
1612060 393
1612070 394
1612080 394
1612090 394
1612100 395
1612110 395
1612120 394
1612130 394
1612140 394
1612150 394
1612160 394
1612170 394
1612180 394
1612190 395
1612200 395
1612210 395
1612220 395
1612230 395
1612240 395
1612250 395
1612260 396
1612270 396
1612280 396
1612290 396
1612300 397
1612310 397
1612320 397
1612330 397
1612340 398
1612350 398
1612360 398
1612370 398
1612380 399
1612390 399
1612400 399
1612410 399
1612420 400
1612430 400
1612440 401
1612450 401
1612460 401
1612470 402
1612480 402
1612490 403
1612500 404
1612510 404
1612520 404
1612530 405
1612540 405
1612550 405
1612560 405
1612570 405
1612580 406
1612590 406
1612600 407
1612610 407
1612620 408
1612630 408
1612640 409
1612650 409
1612660 410
1612670 410
1612680 411
1612690 411
1612700 412
1612710 412
1612720 413
1612730 413
1612740 414
1612750 414
1612760 415
1612770 415
1612780 416
1612790 416
1612800 417
1612810 417
1612820 418
1612830 418
1612840 418
1612850 419
1612860 419
1612870 420
1612880 420
1612890 420
1612900 421
1612910 421
1612920 422
1612930 422
1612940 422
1612950 423
1612960 423
1612970 424
1612980 424
1612990 424
1613000 425
1613010 425
1613020 426
1613030 426
1613040 427
1613050 427
1613060 427
1613070 427
1613080 428
1613090 428
1613100 428
1613110 429
1613120 429
1613130 429
1613140 430
1613150 430
1613160 430
1613170 431
1613180 431
1613190 431
1613200 432
1613210 432
1613220 432
1613230 433
1613240 433
1613250 433
1613260 434
1613270 434
1613280 435
1613290 435
1613300 436
1613310 436
1613320 436
1613330 437
1613340 437
1613350 438
1613360 438
1613370 438
1613380 439
1613390 439
1613400 439
1613410 439
1613420 439
1613430 439
1613440 440
1613450 440
1613460 440
1613470 440
1613480 440
1613490 441
1613500 441
1613510 441
1613520 441
1613530 440
1613540 440
1613550 440
1613560 440
1613570 440
1613580 440
1613590 440
1613600 440
1613610 440
1613620 440
1613630 440
1613640 440
1613650 440
1613660 439
1613670 439
1613680 439
1613690 439
1613700 439
1613710 439
1613720 439
1613730 439
1613740 439
1613750 438
1613760 438
1613770 437
1613780 437
1613790 436
1613800 436
1613810 435
1613820 434
1613830 432
1613840 430
1613850 429
1613860 428
1613870 427
1613880 426
1613890 424
1613900 423
1613910 422
1613920 421
1613930 420
1613940 418
1613950 417
1613960 416
1613970 416
1613980 416
1613990 415
1614000 414
1614010 412
1614020 409
1614030 407
1614040 406
1614050 407
1614060 408
1614070 409
1614080 410
1614090 411
1614100 412
1614110 414
1614120 415
1614130 417
1614140 418
1614150 419
1614160 420
1614170 421
1614180 422
1614190 424
1614200 425
1614210 426
1614220 427
1614230 428
1614240 429
1614250 430
1614260 431
1614270 432
1614280 433
1614290 434
1614300 434
1614310 435
1614320 436
1614330 436
1614340 437
1614350 437
1614360 437
1614370 438
1614380 438
1614390 438
1614400 438
1614410 439
1614420 439
1614430 439
1614440 439
1614450 439
1614460 439
1614470 439
1614480 439
1614490 439
1614500 439
1614510 438
1614520 438
1614530 438
1614540 438
1614550 438
1614560 438
1614570 438
1614580 438
1614590 438
1614600 438
1614610 438
1614620 437
1614630 437
1614640 437
1614650 436
1614660 436
1614670 436
1614680 435
1614690 434
1614700 434
1614710 433
1614720 432
1614730 431
1614740 430
1614750 429
1614760 429
1614770 429
1614780 429
1614790 429
1614800 428
1614810 428
1614820 427
1614830 427
1614840 426
1614850 426
1614860 425
1614870 425
1614880 424
1614890 424
1614900 424
1614910 423
1614920 423
1614930 423
1614940 423
1614950 422
1614960 422
1614970 422
1614980 422
1614990 421
1615000 421
1615010 421
1615020 420
1615030 420
1615040 420
1615050 419
1615060 419
1615070 419
1615080 419
1615090 418
1615100 418
1615110 417
1615120 417
1615130 416
1615140 416
1615150 415
1615160 415
1615170 414
1615180 414
1615190 413
1615200 412
1615210 411
1615220 410
1615230 409
1615240 408
1615250 407
1615260 406
1615270 406
1615280 405
1615290 404
1615300 403
1615310 402
1615320 401
1615330 401
1615340 400
1615350 399
1615360 398
1615370 397
1615380 396
1615390 394
1615400 392
1615410 390
1615420 389
1615430 388
1615440 387
1615450 386
1615460 385
1615470 384
1615480 384
1615490 383
1615500 382
1615510 381
1615520 380
1615530 379
1615540 378
1615550 377
1615560 376
1615570 374
1615580 373
1615590 373
1615600 373
1615610 373
1615620 373
1615630 373
1615640 373
1615650 374
1615660 375
1615670 376
1615680 377
1615690 380
1615700 381
1615710 383
1615720 385
1615730 387
1615740 389
1615750 391
1615760 392
1615770 393
1615780 395
1615790 396
1615800 397
1615810 399
1615820 400
1615830 401
1615840 403
1615850 404
1615860 405
1615870 406
1615880 406
1615890 407
1615900 408
1615910 409
1615920 410
1615930 411
1615940 412
1615950 413
1615960 413
1615970 414
1615980 415
1615990 415
1616000 416
1616010 416
1616020 416
1616030 417
1616040 418
1616050 418
1616060 419
1616070 419
1616080 420
1616090 421
1616100 422
1616110 422
1616120 423
1616130 424
1616140 424
1616150 425
1616160 426
1616170 426
1616180 427
1616190 428
1616200 429
1616210 429
1616220 430
1616230 431
1616240 431
1616250 432
1616260 433
1616270 433
1616280 434
1616290 434
1616300 435
1616310 435
1616320 436
1616330 437
1616340 437
1616350 438
1616360 439
1616370 440
1616380 440
1616390 441
1616400 442
1616410 442
1616420 443
1616430 444
1616440 445
1616450 445
1616460 446
1616470 446
1616480 447
1616490 448
1616500 448
1616510 448
1616520 449
1616530 449
1616540 450
1616550 450
1616560 451
1616570 451
1616580 452
1616590 452
1616600 452
1616610 453
1616620 453
1616630 454
1616640 454
1616650 454
1616660 454
1616670 454
1616680 454
1616690 454
1616700 454
1616710 454
1616720 454
1616730 454
1616740 454
1616750 454
1616760 454
1616770 454
1616780 454
1616790 454
1616800 453
1616810 453
1616820 453
1616830 452
1616840 452
1616850 451
1616860 451
1616870 450
1616880 450
1616890 449
1616900 449
1616910 448
1616920 447
1616930 446
1616940 445
1616950 445
1616960 444
1616970 443
1616980 442
1616990 440
1617000 439
1617010 438
1617020 437
1617030 436
1617040 434
1617050 433
1617060 432
1617070 431
1617080 430
1617090 429
1617100 428
1617110 427
1617120 426
1617130 425
1617140 424
1617150 424
1617160 423
1617170 423
1617180 422
1617190 421
1617200 421
1617210 420
1617220 419
1617230 419
1617240 418
1617250 418
1617260 418
1617270 417
1617280 417
1617290 417
1617300 416
1617310 416
1617320 416
1617330 415
1617340 414
1617350 414
1617360 414
1617370 413
1617380 413
1617390 412
1617400 412
1617410 411
1617420 411
1617430 411
1617440 410
1617450 410
1617460 409
1617470 409
1617480 408
1617490 407
1617500 407
1617510 406
1617520 406
1617530 405
1617540 405
1617550 404
1617560 404
1617570 403
1617580 403
1617590 402
1617600 402
1617610 401
1617620 400
1617630 400
1617640 399
1617650 398
1617660 397
1617670 396
1617680 396
1617690 395
1617700 395
1617710 395
1617720 395
1617730 395
1617740 394
1617750 394
1617760 394
1617770 393
1617780 393
1617790 393
1617800 393
1617810 392
1617820 392
1617830 392
1617840 392
1617850 391
1617860 390
1617870 390
1617880 391
1617890 393
1617900 396
1617910 398
1617920 400
1617930 401
1617940 402
1617950 403
1617960 403
1617970 404
1617980 405
1617990 406
1618000 407
1618010 407
1618020 408
1618030 409
1618040 409
1618050 410
1618060 411
1618070 411
1618080 412
1618090 413
1618100 413
1618110 414
1618120 414
1618130 415
1618140 416
1618150 416
1618160 417
1618170 418
1618180 418
1618190 419
1618200 419
1618210 420
1618220 420
1618230 421
1618240 421
1618250 422
1618260 422
1618270 423
1618280 423
1618290 424
1618300 424
1618310 424
1618320 425
1618330 425
1618340 425
1618350 426
1618360 426
1618370 427
1618380 427
1618390 427
1618400 427
1618410 428
1618420 428
1618430 428
1618440 428
1618450 428
1618460 429
1618470 429
1618480 429
1618490 430
1618500 430
1618510 430
1618520 430
1618530 430
1618540 430
1618550 430
1618560 430
1618570 430
1618580 430
1618590 430
1618600 430
1618610 430
1618620 430
1618630 431
1618640 431
1618650 431
1618660 432
1618670 432
1618680 432
1618690 433
1618700 433
1618710 433
1618720 434
1618730 434
1618740 434
1618750 435
1618760 435
1618770 435
1618780 436
1618790 436
1618800 436
1618810 437
1618820 438
1618830 439
1618840 439
1618850 440
1618860 441
1618870 441
1618880 442
1618890 442
1618900 443
1618910 443
1618920 444
1618930 444
1618940 445
1618950 445
1618960 445
1618970 446
1618980 446
1618990 447
1619000 447
1619010 447
1619020 448
1619030 448
1619040 448
1619050 449
1619060 449
1619070 449
1619080 450
1619090 450
1619100 451
1619110 451
1619120 451
1619130 451
1619140 452
1619150 452
1619160 453
1619170 453
1619180 453
1619190 453
1619200 454
1619210 454
1619220 454
1619230 455
1619240 455
1619250 455
1619260 456
1619270 456
1619280 456
1619290 456
1619300 456
1619310 457
1619320 457
1619330 457
1619340 457
1619350 458
1619360 458
1619370 458
1619380 458
1619390 458
1619400 458
1619410 458
1619420 458
1619430 458
1619440 458
1619450 458
1619460 458
1619470 459
1619480 458
1619490 458
1619500 458
1619510 458
1619520 458
1619530 458
1619540 458
1619550 458
1619560 458
1619570 458
1619580 458
1619590 458
1619600 458
1619610 458
1619620 458
1619630 458
1619640 457
1619650 457
1619660 457
1619670 457
1619680 457
1619690 457
1619700 457
1619710 457
1619720 456
1619730 456
1619740 456
1619750 455
1619760 455
1619770 455
1619780 455
1619790 454
1619800 454
1619810 454
1619820 454
1619830 453
1619840 453
1619850 453
1619860 452
1619870 452
1619880 451
1619890 451
1619900 451
1619910 450
1619920 450
1619930 449
1619940 449
1619950 449
1619960 448
1619970 448
1619980 447
1619990 447
