1610110 306
1610120 306
1610130 307
1610140 308
1610150 308
1610160 308
1610170 308
1610180 309
1610190 309
1610200 309
1610210 309
1610220 309
1610230 309
1610240 309
1610250 309
1610260 309
1610270 309
1610280 309
1610290 309
1610300 310
1610310 310
1610320 310
1610330 310
1610340 310
1610350 310
1610360 311
1610370 311
1610380 311
1610390 311
1610400 311
1610410 311
1610420 311
1610430 311
1610440 311
1610450 312
1610460 312
1610470 312
1610480 312
1610490 312
1610500 312
1610510 312
1610520 312
1610530 312
1610540 312
1610550 312
1610560 312
1610570 313
1610580 313
1610590 313
1610600 313
1610610 314
1610620 314
1610630 314
1610640 314
1610650 314
1610660 314
1610670 314
1610680 314
1610690 314
1610700 315
1610710 315
1610720 316
1610730 317
1610740 317
1610750 318
1610760 319
1610770 319
1610780 320
1610790 320
1610800 321
1610810 321
1610820 322
1610830 322
1610840 323
1610850 323
1610860 324
1610870 324
1610880 324
1610890 325
1610900 325
1610910 326
1610920 327
1610930 327
1610940 328
1610950 328
1610960 328
1610970 328
1610980 327
1610990 326
1611000 325
1611010 325
1611020 325
1611030 325
1611040 325
1611050 326
1611060 327
1611070 327
1611080 328
1611090 328
1611100 329
1611110 330
1611120 331
1611130 330
1611140 330
1611150 330
1611160 331
1611170 332
1611180 332
1611190 333
1611200 334
1611210 334
1611220 334
1611230 334
1611240 335
1611250 337
1611260 338
1611270 339
1611280 340
1611290 341
1611300 342
1611310 343
1611320 344
1611330 345
1611340 346
1611350 346
1611360 346
1611370 346
1611380 345
1611390 345
1611400 344
1611410 342
1611420 340
1611430 341
1611440 341
1611450 342
1611460 343
1611470 345
1611480 346
1611490 346
1611500 347
1611510 347
1611520 349
1611530 350
1611540 351
1611550 352
1611560 353
1611570 353
1611580 355
1611590 356
1611600 356
1611610 355
1611620 355
1611630 355
1611640 354
1611650 354
1611660 354
1611670 354
1611680 354
1611690 354
1611700 353
1611710 353
1611720 353
1611730 353
1611740 352
1611750 351
1611760 351
1611770 352
1611780 353
1611790 354
1611800 355
1611810 355
1611820 355
1611830 356
1611840 357
1611850 358
1611860 360
1611870 361
1611880 361
1611890 362
1611900 362
1611910 362
1611920 362
1611930 361
1611940 360
1611950 359
1611960 360
1611970 360
1611980 361
1611990 363
1612000 364
1612010 365
1612020 366
1612030 367
1612040 368
1612050 368
1612060 368
1612070 369
1612080 369
1612090 370
1612100 371
1612110 371
1612120 372
1612130 372
1612140 372
1612150 372
1612160 371
1612170 371
1612180 371
1612190 371
1612200 371
1612210 371
1612220 372
1612230 373
1612240 374
1612250 374
1612260 374
1612270 374
1612280 375
1612290 376
1612300 378
1612310 379
1612320 379
1612330 380
1612340 381
1612350 381
1612360 382
1612370 383
1612380 384
1612390 385
1612400 385
1612410 386
1612420 387
1612430 387
1612440 388
1612450 389
1612460 389
1612470 390
1612480 390
1612490 391
1612500 392
1612510 393
1612520 393
1612530 394
1612540 395
1612550 396
1612560 397
1612570 399
1612580 401
1612590 402
1612600 404
1612610 406
1612620 407
1612630 408
1612640 409
1612650 410
1612660 411
1612670 412
1612680 413
1612690 414
1612700 415
1612710 415
1612720 416
1612730 417
1612740 418
1612750 418
1612760 419
1612770 420
1612780 421
1612790 422
1612800 422
1612810 423
1612820 424
1612830 425
1612840 425
1612850 426
1612860 427
1612870 428
1612880 428
1612890 429
1612900 430
1612910 431
1612920 432
1612930 433
1612940 434
1612950 435
1612960 435
1612970 436
1612980 437
1612990 438
1613000 439
1613010 439
1613020 440
1613030 441
1613040 441
1613050 442
1613060 443
1613070 443
1613080 444
1613090 444
1613100 445
1613110 446
1613120 446
1613130 447
1613140 447
1613150 448
1613160 448
1613170 449
1613180 449
1613190 450
1613200 450
1613210 451
1613220 451
1613230 451
1613240 452
1613250 452
1613260 453
1613270 453
1613280 454
1613290 454
1613300 454
1613310 455
1613320 455
1613330 456
1613340 456
1613350 456
1613360 457
1613370 457
1613380 457
1613390 457
1613400 457
1613410 458
1613420 458
1613430 458
1613440 458
1613450 458
1613460 458
1613470 459
1613480 459
1613490 459
1613500 459
1613510 459
1613520 459
1613530 459
1613540 459
1613550 459
1613560 458
1613570 458
1613580 458
1613590 458
1613600 457
1613610 457
1613620 457
1613630 456
1613640 456
1613650 455
1613660 455
1613670 455
1613680 454
1613690 454
1613700 454
1613710 453
1613720 453
1613730 452
1613740 452
1613750 451
1613760 450
1613770 449
1613780 449
1613790 448
1613800 447
1613810 446
1613820 446
1613830 445
1613840 443
1613850 442
1613860 441
1613870 440
1613880 439
1613890 438
1613900 437
1613910 436
1613920 435
1613930 434
1613940 432
1613950 431
1613960 431
1613970 432
1613980 433
1613990 434
1614000 435
1614010 436
1614020 435
1614030 433
1614040 431
1614050 430
1614060 432
1614070 434
1614080 436
1614090 438
1614100 439
1614110 440
1614120 441
1614130 441
1614140 442
1614150 443
1614160 443
1614170 444
1614180 444
1614190 445
1614200 445
1614210 446
1614220 447
1614230 447
1614240 448
1614250 448
1614260 449
1614270 449
1614280 450
1614290 450
1614300 451
1614310 451
1614320 451
1614330 451
1614340 452
1614350 452
1614360 452
1614370 452
1614380 452
1614390 452
1614400 452
1614410 452
1614420 452
1614430 451
1614440 451
1614450 451
1614460 450
1614470 450
1614480 450
1614490 450
1614500 449
1614510 449
1614520 449
1614530 449
1614540 448
1614550 448
1614560 448
1614570 448
1614580 447
1614590 447
1614600 446
1614610 446
1614620 446
1614630 445
1614640 444
1614650 443
1614660 442
1614670 442
1614680 441
1614690 441
1614700 441
1614710 441
1614720 441
1614730 440
1614740 440
1614750 439
1614760 438
1614770 438
1614780 437
1614790 437
1614800 436
1614810 436
1614820 435
1614830 435
1614840 434
1614850 434
1614860 433
1614870 433
1614880 432
1614890 432
1614900 431
1614910 430
1614920 430
1614930 429
1614940 429
1614950 429
1614960 428
1614970 428
1614980 428
1614990 427
1615000 427
1615010 427
1615020 426
1615030 426
1615040 426
1615050 425
1615060 425
1615070 425
1615080 424
1615090 424
1615100 423
1615110 422
1615120 421
1615130 420
1615140 419
1615150 418
1615160 418
1615170 417
1615180 417
1615190 416
1615200 416
1615210 415
1615220 413
1615230 412
1615240 411
1615250 410
1615260 409
1615270 408
1615280 407
1615290 407
1615300 406
1615310 405
1615320 405
1615330 404
1615340 403
1615350 403
1615360 402
1615370 401
1615380 401
1615390 400
1615400 399
1615410 399
1615420 398
1615430 397
1615440 396
1615450 396
1615460 395
1615470 394
1615480 393
1615490 392
1615500 391
1615510 390
1615520 389
1615530 387
1615540 386
1615550 385
1615560 384
1615570 383
1615580 382
1615590 381
1615600 380
1615610 379
1615620 378
1615630 378
1615640 378
1615650 378
1615660 377
1615670 377
1615680 379
1615690 381
1615700 384
1615710 387
1615720 389
1615730 392
1615740 394
1615750 397
1615760 399
1615770 400
1615780 401
1615790 403
1615800 404
1615810 405
1615820 406
1615830 406
1615840 407
1615850 408
1615860 409
1615870 410
1615880 411
1615890 411
1615900 412
1615910 413
1615920 413
1615930 414
1615940 414
1615950 415
1615960 415
1615970 415
1615980 416
1615990 416
1616000 416
1616010 416
1616020 417
1616030 417
1616040 417
1616050 418
1616060 418
1616070 419
1616080 419
1616090 420
1616100 420
1616110 421
1616120 421
1616130 422
1616140 423
1616150 424
1616160 424
1616170 425
1616180 426
1616190 427
1616200 428
1616210 429
1616220 430
1616230 431
1616240 432
1616250 433
1616260 434
1616270 435
1616280 436
1616290 437
1616300 438
1616310 439
1616320 441
1616330 442
1616340 443
1616350 444
1616360 445
1616370 446
1616380 447
1616390 448
1616400 449
1616410 450
1616420 452
1616430 453
1616440 454
1616450 455
1616460 456
1616470 456
1616480 457
1616490 458
1616500 458
1616510 459
1616520 459
1616530 460
1616540 460
1616550 461
1616560 461
1616570 462
1616580 462
1616590 463
1616600 464
1616610 464
1616620 464
1616630 465
1616640 465
1616650 465
1616660 465
1616670 466
1616680 466
1616690 466
1616700 465
1616710 465
1616720 465
1616730 465
1616740 465
1616750 464
1616760 464
1616770 463
1616780 463
1616790 462
1616800 462
1616810 461
1616820 460
1616830 460
1616840 459
1616850 458
1616860 457
1616870 456
1616880 455
1616890 454
1616900 452
1616910 451
1616920 450
1616930 449
1616940 448
1616950 446
1616960 445
1616970 444
1616980 443
1616990 442
1617000 441
1617010 440
1617020 439
1617030 438
1617040 437
1617050 436
1617060 435
1617070 434
1617080 433
1617090 432
1617100 431
1617110 430
1617120 428
1617130 427
1617140 426
1617150 426
1617160 425
1617170 425
1617180 425
1617190 424
1617200 423
1617210 422
1617220 422
1617230 422
1617240 421
1617250 421
1617260 420
1617270 419
1617280 419
1617290 418
1617300 418
1617310 417
1617320 417
1617330 416
1617340 416
1617350 415
1617360 414
1617370 414
1617380 413
1617390 413
1617400 412
1617410 412
1617420 411
1617430 410
1617440 410
1617450 409
1617460 409
1617470 408
1617480 407
1617490 407
1617500 406
1617510 405
1617520 404
1617530 403
1617540 402
1617550 401
1617560 401
1617570 400
1617580 398
1617590 397
1617600 396
1617610 395
1617620 395
1617630 394
1617640 394
1617650 394
1617660 394
1617670 394
1617680 394
1617690 393
1617700 393
1617710 393
1617720 393
1617730 393
1617740 393
1617750 395
1617760 396
1617770 397
1617780 397
1617790 398
1617800 399
1617810 400
1617820 401
1617830 402
1617840 403
1617850 404
1617860 405
1617870 406
1617880 407
1617890 408
1617900 409
1617910 410
1617920 410
1617930 411
1617940 412
1617950 413
1617960 414
1617970 415
1617980 416
1617990 417
1618000 418
1618010 419
1618020 420
1618030 420
1618040 421
1618050 422
1618060 423
1618070 424
1618080 425
1618090 426
1618100 428
1618110 429
1618120 430
1618130 431
1618140 432
1618150 433
1618160 434
1618170 435
1618180 436
1618190 437
1618200 438
1618210 439
1618220 439
1618230 440
1618240 441
1618250 442
1618260 442
1618270 443
1618280 444
1618290 445
1618300 446
1618310 446
1618320 447
1618330 447
1618340 448
1618350 448
1618360 449
1618370 450
1618380 450
1618390 451
1618400 451
1618410 452
1618420 452
1618430 453
1618440 453
1618450 454
1618460 454
1618470 454
1618480 455
1618490 455
1618500 455
1618510 455
1618520 455
1618530 456
1618540 456
1618550 456
1618560 456
1618570 456
1618580 456
1618590 456
1618600 456
1618610 457
1618620 457
1618630 457
1618640 457
1618650 457
1618660 457
1618670 457
1618680 457
1618690 457
1618700 457
1618710 457
1618720 458
1618730 458
1618740 458
1618750 458
1618760 458
1618770 458
1618780 459
1618790 459
1618800 459
1618810 459
1618820 459
1618830 460
1618840 460
1618850 460
1618860 460
1618870 460
1618880 460
1618890 461
1618900 461
1618910 461
1618920 462
1618930 462
1618940 463
1618950 463
1618960 463
1618970 463
1618980 463
1618990 463
1619000 463
1619010 463
1619020 464
1619030 464
1619040 465
1619050 466
1619060 467
1619070 467
1619080 468
1619090 469
1619100 469
1619110 469
1619120 470
1619130 470
1619140 470
1619150 470
1619160 470
1619170 470
1619180 470
1619190 470
1619200 471
1619210 471
1619220 471
1619230 471
1619240 471
1619250 471
1619260 471
1619270 471
1619280 471
1619290 471
1619300 471
1619310 471
1619320 471
1619330 470
1619340 470
1619350 470
1619360 470
1619370 470
1619380 470
1619390 470
1619400 470
1619410 470
1619420 470
1619430 470
1619440 469
1619450 469
1619460 469
1619470 469
1619480 469
1619490 469
1619500 469
1619510 468
1619520 468
1619530 468
1619540 467
1619550 467
1619560 466
1619570 466
1619580 465
1619590 465
1619600 464
1619610 463
1619620 462
1619630 461
1619640 460
1619650 459
1619660 459
1619670 458
1619680 458
1619690 457
1619700 457
1619710 457
1619720 456
1619730 456
1619740 455
1619750 455
1619760 454
1619770 454
1619780 453
1619790 453
1619800 453
1619810 453
1619820 453
1619830 452
1619840 452
1619850 452
1619860 452
1619870 452
1619880 452
1619890 451
1619900 451
1619910 451
1619920 450
1619930 450
1619940 450
1619950 449
1619960 449
1619970 448
1619980 448
1619990 447
