1600000 302
1600010 301
1600020 301
1600030 301
1600040 302
1600050 302
1600060 302
1600070 301
1600080 301
1600090 301
1600100 300
1600110 300
1600120 300
1600130 300
1600140 300
1600150 300
1600160 301
1600170 301
1600180 301
1600190 301
1600200 301
1600210 301
1600220 301
1600230 301
1600240 301
1600250 301
1600260 301
1600270 301
1600280 301
1600290 301
1600300 301
1600310 301
1600320 301
1600330 301
1600340 301
1600350 301
1600360 301
1600370 301
1600380 301
1600390 301
1600400 301
1600410 301
1600420 301
1600430 301
1600440 301
1600450 301
1600460 301
1600470 300
1600480 300
1600490 300
1600500 300
1600510 300
1600520 300
1600530 299
1600540 299
1600550 300
1600560 300
1600570 300
1600580 299
1600590 300
1600600 300
1600610 300
1600620 300
1600630 300
1600640 299
1600650 299
1600660 299
1600670 299
1600680 300
1600690 300
1600700 299
1600710 299
1600720 299
1600730 299
1600740 299
1600750 299
1600760 299
1600770 299
1600780 299
1600790 299
1600800 299
1600810 299
1600820 298
1600830 298
1600840 298
1600850 298
1600860 298
1600870 298
1600880 297
1600890 297
1600900 297
1600910 297
1600920 297
1600930 297
1600940 297
1600950 297
1600960 297
1600970 297
1600980 297
1600990 297
1601000 297
1601010 297
1601020 297
1601030 297
1601040 297
1601050 297
1601060 297
1601070 297
1601080 297
1601090 296
1601100 296
1601110 296
1601120 296
1601130 296
1601140 296
1601150 296
1601160 296
1601170 296
1601180 296
1601190 297
1601200 297
1601210 297
1601220 298
1601230 298
1601240 298
1601250 300
1601260 300
1601270 301
1601280 301
1601290 301
1601300 301
1601310 302
1601320 302
1601330 302
1601340 302
1601350 302
1601360 302
1601370 302
1601380 301
1601390 301
1601400 301
1601410 301
1601420 307
1601430 307
1601440 306
1601450 306
1601460 306
1601470 306
1601480 306
1601490 307
1601500 308
1601510 308
1601520 308
1601530 308
1601540 308
1601550 306
1601560 305
1601570 305
1601580 304
1601590 304
1601600 304
1601610 304
1601620 305
1601630 305
1601640 304
1601650 303
1601660 303
1601670 302
1601680 302
1601690 302
1601700 301
1601710 301
1601720 301
1601730 300
1601740 300
1601750 300
1601760 300
1601770 299
1601780 299
1601790 299
1601800 299
1601810 299
1601820 299
1601830 299
1601840 299
1601850 300
1601860 300
1601870 300
1601880 300
1601890 300
1601900 300
1601910 299
1601920 298
1601930 298
1601940 297
1601950 297
1601960 297
1601970 297
1601980 297
1601990 297
1602000 297
1602010 297
1602020 297
1602030 297
1602040 296
1602050 296
1602060 296
1602070 296
1602080 296
1602090 295
1602100 295
1602110 295
1602120 295
1602130 295
1602140 295
1602150 295
1602160 295
1602170 295
1602180 295
1602190 295
1602200 295
1602210 295
1602220 295
1602230 295
1602240 295
1602250 295
1602260 295
1602270 295
1602280 295
1602290 295
1602300 295
1602310 295
1602320 295
1602330 295
1602340 296
1602350 296
1602360 296
1602370 297
1602380 297
1602390 299
1602400 300
1602410 300
1602420 303
1602430 307
1602440 307
1602450 308
1602460 308
1602470 308
1602480 309
1602490 310
1602500 310
1602510 311
1602520 312
1602530 312
1602540 312
1602550 312
1602560 311
1602570 311
1602580 311
1602590 310
1602600 310
1602610 310
1602620 309
1602630 309
1602640 309
1602650 309
1602660 309
1602670 309
1602680 309
1602690 309
1602700 309
1602710 309
1602720 309
1602730 308
1602740 308
1602750 308
1602760 308
1602770 308
1602780 308
1602790 307
1602800 307
1602810 307
1602820 305
1602830 302
1602840 302
1602850 300
1602860 299
1602870 299
1602880 298
1602890 297
1602900 297
1602910 297
1602920 297
1602930 297
1602940 297
1602950 297
1602960 297
1602970 296
1602980 296
1602990 296
1603000 296
1603010 296
1603020 296
1603030 296
1603040 296
1603050 296
1603060 295
1603070 295
1603080 295
1603090 295
1603100 295
1603110 295
1603120 295
1603130 296
1603140 296
1603150 296
1603160 295
1603170 295
1603180 295
1603190 294
1603200 294
1603210 294
1603220 294
1603230 294
1603240 295
1603250 295
1603260 295
1603270 295
1603280 294
1603290 294
1603300 294
1603310 294
1603320 294
1603330 294
1603340 294
1603350 294
1603360 293
1603370 293
1603380 293
1603390 293
1603400 293
1603410 293
1603420 293
1603430 293
1603440 293
1603450 293
1603460 293
1603470 293
1603480 292
1603490 293
1603500 293
1603510 293
1603520 293
1603530 293
1603540 293
1603550 293
1603560 293
1603570 293
1603580 293
1603590 293
1603600 293
1603610 292
1603620 292
1603630 292
1603640 292
1603650 292
1603660 292
1603670 292
1603680 292
1603690 292
1603700 292
1603710 293
1603720 293
1603730 293
1603740 293
1603750 293
1603760 293
1603770 293
1603780 293
1603790 293
1603800 294
1603810 294
1603820 295
1603830 293
1603840 293
1603850 293
1603860 294
1603870 294
1603880 294
1603890 295
1603900 295
1603910 295
1603920 295
1603930 295
1603940 294
1603950 294
1603960 294
1603970 295
1603980 294
1603990 294
1604000 293
1604010 293
1604020 293
1604030 293
1604040 292
1604050 292
1604060 292
1604070 292
1604080 292
1604090 292
1604100 292
1604110 292
1604120 292
1604130 292
1604140 292
1604150 292
1604160 291
1604170 291
1604180 292
1604190 292
1604200 292
1604210 292
1604220 292
1604230 292
1604240 292
1604250 292
1604260 292
1604270 292
1604280 292
1604290 292
1604300 292
1604310 292
1604320 292
1604330 292
1604340 292
1604350 292
1604360 292
1604370 292
1604380 292
1604390 292
1604400 291
1604410 291
1604420 291
1604430 290
1604440 290
1604450 290
1604460 290
1604470 290
1604480 290
1604490 291
1604500 291
1604510 291
1604520 290
1604530 290
1604540 290
1604550 290
1604560 290
1604570 290
1604580 290
1604590 290
1604600 290
1604610 290
1604620 290
1604630 290
1604640 290
1604650 290
1604660 290
1604670 290
1604680 290
1604690 289
1604700 290
1604710 290
1604720 290
1604730 290
1604740 290
1604750 290
1604760 290
1604770 290
1604780 290
1604790 290
1604800 290
1604810 290
1604820 290
1604830 290
1604840 290
1604850 290
1604860 290
1604870 290
1604880 290
1604890 290
1604900 290
1604910 290
1604920 290
1604930 290
1604940 290
1604950 290
1604960 290
1604970 290
1604980 290
1604990 290
1605000 290
1605010 290
1605020 290
1605030 290
1605040 290
1605050 290
1605060 290
1605070 290
1605080 290
1605090 289
1605100 288
1605110 288
1605120 288
1605130 288
1605140 288
1605150 288
1605160 288
1605170 288
1605180 287
1605190 287
1605200 287
1605210 289
1605220 290
1605230 290
1605240 290
1605250 291
1605260 291
1605270 293
1605280 295
1605290 295
1605300 295
1605310 295
1605320 295
1605330 294
1605340 294
1605350 294
1605360 293
1605370 293
1605380 293
1605390 294
1605400 293
1605410 293
1605420 294
1605430 295
1605440 295
1605450 295
1605460 293
1605470 293
1605480 290
1605490 289
1605500 289
1605510 288
1605520 287
1605530 287
1605540 286
1605550 284
1605560 284
1605570 284
1605580 285
1605590 285
1605600 285
1605610 285
1605620 285
1605630 285
1605640 285
1605650 285
1605660 285
1605670 285
1605680 285
1605690 285
1605700 285
1605710 285
1605720 285
1605730 285
1605740 285
1605750 285
1605760 285
1605770 285
1605780 285
1605790 285
1605800 285
1605810 285
1605820 285
1605830 285
1605840 285
1605850 285
1605860 285
1605870 285
1605880 285
1605890 285
1605900 285
1605910 285
1605920 285
1605930 285
1605940 285
1605950 285
1605960 285
1605970 285
1605980 285
1605990 285
1606000 285
1606010 286
1606020 286
1606030 285
1606040 285
1606050 285
1606060 284
1606070 284
1606080 284
1606090 284
1606100 284
1606110 284
1606120 284
1606130 284
1606140 284
1606150 284
1606160 284
1606170 284
1606180 284
1606190 284
1606200 284
1606210 284
1606220 284
1606230 284
1606240 284
1606250 284
1606260 284
1606270 285
1606280 285
1606290 285
1606300 285
1606310 285
1606320 285
1606330 286
1606340 286
1606350 286
1606360 286
1606370 286
1606380 286
1606390 286
1606400 285
1606410 285
1606420 285
1606430 284
1606440 284
1606450 284
1606460 284
1606470 284
1606480 284
1606490 284
1606500 284
1606510 284
1606520 283
1606530 283
1606540 283
1606550 283
1606560 283
1606570 283
1606580 283
1606590 283
1606600 284
1606610 284
1606620 284
1606630 285
1606640 285
1606650 285
1606660 285
1606670 285
1606680 285
1606690 286
1606700 286
1606710 286
1606720 288
1606730 290
1606740 290
1606750 292
1606760 294
1606770 294
1606780 295
1606790 296
1606800 296
1606810 296
1606820 296
1606830 296
1606840 296
1606850 296
1606860 296
1606870 297
1606880 297
1606890 297
1606900 297
1606910 297
1606920 297
1606930 297
1606940 298
1606950 298
1606960 298
1606970 298
1606980 298
1606990 298
1607000 298
1607010 298
1607020 298
1607030 299
1607040 299
1607050 300
1607060 305
1607070 305
1607080 309
1607090 309
1607100 309
1607110 309
1607120 309
1607130 309
1607140 309
1607150 309
1607160 308
1607170 308
1607180 308
1607190 307
1607200 307
1607210 308
1607220 308
1607230 308
1607240 308
1607250 308
1607260 308
1607270 309
1607280 309
1607290 309
1607300 309
1607310 309
1607320 309
1607330 311
1607340 312
1607350 312
1607360 313
1607370 314
1607380 314
1607390 314
1607400 316
1607410 316
1607420 318
1607430 320
1607440 320
1607450 322
1607460 324
1607470 324
1607480 326
1607490 328
1607500 328
1607510 329
1607520 331
1607530 331
1607540 333
1607550 336
1607560 336
1607570 338
1607580 338
1607590 338
1607600 338
1607610 337
1607620 337
1607630 338
1607640 340
1607650 340
1607660 343
1607670 344
1607680 344
1607690 344
1607700 344
1607710 344
1607720 344
1607730 344
1607740 344
1607750 344
1607760 343
1607770 343
1607780 341
1607790 340
1607800 340
1607810 339
1607820 337
1607830 337
1607840 336
1607850 335
1607860 335
1607870 334
1607880 333
1607890 333
1607900 334
1607910 336
1607920 336
1607930 337
1607940 337
1607950 337
1607960 337
1607970 337
1607980 337
1607990 336
1608000 335
1608010 335
1608020 333
1608030 330
1608040 330
1608050 323
1608060 316
1608070 316
1608080 316
1608090 323
1608100 323
1608110 330
1608120 336
1608130 336
1608140 338
1608150 339
1608160 339
1608170 339
1608180 339
1608190 339
1608200 339
1608210 339
1608220 339
1608230 339
1608240 339
1608250 339
1608260 339
1608270 339
1608280 339
1608290 339
1608300 339
1608310 339
1608320 339
1608330 339
1608340 339
1608350 339
1608360 339
1608370 339
1608380 339
1608390 340
1608400 339
1608410 339
1608420 339
1608430 339
1608440 339
1608450 338
1608460 338
1608470 338
1608480 338
1608490 337
1608500 337
1608510 336
1608520 333
1608530 333
1608540 332
1608550 327
1608560 327
1608570 318
1608580 310
1608590 310
1608600 305
1608610 305
1608620 305
1608630 308
1608640 310
1608650 310
1608660 312
1608670 314
1608680 314
1608690 316
1608700 319
1608710 319
1608720 320
1608730 320
1608740 320
1608750 320
1608760 319
1608770 319
1608780 316
1608790 315
1608800 315
1608810 315
1608820 315
1608830 315
1608840 315
1608850 314
1608860 314
1608870 311
1608880 310
1608890 310
1608900 311
1608910 313
1608920 310
1608930 310
1608940 311
1608950 311
1608960 311
1608970 311
1608980 311
1608990 312
1609000 312
1609010 312
1609020 312
1609030 312
1609040 312
1609050 311
1609060 310
1609070 310
1609080 308
1609090 307
1609100 307
1609110 307
1609120 307
1609130 307
1609140 306
1609150 306
1609160 306
1609170 305
1609180 303
1609190 303
1609200 302
1609210 301
1609220 301
1609230 299
1609240 298
1609250 298
1609260 298
1609270 298
1609280 298
1609290 299
1609300 300
1609310 300
1609320 300
1609330 300
1609340 300
1609350 301
1609360 301
1609370 301
1609380 302
1609390 302
1609400 302
1609410 302
1609420 302
1609430 303
1609440 303
1609450 303
1609460 303
1609470 303
1609480 304
1609490 303
1609500 303
1609510 303
1609520 304
1609530 304
1609540 305
1609550 307
1609560 307
1609570 308
1609580 309
1609590 309
1609600 310
1609610 311
1609620 311
1609630 311
1609640 312
1609650 312
1609660 312
1609670 313
1609680 313
1609690 313
1609700 313
1609710 313
1609720 313
1609730 313
1609740 313
1609750 313
1609760 313
1609770 313
1609780 313
1609790 313
1609800 313
1609810 314
1609820 314
1609830 314
1609840 315
1609850 315
1609860 315
1609870 316
1609880 317
1609890 317
1609900 317
1609910 317
1609920 317
1609930 318
1609940 319
1609950 319
1609960 321
1609970 323
1609980 323
1609990 324
1610000 324
1610010 324
1610020 325
1610030 326
1610040 326
1610050 326
1610060 328
1610070 328
1610080 329
1610090 330
1610100 330
1610110 331
1610120 332
1610130 332
1610140 333
1610150 334
1610160 334
1610170 334
1610180 335
1610190 335
1610200 336
1610210 337
1610220 337
1610230 339
1610240 340
1610250 340
1610260 340
1610270 340
1610280 340
1610290 341
1610300 343
1610310 343
1610320 345
1610330 347
1610340 347
1610350 348
1610360 350
1610370 350
1610380 351
1610390 352
1610400 352
1610410 354
1610420 354
1610430 354
1610440 355
1610450 355
1610460 355
1610470 355
1610480 355
1610490 355
1610500 355
1610510 355
1610520 355
1610530 356
1610540 356
1610550 356
1610560 356
1610570 357
1610580 358
1610590 358
1610600 359
1610610 360
1610620 360
1610630 361
1610640 362
1610650 362
1610660 363
1610670 363
1610680 363
1610690 364
1610700 364
1610710 364
1610720 365
1610730 365
1610740 365
1610750 366
1610760 366
1610770 366
1610780 365
1610790 366
1610800 366
1610810 367
1610820 368
1610830 368
1610840 370
1610850 372
1610860 372
1610870 374
1610880 375
1610890 375
1610900 377
1610910 379
1610920 379
1610930 380
1610940 381
1610950 381
1610960 383
1610970 384
1610980 385
1610990 386
1611000 388
1611010 388
1611020 389
1611030 391
1611040 391
1611050 392
1611060 393
1611070 393
1611080 393
1611090 394
1611100 394
1611110 395
1611120 395
1611130 395
1611140 395
1611150 395
1611160 395
1611170 395
1611180 396
1611190 396
1611200 396
1611210 396
1611220 396
1611230 396
1611240 397
1611250 397
1611260 397
1611270 397
1611280 397
1611290 397
1611300 397
1611310 397
1611320 397
1611330 398
1611340 398
1611350 398
1611360 398
1611370 398
1611380 398
1611390 398
1611400 398
1611410 398
1611420 398
1611430 398
1611440 398
1611450 398
1611460 398
1611470 398
1611480 399
1611490 399
1611500 399
1611510 398
1611520 398
1611530 398
1611540 397
1611550 397
1611560 397
1611570 397
1611580 397
1611590 397
1611600 397
1611610 397
1611620 397
1611630 398
1611640 398
1611650 398
1611660 398
1611670 398
1611680 398
1611690 398
1611700 398
1611710 398
1611720 398
1611730 397
1611740 397
1611750 397
1611760 397
1611770 397
1611780 397
1611790 397
1611800 397
1611810 397
1611820 396
1611830 396
1611840 396
1611850 396
1611860 396
1611870 396
1611880 395
1611890 395
1611900 395
1611910 395
1611920 395
1611930 395
1611940 395
1611950 395
1611960 395
1611970 395
1611980 395
1611990 395
1612000 395
1612010 395
1612020 396
1612030 396
1612040 396
1612050 396
1612060 395
1612070 395
1612080 395
1612090 395
1612100 395
1612110 394
1612120 393
1612130 393
1612140 392
1612150 392
1612160 392
1612170 391
1612180 391
1612190 391
1612200 391
1612210 391
1612220 391
1612230 391
1612240 391
1612250 391
1612260 391
1612270 391
1612280 391
1612290 391
1612300 391
1612310 391
1612320 390
1612330 390
1612340 390
1612350 390
1612360 390
1612370 390
1612380 390
1612390 390
1612400 390
1612410 389
1612420 389
1612430 389
1612440 389
1612450 389
1612460 389
1612470 388
1612480 388
1612490 388
1612500 388
1612510 387
1612520 387
1612530 387
1612540 386
1612550 386
1612560 386
1612570 385
1612580 385
1612590 385
1612600 385
1612610 385
1612620 385
1612630 385
1612640 385
1612650 385
1612660 386
1612670 386
1612680 387
1612690 387
1612700 387
1612710 388
1612720 389
1612730 389
1612740 389
1612750 390
1612760 390
1612770 390
1612780 391
1612790 391
1612800 391
1612810 391
1612820 391
1612830 392
1612840 392
1612850 392
1612860 392
1612870 392
1612880 392
1612890 392
1612900 392
1612910 392
1612920 392
1612930 392
1612940 392
1612950 392
1612960 392
1612970 392
1612980 392
1612990 392
1613000 392
1613010 391
1613020 392
1613030 391
1613040 391
1613050 391
1613060 391
1613070 391
1613080 392
1613090 393
1613100 393
1613110 394
1613120 394
1613130 394
1613140 394
1613150 395
1613160 395
1613170 395
1613180 396
1613190 396
1613200 396
1613210 396
1613220 396
1613230 397
1613240 397
1613250 397
1613260 397
1613270 398
1613280 398
1613290 398
1613300 398
1613310 398
1613320 399
1613330 399
1613340 399
1613350 400
1613360 402
1613370 402
1613380 403
1613390 404
1613400 404
1613410 405
1613420 406
1613430 406
1613440 408
1613450 409
1613460 409
1613470 410
1613480 411
1613490 411
1613500 412
1613510 413
1613520 413
1613530 414
1613540 414
1613550 414
1613560 414
1613570 415
1613580 415
1613590 416
1613600 417
1613610 417
1613620 417
1613630 417
1613640 417
1613650 418
1613660 418
1613670 418
1613680 418
1613690 419
1613700 419
1613710 419
1613720 419
1613730 419
1613740 419
1613750 419
1613760 419
1613770 418
1613780 418
1613790 418
1613800 418
1613810 418
1613820 418
1613830 417
1613840 416
1613850 416
1613860 416
1613870 415
1613880 415
1613890 414
1613900 413
1613910 413
1613920 412
1613930 410
1613940 410
1613950 408
1613960 406
1613970 406
1613980 405
1613990 403
1614000 403
1614010 401
1614020 399
1614030 398
1614040 398
1614050 397
1614060 396
1614070 396
1614080 395
1614090 394
1614100 394
1614110 393
1614120 392
1614130 392
1614140 391
1614150 389
1614160 389
1614170 387
1614180 386
1614190 386
1614200 385
1614210 384
1614220 384
1614230 386
1614240 389
1614250 389
1614260 391
1614270 393
1614280 393
1614290 395
1614300 396
1614310 396
1614320 398
1614330 400
1614340 400
1614350 401
1614360 403
1614370 403
1614380 405
1614390 406
1614400 406
1614410 407
1614420 408
1614430 408
1614440 409
1614450 410
1614460 410
1614470 411
1614480 411
1614490 411
1614500 412
1614510 412
1614520 412
1614530 413
1614540 413
1614550 413
1614560 413
1614570 414
1614580 414
1614590 414
1614600 414
1614610 414
1614620 414
1614630 414
1614640 414
1614650 414
1614660 414
1614670 414
1614680 414
1614690 414
1614700 414
1614710 414
1614720 414
1614730 414
1614740 414
1614750 413
1614760 413
1614770 413
1614780 413
1614790 413
1614800 413
1614810 413
1614820 413
1614830 412
1614840 412
1614850 412
1614860 412
1614870 411
1614880 411
1614890 411
1614900 410
1614910 410
1614920 410
1614930 409
1614940 409
1614950 408
1614960 407
1614970 407
1614980 407
1614990 406
1615000 406
1615010 404
1615020 403
1615030 403
1615040 402
1615050 400
1615060 400
1615070 399
1615080 398
1615090 398
1615100 396
1615110 395
1615120 395
1615130 394
1615140 393
1615150 393
1615160 392
1615170 390
1615180 388
1615190 388
1615200 386
1615210 383
1615220 383
1615230 381
1615240 379
1615250 379
1615260 377
1615270 376
1615280 376
1615290 375
1615300 374
1615310 374
1615320 373
1615330 373
1615340 373
1615350 373
1615360 372
1615370 372
1615380 372
1615390 372
1615400 372
1615410 371
1615420 370
1615430 370
1615440 369
1615450 369
1615460 369
1615470 369
1615480 369
1615490 369
1615500 368
1615510 368
1615520 368
1615530 368
1615540 368
1615550 368
1615560 367
1615570 369
1615580 369
1615590 372
1615600 374
1615610 374
1615620 376
1615630 378
1615640 378
1615650 379
1615660 380
1615670 380
1615680 381
1615690 382
1615700 382
1615710 383
1615720 385
1615730 385
1615740 386
1615750 387
1615760 387
1615770 388
1615780 389
1615790 389
1615800 390
1615810 391
1615820 391
1615830 391
1615840 392
1615850 392
1615860 393
1615870 394
1615880 394
1615890 394
1615900 395
1615910 395
1615920 395
1615930 396
1615940 396
1615950 396
1615960 396
1615970 396
1615980 397
1615990 398
1616000 399
1616010 399
1616020 400
1616030 400
1616040 401
1616050 402
1616060 402
1616070 402
1616080 403
1616090 403
1616100 405
1616110 405
1616120 405
1616130 406
1616140 407
1616150 407
1616160 408
1616170 409
1616180 409
1616190 410
1616200 410
1616210 410
1616220 411
1616230 412
1616240 412
1616250 413
1616260 414
1616270 414
1616280 416
1616290 417
1616300 417
1616310 417
1616320 418
1616330 419
1616340 419
1616350 420
1616360 421
1616370 421
1616380 423
1616390 424
1616400 424
1616410 425
1616420 425
1616430 425
1616440 427
1616450 427
1616460 427
1616470 427
1616480 428
1616490 428
1616500 429
1616510 429
1616520 429
1616530 429
1616540 430
1616550 430
1616560 430
1616570 430
1616580 430
1616590 430
1616600 430
1616610 430
1616620 430
1616630 429
1616640 429
1616650 429
1616660 428
1616670 428
1616680 428
1616690 427
1616700 427
1616710 426
1616720 425
1616730 425
1616740 424
1616750 422
1616760 422
1616770 420
1616780 418
1616790 418
1616800 416
1616810 414
1616820 414
1616830 412
1616840 410
1616850 410
1616860 409
1616870 409
1616880 409
1616890 409
1616900 410
1616910 410
1616920 411
1616930 412
1616940 412
1616950 412
1616960 412
1616970 412
1616980 409
1616990 410
1617000 410
1617010 411
1617020 411
1617030 411
1617040 411
1617050 411
1617060 411
1617070 411
1617080 411
1617090 411
1617100 411
1617110 412
1617120 412
1617130 412
1617140 412
1617150 412
1617160 412
1617170 412
1617180 412
1617190 412
1617200 412
1617210 412
1617220 412
1617230 412
1617240 412
1617250 412
1617260 411
1617270 411
1617280 411
1617290 411
1617300 411
1617310 411
1617320 411
1617330 411
1617340 411
1617350 410
1617360 410
1617370 410
1617380 410
1617390 410
1617400 410
1617410 409
1617420 409
1617430 409
1617440 409
1617450 409
1617460 409
1617470 408
1617480 408
1617490 408
1617500 408
1617510 407
1617520 407
1617530 407
1617540 407
1617550 407
1617560 407
1617570 406
1617580 406
1617590 406
1617600 405
1617610 405
1617620 405
1617630 404
1617640 404
1617650 403
1617660 402
1617670 402
1617680 402
1617690 402
1617700 402
1617710 401
1617720 399
1617730 399
1617740 399
1617750 398
1617760 398
1617770 397
1617780 396
1617790 396
1617800 396
1617810 395
1617820 395
1617830 395
1617840 394
1617850 394
1617860 394
1617870 393
1617880 393
1617890 393
1617900 393
1617910 393
1617920 392
1617930 391
1617940 391
1617950 391
1617960 390
1617970 390
1617980 390
1617990 389
1618000 389
1618010 389
1618020 389
1618030 389
1618040 389
1618050 388
1618060 388
1618070 388
1618080 388
1618090 388
1618100 388
1618110 388
1618120 388
1618130 388
1618140 388
1618150 388
1618160 388
1618170 388
1618180 388
1618190 388
1618200 388
1618210 388
1618220 387
1618230 387
1618240 387
1618250 387
1618260 386
1618270 386
1618280 385
1618290 384
1618300 384
1618310 383
1618320 384
1618330 384
1618340 384
1618350 385
1618360 385
1618370 384
1618380 384
1618390 384
1618400 383
1618410 382
1618420 382
1618430 381
1618440 381
1618450 381
1618460 381
1618470 384
1618480 384
1618490 385
1618500 387
1618510 387
1618520 390
1618530 391
1618540 391
1618550 392
1618560 393
1618570 393
1618580 394
1618590 395
1618600 395
1618610 395
1618620 396
1618630 397
1618640 397
1618650 397
1618660 397
1618670 397
1618680 398
1618690 398
1618700 398
1618710 399
1618720 399
1618730 399
1618740 400
1618750 400
1618760 400
1618770 401
1618780 401
1618790 401
1618800 402
1618810 403
1618820 403
1618830 402
1618840 402
1618850 402
1618860 402
1618870 402
1618880 402
1618890 402
1618900 402
1618910 402
1618920 401
1618930 402
1618940 402
1618950 402
1618960 402
1618970 402
1618980 403
1618990 404
1619000 404
1619010 404
1619020 405
1619030 405
1619040 405
1619050 405
1619060 405
1619070 406
1619080 406
1619090 406
1619100 406
1619110 407
1619120 407
1619130 407
1619140 408
1619150 408
1619160 408
1619170 408
1619180 408
1619190 408
1619200 409
1619210 409
1619220 409
1619230 409
1619240 409
1619250 410
1619260 410
1619270 410
1619280 411
1619290 411
1619300 411
1619310 411
1619320 411
1619330 411
1619340 411
1619350 411
1619360 411
1619370 412
1619380 412
1619390 412
1619400 412
1619410 412
1619420 412
1619430 411
1619440 411
1619450 411
1619460 411
1619470 411
1619480 411
1619490 411
1619500 412
1619510 412
1619520 411
1619530 411
1619540 411
1619550 411
1619560 411
1619570 411
1619580 411
1619590 411
1619600 411
1619610 410
1619620 410
1619630 410
1619640 410
1619650 410
1619660 410
1619670 410
1619680 410
1619690 410
1619700 410
1619710 409
1619720 409
1619730 409
1619740 409
1619750 409
1619760 409
1619770 408
1619780 408
1619790 408
1619800 408
1619810 408
1619820 408
1619830 407
1619840 406
1619850 406
1619860 408
1619870 407
1619880 407
1619890 407
1619900 407
1619910 407
1619920 407
1619930 408
1619940 408
1619950 408
1619960 409
1619970 409
1619980 409
1619990 409
