1609320 302
1609330 302
1609340 302
1609350 302
1609360 302
1609370 303
1609380 303
1609390 303
1609400 303
1609410 303
1609420 303
1609430 304
1609440 304
1609450 304
1609460 305
1609470 306
1609480 306
1609490 307
1609500 307
1609510 307
1609520 307
1609530 307
1609540 307
1609550 307
1609560 307
1609570 308
1609580 308
1609590 308
1609600 309
1609610 310
1609620 313
1609630 316
1609640 318
1609650 318
1609660 318
1609670 318
1609680 318
1609690 318
1609700 318
1609710 318
1609720 318
1609730 318
1609740 318
1609750 318
1609760 318
1609770 319
1609780 319
1609790 320
1609800 320
1609810 320
1609820 320
1609830 321
1609840 321
1609850 322
1609860 323
1609870 324
1609880 325
1609890 325
1609900 326
1609910 327
1609920 328
1609930 329
1609940 329
1609950 330
1609960 330
1609970 331
1609980 331
1609990 331
1610000 332
1610010 333
1610020 333
1610030 334
1610040 335
1610050 335
1610060 337
1610070 338
1610080 339
1610090 340
1610100 340
1610110 341
1610120 342
1610130 343
1610140 344
1610150 346
1610160 347
1610170 348
1610180 348
1610190 349
1610200 350
1610210 350
1610220 350
1610230 350
1610240 349
1610250 348
1610260 348
1610270 347
1610280 348
1610290 350
1610300 351
1610310 352
1610320 353
1610330 355
1610340 357
1610350 357
1610360 357
1610370 357
1610380 358
1610390 359
1610400 360
1610410 361
1610420 361
1610430 362
1610440 363
1610450 364
1610460 364
1610470 365
1610480 365
1610490 366
1610500 366
1610510 366
1610520 367
1610530 367
1610540 368
1610550 368
1610560 368
1610570 369
1610580 369
1610590 369
1610600 370
1610610 370
1610620 372
1610630 373
1610640 373
1610650 374
1610660 375
1610670 376
1610680 375
1610690 375
1610700 376
1610710 376
1610720 378
1610730 379
1610740 380
1610750 381
1610760 382
1610770 383
1610780 383
1610790 384
1610800 385
1610810 386
1610820 386
1610830 387
1610840 387
1610850 388
1610860 388
1610870 390
1610880 391
1610890 391
1610900 391
1610910 391
1610920 391
1610930 391
1610940 391
1610950 391
1610960 392
1610970 392
1610980 392
1610990 393
1611000 393
1611010 393
1611020 393
1611030 394
1611040 394
1611050 394
1611060 394
1611070 394
1611080 394
1611090 394
1611100 394
1611110 394
1611120 394
1611130 395
1611140 395
1611150 395
1611160 395
1611170 395
1611180 396
1611190 396
1611200 396
1611210 396
1611220 396
1611230 396
1611240 396
1611250 396
1611260 396
1611270 395
1611280 395
1611290 395
1611300 395
1611310 395
1611320 395
1611330 394
1611340 394
1611350 394
1611360 394
1611370 394
1611380 394
1611390 393
1611400 393
1611410 393
1611420 393
1611430 393
1611440 393
1611450 392
1611460 392
1611470 392
1611480 392
1611490 392
1611500 392
1611510 392
1611520 392
1611530 392
1611540 392
1611550 392
1611560 392
1611570 392
1611580 392
1611590 392
1611600 392
1611610 392
1611620 392
1611630 392
1611640 392
1611650 392
1611660 392
1611670 392
1611680 392
1611690 392
1611700 391
1611710 391
1611720 391
1611730 391
1611740 391
1611750 390
1611760 390
1611770 390
1611780 390
1611790 390
1611800 389
1611810 389
1611820 389
1611830 389
1611840 389
1611850 390
1611860 391
1611870 391
1611880 392
1611890 392
1611900 393
1611910 393
1611920 394
1611930 394
1611940 394
1611950 394
1611960 395
1611970 395
1611980 395
1611990 395
1612000 395
1612010 395
1612020 395
1612030 395
1612040 395
1612050 395
1612060 395
1612070 395
1612080 395
1612090 395
1612100 395
1612110 395
1612120 395
1612130 395
1612140 395
1612150 395
1612160 395
1612170 395
1612180 395
1612190 394
1612200 394
1612210 394
1612220 394
1612230 393
1612240 393
1612250 393
1612260 392
1612270 392
1612280 392
1612290 391
1612300 391
1612310 390
1612320 390
1612330 390
1612340 389
1612350 389
1612360 388
1612370 388
1612380 387
1612390 387
1612400 387
1612410 386
1612420 385
1612430 384
1612440 383
1612450 382
1612460 382
1612470 382
1612480 382
1612490 383
1612500 384
1612510 385
1612520 386
1612530 387
1612540 387
1612550 387
1612560 388
1612570 388
1612580 388
1612590 388
1612600 388
1612610 389
1612620 389
1612630 389
1612640 389
1612650 390
1612660 390
1612670 390
1612680 389
1612690 389
1612700 389
1612710 389
1612720 389
1612730 389
1612740 389
1612750 389
1612760 388
1612770 388
1612780 388
1612790 388
1612800 388
1612810 388
1612820 388
1612830 388
1612840 388
1612850 388
1612860 387
1612870 387
1612880 387
1612890 387
1612900 387
1612910 387
1612920 386
1612930 386
1612940 386
1612950 386
1612960 386
1612970 386
1612980 386
1612990 386
1613000 386
1613010 387
1613020 387
1613030 387
1613040 387
1613050 387
1613060 387
1613070 388
1613080 388
1613090 388
1613100 388
1613110 388
1613120 388
1613130 388
1613140 389
1613150 389
1613160 390
1613170 390
1613180 391
1613190 391
1613200 392
1613210 392
1613220 393
1613230 393
1613240 394
1613250 394
1613260 395
1613270 395
1613280 396
1613290 397
1613300 397
1613310 398
1613320 398
1613330 399
1613340 399
1613350 400
1613360 400
1613370 401
1613380 402
1613390 402
1613400 402
1613410 403
1613420 403
1613430 404
1613440 404
1613450 405
1613460 405
1613470 406
1613480 406
1613490 407
1613500 407
1613510 407
1613520 408
1613530 408
1613540 409
1613550 409
1613560 409
1613570 409
1613580 409
1613590 410
1613600 410
1613610 410
1613620 410
1613630 410
1613640 410
1613650 411
1613660 411
1613670 411
1613680 411
1613690 411
1613700 411
1613710 411
1613720 411
1613730 411
1613740 411
1613750 411
1613760 411
1613770 411
1613780 411
1613790 411
1613800 410
1613810 410
1613820 410
1613830 410
1613840 410
1613850 409
1613860 409
1613870 409
1613880 408
1613890 408
1613900 407
1613910 407
1613920 406
1613930 405
1613940 405
1613950 404
1613960 403
1613970 402
1613980 401
1613990 400
1614000 399
1614010 398
1614020 397
1614030 395
1614040 393
1614050 392
1614060 391
1614070 390
1614080 389
1614090 388
1614100 388
1614110 387
1614120 386
1614130 386
1614140 385
1614150 384
1614160 384
1614170 383
1614180 382
1614190 381
1614200 381
1614210 380
1614220 380
1614230 382
1614240 383
1614250 385
1614260 386
1614270 388
1614280 389
1614290 389
1614300 390
1614310 391
1614320 392
1614330 393
1614340 394
1614350 396
1614360 396
1614370 397
1614380 398
1614390 399
1614400 399
1614410 399
1614420 400
1614430 400
1614440 401
1614450 401
1614460 401
1614470 402
1614480 402
1614490 402
1614500 403
1614510 403
1614520 403
1614530 403
1614540 404
1614550 404
1614560 404
1614570 404
1614580 404
1614590 404
1614600 405
1614610 405
1614620 405
1614630 405
1614640 405
1614650 405
1614660 406
1614670 406
1614680 406
1614690 406
1614700 406
1614710 406
1614720 406
1614730 406
1614740 406
1614750 406
1614760 406
1614770 406
1614780 406
1614790 406
1614800 406
1614810 406
1614820 406
1614830 406
1614840 406
1614850 406
1614860 406
1614870 406
1614880 405
1614890 405
1614900 405
1614910 405
1614920 404
1614930 404
1614940 404
1614950 404
1614960 403
1614970 403
1614980 402
1614990 402
1615000 402
1615010 401
1615020 401
1615030 400
1615040 400
1615050 400
1615060 399
1615070 398
1615080 398
1615090 397
1615100 396
1615110 396
1615120 395
1615130 395
1615140 394
1615150 393
1615160 393
1615170 392
1615180 391
1615190 391
1615200 390
1615210 389
1615220 388
1615230 388
1615240 387
1615250 386
1615260 386
1615270 385
1615280 385
1615290 384
1615300 384
1615310 383
1615320 382
1615330 381
1615340 380
1615350 378
1615360 377
1615370 375
1615380 373
1615390 372
1615400 371
1615410 369
1615420 367
1615430 366
1615440 365
1615450 365
1615460 365
1615470 366
1615480 366
1615490 366
1615500 367
1615510 367
1615520 368
1615530 369
1615540 370
1615550 371
1615560 373
1615570 374
1615580 375
1615590 377
1615600 378
1615610 379
1615620 381
1615630 382
1615640 383
1615650 385
1615660 386
1615670 387
1615680 387
1615690 388
1615700 389
1615710 390
1615720 390
1615730 391
1615740 392
1615750 392
1615760 393
1615770 394
1615780 394
1615790 395
1615800 395
1615810 396
1615820 396
1615830 397
1615840 397
1615850 398
1615860 398
1615870 399
1615880 400
1615890 400
1615900 401
1615910 402
1615920 402
1615930 403
1615940 404
1615950 404
1615960 405
1615970 406
1615980 407
1615990 408
1616000 408
1616010 409
1616020 409
1616030 409
1616040 409
1616050 409
1616060 409
1616070 409
1616080 410
1616090 410
1616100 412
1616110 412
1616120 413
1616130 413
1616140 414
1616150 414
1616160 414
1616170 415
1616180 415
1616190 415
1616200 416
1616210 416
1616220 417
1616230 417
1616240 417
1616250 418
1616260 418
1616270 419
1616280 419
1616290 420
1616300 420
1616310 420
1616320 420
1616330 421
1616340 421
1616350 421
1616360 422
1616370 422
1616380 422
1616390 422
1616400 423
1616410 423
1616420 423
1616430 423
1616440 423
1616450 423
1616460 423
1616470 423
1616480 423
1616490 423
1616500 423
1616510 423
1616520 423
1616530 423
1616540 423
1616550 423
1616560 424
1616570 424
1616580 423
1616590 423
1616600 423
1616610 423
1616620 423
1616630 423
1616640 422
1616650 422
1616660 422
1616670 421
1616680 421
1616690 420
1616700 420
1616710 419
1616720 419
1616730 418
1616740 417
1616750 417
1616760 416
1616770 415
1616780 414
1616790 412
1616800 411
1616810 410
1616820 409
1616830 409
1616840 408
1616850 407
1616860 406
1616870 405
1616880 403
1616890 402
1616900 400
1616910 398
1616920 398
1616930 397
1616940 398
1616950 398
1616960 398
1616970 398
1616980 398
1616990 397
1617000 398
1617010 399
1617020 399
1617030 399
1617040 399
1617050 400
1617060 400
1617070 400
1617080 400
1617090 400
1617100 400
1617110 400
1617120 400
1617130 400
1617140 401
1617150 401
1617160 401
1617170 401
1617180 401
1617190 401
1617200 401
1617210 401
1617220 401
1617230 401
1617240 401
1617250 401
1617260 401
1617270 402
1617280 402
1617290 402
1617300 401
1617310 401
1617320 401
1617330 401
1617340 401
1617350 401
1617360 401
1617370 401
1617380 401
1617390 401
1617400 401
1617410 401
1617420 401
1617430 401
1617440 401
1617450 401
1617460 401
1617470 401
1617480 401
1617490 401
1617500 401
1617510 401
1617520 401
1617530 401
1617540 401
1617550 401
1617560 401
1617570 401
1617580 401
1617590 401
1617600 401
1617610 401
1617620 400
1617630 400
1617640 400
1617650 400
1617660 400
1617670 400
1617680 400
1617690 400
1617700 400
1617710 400
1617720 400
1617730 400
1617740 400
1617750 400
1617760 399
1617770 399
1617780 399
1617790 399
1617800 398
1617810 398
1617820 398
1617830 398
1617840 397
1617850 397
1617860 396
1617870 396
1617880 396
1617890 395
1617900 395
1617910 394
1617920 394
1617930 393
1617940 393
1617950 393
1617960 392
1617970 392
1617980 392
1617990 392
1618000 391
1618010 390
1618020 390
1618030 389
1618040 389
1618050 388
1618060 388
1618070 388
1618080 388
1618090 387
1618100 387
1618110 387
1618120 387
1618130 387
1618140 387
1618150 386
1618160 386
1618170 386
1618180 386
1618190 386
1618200 386
1618210 386
1618220 386
1618230 386
1618240 386
1618250 386
1618260 386
1618270 386
1618280 385
1618290 385
1618300 385
1618310 385
1618320 384
1618330 384
1618340 384
1618350 384
1618360 383
1618370 383
1618380 383
1618390 383
1618400 383
1618410 383
1618420 383
1618430 382
1618440 382
1618450 381
1618460 381
1618470 382
1618480 383
1618490 384
1618500 384
1618510 384
1618520 385
1618530 385
1618540 385
1618550 386
1618560 386
1618570 386
1618580 387
1618590 387
1618600 387
1618610 388
1618620 388
1618630 388
1618640 389
1618650 389
1618660 389
1618670 389
1618680 390
1618690 390
1618700 390
1618710 391
1618720 391
1618730 391
1618740 391
1618750 391
1618760 391
1618770 392
1618780 392
1618790 392
1618800 392
1618810 393
1618820 393
1618830 393
1618840 393
1618850 393
1618860 393
1618870 393
1618880 394
1618890 394
1618900 394
1618910 395
1618920 395
1618930 395
1618940 395
1618950 395
1618960 396
1618970 396
1618980 396
1618990 396
1619000 396
1619010 396
1619020 397
1619030 397
1619040 397
1619050 397
1619060 398
1619070 398
1619080 398
1619090 398
1619100 398
1619110 398
1619120 399
1619130 399
1619140 399
1619150 399
1619160 399
1619170 399
1619180 399
1619190 399
1619200 399
1619210 400
1619220 400
1619230 400
1619240 400
1619250 400
1619260 400
1619270 401
1619280 401
1619290 401
1619300 401
1619310 401
1619320 401
1619330 402
1619340 401
1619350 401
1619360 401
1619370 401
1619380 401
1619390 401
1619400 401
1619410 401
1619420 400
1619430 400
1619440 400
1619450 400
1619460 400
1619470 399
1619480 399
1619490 399
1619500 399
1619510 398
1619520 398
1619530 398
1619540 398
1619550 398
1619560 398
1619570 398
1619580 398
1619590 397
1619600 397
1619610 397
1619620 397
1619630 396
1619640 396
1619650 396
1619660 396
1619670 396
1619680 396
1619690 396
1619700 396
1619710 396
1619720 396
1619730 396
1619740 396
1619750 396
1619760 396
1619770 396
1619780 396
1619790 396
1619800 395
1619810 395
1619820 395
1619830 395
1619840 396
1619850 396
1619860 396
1619870 396
1619880 396
1619890 396
1619900 396
1619910 396
1619920 396
1619930 397
1619940 397
1619950 398
1619960 398
1619970 398
1619980 399
1619990 399
