1600000 351
1600010 351
1600020 351
1600030 351
1600040 351
1600050 351
1600060 351
1600070 351
1600080 351
1600090 351
1600100 351
1600110 351
1600120 351
1600130 351
1600140 351
1600150 351
1600160 351
1600170 351
1600180 351
1600190 351
1600200 351
1600210 351
1600220 353
1600230 353
1600240 353
1600250 353
1600260 353
1600270 353
1600280 353
1600290 353
1600300 353
1600310 353
1600320 353
1600330 353
1600340 353
1600350 353
1600360 353
1600370 353
1600380 353
1600390 353
1600400 354
1600410 354
1600420 354
1600430 355
1600440 356
1600450 356
1600460 357
1600470 358
1600480 358
1600490 359
1600500 359
1600510 359
1600520 360
1600530 361
1600540 361
1600550 361
1600560 361
1600570 361
1600580 361
1600590 361
1600600 361
1600610 361
1600620 362
1600630 362
1600640 362
1600650 362
1600660 362
1600670 362
1600680 362
1600690 362
1600700 361
1600710 361
1600720 361
1600730 361
1600740 361
1600750 361
1600760 361
1600770 361
1600780 361
1600790 361
1600800 361
1600810 361
1600820 360
1600830 360
1600840 360
1600850 360
1600860 360
1600870 360
1600880 360
1600890 359
1600900 359
1600910 359
1600920 359
1600930 359
1600940 359
1600950 359
1600960 359
1600970 358
1600980 358
1600990 358
1601000 358
1601010 357
1601020 357
1601030 357
1601040 356
1601050 356
1601060 356
1601070 355
1601080 355
1601090 354
1601100 354
1601110 354
1601120 353
1601130 352
1601140 352
1601150 351
1601160 350
1601170 350
1601180 350
1601190 349
1601200 348
1601210 348
1601220 348
1601230 347
1601240 347
1601250 346
1601260 346
1601270 346
1601280 343
1601290 339
1601300 339
1601310 336
1601320 336
1601330 336
1601340 337
1601350 337
1601360 337
1601370 338
1601380 340
1601390 340
1601400 341
1601410 342
1601420 342
1601430 343
1601440 344
1601450 344
1601460 345
1601470 346
1601480 346
1601490 346
1601500 346
1601510 346
1601520 346
1601530 347
1601540 347
1601550 347
1601560 347
1601570 347
1601580 347
1601590 346
1601600 346
1601610 346
1601620 346
1601630 346
1601640 346
1601650 346
1601660 346
1601670 346
1601680 346
1601690 346
1601700 346
1601710 346
1601720 346
1601730 346
1601740 345
1601750 345
1601760 345
1601770 345
1601780 345
1601790 345
1601800 345
1601810 345
1601820 345
1601830 345
1601840 345
1601850 345
1601860 345
1601870 345
1601880 345
1601890 345
1601900 345
1601910 345
1601920 345
1601930 345
1601940 345
1601950 345
1601960 345
1601970 346
1601980 346
1601990 346
1602000 346
1602010 346
1602020 346
1602030 347
1602040 347
1602050 347
1602060 347
1602070 348
1602080 348
1602090 348
1602100 349
1602110 349
1602120 349
1602130 349
1602140 349
1602150 350
1602160 350
1602170 350
1602180 351
1602190 351
1602200 351
1602210 351
1602220 352
1602230 352
1602240 352
1602250 353
1602260 353
1602270 353
1602280 354
1602290 354
1602300 354
1602310 355
1602320 355
1602330 356
1602340 357
1602350 358
1602360 358
1602370 359
1602380 361
1602390 361
1602400 364
1602410 367
1602420 367
1602430 369
1602440 369
1602450 369
1602460 370
1602470 371
1602480 371
1602490 372
1602500 372
1602510 372
1602520 373
1602530 373
1602540 373
1602550 373
1602560 373
1602570 373
1602580 374
1602590 374
1602600 374
1602610 374
1602620 374
1602630 374
1602640 375
1602650 375
1602660 375
1602670 375
1602680 375
1602690 375
1602700 375
1602710 375
1602720 375
1602730 376
1602740 376
1602750 376
1602760 376
1602770 376
1602780 376
1602790 376
1602800 376
1602810 376
1602820 376
1602830 375
1602840 375
1602850 375
1602860 375
1602870 375
1602880 375
1602890 375
1602900 375
1602910 374
1602920 374
1602930 374
1602940 373
1602950 373
1602960 373
1602970 373
1602980 372
1602990 372
1603000 372
1603010 371
1603020 371
1603030 370
1603040 370
1603050 370
1603060 370
1603070 369
1603080 369
1603090 369
1603100 369
1603110 369
1603120 369
1603130 368
1603140 368
1603150 368
1603160 368
1603170 368
1603180 368
1603190 368
1603200 368
1603210 369
1603220 369
1603230 369
1603240 369
1603250 369
1603260 369
1603270 369
1603280 369
1603290 369
1603300 369
1603310 369
1603320 369
1603330 368
1603340 368
1603350 368
1603360 368
1603370 368
1603380 368
1603390 368
1603400 369
1603410 369
1603420 369
1603430 369
1603440 369
1603450 369
1603460 368
1603470 368
1603480 368
1603490 368
1603500 368
1603510 368
1603520 368
1603530 368
1603540 368
1603550 367
1603560 367
1603570 367
1603580 367
1603590 367
1603600 367
1603610 367
1603620 367
1603630 367
1603640 367
1603650 367
1603660 367
1603670 367
1603680 367
1603690 367
1603700 367
1603710 366
1603720 366
1603730 366
1603740 366
1603750 366
1603760 366
1603770 366
1603780 366
1603790 366
1603800 367
1603810 367
1603820 367
1603830 364
1603840 364
1603850 365
1603860 365
1603870 365
1603880 365
1603890 365
1603900 365
1603910 365
1603920 365
1603930 365
1603940 365
1603950 365
1603960 365
1603970 365
1603980 365
1603990 365
1604000 364
1604010 364
1604020 364
1604030 364
1604040 364
1604050 364
1604060 363
1604070 363
1604080 363
1604090 362
1604100 362
1604110 362
1604120 361
1604130 361
1604140 361
1604150 361
1604160 360
1604170 360
1604180 360
1604190 360
1604200 360
1604210 359
1604220 359
1604230 359
1604240 359
1604250 359
1604260 359
1604270 359
1604280 359
1604290 359
1604300 359
1604310 359
1604320 359
1604330 358
1604340 357
1604350 357
1604360 357
1604370 356
1604380 356
1604390 355
1604400 353
1604410 353
1604420 351
1604430 347
1604440 347
1604450 346
1604460 345
1604470 345
1604480 344
1604490 343
1604500 343
1604510 343
1604520 343
1604530 343
1604540 342
1604550 342
1604560 342
1604570 342
1604580 342
1604590 342
1604600 342
1604610 341
1604620 341
1604630 341
1604640 340
1604650 340
1604660 340
1604670 340
1604680 340
1604690 340
1604700 340
1604710 340
1604720 340
1604730 340
1604740 340
1604750 340
1604760 339
1604770 337
1604780 337
1604790 336
1604800 335
1604810 335
1604820 336
1604830 337
1604840 337
1604850 337
1604860 337
1604870 337
1604880 337
1604890 337
1604900 337
1604910 337
1604920 337
1604930 337
1604940 337
1604950 337
1604960 337
1604970 337
1604980 337
1604990 337
1605000 337
1605010 337
1605020 337
1605030 338
1605040 338
1605050 338
1605060 338
1605070 337
1605080 337
1605090 337
1605100 337
1605110 337
1605120 337
1605130 337
1605140 337
1605150 337
1605160 337
1605170 337
1605180 337
1605190 337
1605200 337
1605210 337
1605220 337
1605230 337
1605240 337
1605250 337
1605260 337
1605270 337
1605280 337
1605290 337
1605300 337
1605310 337
1605320 337
1605330 337
1605340 337
1605350 337
1605360 337
1605370 337
1605380 337
1605390 337
1605400 337
1605410 337
1605420 337
1605430 337
1605440 337
1605450 337
1605460 337
1605470 337
1605480 337
1605490 337
1605500 337
1605510 337
1605520 337
1605530 337
1605540 337
1605550 337
1605560 337
1605570 337
1605580 337
1605590 337
1605600 337
1605610 337
1605620 337
1605630 336
1605640 336
1605650 336
1605660 335
1605670 336
1605680 336
1605690 336
1605700 336
1605710 336
1605720 335
1605730 335
1605740 335
1605750 335
1605760 334
1605770 334
1605780 333
1605790 332
1605800 332
1605810 332
1605820 329
1605830 329
1605840 323
1605850 320
1605860 320
1605870 318
1605880 317
1605890 317
1605900 316
1605910 316
1605920 316
1605930 316
1605940 316
1605950 314
1605960 314
1605970 310
1605980 304
1605990 304
1606000 299
1606010 297
1606020 297
1606030 296
1606040 295
1606050 295
1606060 295
1606070 295
1606080 295
1606090 294
1606100 294
1606110 294
1606120 294
1606130 294
1606140 294
1606150 293
1606160 293
1606170 293
1606180 294
1606190 294
1606200 294
1606210 294
1606220 294
1606230 294
1606240 294
1606250 294
1606260 294
1606270 294
1606280 294
1606290 294
1606300 293
1606310 293
1606320 293
1606330 293
1606340 293
1606350 293
1606360 292
1606370 292
1606380 292
1606390 292
1606400 293
1606410 293
1606420 293
1606430 293
1606440 293
1606450 293
1606460 293
1606470 293
1606480 292
1606490 292
1606500 292
1606510 292
1606520 292
1606530 292
1606540 291
1606550 291
1606560 291
1606570 291
1606580 291
1606590 291
1606600 291
1606610 290
1606620 290
1606630 290
1606640 290
1606650 290
1606660 290
1606670 289
1606680 289
1606690 289
1606700 288
1606710 288
1606720 286
1606730 284
1606740 284
1606750 283
1606760 283
1606770 283
1606780 283
1606790 283
1606800 283
1606810 283
1606820 283
1606830 283
1606840 283
1606850 283
1606860 283
1606870 283
1606880 283
1606890 283
1606900 283
1606910 283
1606920 283
1606930 283
1606940 283
1606950 283
1606960 283
1606970 283
1606980 283
1606990 283
1607000 283
1607010 283
1607020 283
1607030 283
1607040 283
1607050 283
1607060 284
1607070 284
1607080 287
1607090 293
1607100 302
1607110 302
1607120 306
1607130 306
1607140 306
1607150 306
1607160 306
1607170 306
1607180 307
1607190 306
1607200 306
1607210 306
1607220 306
1607230 306
1607240 307
1607250 307
1607260 307
1607270 307
1607280 307
1607290 307
1607300 307
1607310 307
1607320 307
1607330 307
1607340 307
1607350 307
1607360 307
1607370 307
1607380 307
1607390 307
1607400 307
1607410 307
1607420 307
1607430 307
1607440 307
1607450 308
1607460 308
1607470 308
1607480 308
1607490 308
1607500 308
1607510 307
1607520 307
1607530 307
1607540 307
1607550 306
1607560 306
1607570 305
1607580 306
1607590 306
1607600 306
1607610 307
1607620 307
1607630 306
1607640 305
1607650 305
1607660 305
1607670 306
1607680 306
1607690 307
1607700 307
1607710 307
1607720 307
1607730 307
1607740 307
1607750 307
1607760 307
1607770 307
1607780 307
1607790 307
1607800 307
1607810 307
1607820 307
1607830 307
1607840 307
1607850 307
1607860 307
1607870 306
1607880 304
1607890 304
1607900 301
1607910 301
1607920 301
1607930 301
1607940 301
1607950 301
1607960 301
1607970 301
1607980 301
1607990 301
1608000 301
1608010 301
1608020 301
1608030 301
1608040 301
1608050 301
1608060 302
1608070 302
1608080 302
1608090 303
1608100 303
1608110 304
1608120 306
1608130 306
1608140 308
1608150 310
1608160 310
1608170 311
1608180 311
1608190 311
1608200 311
1608210 311
1608220 311
1608230 311
1608240 311
1608250 311
1608260 311
1608270 311
1608280 310
1608290 310
1608300 310
1608310 310
1608320 310
1608330 310
1608340 310
1608350 310
1608360 309
1608370 309
1608380 309
1608390 309
1608400 309
1608410 309
1608420 309
1608430 309
1608440 309
1608450 309
1608460 309
1608470 309
1608480 309
1608490 309
1608500 309
1608510 309
1608520 309
1608530 309
1608540 309
1608550 309
1608560 309
1608570 310
1608580 310
1608590 310
1608600 311
1608610 312
1608620 312
1608630 313
1608640 313
1608650 313
1608660 313
1608670 313
1608680 313
1608690 313
1608700 313
1608710 313
1608720 313
1608730 312
1608740 312
1608750 312
1608760 312
1608770 312
1608780 312
1608790 313
1608800 313
1608810 313
1608820 313
1608830 313
1608840 313
1608850 313
1608860 313
1608870 313
1608880 312
1608890 312
1608900 313
1608910 313
1608920 313
1608930 313
1608940 313
1608950 313
1608960 313
1608970 313
1608980 313
1608990 313
1609000 312
1609010 312
1609020 313
1609030 315
1609040 315
1609050 316
1609060 318
1609070 318
1609080 319
1609090 323
1609100 323
1609110 327
1609120 331
1609130 331
1609140 335
1609150 338
1609160 338
1609170 341
1609180 345
1609190 345
1609200 348
1609210 351
1609220 351
1609230 354
1609240 357
1609250 357
1609260 359
1609270 362
1609280 362
1609290 365
1609300 369
1609310 369
1609320 373
1609330 375
1609340 375
1609350 376
1609360 377
1609370 377
1609380 378
1609390 379
1609400 379
1609410 380
1609420 380
1609430 380
1609440 381
1609450 382
1609460 383
1609470 383
1609480 384
1609490 385
1609500 385
1609510 385
1609520 386
1609530 386
1609540 386
1609550 387
1609560 387
1609570 387
1609580 387
1609590 387
1609600 388
1609610 388
1609620 388
1609630 388
1609640 388
1609650 388
1609660 388
1609670 388
1609680 388
1609690 388
1609700 388
1609710 388
1609720 388
1609730 388
1609740 388
1609750 388
1609760 388
1609770 388
1609780 388
1609790 389
1609800 389
1609810 389
1609820 389
1609830 389
1609840 389
1609850 389
1609860 389
1609870 389
1609880 389
1609890 389
1609900 389
1609910 389
1609920 389
1609930 389
1609940 389
1609950 389
1609960 389
1609970 389
1609980 389
1609990 389
1610000 389
1610010 389
1610020 389
1610030 389
1610040 389
1610050 389
1610060 389
1610070 389
1610080 389
1610090 388
1610100 388
1610110 388
1610120 388
1610130 388
1610140 387
1610150 387
1610160 387
1610170 387
1610180 386
1610190 386
1610200 385
1610210 385
1610220 385
1610230 384
1610240 384
1610250 384
1610260 385
1610270 385
1610280 385
1610290 386
1610300 386
1610310 386
1610320 386
1610330 387
1610340 387
1610350 387
1610360 387
1610370 387
1610380 387
1610390 388
1610400 388
1610410 388
1610420 388
1610430 388
1610440 388
1610450 388
1610460 388
1610470 388
1610480 388
1610490 388
1610500 387
1610510 387
1610520 387
1610530 387
1610540 387
1610550 387
1610560 387
1610570 387
1610580 387
1610590 387
1610600 387
1610610 387
1610620 386
1610630 386
1610640 386
1610650 386
1610660 386
1610670 386
1610680 386
1610690 385
1610700 385
1610710 385
1610720 384
1610730 384
1610740 384
1610750 384
1610760 383
1610770 383
1610780 382
1610790 381
1610800 381
1610810 381
1610820 381
1610830 381
1610840 382
1610850 383
1610860 383
1610870 383
1610880 384
1610890 384
1610900 384
1610910 384
1610920 384
1610930 385
1610940 385
1610950 385
1610960 385
1610970 386
1610980 386
1610990 386
1611000 386
1611010 386
1611020 387
1611030 387
1611040 387
1611050 387
1611060 388
1611070 388
1611080 388
1611090 388
1611100 388
1611110 388
1611120 388
1611130 388
1611140 388
1611150 389
1611160 389
1611170 389
1611180 389
1611190 389
1611200 389
1611210 389
1611220 389
1611230 389
1611240 389
1611250 389
1611260 389
1611270 389
1611280 389
1611290 389
1611300 389
1611310 389
1611320 389
1611330 389
1611340 389
1611350 389
1611360 388
1611370 388
1611380 388
1611390 388
1611400 388
1611410 388
1611420 388
1611430 388
1611440 388
1611450 388
1611460 388
1611470 387
1611480 387
1611490 387
1611500 387
1611510 387
1611520 387
1611530 387
1611540 386
1611550 386
1611560 386
1611570 386
1611580 386
1611590 385
1611600 385
1611610 385
1611620 385
1611630 384
1611640 384
1611650 384
1611660 384
1611670 384
1611680 383
1611690 383
1611700 383
1611710 382
1611720 382
1611730 382
1611740 381
1611750 381
1611760 381
1611770 380
1611780 379
1611790 379
1611800 377
1611810 376
1611820 375
1611830 375
1611840 375
1611850 375
1611860 375
1611870 376
1611880 377
1611890 377
1611900 378
1611910 379
1611920 379
1611930 380
1611940 381
1611950 381
1611960 382
1611970 382
1611980 382
1611990 383
1612000 383
1612010 383
1612020 383
1612030 384
1612040 384
1612050 384
1612060 384
1612070 384
1612080 384
1612090 384
1612100 384
1612110 384
1612120 385
1612130 385
1612140 385
1612150 385
1612160 385
1612170 385
1612180 385
1612190 385
1612200 385
1612210 384
1612220 384
1612230 384
1612240 384
1612250 384
1612260 384
1612270 384
1612280 384
1612290 384
1612300 383
1612310 383
1612320 383
1612330 383
1612340 383
1612350 382
1612360 382
1612370 382
1612380 382
1612390 381
1612400 381
1612410 381
1612420 380
1612430 380
1612440 379
1612450 379
1612460 379
1612470 378
1612480 377
1612490 377
1612500 377
1612510 376
1612520 376
1612530 376
1612540 375
1612550 375
1612560 375
1612570 375
1612580 375
1612590 374
1612600 372
1612610 372
1612620 370
1612630 369
1612640 369
1612650 368
1612660 368
1612670 368
1612680 369
1612690 370
1612700 370
1612710 372
1612720 373
1612730 373
1612740 373
1612750 373
1612760 373
1612770 373
1612780 373
1612790 373
1612800 374
1612810 374
1612820 374
1612830 373
1612840 373
1612850 373
1612860 373
1612870 373
1612880 373
1612890 374
1612900 375
1612910 375
1612920 375
1612930 376
1612940 376
1612950 377
1612960 378
1612970 378
1612980 379
1612990 379
1613000 379
1613010 379
1613020 379
1613030 379
1613040 379
1613050 379
1613060 379
1613070 379
1613080 378
1613090 376
1613100 376
1613110 374
1613120 373
1613130 373
1613140 373
1613150 373
1613160 373
1613170 373
1613180 373
1613190 373
1613200 373
1613210 373
1613220 373
1613230 374
1613240 375
1613250 375
1613260 375
1613270 375
1613280 375
1613290 376
1613300 378
1613310 378
1613320 379
1613330 380
1613340 380
1613350 381
1613360 382
1613370 382
1613380 382
1613390 383
1613400 383
1613410 383
1613420 383
1613430 383
1613440 384
1613450 384
1613460 384
1613470 384
1613480 384
1613490 384
1613500 385
1613510 385
1613520 385
1613530 385
1613540 385
1613550 385
1613560 385
1613570 385
1613580 385
1613590 385
1613600 385
1613610 385
1613620 385
1613630 385
1613640 385
1613650 384
1613660 384
1613670 384
1613680 384
1613690 383
1613700 383
1613710 383
1613720 383
1613730 383
1613740 382
1613750 383
1613760 383
1613770 382
1613780 382
1613790 382
1613800 382
1613810 381
1613820 381
1613830 381
1613840 381
1613850 381
1613860 381
1613870 381
1613880 381
1613890 382
1613900 383
1613910 383
1613920 383
1613930 383
1613940 383
1613950 383
1613960 383
1613970 383
1613980 383
1613990 384
1614000 384
1614010 384
1614020 384
1614030 384
1614040 384
1614050 384
1614060 384
1614070 384
1614080 384
1614090 384
1614100 383
1614110 383
1614120 383
1614130 383
1614140 383
1614150 383
1614160 382
1614170 382
1614180 382
1614190 382
1614200 381
1614210 381
1614220 381
1614230 380
1614240 379
1614250 379
1614260 379
1614270 379
1614280 379
1614290 378
1614300 377
1614310 377
1614320 376
1614330 375
1614340 375
1614350 375
1614360 374
1614370 374
1614380 374
1614390 373
1614400 373
1614410 372
1614420 371
1614430 371
1614440 370
1614450 369
1614460 369
1614470 368
1614480 367
1614490 367
1614500 366
1614510 365
1614520 365
1614530 364
1614540 363
1614550 363
1614560 361
1614570 360
1614580 360
1614590 359
1614600 359
1614610 359
1614620 358
1614630 359
1614640 359
1614650 360
1614660 361
1614670 361
1614680 362
1614690 364
1614700 364
1614710 366
1614720 368
1614730 368
1614740 369
1614750 370
1614760 370
1614770 371
1614780 372
1614790 372
1614800 373
1614810 373
1614820 373
1614830 374
1614840 375
1614850 375
1614860 375
1614870 376
1614880 376
1614890 376
1614900 376
1614910 376
1614920 376
1614930 376
1614940 376
1614950 375
1614960 375
1614970 375
1614980 375
1614990 374
1615000 374
1615010 374
1615020 373
1615030 373
1615040 372
1615050 371
1615060 371
1615070 370
1615080 369
1615090 369
1615100 368
1615110 367
1615120 367
1615130 366
1615140 365
1615150 365
1615160 364
1615170 363
1615180 363
1615190 361
1615200 360
1615210 360
1615220 358
1615230 356
1615240 356
1615250 355
1615260 355
1615270 355
1615280 355
1615290 354
1615300 354
1615310 355
1615320 355
1615330 355
1615340 356
1615350 357
1615360 357
1615370 359
1615380 360
1615390 362
1615400 362
1615410 363
1615420 364
1615430 364
1615440 365
1615450 366
1615460 366
1615470 367
1615480 368
1615490 368
1615500 368
1615510 369
1615520 369
1615530 370
1615540 370
1615550 370
1615560 371
1615570 371
1615580 371
1615590 372
1615600 372
1615610 372
1615620 373
1615630 373
1615640 373
1615650 374
1615660 374
1615670 374
1615680 374
1615690 374
1615700 374
1615710 374
1615720 374
1615730 374
1615740 374
1615750 374
1615760 374
1615770 374
1615780 374
1615790 374
1615800 374
1615810 374
1615820 374
1615830 375
1615840 376
1615850 376
1615860 376
1615870 377
1615880 377
1615890 377
1615900 378
1615910 377
1615920 377
1615930 378
1615940 378
1615950 378
1615960 378
1615970 378
1615980 379
1615990 379
1616000 379
1616010 379
1616020 379
1616030 379
1616040 379
1616050 379
1616060 379
1616070 379
1616080 379
1616090 379
1616100 380
1616110 380
1616120 380
1616130 380
1616140 379
1616150 379
1616160 379
1616170 380
1616180 380
1616190 380
1616200 380
1616210 380
1616220 381
1616230 381
1616240 381
1616250 382
1616260 382
1616270 382
1616280 382
1616290 383
1616300 383
1616310 383
1616320 383
1616330 383
1616340 383
1616350 383
1616360 383
1616370 383
1616380 383
1616390 383
1616400 383
1616410 383
1616420 383
1616430 383
1616440 383
1616450 383
1616460 383
1616470 382
1616480 382
1616490 382
1616500 382
1616510 382
1616520 382
1616530 381
1616540 381
1616550 381
1616560 381
1616570 380
1616580 380
1616590 380
1616600 379
1616610 379
1616620 378
1616630 378
1616640 378
1616650 377
1616660 376
1616670 376
1616680 376
1616690 376
1616700 376
1616710 376
1616720 376
1616730 376
1616740 376
1616750 375
1616760 375
1616770 375
1616780 375
1616790 375
1616800 375
1616810 376
1616820 376
1616830 376
1616840 376
1616850 376
1616860 376
1616870 377
1616880 377
1616890 376
1616900 376
1616910 376
1616920 376
1616930 376
1616940 376
1616950 376
1616960 377
1616970 377
1616980 377
1616990 377
1617000 377
1617010 377
1617020 377
1617030 377
1617040 377
1617050 376
1617060 376
1617070 376
1617080 376
1617090 376
1617100 376
1617110 375
1617120 375
1617130 375
1617140 375
1617150 375
1617160 375
1617170 374
1617180 374
1617190 374
1617200 374
1617210 374
1617220 374
1617230 374
1617240 374
1617250 374
1617260 373
1617270 373
1617280 373
1617290 373
1617300 373
1617310 373
1617320 373
1617330 373
1617340 373
1617350 373
1617360 373
1617370 373
1617380 373
1617390 373
1617400 372
1617410 371
1617420 371
1617430 371
1617440 371
1617450 371
1617460 371
1617470 371
1617480 371
1617490 371
1617500 370
1617510 370
1617520 370
1617530 371
1617540 371
1617550 371
1617560 372
1617570 372
1617580 374
1617590 376
1617600 376
1617610 376
1617620 376
1617630 376
1617640 377
1617650 377
1617660 377
1617670 378
1617680 378
1617690 378
1617700 379
1617710 379
1617720 379
1617730 380
1617740 381
1617750 381
1617760 381
1617770 382
1617780 383
1617790 383
1617800 383
1617810 383
1617820 383
1617830 383
1617840 383
1617850 383
1617860 383
1617870 383
1617880 383
1617890 383
1617900 383
1617910 383
1617920 383
1617930 383
1617940 383
1617950 382
1617960 382
1617970 382
1617980 381
1617990 380
1618000 380
1618010 380
1618020 380
1618030 380
1618040 380
1618050 380
1618060 380
1618070 380
1618080 381
1618090 381
1618100 381
1618110 380
1618120 380
1618130 380
1618140 381
1618150 381
1618160 381
1618170 380
1618180 380
1618190 380
1618200 380
1618210 380
1618220 379
1618230 379
1618240 379
1618250 379
1618260 379
1618270 379
1618280 379
1618290 380
1618300 380
1618310 380
1618320 380
1618330 380
1618340 381
1618350 381
1618360 381
1618370 382
1618380 382
1618390 382
1618400 382
1618410 383
1618420 383
1618430 383
1618440 383
1618450 383
1618460 383
1618470 383
1618480 383
1618490 383
1618500 383
1618510 383
1618520 382
1618530 382
1618540 382
1618550 382
1618560 381
1618570 381
1618580 381
1618590 380
1618600 380
1618610 379
1618620 378
1618630 378
1618640 377
1618650 376
1618660 376
1618670 375
1618680 374
1618690 374
1618700 374
1618710 374
1618720 374
1618730 374
1618740 374
1618750 374
1618760 374
1618770 373
1618780 373
1618790 373
1618800 373
1618810 373
1618820 373
1618830 373
1618840 373
1618850 373
1618860 373
1618870 373
1618880 373
1618890 373
1618900 373
1618910 371
1618920 372
1618930 372
1618940 372
1618950 372
1618960 372
1618970 372
1618980 373
1618990 373
1619000 373
1619010 373
1619020 373
1619030 373
1619040 373
1619050 373
1619060 373
1619070 373
1619080 373
1619090 373
1619100 373
1619110 373
1619120 373
1619130 373
1619140 372
1619150 372
1619160 372
1619170 372
1619180 372
1619190 372
1619200 372
1619210 372
1619220 372
1619230 372
1619240 372
1619250 372
1619260 372
1619270 372
1619280 372
1619290 372
1619300 372
1619310 372
1619320 373
1619330 373
1619340 374
1619350 375
1619360 375
1619370 375
1619380 376
1619390 376
1619400 376
1619410 376
1619420 376
1619430 376
1619440 376
1619450 376
1619460 376
1619470 376
1619480 376
1619490 376
1619500 376
1619510 376
1619520 376
1619530 376
1619540 376
1619550 376
1619560 376
1619570 376
1619580 376
1619590 376
1619600 376
1619610 376
1619620 376
1619630 376
1619640 376
1619650 376
1619660 376
1619670 375
1619680 375
1619690 375
1619700 375
1619710 375
1619720 375
1619730 375
1619740 374
1619750 374
1619760 374
1619770 374
1619780 374
1619790 374
1619800 373
1619810 373
1619820 373
1619830 372
1619840 372
1619850 372
1619860 371
1619870 371
1619880 371
1619890 370
1619900 370
1619910 370
1619920 369
1619930 369
1619940 369
1619950 368
1619960 368
1619970 368
1619980 367
1619990 367
