1600000 370
1600010 370
1600020 370
1600030 370
1600040 370
1600050 370
1600060 370
1600070 370
1600080 369
1600090 369
1600100 369
1600110 369
1600120 369
1600130 369
1600140 369
1600150 369
1600160 369
1600170 369
1600180 369
1600190 369
1600200 369
1600210 369
1600220 369
1600230 369
1600240 369
1600250 369
1600260 369
1600270 368
1600280 368
1600290 368
1600300 368
1600310 368
1600320 368
1600330 368
1600340 368
1600350 367
1600360 367
1600370 367
1600380 367
1600390 367
1600400 367
1600410 366
1600420 366
1600430 366
1600440 366
1600450 365
1600460 365
1600470 365
1600480 365
1600490 365
1600500 365
1600510 364
1600520 364
1600530 364
1600540 363
1600550 363
1600560 363
1600570 362
1600580 362
1600590 362
1600600 362
1600610 362
1600620 362
1600630 361
1600640 361
1600650 361
1600660 360
1600670 360
1600680 360
1600690 359
1600700 359
1600710 359
1600720 359
1600730 359
1600740 359
1600750 359
1600760 359
1600770 358
1600780 359
1600790 359
1600800 360
1600810 361
1600820 361
1600830 361
1600840 362
1600850 362
1600860 362
1600870 363
1600880 363
1600890 363
1600900 364
1600910 364
1600920 365
1600930 365
1600940 365
1600950 366
1600960 367
1600970 367
1600980 368
1600990 369
1601000 369
1601010 369
1601020 370
1601030 371
1601040 371
1601050 372
1601060 372
1601070 372
1601080 373
1601090 373
1601100 373
1601110 374
1601120 374
1601130 374
1601140 375
1601150 375
1601160 375
1601170 376
1601180 376
1601190 376
1601200 376
1601210 376
1601220 377
1601230 377
1601240 377
1601250 377
1601260 377
1601270 377
1601280 377
1601290 377
1601300 377
1601310 377
1601320 377
1601330 378
1601340 378
1601350 379
1601360 380
1601370 380
1601380 380
1601390 380
1601400 380
1601410 381
1601420 381
1601430 381
1601440 381
1601450 381
1601460 381
1601470 381
1601480 381
1601490 381
1601500 382
1601510 382
1601520 382
1601530 382
1601540 382
1601550 382
1601560 382
1601570 382
1601580 382
1601590 382
1601600 382
1601610 382
1601620 382
1601630 382
1601640 382
1601650 382
1601660 382
1601670 382
1601680 382
1601690 382
1601700 382
1601710 382
1601720 382
1601730 382
1601740 382
1601750 381
1601760 381
1601770 381
1601780 381
1601790 381
1601800 380
1601810 380
1601820 380
1601830 380
1601840 379
1601850 379
1601860 379
1601870 379
1601880 379
1601890 379
1601900 379
1601910 379
1601920 379
1601930 379
1601940 379
1601950 379
1601960 380
1601970 380
1601980 380
1601990 380
1602000 380
1602010 380
1602020 380
1602030 380
1602040 380
1602050 380
1602060 380
1602070 379
1602080 379
1602090 379
1602100 380
1602110 380
1602120 380
1602130 380
1602140 380
1602150 380
1602160 380
1602170 380
1602180 380
1602190 380
1602200 380
1602210 380
1602220 380
1602230 380
1602240 380
1602250 380
1602260 379
1602270 379
1602280 379
1602290 379
1602300 379
1602310 379
1602320 379
1602330 379
1602340 379
1602350 378
1602360 378
1602370 378
1602380 378
1602390 378
1602400 378
1602410 378
1602420 378
1602430 377
1602440 377
1602450 377
1602460 377
1602470 376
1602480 376
1602490 376
1602500 376
1602510 376
1602520 375
1602530 375
1602540 375
1602550 374
1602560 374
1602570 374
1602580 373
1602590 373
1602600 372
1602610 372
1602620 371
1602630 371
1602640 371
1602650 370
1602660 370
1602670 370
1602680 370
1602690 370
1602700 370
1602710 370
1602720 370
1602730 370
1602740 370
1602750 370
1602760 370
1602770 371
1602780 371
1602790 371
1602800 371
1602810 372
1602820 372
1602830 372
1602840 373
1602850 373
1602860 373
1602870 374
1602880 374
1602890 374
1602900 374
1602910 374
1602920 375
1602930 375
1602940 375
1602950 375
1602960 374
1602970 374
1602980 374
1602990 374
1603000 374
1603010 374
1603020 374
1603030 374
1603040 373
1603050 373
1603060 373
1603070 373
1603080 373
1603090 373
1603100 373
1603110 373
1603120 373
1603130 374
1603140 374
1603150 374
1603160 375
1603170 375
1603180 375
1603190 376
1603200 376
1603210 376
1603220 377
1603230 377
1603240 377
1603250 377
1603260 377
1603270 377
1603280 378
1603290 378
1603300 378
1603310 378
1603320 377
1603330 377
1603340 377
1603350 377
1603360 377
1603370 377
1603380 377
1603390 377
1603400 377
1603410 377
1603420 377
1603430 376
1603440 375
1603450 375
1603460 375
1603470 374
1603480 374
1603490 374
1603500 373
1603510 373
1603520 373
1603530 372
1603540 372
1603550 371
1603560 370
1603570 370
1603580 369
1603590 368
1603600 368
1603610 367
1603620 366
1603630 366
1603640 364
1603650 362
1603660 362
1603670 360
1603680 359
1603690 359
1603700 358
1603710 357
1603720 357
1603730 356
1603740 355
1603750 355
1603760 357
1603770 360
1603780 360
1603790 363
1603800 365
1603810 365
1603820 366
1603830 367
1603840 367
1603850 369
1603860 370
1603870 370
1603880 372
1603890 373
1603900 373
1603910 373
1603920 374
1603930 374
1603940 374
1603950 374
1603960 375
1603970 375
1603980 376
1603990 378
1604000 378
1604010 378
1604020 377
1604030 377
1604040 378
1604050 378
1604060 378
1604070 378
1604080 378
1604090 378
1604100 378
1604110 378
1604120 378
1604130 378
1604140 378
1604150 378
1604160 378
1604170 378
1604180 378
1604190 378
1604200 378
1604210 378
1604220 378
1604230 378
1604240 378
1604250 378
1604260 378
1604270 378
1604280 377
1604290 377
1604300 377
1604310 377
1604320 376
1604330 376
1604340 376
1604350 376
1604360 376
1604370 375
1604380 375
1604390 375
1604400 374
1604410 373
1604420 373
1604430 372
1604440 371
1604450 371
1604460 370
1604470 369
1604480 369
1604490 368
1604500 367
1604510 367
1604520 366
1604530 365
1604540 365
1604550 363
1604560 362
1604570 362
1604580 361
1604590 360
1604600 360
1604610 359
1604620 357
1604630 357
1604640 356
1604650 354
1604660 354
1604670 352
1604680 350
1604690 350
1604700 348
1604710 346
1604720 346
1604730 344
1604740 342
1604750 342
1604760 340
1604770 338
1604780 338
1604790 335
1604800 333
1604810 333
1604820 331
1604830 329
1604840 329
1604850 328
1604860 326
1604870 326
1604880 324
1604890 322
1604900 322
1604910 320
1604920 319
1604930 319
1604940 317
1604950 316
1604960 316
1604970 315
1604980 314
1604990 314
1605000 313
1605010 312
1605020 312
1605030 311
1605040 311
1605050 311
1605060 311
1605070 311
1605080 311
1605090 310
1605100 309
1605110 309
1605120 309
1605130 309
1605140 309
1605150 309
1605160 309
1605170 309
1605180 309
1605190 309
1605200 309
1605210 309
1605220 309
1605230 309
1605240 308
1605250 308
1605260 308
1605270 308
1605280 308
1605290 308
1605300 308
1605310 308
1605320 308
1605330 308
1605340 308
1605350 308
1605360 308
1605370 308
1605380 308
1605390 308
1605400 308
1605410 308
1605420 308
1605430 308
1605440 308
1605450 308
1605460 308
1605470 309
1605480 309
1605490 309
1605500 309
1605510 309
1605520 309
1605530 309
1605540 309
1605550 308
1605560 308
1605570 308
1605580 308
1605590 308
1605600 308
1605610 307
1605620 307
1605630 307
1605640 307
1605650 307
1605660 307
1605670 307
1605680 307
1605690 307
1605700 307
1605710 307
1605720 307
1605730 307
1605740 307
1605750 307
1605760 307
1605770 307
1605780 307
1605790 307
1605800 307
1605810 307
1605820 307
1605830 307
1605840 307
1605850 307
1605860 308
1605870 308
1605880 308
1605890 308
1605900 308
1605910 307
1605920 307
1605930 307
1605940 307
1605950 307
1605960 307
1605970 307
1605980 308
1605990 308
1606000 308
1606010 307
1606020 307
1606030 307
1606040 307
1606050 307
1606060 307
1606070 306
1606080 306
1606090 306
1606100 307
1606110 307
1606120 307
1606130 307
1606140 307
1606150 308
1606160 308
1606170 308
1606180 308
1606190 308
1606200 308
1606210 308
1606220 307
1606230 307
1606240 307
1606250 307
1606260 307
1606270 307
1606280 307
1606290 307
1606300 308
1606310 308
1606320 308
1606330 308
1606340 308
1606350 308
1606360 307
1606370 307
1606380 307
1606390 307
1606400 307
1606410 307
1606420 306
1606430 306
1606440 306
1606450 306
1606460 306
1606470 306
1606480 306
1606490 306
1606500 306
1606510 306
1606520 306
1606530 306
1606540 306
1606550 306
1606560 306
1606570 305
1606580 305
1606590 305
1606600 305
1606610 305
1606620 305
1606630 305
1606640 305
1606650 306
1606660 306
1606670 306
1606680 306
1606690 306
1606700 307
1606710 307
1606720 307
1606730 307
1606740 307
1606750 307
1606760 307
1606770 308
1606780 308
1606790 308
1606800 308
1606810 308
1606820 307
1606830 307
1606840 307
1606850 307
1606860 307
1606870 307
1606880 307
1606890 307
1606900 307
1606910 307
1606920 307
1606930 307
1606940 307
1606950 307
1606960 307
1606970 307
1606980 307
1606990 307
1607000 307
1607010 307
1607020 307
1607030 306
1607040 306
1607050 306
1607060 306
1607070 306
1607080 306
1607090 307
1607100 307
1607110 307
1607120 307
1607130 308
1607140 308
1607150 308
1607160 309
1607170 309
1607180 311
1607190 314
1607200 314
1607210 319
1607220 321
1607230 321
1607240 322
1607250 323
1607260 323
1607270 323
1607280 323
1607290 323
1607300 323
1607310 323
1607320 323
1607330 323
1607340 323
1607350 323
1607360 323
1607370 323
1607380 323
1607390 323
1607400 323
1607410 323
1607420 322
1607430 322
1607440 322
1607450 322
1607460 322
1607470 322
1607480 322
1607490 322
1607500 322
1607510 322
1607520 322
1607530 322
1607540 322
1607550 322
1607560 322
1607570 322
1607580 322
1607590 322
1607600 322
1607610 322
1607620 322
1607630 322
1607640 322
1607650 322
1607660 322
1607670 322
1607680 322
1607690 322
1607700 322
1607710 322
1607720 322
1607730 322
1607740 322
1607750 322
1607760 322
1607770 322
1607780 322
1607790 322
1607800 322
1607810 323
1607820 323
1607830 323
1607840 323
1607850 323
1607860 323
1607870 323
1607880 323
1607890 323
1607900 323
1607910 324
1607920 324
1607930 324
1607940 324
1607950 324
1607960 324
1607970 324
1607980 324
1607990 324
1608000 324
1608010 324
1608020 324
1608030 324
1608040 324
1608050 324
1608060 324
1608070 324
1608080 324
1608090 324
1608100 324
1608110 324
1608120 324
1608130 324
1608140 324
1608150 324
1608160 324
1608170 324
1608180 324
1608190 323
1608200 323
1608210 323
1608220 323
1608230 323
1608240 323
1608250 322
1608260 322
1608270 322
1608280 322
1608290 322
1608300 321
1608310 321
1608320 321
1608330 320
1608340 320
1608350 320
1608360 319
1608370 317
1608380 317
1608390 312
1608400 309
1608410 309
1608420 308
1608430 306
1608440 306
1608450 305
1608460 304
1608470 304
1608480 301
1608490 298
1608500 298
1608510 297
1608520 297
1608530 297
1608540 297
1608550 297
1608560 297
1608570 297
1608580 297
1608590 297
1608600 296
1608610 294
1608620 294
1608630 293
1608640 292
1608650 292
1608660 292
1608670 291
1608680 291
1608690 286
1608700 283
1608710 283
1608720 283
1608730 282
1608740 282
1608750 282
1608760 282
1608770 282
1608780 282
1608790 282
1608800 282
1608810 282
1608820 282
1608830 282
1608840 283
1608850 283
1608860 283
1608870 283
1608880 283
1608890 283
1608900 283
1608910 283
1608920 283
1608930 283
1608940 283
1608950 283
1608960 283
1608970 283
1608980 283
1608990 283
1609000 283
1609010 283
1609020 283
1609030 283
1609040 283
1609050 283
1609060 283
1609070 283
1609080 283
1609090 283
1609100 283
1609110 283
1609120 283
1609130 283
1609140 283
1609150 283
1609160 283
1609170 282
1609180 283
1609190 283
1609200 283
1609210 282
1609220 282
1609230 282
1609240 282
1609250 282
1609260 282
1609270 283
1609280 283
1609290 283
1609300 283
1609310 283
1609320 283
1609330 282
1609340 282
1609350 282
1609360 282
1609370 282
1609380 282
1609390 282
1609400 282
1609410 282
1609420 282
1609430 282
1609440 282
1609450 282
1609460 282
1609470 282
1609480 282
1609490 282
1609500 282
1609510 282
1609520 282
1609530 282
1609540 282
1609550 282
1609560 282
1609570 282
1609580 282
1609590 282
1609600 283
1609610 283
1609620 283
1609630 283
1609640 289
1609650 289
1609660 293
1609670 295
1609680 295
1609690 298
1609700 298
1609710 298
1609720 297
1609730 297
1609740 297
1609750 297
1609760 297
1609770 297
1609780 297
1609790 297
1609800 297
1609810 297
1609820 297
1609830 297
1609840 297
1609850 297
1609860 297
1609870 297
1609880 297
1609890 297
1609900 297
1609910 297
1609920 297
1609930 297
1609940 297
1609950 297
1609960 297
1609970 297
1609980 297
1609990 298
1610000 298
1610010 298
1610020 298
1610030 298
1610040 298
1610050 298
1610060 298
1610070 298
1610080 298
1610090 298
1610100 298
1610110 298
1610120 298
1610130 298
1610140 298
1610150 299
1610160 299
1610170 298
1610180 298
1610190 298
1610200 298
1610210 298
1610220 298
1610230 299
1610240 301
1610250 301
1610260 302
1610270 306
1610280 306
1610290 312
1610300 318
1610310 318
1610320 324
1610330 326
1610340 326
1610350 329
1610360 330
1610370 330
1610380 331
1610390 332
1610400 332
1610410 334
1610420 335
1610430 335
1610440 336
1610450 337
1610460 337
1610470 338
1610480 338
1610490 338
1610500 339
1610510 340
1610520 340
1610530 340
1610540 340
1610550 340
1610560 341
1610570 342
1610580 342
1610590 343
1610600 344
1610610 344
1610620 346
1610630 345
1610640 347
1610650 347
1610660 350
1610670 354
1610680 354
1610690 357
1610700 359
1610710 359
1610720 360
1610730 361
1610740 361
1610750 362
1610760 362
1610770 362
1610780 363
1610790 364
1610800 364
1610810 365
1610820 365
1610830 365
1610840 366
1610850 366
1610860 366
1610870 367
1610880 367
1610890 367
1610900 367
1610910 368
1610920 368
1610930 368
1610940 368
1610950 368
1610960 369
1610970 369
1610980 369
1610990 369
1611000 370
1611010 370
1611020 370
1611030 370
1611040 370
1611050 371
1611060 371
1611070 371
1611080 372
1611090 372
1611100 372
1611110 372
1611120 372
1611130 372
1611140 372
1611150 372
1611160 372
1611170 373
1611180 373
1611190 373
1611200 373
1611210 374
1611220 374
1611230 374
1611240 374
1611250 374
1611260 374
1611270 374
1611280 374
1611290 374
1611300 374
1611310 374
1611320 374
1611330 374
1611340 374
1611350 374
1611360 374
1611370 374
1611380 374
1611390 374
1611400 374
1611410 373
1611420 373
1611430 373
1611440 373
1611450 372
1611460 372
1611470 372
1611480 372
1611490 372
1611500 371
1611510 371
1611520 371
1611530 371
1611540 370
1611550 370
1611560 370
1611570 369
1611580 369
1611590 369
1611600 369
1611610 369
1611620 368
1611630 368
1611640 368
1611650 368
1611660 367
1611670 367
1611680 367
1611690 366
1611700 366
1611710 365
1611720 364
1611730 364
1611740 363
1611750 362
1611760 362
1611770 362
1611780 361
1611790 361
1611800 360
1611810 359
1611820 359
1611830 359
1611840 358
1611850 358
1611860 357
1611870 356
1611880 356
1611890 355
1611900 354
1611910 354
1611920 353
1611930 351
1611940 351
1611950 350
1611960 349
1611970 348
1611980 348
1611990 347
1612000 347
1612010 347
1612020 347
1612030 347
1612040 347
1612050 347
1612060 349
1612070 349
1612080 352
1612090 354
1612100 354
1612110 356
1612120 360
1612130 360
1612140 363
1612150 365
1612160 365
1612170 366
1612180 366
1612190 366
1612200 367
1612210 368
1612220 368
1612230 369
1612240 369
1612250 369
1612260 370
1612270 370
1612280 370
1612290 371
1612300 371
1612310 371
1612320 372
1612330 372
1612340 372
1612350 372
1612360 373
1612370 373
1612380 373
1612390 374
1612400 374
1612410 374
1612420 374
1612430 374
1612440 374
1612450 374
1612460 374
1612470 375
1612480 375
1612490 375
1612500 375
1612510 375
1612520 375
1612530 376
1612540 376
1612550 376
1612560 376
1612570 376
1612580 376
1612590 377
1612600 377
1612610 377
1612620 377
1612630 377
1612640 377
1612650 377
1612660 377
1612670 377
1612680 378
1612690 378
1612700 378
1612710 378
1612720 378
1612730 378
1612740 378
1612750 378
1612760 378
1612770 378
1612780 378
1612790 378
1612800 377
1612810 377
1612820 377
1612830 377
1612840 377
1612850 377
1612860 377
1612870 376
1612880 376
1612890 376
1612900 376
1612910 376
1612920 376
1612930 376
1612940 376
1612950 375
1612960 375
1612970 375
1612980 375
1612990 375
1613000 375
1613010 375
1613020 375
1613030 375
1613040 375
1613050 375
1613060 375
1613070 375
1613080 375
1613090 375
1613100 375
1613110 375
1613120 375
1613130 374
1613140 374
1613150 374
1613160 374
1613170 374
1613180 374
1613190 374
1613200 374
1613210 374
1613220 373
1613230 373
1613240 373
1613250 373
1613260 373
1613270 373
1613280 373
1613290 373
1613300 373
1613310 373
1613320 372
1613330 372
1613340 372
1613350 372
1613360 372
1613370 372
1613380 372
1613390 372
1613400 372
1613410 371
1613420 371
1613430 371
1613440 371
1613450 371
1613460 371
1613470 371
1613480 371
1613490 371
1613500 371
1613510 370
1613520 370
1613530 370
1613540 370
1613550 370
1613560 370
1613570 370
1613580 370
1613590 370
1613600 370
1613610 370
1613620 370
1613630 369
1613640 369
1613650 369
1613660 369
1613670 370
1613680 370
1613690 370
1613700 370
1613710 370
1613720 370
1613730 370
1613740 370
1613750 369
1613760 369
1613770 369
1613780 369
1613790 369
1613800 369
1613810 369
1613820 369
1613830 369
1613840 369
1613850 369
1613860 368
1613870 368
1613880 368
1613890 368
1613900 367
1613910 367
1613920 367
1613930 367
1613940 367
1613950 366
1613960 365
1613970 365
1613980 364
1613990 363
1614000 363
1614010 362
1614020 361
1614030 361
1614040 359
1614050 358
1614060 358
1614070 359
1614080 360
1614090 360
1614100 361
1614110 363
1614120 363
1614130 364
1614140 365
1614150 365
1614160 365
1614170 366
1614180 366
1614190 366
1614200 366
1614210 366
1614220 366
1614230 366
1614240 366
1614250 366
1614260 366
1614270 366
1614280 366
1614290 366
1614300 366
1614310 366
1614320 365
1614330 365
1614340 365
1614350 365
1614360 365
1614370 365
1614380 364
1614390 364
1614400 364
1614410 363
1614420 363
1614430 363
1614440 362
1614450 362
1614460 362
1614470 361
1614480 361
1614490 361
1614500 360
1614510 360
1614520 359
1614530 358
1614540 358
1614550 358
1614560 357
1614570 357
1614580 356
1614590 355
1614600 355
1614610 355
1614620 354
1614630 353
1614640 353
1614650 352
1614660 351
1614670 352
1614680 350
1614690 349
1614700 349
1614710 348
1614720 347
1614730 347
1614740 345
1614750 344
1614760 344
1614770 343
1614780 342
1614790 342
1614800 341
1614810 339
1614820 339
1614830 337
1614840 335
1614850 335
1614860 335
1614870 334
1614880 334
1614890 332
1614900 330
1614910 330
1614920 329
1614930 328
1614940 328
1614950 326
1614960 325
1614970 325
1614980 323
1614990 323
1615000 323
1615010 323
1615020 323
1615030 323
1615040 322
1615050 322
1615060 322
1615070 322
1615080 322
1615090 322
1615100 322
1615110 322
1615120 322
1615130 322
1615140 325
1615150 325
1615160 329
1615170 330
1615180 330
1615190 331
1615200 332
1615210 332
1615220 334
1615230 335
1615240 335
1615250 336
1615260 337
1615270 337
1615280 338
1615290 339
1615300 339
1615310 340
1615320 342
1615330 342
1615340 343
1615350 344
1615360 344
1615370 347
1615380 350
1615390 350
1615400 353
1615410 355
1615420 355
1615430 356
1615440 358
1615450 358
1615460 359
1615470 359
1615480 359
1615490 359
1615500 359
1615510 359
1615520 360
1615530 360
1615540 360
1615550 360
1615560 361
1615570 361
1615580 361
1615590 361
1615600 361
1615610 361
1615620 361
1615630 361
1615640 361
1615650 362
1615660 361
1615670 361
1615680 361
1615690 361
1615700 361
1615710 361
1615720 361
1615730 361
1615740 360
1615750 360
1615760 360
1615770 359
1615780 359
1615790 359
1615800 358
1615810 358
1615820 357
1615830 355
1615840 355
1615850 354
1615860 352
1615870 352
1615880 350
1615890 349
1615900 349
1615910 348
1615920 348
1615930 348
1615940 348
1615950 349
1615960 349
1615970 350
1615980 352
1615990 353
1616000 353
1616010 355
1616020 356
1616030 356
1616040 357
1616050 358
1616060 358
1616070 358
1616080 359
1616090 359
1616100 359
1616110 359
1616120 359
1616130 360
1616140 360
1616150 360
1616160 360
1616170 361
1616180 361
1616190 361
1616200 361
1616210 361
1616220 361
1616230 361
1616240 361
1616250 361
1616260 362
1616270 362
1616280 362
1616290 362
1616300 362
1616310 362
1616320 361
1616330 361
1616340 361
1616350 361
1616360 361
1616370 361
1616380 361
1616390 361
1616400 361
1616410 360
1616420 360
1616430 360
1616440 359
1616450 359
1616460 359
1616470 358
1616480 358
1616490 357
1616500 357
1616510 357
1616520 356
1616530 355
1616540 355
1616550 351
1616560 346
1616570 346
1616580 343
1616590 340
1616600 340
1616610 337
1616620 336
1616630 336
1616640 335
1616650 333
1616660 333
1616670 332
1616680 331
1616690 331
1616700 330
1616710 326
1616720 326
1616730 323
1616740 322
1616750 322
1616760 322
1616770 322
1616780 322
1616790 323
1616800 323
1616810 323
1616820 323
1616830 324
1616840 324
1616850 326
1616860 327
1616870 327
1616880 328
1616890 329
1616900 329
1616910 330
1616920 332
1616930 332
1616940 332
1616950 333
1616960 333
1616970 334
1616980 335
1616990 335
1617000 336
1617010 338
1617020 338
1617030 338
1617040 338
1617050 338
1617060 338
1617070 338
1617080 338
1617090 339
1617100 339
1617110 339
1617120 340
1617130 340
1617140 340
1617150 341
1617160 342
1617170 342
1617180 343
1617190 344
1617200 344
1617210 345
1617220 345
1617230 345
1617240 345
1617250 346
1617260 346
1617270 347
1617280 347
1617290 347
1617300 348
1617310 348
1617320 349
1617330 349
1617340 350
1617350 351
1617360 351
1617370 352
1617380 352
1617390 352
1617400 353
1617410 354
1617420 354
1617430 354
1617440 355
1617450 355
1617460 356
1617470 356
1617480 356
1617490 357
1617500 358
1617510 358
1617520 358
1617530 359
1617540 359
1617550 359
1617560 360
1617570 360
1617580 360
1617590 361
1617600 361
1617610 361
1617620 362
1617630 362
1617640 363
1617650 363
1617660 363
1617670 363
1617680 364
1617690 364
1617700 364
1617710 364
1617720 364
1617730 364
1617740 365
1617750 365
1617760 365
1617770 365
1617780 365
1617790 366
1617800 366
1617810 366
1617820 366
1617830 366
1617840 366
1617850 367
1617860 367
1617870 367
1617880 367
1617890 367
1617900 367
1617910 368
1617920 368
1617930 368
1617940 368
1617950 368
1617960 368
1617970 369
1617980 369
1617990 369
1618000 369
1618010 369
1618020 369
1618030 369
1618040 369
1618050 369
1618060 369
1618070 370
1618080 370
1618090 370
1618100 370
1618110 370
1618120 370
1618130 370
1618140 370
1618150 371
1618160 371
1618170 371
1618180 371
1618190 371
1618200 371
1618210 371
1618220 371
1618230 371
1618240 371
1618250 370
1618260 370
1618270 370
1618280 370
1618290 370
1618300 370
1618310 370
1618320 370
1618330 370
1618340 370
1618350 370
1618360 370
1618370 369
1618380 369
1618390 369
1618400 369
1618410 369
1618420 369
1618430 368
1618440 368
1618450 368
1618460 368
1618470 368
1618480 368
1618490 367
1618500 367
1618510 367
1618520 367
1618530 367
1618540 367
1618550 367
1618560 367
1618570 366
1618580 366
1618590 366
1618600 366
1618610 365
1618620 365
1618630 365
1618640 365
1618650 365
1618660 365
1618670 365
1618680 365
1618690 365
1618700 364
1618710 364
1618720 364
1618730 364
1618740 364
1618750 364
1618760 363
1618770 363
1618780 363
1618790 363
1618800 363
1618810 363
1618820 362
1618830 362
1618840 362
1618850 361
1618860 361
1618870 361
1618880 361
1618890 360
1618900 360
1618910 360
1618920 360
1618930 360
1618940 360
1618950 360
1618960 360
1618970 360
1618980 360
1618990 360
1619000 361
1619010 361
1619020 361
1619030 361
1619040 361
1619050 361
1619060 361
1619070 361
1619080 361
1619090 361
1619100 361
1619110 361
1619120 361
1619130 362
1619140 362
1619150 362
1619160 362
1619170 362
1619180 362
1619190 362
1619200 362
1619210 362
1619220 362
1619230 362
1619240 362
1619250 362
1619260 362
1619270 362
1619280 362
1619290 362
1619300 362
1619310 362
1619320 362
1619330 362
1619340 362
1619350 362
1619360 362
1619370 362
1619380 362
1619390 362
1619400 362
1619410 362
1619420 361
1619430 361
1619440 361
1619450 361
1619460 361
1619470 361
1619480 361
1619490 361
1619500 361
1619510 361
1619520 361
1619530 361
1619540 361
1619550 362
1619560 362
1619570 362
1619580 362
1619590 362
1619600 362
1619610 362
1619620 362
1619630 362
1619640 362
1619650 362
1619660 362
1619670 362
1619680 362
1619690 362
1619700 362
1619710 362
1619720 362
1619730 362
1619740 362
1619750 362
1619760 362
1619770 362
1619780 363
1619790 363
1619800 363
1619810 363
1619820 363
1619830 363
1619840 363
1619850 363
1619860 363
1619870 363
1619880 363
1619890 363
1619900 363
1619910 364
1619920 364
1619930 364
1619940 364
1619950 364
1619960 364
1619970 364
1619980 364
1619990 364
