1609400 283
1609410 283
1609420 283
1609430 283
1609440 283
1609450 283
1609460 283
1609470 283
1609480 283
1609490 284
1609500 286
1609510 287
1609520 288
1609530 289
1609540 289
1609550 290
1609560 292
1609570 293
1609580 293
1609590 293
1609600 293
1609610 292
1609620 293
1609630 293
1609640 293
1609650 293
1609660 293
1609670 293
1609680 292
1609690 293
1609700 293
1609710 293
1609720 293
1609730 293
1609740 293
1609750 293
1609760 293
1609770 293
1609780 293
1609790 293
1609800 293
1609810 293
1609820 293
1609830 293
1609840 293
1609850 293
1609860 293
1609870 294
1609880 294
1609890 294
1609900 294
1609910 294
1609920 295
1609930 295
1609940 296
1609950 296
1609960 297
1609970 297
1609980 298
1609990 298
1610000 298
1610010 299
1610020 300
1610030 300
1610040 300
1610050 301
1610060 301
1610070 301
1610080 301
1610090 301
1610100 301
1610110 301
1610120 300
1610130 300
1610140 300
1610150 300
1610160 300
1610170 301
1610180 301
1610190 301
1610200 302
1610210 302
1610220 303
1610230 306
1610240 308
1610250 311
1610260 314
1610270 316
1610280 317
1610290 317
1610300 318
1610310 318
1610320 317
1610330 317
1610340 318
1610350 318
1610360 318
1610370 318
1610380 319
1610390 320
1610400 320
1610410 321
1610420 322
1610430 322
1610440 323
1610450 324
1610460 324
1610470 325
1610480 326
1610490 327
1610500 328
1610510 328
1610520 328
1610530 329
1610540 330
1610550 331
1610560 331
1610570 332
1610580 333
1610590 334
1610600 334
1610610 335
1610620 335
1610630 336
1610640 337
1610650 338
1610660 338
1610670 339
1610680 339
1610690 340
1610700 340
1610710 341
1610720 341
1610730 342
1610740 342
1610750 343
1610760 343
1610770 344
1610780 345
1610790 345
1610800 346
1610810 346
1610820 347
1610830 347
1610840 348
1610850 349
1610860 349
1610870 350
1610880 352
1610890 353
1610900 354
1610910 355
1610920 356
1610930 357
1610940 358
1610950 359
1610960 360
1610970 360
1610980 361
1610990 362
1611000 363
1611010 363
1611020 364
1611030 364
1611040 365
1611050 365
1611060 366
1611070 366
1611080 366
1611090 366
1611100 367
1611110 367
1611120 367
1611130 367
1611140 367
1611150 367
1611160 367
1611170 367
1611180 367
1611190 367
1611200 367
1611210 367
1611220 367
1611230 368
1611240 368
1611250 368
1611260 368
1611270 368
1611280 368
1611290 367
1611300 367
1611310 367
1611320 367
1611330 367
1611340 368
1611350 368
1611360 368
1611370 368
1611380 368
1611390 368
1611400 368
1611410 368
1611420 368
1611430 368
1611440 368
1611450 368
1611460 368
1611470 368
1611480 368
1611490 368
1611500 368
1611510 368
1611520 368
1611530 368
1611540 368
1611550 368
1611560 368
1611570 368
1611580 367
1611590 367
1611600 367
1611610 367
1611620 367
1611630 367
1611640 367
1611650 367
1611660 367
1611670 367
1611680 367
1611690 367
1611700 367
1611710 367
1611720 367
1611730 367
1611740 367
1611750 367
1611760 367
1611770 367
1611780 367
1611790 367
1611800 367
1611810 367
1611820 367
1611830 366
1611840 366
1611850 366
1611860 366
1611870 365
1611880 365
1611890 365
1611900 364
1611910 363
1611920 361
1611930 359
1611940 356
1611950 352
1611960 350
1611970 348
1611980 347
1611990 346
1612000 346
1612010 345
1612020 345
1612030 344
1612040 344
1612050 343
1612060 343
1612070 342
1612080 342
1612090 341
1612100 341
1612110 341
1612120 342
1612130 342
1612140 343
1612150 344
1612160 345
1612170 346
1612180 348
1612190 349
1612200 351
1612210 353
1612220 356
1612230 357
1612240 358
1612250 359
1612260 360
1612270 361
1612280 361
1612290 362
1612300 363
1612310 364
1612320 364
1612330 365
1612340 366
1612350 366
1612360 367
1612370 367
1612380 368
1612390 368
1612400 369
1612410 369
1612420 370
1612430 370
1612440 371
1612450 372
1612460 372
1612470 372
1612480 372
1612490 373
1612500 373
1612510 373
1612520 373
1612530 374
1612540 374
1612550 374
1612560 374
1612570 375
1612580 375
1612590 375
1612600 375
1612610 375
1612620 375
1612630 376
1612640 376
1612650 376
1612660 376
1612670 376
1612680 376
1612690 376
1612700 376
1612710 376
1612720 376
1612730 376
1612740 376
1612750 376
1612760 376
1612770 376
1612780 376
1612790 376
1612800 376
1612810 376
1612820 376
1612830 376
1612840 376
1612850 376
1612860 376
1612870 376
1612880 375
1612890 375
1612900 375
1612910 375
1612920 374
1612930 374
1612940 374
1612950 374
1612960 374
1612970 373
1612980 373
1612990 373
1613000 373
1613010 372
1613020 372
1613030 372
1613040 371
1613050 371
1613060 370
1613070 370
1613080 370
1613090 369
1613100 369
1613110 369
1613120 369
1613130 369
1613140 369
1613150 369
1613160 370
1613170 370
1613180 370
1613190 370
1613200 370
1613210 371
1613220 371
1613230 371
1613240 371
1613250 371
1613260 371
1613270 371
1613280 372
1613290 372
1613300 372
1613310 372
1613320 372
1613330 373
1613340 373
1613350 373
1613360 373
1613370 373
1613380 373
1613390 373
1613400 373
1613410 374
1613420 374
1613430 374
1613440 374
1613450 374
1613460 374
1613470 374
1613480 375
1613490 375
1613500 375
1613510 375
1613520 375
1613530 375
1613540 375
1613550 375
1613560 375
1613570 375
1613580 375
1613590 375
1613600 375
1613610 374
1613620 374
1613630 374
1613640 374
1613650 374
1613660 374
1613670 374
1613680 374
1613690 373
1613700 373
1613710 373
1613720 373
1613730 373
1613740 372
1613750 372
1613760 372
1613770 371
1613780 371
1613790 371
1613800 370
1613810 370
1613820 370
1613830 370
1613840 369
1613850 369
1613860 369
1613870 368
1613880 368
1613890 368
1613900 368
1613910 368
1613920 368
1613930 368
1613940 368
1613950 368
1613960 368
1613970 368
1613980 368
1613990 368
1614000 368
1614010 368
1614020 368
1614030 368
1614040 368
1614050 368
1614060 368
1614070 368
1614080 368
1614090 368
1614100 368
1614110 368
1614120 368
1614130 368
1614140 368
1614150 368
1614160 368
1614170 367
1614180 367
1614190 367
1614200 367
1614210 367
1614220 366
1614230 366
1614240 366
1614250 365
1614260 365
1614270 365
1614280 365
1614290 364
1614300 364
1614310 364
1614320 363
1614330 363
1614340 363
1614350 362
1614360 362
1614370 362
1614380 362
1614390 362
1614400 361
1614410 361
1614420 361
1614430 360
1614440 360
1614450 360
1614460 359
1614470 359
1614480 359
1614490 359
1614500 358
1614510 358
1614520 358
1614530 358
1614540 357
1614550 357
1614560 356
1614570 356
1614580 356
1614590 355
1614600 355
1614610 354
1614620 353
1614630 353
1614640 353
1614650 352
1614660 352
1614670 351
1614680 350
1614690 349
1614700 347
1614710 345
1614720 344
1614730 342
1614740 342
1614750 341
1614760 341
1614770 341
1614780 341
1614790 341
1614800 341
1614810 341
1614820 340
1614830 339
1614840 338
1614850 337
1614860 336
1614870 335
1614880 335
1614890 334
1614900 334
1614910 333
1614920 332
1614930 331
1614940 330
1614950 330
1614960 329
1614970 329
1614980 329
1614990 328
1615000 328
1615010 328
1615020 327
1615030 328
1615040 328
1615050 327
1615060 327
1615070 327
1615080 326
1615090 326
1615100 325
1615110 324
1615120 323
1615130 323
1615140 322
1615150 322
1615160 321
1615170 321
1615180 321
1615190 321
1615200 321
1615210 321
1615220 321
1615230 321
1615240 321
1615250 321
1615260 320
1615270 321
1615280 322
1615290 322
1615300 322
1615310 323
1615320 323
1615330 324
1615340 325
1615350 325
1615360 325
1615370 326
1615380 327
1615390 327
1615400 328
1615410 329
1615420 330
1615430 330
1615440 331
1615450 332
1615460 332
1615470 333
1615480 333
1615490 334
1615500 334
1615510 334
1615520 335
1615530 335
1615540 336
1615550 337
1615560 337
1615570 338
1615580 339
1615590 339
1615600 339
1615610 340
1615620 341
1615630 342
1615640 342
1615650 343
1615660 343
1615670 344
1615680 345
1615690 347
1615700 349
1615710 350
1615720 351
1615730 353
1615740 353
1615750 354
1615760 355
1615770 356
1615780 356
1615790 356
1615800 357
1615810 357
1615820 357
1615830 357
1615840 357
1615850 357
1615860 357
1615870 356
1615880 356
1615890 356
1615900 356
1615910 355
1615920 355
1615930 354
1615940 352
1615950 351
1615960 350
1615970 349
1615980 348
1615990 346
1616000 345
1616010 344
1616020 344
1616030 343
1616040 342
1616050 341
1616060 339
1616070 339
1616080 338
1616090 337
1616100 337
1616110 337
1616120 336
1616130 336
1616140 336
1616150 337
1616160 337
1616170 337
1616180 338
1616190 338
1616200 338
1616210 338
1616220 338
1616230 338
1616240 338
1616250 338
1616260 339
1616270 339
1616280 338
1616290 338
1616300 338
1616310 338
1616320 338
1616330 338
1616340 338
1616350 337
1616360 337
1616370 337
1616380 337
1616390 337
1616400 336
1616410 336
1616420 336
1616430 335
1616440 335
1616450 335
1616460 334
1616470 334
1616480 333
1616490 333
1616500 332
1616510 332
1616520 332
1616530 331
1616540 331
1616550 330
1616560 330
1616570 329
1616580 329
1616590 328
1616600 327
1616610 327
1616620 326
1616630 326
1616640 325
1616650 323
1616660 322
1616670 321
1616680 321
1616690 321
1616700 321
1616710 321
1616720 321
1616730 321
1616740 321
1616750 321
1616760 322
1616770 323
1616780 324
1616790 326
1616800 328
1616810 330
1616820 331
1616830 332
1616840 333
1616850 334
1616860 335
1616870 335
1616880 336
1616890 337
1616900 339
1616910 342
1616920 344
1616930 347
1616940 350
1616950 352
1616960 354
1616970 355
1616980 356
1616990 356
1617000 357
1617010 358
1617020 358
1617030 359
1617040 359
1617050 359
1617060 360
1617070 360
1617080 360
1617090 360
1617100 361
1617110 361
1617120 361
1617130 361
1617140 361
1617150 361
1617160 362
1617170 362
1617180 362
1617190 362
1617200 362
1617210 362
1617220 362
1617230 362
1617240 362
1617250 362
1617260 362
1617270 362
1617280 362
1617290 362
1617300 362
1617310 363
1617320 363
1617330 363
1617340 363
1617350 363
1617360 363
1617370 363
1617380 364
1617390 364
1617400 364
1617410 364
1617420 364
1617430 364
1617440 365
1617450 365
1617460 365
1617470 365
1617480 365
1617490 366
1617500 366
1617510 366
1617520 366
1617530 366
1617540 366
1617550 367
1617560 367
1617570 367
1617580 367
1617590 367
1617600 367
1617610 367
1617620 367
1617630 367
1617640 367
1617650 368
1617660 368
1617670 368
1617680 368
1617690 368
1617700 368
1617710 368
1617720 369
1617730 369
1617740 369
1617750 369
1617760 369
1617770 370
1617780 370
1617790 370
1617800 370
1617810 370
1617820 370
1617830 370
1617840 370
1617850 370
1617860 370
1617870 370
1617880 370
1617890 370
1617900 370
1617910 370
1617920 370
1617930 370
1617940 370
1617950 370
1617960 370
1617970 370
1617980 370
1617990 370
1618000 370
1618010 370
1618020 369
1618030 369
1618040 369
1618050 369
1618060 369
1618070 369
1618080 369
1618090 369
1618100 369
1618110 369
1618120 369
1618130 369
1618140 369
1618150 369
1618160 369
1618170 369
1618180 369
1618190 369
1618200 369
1618210 369
1618220 369
1618230 369
1618240 369
1618250 369
1618260 369
1618270 369
1618280 369
1618290 369
1618300 369
1618310 369
1618320 369
1618330 369
1618340 369
1618350 369
1618360 369
1618370 369
1618380 369
1618390 369
1618400 369
1618410 369
1618420 369
1618430 369
1618440 369
1618450 369
1618460 369
1618470 369
1618480 369
1618490 369
1618500 368
1618510 369
1618520 369
1618530 369
1618540 368
1618550 368
1618560 368
1618570 368
1618580 368
1618590 368
1618600 368
1618610 368
1618620 368
1618630 368
1618640 367
1618650 367
1618660 367
1618670 367
1618680 367
1618690 367
1618700 367
1618710 367
1618720 367
1618730 367
1618740 367
1618750 367
1618760 366
1618770 366
1618780 366
1618790 366
1618800 366
1618810 366
1618820 366
1618830 366
1618840 366
1618850 366
1618860 366
1618870 366
1618880 367
1618890 367
1618900 367
1618910 367
1618920 367
1618930 367
1618940 367
1618950 367
1618960 367
1618970 367
1618980 367
1618990 368
1619000 368
1619010 368
1619020 368
1619030 368
1619040 368
1619050 368
1619060 368
1619070 368
1619080 368
1619090 368
1619100 368
1619110 368
1619120 368
1619130 368
1619140 368
1619150 368
1619160 368
1619170 369
1619180 369
1619190 369
1619200 369
1619210 369
1619220 369
1619230 369
1619240 369
1619250 369
1619260 369
1619270 369
1619280 369
1619290 369
1619300 369
1619310 369
1619320 369
1619330 369
1619340 369
1619350 369
1619360 369
1619370 369
1619380 369
1619390 369
1619400 369
1619410 369
1619420 369
1619430 369
1619440 369
1619450 369
1619460 369
1619470 369
1619480 369
1619490 369
1619500 369
1619510 369
1619520 369
1619530 369
1619540 369
1619550 369
1619560 369
1619570 369
1619580 369
1619590 369
1619600 369
1619610 369
1619620 369
1619630 369
1619640 369
1619650 369
1619660 369
1619670 369
1619680 368
1619690 368
1619700 368
1619710 368
1619720 369
1619730 369
1619740 369
1619750 369
1619760 369
1619770 368
1619780 368
1619790 368
1619800 368
1619810 368
1619820 368
1619830 368
1619840 368
1619850 368
1619860 368
1619870 368
1619880 368
1619890 368
1619900 368
1619910 368
1619920 369
1619930 369
1619940 369
1619950 369
1619960 369
1619970 369
1619980 369
1619990 369
