1600000 363
1600010 363
1600020 363
1600030 364
1600040 364
1600050 364
1600060 364
1600070 364
1600080 364
1600090 364
1600100 364
1600110 364
1600120 364
1600130 364
1600140 364
1600150 364
1600160 364
1600170 364
1600180 364
1600190 364
1600200 364
1600210 364
1600220 364
1600230 364
1600240 364
1600250 364
1600260 364
1600270 364
1600280 364
1600290 364
1600300 364
1600310 364
1600320 363
1600330 363
1600340 363
1600350 363
1600360 363
1600370 363
1600380 363
1600390 363
1600400 362
1600410 362
1600420 362
1600430 362
1600440 361
1600450 361
1600460 361
1600470 361
1600480 361
1600490 360
1600500 360
1600510 360
1600520 360
1600530 359
1600540 359
1600550 359
1600560 358
1600570 358
1600580 358
1600590 357
1600600 357
1600610 357
1600620 356
1600630 356
1600640 356
1600650 355
1600660 355
1600670 355
1600680 355
1600690 355
1600700 354
1600710 354
1600720 354
1600730 354
1600740 354
1600750 354
1600760 353
1600770 352
1600780 352
1600790 352
1600800 351
1600810 351
1600820 351
1600830 350
1600840 350
1600850 350
1600860 349
1600870 349
1600880 348
1600890 346
1600900 346
1600910 345
1600920 344
1600930 344
1600940 345
1600950 345
1600960 345
1600970 345
1600980 345
1600990 345
1601000 344
1601010 343
1601020 343
1601030 343
1601040 343
1601050 343
1601060 342
1601070 341
1601080 341
1601090 341
1601100 340
1601110 340
1601120 340
1601130 339
1601140 339
1601150 338
1601160 338
1601170 338
1601180 337
1601190 337
1601200 337
1601210 336
1601220 335
1601230 335
1601240 335
1601250 334
1601260 334
1601270 333
1601280 333
1601290 333
1601300 332
1601310 332
1601320 332
1601330 331
1601340 331
1601350 331
1601360 330
1601370 330
1601380 330
1601390 329
1601400 329
1601410 329
1601420 328
1601430 328
1601440 328
1601450 328
1601460 327
1601470 327
1601480 327
1601490 327
1601500 327
1601510 326
1601520 326
1601530 326
1601540 325
1601550 325
1601560 325
1601570 325
1601580 324
1601590 324
1601600 324
1601610 324
1601620 324
1601630 323
1601640 323
1601650 323
1601660 323
1601670 322
1601680 322
1601690 322
1601700 321
1601710 321
1601720 320
1601730 319
1601740 319
1601750 318
1601760 317
1601770 317
1601780 316
1601790 316
1601800 316
1601810 315
1601820 315
1601830 315
1601840 315
1601850 315
1601860 315
1601870 315
1601880 315
1601890 315
1601900 315
1601910 317
1601920 320
1601930 320
1601940 325
1601950 330
1601960 330
1601970 334
1601980 338
1601990 335
1602000 339
1602010 340
1602020 340
1602030 340
1602040 340
1602050 340
1602060 338
1602070 336
1602080 336
1602090 333
1602100 329
1602110 329
1602120 325
1602130 322
1602140 322
1602150 319
1602160 317
1602170 317
1602180 315
1602190 314
1602200 314
1602210 312
1602220 311
1602230 311
1602240 311
1602250 311
1602260 311
1602270 310
1602280 310
1602290 310
1602300 310
1602310 310
1602320 310
1602330 310
1602340 310
1602350 310
1602360 310
1602370 310
1602380 310
1602390 309
1602400 310
1602410 310
1602420 309
1602430 309
1602440 309
1602450 310
1602460 310
1602470 310
1602480 310
1602490 310
1602500 310
1602510 310
1602520 310
1602530 310
1602540 311
1602550 311
1602560 311
1602570 311
1602580 311
1602590 311
1602600 312
1602610 312
1602620 312
1602630 313
1602640 313
1602650 313
1602660 314
1602670 315
1602680 315
1602690 316
1602700 318
1602710 318
1602720 320
1602730 323
1602740 323
1602750 326
1602760 328
1602770 328
1602780 331
1602790 332
1602800 332
1602810 334
1602820 335
1602830 335
1602840 335
1602850 336
1602860 336
1602870 337
1602880 338
1602890 338
1602900 339
1602910 339
1602920 339
1602930 340
1602940 340
1602950 340
1602960 340
1602970 340
1602980 340
1602990 340
1603000 340
1603010 340
1603020 340
1603030 341
1603040 341
1603050 341
1603060 341
1603070 341
1603080 341
1603090 341
1603100 341
1603110 341
1603120 340
1603130 340
1603140 340
1603150 340
1603160 340
1603170 340
1603180 340
1603190 340
1603200 340
1603210 340
1603220 340
1603230 340
1603240 340
1603250 340
1603260 340
1603270 339
1603280 339
1603290 339
1603300 338
1603310 338
1603320 337
1603330 335
1603340 335
1603350 331
1603360 329
1603370 329
1603380 329
1603390 329
1603400 329
1603410 329
1603420 330
1603430 330
1603440 332
1603450 333
1603460 333
1603470 335
1603480 336
1603490 336
1603500 337
1603510 339
1603520 339
1603530 340
1603540 340
1603550 340
1603560 341
1603570 341
1603580 341
1603590 341
1603600 342
1603610 342
1603620 342
1603630 342
1603640 342
1603650 342
1603660 342
1603670 342
1603680 342
1603690 343
1603700 343
1603710 343
1603720 342
1603730 342
1603740 342
1603750 342
1603760 342
1603770 342
1603780 342
1603790 342
1603800 342
1603810 341
1603820 341
1603830 341
1603840 341
1603850 341
1603860 341
1603870 341
1603880 341
1603890 341
1603900 340
1603910 340
1603920 340
1603930 340
1603940 341
1603950 341
1603960 342
1603970 342
1603980 342
1603990 343
1604000 343
1604010 343
1604020 343
1604030 344
1604040 344
1604050 344
1604060 344
1604070 344
1604080 344
1604090 344
1604100 344
1604110 345
1604120 345
1604130 345
1604140 345
1604150 345
1604160 345
1604170 345
1604180 345
1604190 345
1604200 346
1604210 346
1604220 346
1604230 346
1604240 346
1604250 346
1604260 346
1604270 346
1604280 346
1604290 346
1604300 346
1604310 346
1604320 346
1604330 346
1604340 346
1604350 346
1604360 346
1604370 346
1604380 346
1604390 346
1604400 346
1604410 346
1604420 345
1604430 345
1604440 345
1604450 345
1604460 345
1604470 345
1604480 345
1604490 345
1604500 345
1604510 345
1604520 345
1604530 345
1604540 345
1604550 345
1604560 345
1604570 344
1604580 344
1604590 344
1604600 343
1604610 343
1604620 342
1604630 342
1604640 342
1604650 342
1604660 342
1604670 342
1604680 343
1604690 344
1604700 344
1604710 345
1604720 345
1604730 345
1604740 345
1604750 345
1604760 345
1604770 346
1604780 346
1604790 346
1604800 346
1604810 347
1604820 347
1604830 347
1604840 347
1604850 347
1604860 348
1604870 348
1604880 348
1604890 348
1604900 348
1604910 348
1604920 349
1604930 349
1604940 349
1604950 349
1604960 350
1604970 350
1604980 350
1604990 350
1605000 350
1605010 351
1605020 351
1605030 351
1605040 351
1605050 351
1605060 351
1605070 352
1605080 352
1605090 352
1605100 352
1605110 353
1605120 353
1605130 353
1605140 353
1605150 353
1605160 354
1605170 354
1605180 354
1605190 354
1605200 355
1605210 355
1605220 355
1605230 355
1605240 355
1605250 355
1605260 356
1605270 356
1605280 356
1605290 357
1605300 357
1605310 357
1605320 357
1605330 357
1605340 357
1605350 358
1605360 358
1605370 358
1605380 358
1605390 358
1605400 358
1605410 359
1605420 359
1605430 359
1605440 359
1605450 359
1605460 359
1605470 360
1605480 360
1605490 360
1605500 360
1605510 360
1605520 360
1605530 360
1605540 360
1605550 360
1605560 361
1605570 361
1605580 361
1605590 361
1605600 361
1605610 361
1605620 361
1605630 361
1605640 361
1605650 361
1605660 361
1605670 361
1605680 361
1605690 361
1605700 361
1605710 361
1605720 361
1605730 361
1605740 362
1605750 362
1605760 362
1605770 362
1605780 362
1605790 362
1605800 362
1605810 362
1605820 362
1605830 362
1605840 362
1605850 362
1605860 362
1605870 362
1605880 362
1605890 362
1605900 361
1605910 361
1605920 361
1605930 361
1605940 361
1605950 361
1605960 361
1605970 361
1605980 361
1605990 360
1606000 360
1606010 360
1606020 360
1606030 360
1606040 360
1606050 359
1606060 359
1606070 359
1606080 359
1606090 359
1606100 358
1606110 358
1606120 358
1606130 358
1606140 357
1606150 357
1606160 357
1606170 356
1606180 356
1606190 356
1606200 355
1606210 355
1606220 354
1606230 354
1606240 354
1606250 353
1606260 353
1606270 353
1606280 352
1606290 351
1606300 351
1606310 350
1606320 349
1606330 349
1606340 347
1606350 346
1606360 346
1606370 345
1606380 344
1606390 344
1606400 343
1606410 341
1606420 341
1606430 337
1606440 335
1606450 335
1606460 333
1606470 331
1606480 331
1606490 330
1606500 328
1606510 328
1606520 327
1606530 326
1606540 326
1606550 325
1606560 324
1606570 324
1606580 324
1606590 323
1606600 323
1606610 322
1606620 321
1606630 321
1606640 320
1606650 320
1606660 320
1606670 319
1606680 318
1606690 318
1606700 318
1606710 317
1606720 317
1606730 316
1606740 315
1606750 315
1606760 315
1606770 314
1606780 314
1606790 314
1606800 313
1606810 313
1606820 312
1606830 312
1606840 312
1606850 312
1606860 312
1606870 312
1606880 312
1606890 312
1606900 312
1606910 312
1606920 311
1606930 311
1606940 311
1606950 310
1606960 310
1606970 309
1606980 309
1606990 309
1607000 309
1607010 308
1607020 308
1607030 308
1607040 308
1607050 308
1607060 308
1607070 308
1607080 307
1607090 307
1607100 307
1607110 307
1607120 307
1607130 307
1607140 307
1607150 307
1607160 307
1607170 306
1607180 306
1607190 306
1607200 306
1607210 306
1607220 306
1607230 307
1607240 307
1607250 307
1607260 307
1607270 307
1607280 308
1607290 308
1607300 308
1607310 308
1607320 308
1607330 308
1607340 308
1607350 308
1607360 308
1607370 308
1607380 309
1607390 309
1607400 310
1607410 310
1607420 310
1607430 310
1607440 310
1607450 310
1607460 310
1607470 310
1607480 310
1607490 310
1607500 310
1607510 310
1607520 310
1607530 310
1607540 310
1607550 310
1607560 310
1607570 310
1607580 310
1607590 310
1607600 310
1607610 310
1607620 310
1607630 310
1607640 310
1607650 310
1607660 310
1607670 309
1607680 309
1607690 309
1607700 309
1607710 309
1607720 309
1607730 309
1607740 309
1607750 309
1607760 309
1607770 309
1607780 309
1607790 309
1607800 309
1607810 309
1607820 309
1607830 309
1607840 309
1607850 309
1607860 309
1607870 309
1607880 310
1607890 310
1607900 310
1607910 310
1607920 310
1607930 310
1607940 310
1607950 310
1607960 310
1607970 310
1607980 310
1607990 310
1608000 310
1608010 310
1608020 310
1608030 310
1608040 310
1608050 310
1608060 310
1608070 310
1608080 310
1608090 310
1608100 310
1608110 310
1608120 310
1608130 310
1608140 310
1608150 310
1608160 310
1608170 310
1608180 310
1608190 310
1608200 310
1608210 310
1608220 310
1608230 310
1608240 310
1608250 310
1608260 310
1608270 310
1608280 310
1608290 310
1608300 310
1608310 310
1608320 310
1608330 310
1608340 310
1608350 310
1608360 310
1608370 310
1608380 310
1608390 310
1608400 310
1608410 310
1608420 310
1608430 310
1608440 310
1608450 310
1608460 310
1608470 310
1608480 310
1608490 310
1608500 310
1608510 310
1608520 310
1608530 310
1608540 310
1608550 310
1608560 310
1608570 310
1608580 310
1608590 310
1608600 310
1608610 310
1608620 310
1608630 310
1608640 310
1608650 310
1608660 310
1608670 310
1608680 310
1608690 310
1608700 310
1608710 310
1608720 310
1608730 310
1608740 310
1608750 310
1608760 310
1608770 310
1608780 310
1608790 310
1608800 310
1608810 310
1608820 310
1608830 310
1608840 310
1608850 310
1608860 310
1608870 310
1608880 310
1608890 310
1608900 310
1608910 310
1608920 310
1608930 310
1608940 310
1608950 310
1608960 310
1608970 310
1608980 310
1608990 310
1609000 310
1609010 310
1609020 310
1609030 310
1609040 310
1609050 310
1609060 310
1609070 310
1609080 310
1609090 309
1609100 309
1609110 309
1609120 309
1609130 309
1609140 309
1609150 309
1609160 309
1609170 309
1609180 310
1609190 310
1609200 310
1609210 309
1609220 309
1609230 309
1609240 309
1609250 309
1609260 309
1609270 309
1609280 309
1609290 309
1609300 309
1609310 309
1609320 309
1609330 310
1609340 310
1609350 310
1609360 310
1609370 310
1609380 310
1609390 310
1609400 310
1609410 310
1609420 310
1609430 310
1609440 310
1609450 310
1609460 310
1609470 310
1609480 310
1609490 310
1609500 310
1609510 310
1609520 310
1609530 310
1609540 310
1609550 310
1609560 310
1609570 310
1609580 311
1609590 311
1609600 311
1609610 311
1609620 311
1609630 311
1609640 311
1609650 311
1609660 311
1609670 311
1609680 311
1609690 311
1609700 311
1609710 311
1609720 311
1609730 311
1609740 311
1609750 311
1609760 311
1609770 311
1609780 311
1609790 311
1609800 311
1609810 311
1609820 311
1609830 311
1609840 310
1609850 310
1609860 310
1609870 310
1609880 309
1609890 309
1609900 308
1609910 307
1609920 307
1609930 307
1609940 306
1609950 306
1609960 305
1609970 304
1609980 304
1609990 303
1610000 302
1610010 302
1610020 302
1610030 301
1610040 301
1610050 301
1610060 301
1610070 301
1610080 302
1610090 303
1610100 303
1610110 303
1610120 304
1610130 304
1610140 304
1610150 304
1610160 304
1610170 303
1610180 303
1610190 303
1610200 302
1610210 301
1610220 301
1610230 300
1610240 299
1610250 299
1610260 298
1610270 297
1610280 297
1610290 296
1610300 295
1610310 295
1610320 295
1610330 294
1610340 294
1610350 294
1610360 294
1610370 294
1610380 293
1610390 293
1610400 293
1610410 293
1610420 294
1610430 294
1610440 294
1610450 294
1610460 294
1610470 294
1610480 294
1610490 293
1610500 293
1610510 293
1610520 292
1610530 292
1610540 291
1610550 290
1610560 290
1610570 290
1610580 289
1610590 289
1610600 289
1610610 289
1610620 289
1610630 289
1610640 289
1610650 289
1610660 289
1610670 289
1610680 289
1610690 289
1610700 289
1610710 289
1610720 289
1610730 289
1610740 289
1610750 289
1610760 289
1610770 289
1610780 289
1610790 289
1610800 289
1610810 289
1610820 289
1610830 289
1610840 289
1610850 289
1610860 289
1610870 290
1610880 289
1610890 289
1610900 289
1610910 289
1610920 289
1610930 290
1610940 289
1610950 289
1610960 289
1610970 289
1610980 289
1610990 289
1611000 289
1611010 289
1611020 289
1611030 288
1611040 288
1611050 288
1611060 288
1611070 288
1611080 289
1611090 289
1611100 289
1611110 289
1611120 289
1611130 289
1611140 289
1611150 289
1611160 289
1611170 289
1611180 289
1611190 289
1611200 289
1611210 289
1611220 289
1611230 288
1611240 288
1611250 288
1611260 288
1611270 288
1611280 288
1611290 288
1611300 287
1611310 287
1611320 287
1611330 287
1611340 287
1611350 286
1611360 286
1611370 286
1611380 286
1611390 286
1611400 286
1611410 286
1611420 286
1611430 286
1611440 286
1611450 286
1611460 286
1611470 286
1611480 286
1611490 286
1611500 286
1611510 286
1611520 286
1611530 286
1611540 286
1611550 286
1611560 286
1611570 286
1611580 286
1611590 286
1611600 286
1611610 286
1611620 286
1611630 286
1611640 286
1611650 286
1611660 286
1611670 286
1611680 286
1611690 285
1611700 285
1611710 285
1611720 285
1611730 285
1611740 285
1611750 285
1611760 285
1611770 285
1611780 283
1611790 283
1611800 281
1611810 279
1611820 279
1611830 277
1611840 277
1611850 277
1611860 277
1611870 277
1611880 277
1611890 276
1611900 274
1611910 274
1611920 273
1611930 271
1611940 271
1611950 270
1611960 269
1611970 269
1611980 269
1611990 269
1612000 269
1612010 269
1612020 269
1612030 269
1612040 269
1612050 269
1612060 269
1612070 269
1612080 269
1612090 269
1612100 269
1612110 269
1612120 269
1612130 268
1612140 268
1612150 268
1612160 269
1612170 269
1612180 269
1612190 269
1612200 269
1612210 269
1612220 269
1612230 269
1612240 269
1612250 269
1612260 269
1612270 269
1612280 269
1612290 268
1612300 268
1612310 268
1612320 268
1612330 268
1612340 268
1612350 268
1612360 268
1612370 268
1612380 268
1612390 268
1612400 268
1612410 268
1612420 268
1612430 268
1612440 268
1612450 268
1612460 268
1612470 268
1612480 268
1612490 268
1612500 268
1612510 268
1612520 268
1612530 268
1612540 268
1612550 268
1612560 268
1612570 268
1612580 268
1612590 268
1612600 268
1612610 268
1612620 268
1612630 268
1612640 268
1612650 268
1612660 268
1612670 268
1612680 268
1612690 268
1612700 268
1612710 268
1612720 268
1612730 268
1612740 268
1612750 268
1612760 268
1612770 268
1612780 268
1612790 268
1612800 268
1612810 268
1612820 268
1612830 268
1612840 268
1612850 268
1612860 268
1612870 268
1612880 268
1612890 268
1612900 268
1612910 268
1612920 268
1612930 268
1612940 268
1612950 268
1612960 268
1612970 268
1612980 268
1612990 268
1613000 268
1613010 270
1613020 271
1613030 271
1613040 272
1613050 275
1613060 275
1613070 279
1613080 283
1613090 283
1613100 287
1613110 292
1613120 292
1613130 297
1613140 306
1613150 306
1613160 312
1613170 315
1613180 315
1613190 321
1613200 329
1613210 329
1613220 337
1613230 345
1613240 345
1613250 352
1613260 357
1613270 357
1613280 360
1613290 360
1613300 360
1613310 360
1613320 360
1613330 360
1613340 359
1613350 359
1613360 359
1613370 359
1613380 359
1613390 359
1613400 359
1613410 359
1613420 359
1613430 358
1613440 358
1613450 358
1613460 358
1613470 358
1613480 358
1613490 358
1613500 358
1613510 358
1613520 358
1613530 357
1613540 358
1613550 357
1613560 357
1613570 357
1613580 357
1613590 357
1613600 357
1613610 357
1613620 357
1613630 357
1613640 356
1613650 356
1613660 356
1613670 356
1613680 356
1613690 356
1613700 356
1613710 356
1613720 356
1613730 356
1613740 356
1613750 356
1613760 356
1613770 356
1613780 356
1613790 355
1613800 355
1613810 355
1613820 355
1613830 355
1613840 355
1613850 355
1613860 355
1613870 355
1613880 355
1613890 355
1613900 355
1613910 355
1613920 355
1613930 355
1613940 355
1613950 355
1613960 354
1613970 354
1613980 354
1613990 354
1614000 354
1614010 354
1614020 354
1614030 354
1614040 354
1614050 354
1614060 354
1614070 354
1614080 354
1614090 354
1614100 354
1614110 354
1614120 354
1614130 354
1614140 354
1614150 354
1614160 354
1614170 354
1614180 354
1614190 354
1614200 353
1614210 353
1614220 353
1614230 353
1614240 353
1614250 353
1614260 353
1614270 353
1614280 353
1614290 353
1614300 353
1614310 352
1614320 352
1614330 352
1614340 352
1614350 352
1614360 352
1614370 351
1614380 351
1614390 351
1614400 351
1614410 350
1614420 350
1614430 350
1614440 349
1614450 349
1614460 349
1614470 348
1614480 348
1614490 348
1614500 347
1614510 347
1614520 346
1614530 345
1614540 345
1614550 345
1614560 344
1614570 344
1614580 343
1614590 342
1614600 342
1614610 340
1614620 338
1614630 338
1614640 336
1614650 335
1614660 335
1614670 333
1614680 333
1614690 333
1614700 333
1614710 334
1614720 334
1614730 335
1614740 336
1614750 336
1614760 337
1614770 338
1614780 338
1614790 339
1614800 340
1614810 340
1614820 340
1614830 341
1614840 341
1614850 343
1614860 344
1614870 344
1614880 345
1614890 346
1614900 346
1614910 348
1614920 349
1614930 349
1614940 350
1614950 351
1614960 351
1614970 352
1614980 352
1614990 352
1615000 353
1615010 353
1615020 353
1615030 354
1615040 355
1615050 355
1615060 355
1615070 356
1615080 356
1615090 356
1615100 356
1615110 356
1615120 357
1615130 358
1615140 358
1615150 358
1615160 359
1615170 359
1615180 359
1615190 359
1615200 359
1615210 359
1615220 359
1615230 359
1615240 360
1615250 360
1615260 360
1615270 360
1615280 360
1615290 360
1615300 359
1615310 359
1615320 359
1615330 359
1615340 358
1615350 358
1615360 358
1615370 358
1615380 358
1615390 357
1615400 357
1615410 357
1615420 356
1615430 355
1615440 355
1615450 355
1615460 354
1615470 354
1615480 353
1615490 353
1615500 353
1615510 352
1615520 352
1615530 351
1615540 351
1615550 350
1615560 350
1615570 349
1615580 348
1615590 348
1615600 348
1615610 347
1615620 346
1615630 346
1615640 345
1615650 345
1615660 345
1615670 344
1615680 343
1615690 343
1615700 342
1615710 339
1615720 339
1615730 337
1615740 336
1615750 336
1615760 335
1615770 333
1615780 333
1615790 331
1615800 329
1615810 329
1615820 328
1615830 326
1615840 326
1615850 325
1615860 323
1615870 323
1615880 322
1615890 321
1615900 321
1615910 320
1615920 318
1615930 318
1615940 316
1615950 314
1615960 314
1615970 313
1615980 313
1615990 313
1616000 313
1616010 313
1616020 313
1616030 316
1616040 319
1616050 319
1616060 321
1616070 323
1616080 323
1616090 324
1616100 325
1616110 325
1616120 326
1616130 327
1616140 327
1616150 327
1616160 327
1616170 327
1616180 327
1616190 326
1616200 326
1616210 325
1616220 325
1616230 325
1616240 324
1616250 323
1616260 323
1616270 322
1616280 321
1616290 321
1616300 320
1616310 319
1616320 319
1616330 318
1616340 317
1616350 317
1616360 315
1616370 314
1616380 314
1616390 312
1616400 311
1616410 311
1616420 309
1616430 308
1616440 308
1616450 306
1616460 305
1616470 305
1616480 304
1616490 302
1616500 302
1616510 301
1616520 299
1616530 299
1616540 298
1616550 297
1616560 297
1616570 296
1616580 295
1616590 295
1616600 294
1616610 293
1616620 293
1616630 292
1616640 290
1616650 290
1616660 290
1616670 289
1616680 289
1616690 289
1616700 289
1616710 289
1616720 289
1616730 288
1616740 288
1616750 288
1616760 289
1616770 289
1616780 289
1616790 289
1616800 289
1616810 289
1616820 289
1616830 289
1616840 289
1616850 289
1616860 289
1616870 289
1616880 289
1616890 289
1616900 288
1616910 289
1616920 289
1616930 290
1616940 290
1616950 290
1616960 290
1616970 291
1616980 291
1616990 291
1617000 291
1617010 291
1617020 291
1617030 291
1617040 291
1617050 292
1617060 292
1617070 292
1617080 293
1617090 294
1617100 294
1617110 295
1617120 295
1617130 295
1617140 296
1617150 298
1617160 298
1617170 300
1617180 303
1617190 303
1617200 305
1617210 307
1617220 307
1617230 308
1617240 311
1617250 311
1617260 313
1617270 314
1617280 314
1617290 316
1617300 318
1617310 318
1617320 319
1617330 320
1617340 319
1617350 319
1617360 315
1617370 312
1617380 312
1617390 311
1617400 311
1617410 311
1617420 313
1617430 317
1617440 317
1617450 321
1617460 326
1617470 326
1617480 328
1617490 330
1617500 330
1617510 331
1617520 332
1617530 332
1617540 332
1617550 333
1617560 333
1617570 334
1617580 335
1617590 335
1617600 335
1617610 335
1617620 335
1617630 336
1617640 337
1617650 337
1617660 337
1617670 338
1617680 338
1617690 339
1617700 340
1617710 340
1617720 341
1617730 341
1617740 341
1617750 342
1617760 343
1617770 343
1617780 343
1617790 345
1617800 345
1617810 345
1617820 346
1617830 346
1617840 346
1617850 347
1617860 347
1617870 347
1617880 347
1617890 347
1617900 347
1617910 348
1617920 348
1617930 348
1617940 349
1617950 349
1617960 349
1617970 349
1617980 349
1617990 349
1618000 349
1618010 349
1618020 349
1618030 349
1618040 349
1618050 348
1618060 348
1618070 348
1618080 348
1618090 347
1618100 347
1618110 346
1618120 346
1618130 346
1618140 346
1618150 346
1618160 346
1618170 346
1618180 346
1618190 346
1618200 345
1618210 345
1618220 345
1618230 345
1618240 345
1618250 345
1618260 345
1618270 345
1618280 345
1618290 345
1618300 345
1618310 345
1618320 345
1618330 345
1618340 345
1618350 344
1618360 344
1618370 344
1618380 344
1618390 344
1618400 344
1618410 343
1618420 343
1618430 343
1618440 343
1618450 342
1618460 343
1618470 343
1618480 342
1618490 342
1618500 342
1618510 341
1618520 341
1618530 340
1618540 339
1618550 339
1618560 339
1618570 338
1618580 338
1618590 336
1618600 334
1618610 334
1618620 332
1618630 330
1618640 330
1618650 327
1618660 323
1618670 323
1618680 321
1618690 319
1618700 319
1618710 317
1618720 316
1618730 316
1618740 315
1618750 315
1618760 315
1618770 315
1618780 316
1618790 316
1618800 318
1618810 319
1618820 319
1618830 320
1618840 321
1618850 321
1618860 321
1618870 321
1618880 321
1618890 321
1618900 321
1618910 321
1618920 321
1618930 321
1618940 321
1618950 321
1618960 321
1618970 321
1618980 321
1618990 320
1619000 320
1619010 319
1619020 317
1619030 317
1619040 316
1619050 315
1619060 315
1619070 315
1619080 315
1619090 315
1619100 315
1619110 316
1619120 317
1619130 317
1619140 317
1619150 317
1619160 317
1619170 318
1619180 318
1619190 318
1619200 319
1619210 319
1619220 319
1619230 319
1619240 319
1619250 319
1619260 319
1619270 319
1619280 319
1619290 319
1619300 317
1619310 317
1619320 311
1619330 316
1619340 316
1619350 319
1619360 319
1619370 319
1619380 319
1619390 319
1619400 319
1619410 319
1619420 319
1619430 319
1619440 318
1619450 318
1619460 318
1619470 318
1619480 317
1619490 317
1619500 317
1619510 316
1619520 316
1619530 315
1619540 315
1619550 315
1619560 314
1619570 314
1619580 314
1619590 313
1619600 313
1619610 313
1619620 312
1619630 312
1619640 312
1619650 312
1619660 311
1619670 311
1619680 311
1619690 311
1619700 311
1619710 311
1619720 312
1619730 312
1619740 312
1619750 312
1619760 312
1619770 312
1619780 312
1619790 312
1619800 313
1619810 313
1619820 313
1619830 314
1619840 315
1619850 315
1619860 317
1619870 317
1619880 317
1619890 318
1619900 319
1619910 319
1619920 319
1619930 319
1619940 319
1619950 319
1619960 319
1619970 319
1619980 319
1619990 319
