1600000 331
1600010 331
1600020 331
1600030 332
1600040 332
1600050 333
1600060 334
1600070 334
1600080 334
1600090 335
1600100 335
1600110 336
1600120 336
1600130 337
1600140 337
1600150 337
1600160 338
1600170 338
1600180 337
1600190 338
1600200 338
1600210 338
1600220 339
1600230 339
1600240 340
1600250 340
1600260 340
1600270 340
1600280 339
1600290 339
1600300 339
1600310 339
1600320 339
1600330 339
1600340 338
1600350 338
1600360 338
1600370 338
1600380 338
1600390 338
1600400 337
1600410 337
1600420 337
1600430 336
1600440 336
1600450 336
1600460 335
1600470 335
1600480 335
1600490 334
1600500 334
1600510 334
1600520 334
1600530 334
1600540 333
1600550 333
1600560 333
1600570 332
1600580 332
1600590 332
1600600 331
1600610 331
1600620 331
1600630 330
1600640 330
1600650 330
1600660 329
1600670 329
1600680 329
1600690 328
1600700 328
1600710 328
1600720 327
1600730 327
1600740 327
1600750 326
1600760 326
1600770 326
1600780 326
1600790 325
1600800 325
1600810 325
1600820 324
1600830 324
1600840 324
1600850 323
1600860 323
1600870 323
1600880 322
1600890 322
1600900 322
1600910 322
1600920 322
1600930 321
1600940 321
1600950 321
1600960 321
1600970 320
1600980 320
1600990 320
1601000 320
1601010 320
1601020 319
1601030 319
1601040 319
1601050 319
1601060 318
1601070 318
1601080 318
1601090 318
1601100 318
1601110 317
1601120 317
1601130 317
1601140 317
1601150 317
1601160 317
1601170 316
1601180 316
1601190 316
1601200 316
1601210 315
1601220 315
1601230 315
1601240 315
1601250 315
1601260 314
1601270 314
1601280 314
1601290 314
1601300 314
1601310 314
1601320 313
1601330 313
1601340 313
1601350 313
1601360 313
1601370 313
1601380 312
1601390 312
1601400 312
1601410 311
1601420 311
1601430 311
1601440 311
1601450 310
1601460 310
1601470 310
1601480 309
1601490 309
1601500 309
1601510 308
1601520 308
1601530 308
1601540 308
1601550 308
1601560 307
1601570 307
1601580 307
1601590 307
1601600 307
1601610 307
1601620 307
1601630 307
1601640 307
1601650 307
1601660 307
1601670 307
1601680 306
1601690 307
1601700 307
1601710 307
1601720 307
1601730 307
1601740 308
1601750 308
1601760 308
1601770 308
1601780 309
1601790 309
1601800 309
1601810 309
1601820 309
1601830 310
1601840 310
1601850 310
1601860 311
1601870 312
1601880 312
1601890 314
1601900 316
1601910 316
1601920 318
1601930 322
1601940 322
1601950 326
1601960 329
1601970 331
1601980 331
1601990 332
1602000 334
1602010 333
1602020 334
1602030 335
1602040 335
1602050 336
1602060 336
1602070 336
1602080 337
1602090 337
1602100 337
1602110 337
1602120 337
1602130 337
1602140 337
1602150 337
1602160 337
1602170 337
1602180 337
1602190 337
1602200 337
1602210 337
1602220 337
1602230 337
1602240 337
1602250 337
1602260 337
1602270 337
1602280 337
1602290 336
1602300 335
1602310 335
1602320 335
1602330 333
1602340 333
1602350 331
1602360 327
1602370 327
1602380 321
1602390 315
1602400 315
1602410 310
1602420 306
1602430 306
1602440 304
1602450 304
1602460 304
1602470 303
1602480 302
1602490 302
1602500 302
1602510 302
1602520 302
1602530 302
1602540 302
1602550 302
1602560 302
1602570 302
1602580 302
1602590 302
1602600 302
1602610 302
1602620 302
1602630 302
1602640 302
1602650 302
1602660 302
1602670 302
1602680 302
1602690 302
1602700 302
1602710 303
1602720 303
1602730 303
1602740 305
1602750 306
1602760 306
1602770 307
1602780 309
1602790 309
1602800 312
1602810 315
1602820 315
1602830 318
1602840 320
1602850 320
1602860 320
1602870 320
1602880 320
1602890 319
1602900 317
1602910 317
1602920 317
1602930 318
1602940 318
1602950 320
1602960 322
1602970 322
1602980 325
1602990 328
1603000 328
1603010 331
1603020 333
1603030 333
1603040 333
1603050 333
1603060 333
1603070 333
1603080 334
1603090 334
1603100 334
1603110 335
1603120 335
1603130 335
1603140 335
1603150 335
1603160 335
1603170 336
1603180 336
1603190 336
1603200 337
1603210 337
1603220 337
1603230 338
1603240 338
1603250 338
1603260 338
1603270 338
1603280 339
1603290 339
1603300 339
1603310 339
1603320 340
1603330 340
1603340 340
1603350 340
1603360 340
1603370 340
1603380 340
1603390 340
1603400 340
1603410 340
1603420 340
1603430 340
1603440 340
1603450 340
1603460 341
1603470 341
1603480 341
1603490 341
1603500 341
1603510 341
1603520 341
1603530 340
1603540 340
1603550 340
1603560 340
1603570 340
1603580 340
1603590 340
1603600 340
1603610 340
1603620 339
1603630 339
1603640 339
1603650 339
1603660 339
1603670 338
1603680 338
1603690 338
1603700 338
1603710 337
1603720 337
1603730 337
1603740 336
1603750 336
1603760 336
1603770 335
1603780 335
1603790 335
1603800 334
1603810 333
1603820 333
1603830 333
1603840 332
1603850 332
1603860 331
1603870 330
1603880 330
1603890 330
1603900 329
1603910 329
1603920 329
1603930 328
1603940 328
1603950 328
1603960 327
1603970 327
1603980 326
1603990 325
1604000 325
1604010 324
1604020 323
1604030 323
1604040 323
1604050 322
1604060 322
1604070 321
1604080 321
1604090 321
1604100 320
1604110 320
1604120 320
1604130 319
1604140 319
1604150 319
1604160 319
1604170 319
1604180 319
1604190 320
1604200 322
1604210 322
1604220 328
1604230 332
1604240 332
1604250 334
1604260 335
1604270 335
1604280 336
1604290 337
1604300 337
1604310 337
1604320 338
1604330 338
1604340 338
1604350 338
1604360 338
1604370 338
1604380 339
1604390 339
1604400 339
1604410 339
1604420 339
1604430 339
1604440 339
1604450 339
1604460 339
1604470 339
1604480 339
1604490 338
1604500 338
1604510 338
1604520 338
1604530 338
1604540 338
1604550 338
1604560 337
1604570 337
1604580 337
1604590 336
1604600 336
1604610 336
1604620 335
1604630 335
1604640 334
1604650 333
1604660 333
1604670 332
1604680 331
1604690 331
1604700 329
1604710 328
1604720 328
1604730 327
1604740 326
1604750 326
1604760 325
1604770 326
1604780 326
1604790 326
1604800 327
1604810 327
1604820 328
1604830 329
1604840 329
1604850 330
1604860 331
1604870 331
1604880 332
1604890 332
1604900 332
1604910 332
1604920 332
1604930 332
1604940 332
1604950 332
1604960 332
1604970 331
1604980 331
1604990 331
1605000 331
1605010 331
1605020 331
1605030 331
1605040 331
1605050 331
1605060 332
1605070 332
1605080 332
1605090 332
1605100 332
1605110 332
1605120 333
1605130 333
1605140 333
1605150 334
1605160 334
1605170 334
1605180 334
1605190 335
1605200 335
1605210 335
1605220 335
1605230 335
1605240 336
1605250 336
1605260 336
1605270 336
1605280 336
1605290 336
1605300 337
1605310 337
1605320 337
1605330 338
1605340 338
1605350 338
1605360 339
1605370 339
1605380 339
1605390 340
1605400 340
1605410 340
1605420 341
1605430 341
1605440 341
1605450 342
1605460 342
1605470 342
1605480 343
1605490 343
1605500 343
1605510 344
1605520 344
1605530 344
1605540 345
1605550 346
1605560 346
1605570 346
1605580 347
1605590 347
1605600 347
1605610 347
1605620 348
1605630 348
1605640 348
1605650 348
1605660 348
1605670 349
1605680 349
1605690 349
1605700 350
1605710 350
1605720 350
1605730 350
1605740 351
1605750 351
1605760 351
1605770 351
1605780 351
1605790 352
1605800 352
1605810 352
1605820 352
1605830 352
1605840 352
1605850 353
1605860 353
1605870 353
1605880 353
1605890 353
1605900 353
1605910 353
1605920 353
1605930 353
1605940 353
1605950 353
1605960 353
1605970 353
1605980 353
1605990 353
1606000 353
1606010 353
1606020 353
1606030 353
1606040 353
1606050 353
1606060 352
1606070 352
1606080 352
1606090 351
1606100 351
1606110 351
1606120 351
1606130 350
1606140 350
1606150 349
1606160 349
1606170 349
1606180 348
1606190 347
1606200 347
1606210 346
1606220 345
1606230 345
1606240 344
1606250 343
1606260 343
1606270 342
1606280 340
1606290 340
1606300 338
1606310 336
1606320 336
1606330 333
1606340 329
1606350 329
1606360 326
1606370 324
1606380 324
1606390 323
1606400 321
1606410 321
1606420 320
1606430 319
1606440 319
1606450 318
1606460 317
1606470 317
1606480 315
1606490 314
1606500 314
1606510 313
1606520 312
1606530 312
1606540 311
1606550 311
1606560 311
1606570 310
1606580 309
1606590 309
1606600 308
1606610 307
1606620 307
1606630 306
1606640 305
1606650 305
1606660 304
1606670 303
1606680 303
1606690 303
1606700 302
1606710 302
1606720 302
1606730 301
1606740 301
1606750 301
1606760 301
1606770 301
1606780 301
1606790 302
1606800 302
1606810 302
1606820 302
1606830 302
1606840 303
1606850 303
1606860 303
1606870 303
1606880 303
1606890 303
1606900 304
1606910 304
1606920 304
1606930 305
1606940 305
1606950 305
1606960 305
1606970 306
1606980 306
1606990 306
1607000 306
1607010 306
1607020 306
1607030 306
1607040 306
1607050 306
1607060 306
1607070 306
1607080 306
1607090 306
1607100 306
1607110 306
1607120 306
1607130 306
1607140 306
1607150 306
1607160 306
1607170 306
1607180 306
1607190 306
1607200 306
1607210 307
1607220 307
1607230 307
1607240 306
1607250 306
1607260 306
1607270 306
1607280 306
1607290 306
1607300 306
1607310 306
1607320 306
1607330 306
1607340 306
1607350 306
1607360 307
1607370 307
1607380 307
1607390 306
1607400 306
1607410 307
1607420 307
1607430 306
1607440 306
1607450 306
1607460 306
1607470 306
1607480 306
1607490 306
1607500 306
1607510 306
1607520 306
1607530 306
1607540 306
1607550 306
1607560 306
1607570 306
1607580 306
1607590 306
1607600 306
1607610 306
1607620 306
1607630 306
1607640 306
1607650 306
1607660 306
1607670 306
1607680 306
1607690 306
1607700 306
1607710 306
1607720 306
1607730 305
1607740 305
1607750 305
1607760 305
1607770 305
1607780 305
1607790 305
1607800 305
1607810 305
1607820 306
1607830 306
1607840 306
1607850 306
1607860 306
1607870 306
1607880 306
1607890 306
1607900 306
1607910 306
1607920 306
1607930 306
1607940 306
1607950 306
1607960 306
1607970 306
1607980 306
1607990 306
1608000 306
1608010 306
1608020 306
1608030 306
1608040 306
1608050 306
1608060 306
1608070 306
1608080 306
1608090 306
1608100 306
1608110 306
1608120 306
1608130 306
1608140 306
1608150 306
1608160 306
1608170 306
1608180 306
1608190 306
1608200 306
1608210 306
1608220 306
1608230 306
1608240 306
1608250 306
1608260 306
1608270 306
1608280 306
1608290 307
1608300 307
1608310 307
1608320 307
1608330 307
1608340 307
1608350 306
1608360 306
1608370 306
1608380 306
1608390 306
1608400 306
1608410 306
1608420 306
1608430 306
1608440 306
1608450 306
1608460 306
1608470 306
1608480 306
1608490 306
1608500 306
1608510 306
1608520 306
1608530 306
1608540 306
1608550 306
1608560 306
1608570 306
1608580 306
1608590 306
1608600 306
1608610 306
1608620 306
1608630 306
1608640 306
1608650 306
1608660 307
1608670 307
1608680 307
1608690 307
1608700 307
1608710 307
1608720 307
1608730 307
1608740 307
1608750 307
1608760 307
1608770 307
1608780 307
1608790 307
1608800 307
1608810 307
1608820 307
1608830 307
1608840 307
1608850 307
1608860 308
1608870 308
1608880 308
1608890 308
1608900 308
1608910 308
1608920 308
1608930 308
1608940 308
1608950 308
1608960 308
1608970 308
1608980 308
1608990 308
1609000 308
1609010 308
1609020 308
1609030 308
1609040 308
1609050 308
1609060 308
1609070 308
1609080 308
1609090 308
1609100 308
1609110 308
1609120 308
1609130 308
1609140 308
1609150 308
1609160 308
1609170 308
1609180 308
1609190 308
1609200 308
1609210 308
1609220 308
1609230 308
1609240 308
1609250 308
1609260 308
1609270 308
1609280 308
1609290 308
1609300 307
1609310 307
1609320 307
1609330 307
1609340 307
1609350 307
1609360 307
1609370 307
1609380 306
1609390 306
1609400 306
1609410 306
1609420 306
1609430 306
1609440 306
1609450 306
1609460 306
1609470 306
1609480 306
1609490 306
1609500 306
1609510 306
1609520 306
1609530 306
1609540 305
1609550 305
1609560 305
1609570 305
1609580 305
1609590 305
1609600 305
1609610 305
1609620 305
1609630 305
1609640 305
1609650 305
1609660 304
1609670 304
1609680 304
1609690 304
1609700 304
1609710 304
1609720 304
1609730 304
1609740 304
1609750 303
1609760 303
1609770 303
1609780 303
1609790 303
1609800 303
1609810 302
1609820 302
1609830 302
1609840 301
1609850 301
1609860 301
1609870 299
1609880 299
1609890 298
1609900 297
1609910 297
1609920 296
1609930 295
1609940 295
1609950 294
1609960 294
1609970 294
1609980 293
1609990 292
1610000 292
1610010 292
1610020 291
1610030 291
1610040 290
1610050 289
1610060 289
1610070 289
1610080 289
1610090 289
1610100 288
1610110 288
1610120 288
1610130 287
1610140 287
1610150 287
1610160 287
1610170 287
1610180 287
1610190 286
1610200 286
1610210 286
1610220 286
1610230 286
1610240 286
1610250 286
1610260 286
1610270 286
1610280 286
1610290 286
1610300 286
1610310 285
1610320 285
1610330 285
1610340 285
1610350 285
1610360 285
1610370 283
1610380 282
1610390 282
1610400 281
1610410 281
1610420 281
1610430 281
1610440 282
1610450 282
1610460 282
1610470 281
1610480 281
1610490 281
1610500 278
1610510 279
1610520 272
1610530 269
1610540 269
1610550 269
1610560 268
1610570 268
1610580 268
1610590 268
1610600 268
1610610 268
1610620 268
1610630 268
1610640 268
1610650 268
1610660 268
1610670 268
1610680 268
1610690 268
1610700 268
1610710 268
1610720 268
1610730 268
1610740 268
1610750 268
1610760 268
1610770 268
1610780 268
1610790 268
1610800 268
1610810 268
1610820 268
1610830 268
1610840 268
1610850 268
1610860 269
1610870 269
1610880 267
1610890 266
1610900 266
1610910 266
1610920 267
1610930 267
1610940 267
1610950 268
1610960 268
1610970 269
1610980 269
1610990 269
1611000 269
1611010 269
1611020 269
1611030 269
1611040 269
1611050 269
1611060 269
1611070 269
1611080 269
1611090 269
1611100 269
1611110 269
1611120 269
1611130 269
1611140 269
1611150 269
1611160 269
1611170 269
1611180 269
1611190 269
1611200 269
1611210 269
1611220 269
1611230 269
1611240 269
1611250 269
1611260 269
1611270 269
1611280 269
1611290 269
1611300 269
1611310 269
1611320 269
1611330 269
1611340 269
1611350 269
1611360 269
1611370 269
1611380 269
1611390 269
1611400 269
1611410 269
1611420 269
1611430 269
1611440 269
1611450 269
1611460 269
1611470 270
1611480 270
1611490 271
1611500 271
1611510 271
1611520 271
1611530 271
1611540 271
1611550 271
1611560 271
1611570 271
1611580 272
1611590 272
1611600 272
1611610 272
1611620 272
1611630 272
1611640 272
1611650 272
1611660 272
1611670 272
1611680 272
1611690 272
1611700 272
1611710 272
1611720 272
1611730 272
1611740 272
1611750 272
1611760 272
1611770 272
1611780 272
1611790 272
1611800 272
1611810 272
1611820 272
1611830 272
1611840 272
1611850 272
1611860 272
1611870 272
1611880 273
1611890 274
1611900 274
1611910 274
1611920 274
1611930 274
1611940 274
1611950 274
1611960 274
1611970 274
1611980 275
1611990 275
1612000 275
1612010 276
1612020 276
1612030 278
1612040 279
1612050 279
1612060 279
1612070 279
1612080 279
1612090 279
1612100 279
1612110 279
1612120 279
1612130 280
1612140 280
1612150 280
1612160 281
1612170 281
1612180 281
1612190 281
1612200 281
1612210 280
1612220 280
1612230 280
1612240 280
1612250 280
1612260 280
1612270 280
1612280 281
1612290 281
1612300 282
1612310 282
1612320 282
1612330 283
1612340 284
1612350 284
1612360 286
1612370 286
1612380 286
1612390 286
1612400 287
1612410 287
1612420 290
1612430 292
1612440 292
1612450 296
1612460 299
1612470 299
1612480 303
1612490 305
1612500 305
1612510 306
1612520 308
1612530 308
1612540 313
1612550 320
1612560 320
1612570 325
1612580 331
1612590 331
1612600 338
1612610 344
1612620 344
1612630 346
1612640 347
1612650 347
1612660 348
1612670 349
1612680 349
1612690 350
1612700 350
1612710 350
1612720 351
1612730 352
1612740 352
1612750 353
1612760 354
1612770 354
1612780 354
1612790 355
1612800 355
1612810 355
1612820 356
1612830 356
1612840 356
1612850 357
1612860 357
1612870 357
1612880 357
1612890 357
1612900 357
1612910 357
1612920 357
1612930 357
1612940 357
1612950 357
1612960 357
1612970 357
1612980 357
1612990 357
1613000 357
1613010 356
1613020 356
1613030 356
1613040 356
1613050 356
1613060 356
1613070 356
1613080 356
1613090 355
1613100 355
1613110 355
1613120 355
1613130 355
1613140 355
1613150 354
1613160 354
1613170 354
1613180 354
1613190 354
1613200 354
1613210 354
1613220 354
1613230 354
1613240 353
1613250 353
1613260 353
1613270 353
1613280 353
1613290 353
1613300 353
1613310 353
1613320 353
1613330 352
1613340 352
1613350 352
1613360 352
1613370 352
1613380 352
1613390 352
1613400 352
1613410 352
1613420 352
1613430 352
1613440 352
1613450 352
1613460 352
1613470 352
1613480 351
1613490 351
1613500 351
1613510 351
1613520 351
1613530 351
1613540 351
1613550 351
1613560 351
1613570 351
1613580 351
1613590 351
1613600 350
1613610 350
1613620 350
1613630 350
1613640 350
1613650 350
1613660 349
1613670 349
1613680 349
1613690 348
1613700 348
1613710 348
1613720 348
1613730 347
1613740 347
1613750 346
1613760 346
1613770 346
1613780 345
1613790 345
1613800 345
1613810 344
1613820 343
1613830 343
1613840 343
1613850 343
1613860 343
1613870 343
1613880 342
1613890 342
1613900 342
1613910 342
1613920 342
1613930 342
1613940 342
1613950 342
1613960 341
1613970 341
1613980 341
1613990 340
1614000 340
1614010 340
1614020 339
1614030 339
1614040 339
1614050 339
1614060 338
1614070 338
1614080 338
1614090 338
1614100 338
1614110 337
1614120 337
1614130 337
1614140 337
1614150 336
1614160 336
1614170 336
1614180 335
1614190 335
1614200 335
1614210 334
1614220 334
1614230 334
1614240 334
1614250 334
1614260 333
1614270 333
1614280 333
1614290 332
1614300 332
1614310 332
1614320 331
1614330 331
1614340 331
1614350 331
1614360 330
1614370 330
1614380 330
1614390 330
1614400 330
1614410 329
1614420 329
1614430 329
1614440 329
1614450 329
1614460 329
1614470 328
1614480 328
1614490 328
1614500 327
1614510 327
1614520 327
1614530 327
1614540 326
1614550 326
1614560 328
1614570 328
1614580 328
1614590 328
1614600 328
1614610 328
1614620 328
1614630 328
1614640 328
1614650 328
1614660 328
1614670 328
1614680 328
1614690 328
1614700 328
1614710 328
1614720 328
1614730 328
1614740 328
1614750 327
1614760 327
1614770 327
1614780 327
1614790 327
1614800 327
1614810 326
1614820 326
1614830 326
1614840 326
1614850 325
1614860 325
1614870 325
1614880 324
1614890 324
1614900 324
1614910 323
1614920 323
1614930 323
1614940 322
1614950 322
1614960 321
1614970 319
1614980 319
1614990 317
1615000 317
1615010 317
1615020 317
1615030 316
1615040 316
1615050 316
1615060 316
1615070 316
1615080 315
1615090 315
1615100 315
1615110 315
1615120 314
1615130 314
1615140 313
1615150 313
1615160 313
1615170 312
1615180 311
1615190 311
1615200 311
1615210 310
1615220 310
1615230 309
1615240 309
1615250 309
1615260 308
1615270 307
1615280 307
1615290 307
1615300 306
1615310 306
1615320 306
1615330 305
1615340 305
1615350 305
1615360 305
1615370 305
1615380 304
1615390 304
1615400 304
1615410 303
1615420 303
1615430 303
1615440 302
1615450 301
1615460 301
1615470 301
1615480 301
1615490 301
1615500 302
1615510 303
1615520 303
1615530 303
1615540 304
1615550 303
1615560 304
1615570 305
1615580 305
1615590 306
1615600 307
1615610 307
1615620 308
1615630 310
1615640 310
1615650 311
1615660 312
1615670 312
1615680 313
1615690 313
1615700 313
1615710 313
1615720 313
1615730 313
1615740 313
1615750 313
1615760 313
1615770 312
1615780 312
1615790 312
1615800 311
1615810 311
1615820 311
1615830 309
1615840 308
1615850 308
1615860 307
1615870 306
1615880 306
1615890 304
1615900 304
1615910 304
1615920 303
1615930 301
1615940 301
1615950 300
1615960 300
1615970 300
1615980 299
1615990 298
1616000 298
1616010 297
1616020 296
1616030 296
1616040 295
1616050 295
1616060 295
1616070 295
1616080 295
1616090 295
1616100 295
1616110 293
1616120 293
1616130 293
1616140 292
1616150 292
1616160 291
1616170 291
1616180 291
1616190 290
1616200 289
1616210 289
1616220 288
1616230 286
1616240 286
1616250 284
1616260 284
1616270 284
1616280 284
1616290 284
1616300 284
1616310 284
1616320 285
1616330 285
1616340 285
1616350 285
1616360 285
1616370 285
1616380 285
1616390 285
1616400 285
1616410 285
1616420 285
1616430 285
1616440 285
1616450 285
1616460 285
1616470 285
1616480 285
1616490 285
1616500 285
1616510 285
1616520 285
1616530 285
1616540 285
1616550 285
1616560 285
1616570 285
1616580 285
1616590 286
1616600 286
1616610 286
1616620 287
1616630 287
1616640 287
1616650 291
1616660 296
1616670 296
1616680 297
1616690 299
1616700 299
1616710 301
1616720 303
1616730 303
1616740 303
1616750 303
1616760 303
1616770 305
1616780 310
1616790 310
1616800 313
1616810 314
1616820 314
1616830 316
1616840 318
1616850 318
1616860 321
1616870 323
1616880 323
1616890 325
1616900 327
1616910 327
1616920 329
1616930 332
1616940 332
1616950 334
1616960 337
1616970 337
1616980 339
1616990 340
1617000 340
1617010 341
1617020 342
1617030 342
1617040 342
1617050 343
1617060 343
1617070 344
1617080 344
1617090 344
1617100 345
1617110 345
1617120 345
1617130 346
1617140 346
1617150 346
1617160 346
1617170 347
1617180 347
1617190 347
1617200 347
1617210 347
1617220 348
1617230 348
1617240 348
1617250 349
1617260 349
1617270 349
1617280 349
1617290 349
1617300 349
1617310 350
1617320 350
1617330 350
1617340 350
1617350 350
1617360 350
1617370 350
1617380 351
1617390 351
1617400 351
1617410 351
1617420 351
1617430 351
1617440 351
1617450 351
1617460 351
1617470 351
1617480 351
1617490 351
1617500 352
1617510 352
1617520 352
1617530 352
1617540 352
1617550 352
1617560 352
1617570 352
1617580 352
1617590 352
1617600 352
1617610 352
1617620 352
1617630 352
1617640 352
1617650 352
1617660 352
1617670 351
1617680 351
1617690 351
1617700 351
1617710 351
1617720 351
1617730 351
1617740 351
1617750 351
1617760 350
1617770 350
1617780 350
1617790 350
1617800 349
1617810 349
1617820 349
1617830 349
1617840 349
1617850 348
1617860 348
1617870 348
1617880 348
1617890 347
1617900 347
1617910 346
1617920 345
1617930 345
1617940 345
1617950 344
1617960 344
1617970 344
1617980 343
1617990 343
1618000 343
1618010 342
1618020 342
1618030 341
1618040 341
1618050 341
1618060 340
1618070 340
1618080 340
1618090 339
1618100 338
1618110 338
1618120 337
1618130 336
1618140 336
1618150 335
1618160 334
1618170 334
1618180 333
1618190 331
1618200 331
1618210 330
1618220 329
1618230 329
1618240 328
1618250 327
1618260 327
1618270 326
1618280 324
1618290 324
1618300 323
1618310 322
1618320 322
1618330 321
1618340 320
1618350 320
1618360 319
1618370 318
1618380 318
1618390 316
1618400 315
1618410 315
1618420 314
1618430 313
1618440 312
1618450 312
1618460 311
1618470 309
1618480 309
1618490 309
1618500 307
1618510 307
1618520 307
1618530 305
1618540 305
1618550 304
1618560 303
1618570 303
1618580 302
1618590 302
1618600 302
1618610 301
1618620 301
1618630 301
1618640 300
1618650 300
1618660 300
1618670 300
1618680 300
1618690 300
1618700 301
1618710 301
1618720 301
1618730 301
1618740 301
1618750 301
1618760 302
1618770 302
1618780 302
1618790 303
1618800 304
1618810 304
1618820 305
1618830 306
1618840 306
1618850 307
1618860 307
1618870 307
1618880 307
1618890 307
1618900 307
1618910 308
1618920 309
1618930 309
1618940 311
1618950 312
1618960 312
1618970 314
1618980 316
1618990 316
1619000 318
1619010 320
1619020 320
1619030 323
1619040 325
1619050 325
1619060 328
1619070 332
1619080 332
1619090 337
1619100 340
1619110 340
1619120 341
1619130 342
1619140 342
1619150 342
1619160 344
1619170 344
1619180 345
1619190 345
1619200 345
1619210 346
1619220 346
1619230 346
1619240 347
1619250 347
1619260 347
1619270 347
1619280 348
1619290 348
1619300 348
1619310 348
1619320 348
1619330 348
1619340 348
1619350 348
1619360 348
1619370 348
1619380 348
1619390 347
1619400 347
1619410 347
1619420 347
1619430 347
1619440 347
1619450 346
1619460 346
1619470 346
1619480 344
1619490 345
1619500 345
1619510 346
1619520 346
1619530 346
1619540 346
1619550 345
1619560 345
1619570 345
1619580 345
1619590 345
1619600 345
1619610 346
1619620 346
1619630 346
1619640 346
1619650 346
1619660 346
1619670 346
1619680 346
1619690 346
1619700 346
1619710 346
1619720 346
1619730 346
1619740 346
1619750 346
1619760 347
1619770 347
1619780 347
1619790 347
1619800 347
1619810 348
1619820 348
1619830 348
1619840 349
1619850 349
1619860 349
1619870 350
1619880 350
1619890 350
1619900 350
1619910 351
1619920 351
1619930 351
1619940 351
1619950 351
1619960 352
1619970 352
1619980 352
1619990 352
