1611470 260
1611480 260
1611490 260
1611500 260
1611510 260
1611520 260
1611530 260
1611540 260
1611550 260
1611560 260
1611570 260
1611580 261
1611590 263
1611600 265
1611610 267
1611620 269
1611630 270
1611640 271
1611650 271
1611660 272
1611670 272
1611680 272
1611690 272
1611700 272
1611710 272
1611720 272
1611730 272
1611740 272
1611750 273
1611760 273
1611770 273
1611780 273
1611790 273
1611800 274
1611810 274
1611820 274
1611830 274
1611840 274
1611850 274
1611860 274
1611870 275
1611880 276
1611890 276
1611900 276
1611910 276
1611920 276
1611930 276
1611940 276
1611950 276
1611960 276
1611970 277
1611980 277
1611990 277
1612000 277
1612010 277
1612020 277
1612030 277
1612040 277
1612050 277
1612060 277
1612070 277
1612080 277
1612090 277
1612100 277
1612110 277
1612120 277
1612130 278
1612140 278
1612150 278
1612160 279
1612170 280
1612180 281
1612190 282
1612200 282
1612210 283
1612220 283
1612230 283
1612240 284
1612250 284
1612260 284
1612270 284
1612280 285
1612290 286
1612300 286
1612310 286
1612320 286
1612330 287
1612340 288
1612350 288
1612360 289
1612370 290
1612380 291
1612390 292
1612400 294
1612410 296
1612420 298
1612430 299
1612440 300
1612450 301
1612460 301
1612470 301
1612480 301
1612490 301
1612500 301
1612510 301
1612520 301
1612530 301
1612540 301
1612550 301
1612560 301
1612570 302
1612580 303
1612590 304
1612600 304
1612610 305
1612620 306
1612630 306
1612640 307
1612650 307
1612660 308
1612670 309
1612680 309
1612690 310
1612700 310
1612710 311
1612720 312
1612730 312
1612740 313
1612750 314
1612760 314
1612770 315
1612780 316
1612790 317
1612800 319
1612810 320
1612820 322
1612830 324
1612840 327
1612850 329
1612860 331
1612870 333
1612880 334
1612890 336
1612900 337
1612910 337
1612920 338
1612930 338
1612940 339
1612950 339
1612960 340
1612970 340
1612980 341
1612990 341
1613000 341
1613010 341
1613020 342
1613030 342
1613040 342
1613050 343
1613060 343
1613070 344
1613080 344
1613090 344
1613100 345
1613110 345
1613120 345
1613130 346
1613140 346
1613150 346
1613160 346
1613170 347
1613180 347
1613190 347
1613200 347
1613210 348
1613220 348
1613230 348
1613240 348
1613250 348
1613260 348
1613270 348
1613280 349
1613290 349
1613300 349
1613310 349
1613320 349
1613330 349
1613340 349
1613350 349
1613360 349
1613370 349
1613380 349
1613390 349
1613400 350
1613410 350
1613420 349
1613430 349
1613440 349
1613450 349
1613460 349
1613470 349
1613480 349
1613490 349
1613500 349
1613510 349
1613520 348
1613530 348
1613540 348
1613550 347
1613560 347
1613570 347
1613580 346
1613590 346
1613600 346
1613610 345
1613620 345
1613630 345
1613640 344
1613650 344
1613660 344
1613670 343
1613680 343
1613690 343
1613700 342
1613710 341
1613720 341
1613730 341
1613740 340
1613750 340
1613760 339
1613770 339
1613780 339
1613790 340
1613800 340
1613810 340
1613820 340
1613830 340
1613840 340
1613850 340
1613860 340
1613870 340
1613880 340
1613890 340
1613900 340
1613910 340
1613920 340
1613930 340
1613940 340
1613950 340
1613960 340
1613970 340
1613980 340
1613990 341
1614000 341
1614010 342
1614020 343
1614030 343
1614040 344
1614050 344
1614060 344
1614070 345
1614080 345
1614090 346
1614100 346
1614110 346
1614120 347
1614130 347
1614140 347
1614150 348
1614160 348
1614170 348
1614180 348
1614190 348
1614200 349
1614210 349
1614220 349
1614230 349
1614240 349
1614250 349
1614260 349
1614270 349
1614280 349
1614290 349
1614300 349
1614310 349
1614320 349
1614330 349
1614340 349
1614350 349
1614360 349
1614370 348
1614380 348
1614390 348
1614400 348
1614410 348
1614420 348
1614430 347
1614440 347
1614450 347
1614460 346
1614470 346
1614480 346
1614490 345
1614500 345
1614510 344
1614520 344
1614530 343
1614540 343
1614550 342
1614560 342
1614570 342
1614580 341
1614590 341
1614600 340
1614610 340
1614620 339
1614630 339
1614640 338
1614650 338
1614660 337
1614670 337
1614680 336
1614690 336
1614700 335
1614710 334
1614720 333
1614730 333
1614740 332
1614750 332
1614760 331
1614770 330
1614780 329
1614790 329
1614800 328
1614810 327
1614820 326
1614830 326
1614840 325
1614850 324
1614860 324
1614870 323
1614880 322
1614890 322
1614900 321
1614910 320
1614920 320
1614930 319
1614940 318
1614950 317
1614960 316
1614970 316
1614980 315
1614990 314
1615000 313
1615010 313
1615020 312
1615030 311
1615040 310
1615050 310
1615060 309
1615070 308
1615080 308
1615090 307
1615100 307
1615110 307
1615120 307
1615130 307
1615140 307
1615150 306
1615160 306
1615170 306
1615180 306
1615190 306
1615200 306
1615210 305
1615220 305
1615230 305
1615240 305
1615250 305
1615260 305
1615270 305
1615280 304
1615290 304
1615300 304
1615310 303
1615320 303
1615330 302
1615340 302
1615350 302
1615360 302
1615370 302
1615380 302
1615390 302
1615400 301
1615410 301
1615420 300
1615430 300
1615440 299
1615450 299
1615460 299
1615470 299
1615480 298
1615490 298
1615500 298
1615510 298
1615520 297
1615530 297
1615540 297
1615550 296
1615560 296
1615570 296
1615580 296
1615590 296
1615600 295
1615610 295
1615620 295
1615630 294
1615640 294
1615650 294
1615660 293
1615670 293
1615680 293
1615690 292
1615700 292
1615710 291
1615720 291
1615730 290
1615740 290
1615750 290
1615760 290
1615770 290
1615780 290
1615790 290
1615800 290
1615810 290
1615820 290
1615830 290
1615840 291
1615850 291
1615860 291
1615870 291
1615880 292
1615890 292
1615900 292
1615910 292
1615920 292
1615930 292
1615940 291
1615950 291
1615960 291
1615970 290
1615980 290
1615990 290
1616000 290
1616010 289
1616020 289
1616030 289
1616040 289
1616050 289
1616060 289
1616070 289
1616080 288
1616090 288
1616100 288
1616110 288
1616120 288
1616130 287
1616140 287
1616150 287
1616160 287
1616170 287
1616180 287
1616190 286
1616200 286
1616210 286
1616220 286
1616230 285
1616240 285
1616250 285
1616260 284
1616270 284
1616280 284
1616290 284
1616300 283
1616310 283
1616320 283
1616330 283
1616340 283
1616350 283
1616360 283
1616370 283
1616380 283
1616390 283
1616400 283
1616410 283
1616420 283
1616430 283
1616440 283
1616450 283
1616460 283
1616470 283
1616480 283
1616490 283
1616500 283
1616510 283
1616520 283
1616530 283
1616540 283
1616550 283
1616560 283
1616570 283
1616580 283
1616590 283
1616600 282
1616610 282
1616620 282
1616630 282
1616640 282
1616650 282
1616660 282
1616670 282
1616680 282
1616690 282
1616700 282
1616710 282
1616720 282
1616730 282
1616740 282
1616750 283
1616760 283
1616770 283
1616780 283
1616790 283
1616800 283
1616810 284
1616820 284
1616830 285
1616840 286
1616850 286
1616860 287
1616870 288
1616880 289
1616890 289
1616900 290
1616910 291
1616920 294
1616930 296
1616940 298
1616950 298
1616960 298
1616970 298
1616980 299
1616990 300
1617000 300
1617010 301
1617020 302
1617030 303
1617040 304
1617050 305
1617060 305
1617070 306
1617080 307
1617090 308
1617100 308
1617110 309
1617120 309
1617130 310
1617140 310
1617150 311
1617160 311
1617170 311
1617180 312
1617190 312
1617200 312
1617210 313
1617220 313
1617230 313
1617240 313
1617250 314
1617260 314
1617270 314
1617280 314
1617290 314
1617300 314
1617310 314
1617320 315
1617330 315
1617340 316
1617350 317
1617360 317
1617370 319
1617380 320
1617390 322
1617400 323
1617410 324
1617420 326
1617430 327
1617440 329
1617450 330
1617460 332
1617470 334
1617480 336
1617490 339
1617500 341
1617510 343
1617520 344
1617530 344
1617540 345
1617550 345
1617560 346
1617570 346
1617580 346
1617590 347
1617600 347
1617610 347
1617620 347
1617630 347
1617640 347
1617650 348
1617660 348
1617670 348
1617680 348
1617690 348
1617700 348
1617710 348
1617720 348
1617730 348
1617740 348
1617750 348
1617760 348
1617770 348
1617780 348
1617790 348
1617800 348
1617810 349
1617820 349
1617830 349
1617840 349
1617850 348
1617860 348
1617870 348
1617880 348
1617890 347
1617900 347
1617910 347
1617920 347
1617930 347
1617940 346
1617950 346
1617960 346
1617970 345
1617980 345
1617990 345
1618000 345
1618010 344
1618020 344
1618030 344
1618040 344
1618050 343
1618060 343
1618070 343
1618080 342
1618090 342
1618100 341
1618110 341
1618120 341
1618130 340
1618140 340
1618150 339
1618160 339
1618170 338
1618180 337
1618190 337
1618200 336
1618210 336
1618220 335
1618230 335
1618240 334
1618250 334
1618260 333
1618270 333
1618280 332
1618290 331
1618300 331
1618310 330
1618320 330
1618330 329
1618340 329
1618350 328
1618360 328
1618370 327
1618380 327
1618390 327
1618400 326
1618410 326
1618420 326
1618430 325
1618440 325
1618450 325
1618460 325
1618470 324
1618480 324
1618490 324
1618500 323
1618510 323
1618520 323
1618530 322
1618540 322
1618550 322
1618560 322
1618570 321
1618580 321
1618590 321
1618600 320
1618610 320
1618620 320
1618630 319
1618640 319
1618650 319
1618660 319
1618670 318
1618680 318
1618690 318
1618700 317
1618710 317
1618720 317
1618730 316
1618740 316
1618750 316
1618760 315
1618770 315
1618780 315
1618790 314
1618800 314
1618810 313
1618820 313
1618830 313
1618840 313
1618850 312
1618860 312
1618870 312
1618880 311
1618890 310
1618900 310
1618910 309
1618920 309
1618930 308
1618940 308
1618950 307
1618960 307
1618970 307
1618980 307
1618990 307
1619000 307
1619010 307
1619020 307
1619030 307
1619040 308
1619050 308
1619060 309
1619070 310
1619080 311
1619090 312
1619100 313
1619110 314
1619120 316
1619130 318
1619140 319
1619150 320
1619160 321
1619170 323
1619180 325
1619190 326
1619200 327
1619210 329
1619220 330
1619230 332
1619240 333
1619250 335
1619260 337
1619270 338
1619280 339
1619290 342
1619300 344
1619310 346
1619320 346
1619330 346
1619340 347
1619350 347
1619360 347
1619370 347
1619380 347
1619390 347
1619400 347
1619410 347
1619420 347
1619430 347
1619440 347
1619450 347
1619460 346
1619470 346
1619480 346
1619490 346
1619500 346
1619510 345
1619520 345
1619530 345
1619540 344
1619550 344
1619560 343
1619570 342
1619580 341
1619590 339
1619600 338
1619610 338
1619620 337
1619630 337
1619640 337
1619650 337
1619660 338
1619670 338
1619680 339
1619690 338
1619700 338
1619710 339
1619720 341
1619730 341
1619740 342
1619750 342
1619760 343
1619770 343
1619780 343
1619790 344
1619800 344
1619810 344
1619820 344
1619830 344
1619840 344
1619850 344
1619860 344
1619870 344
1619880 345
1619890 345
1619900 345
1619910 345
1619920 345
1619930 345
1619940 345
1619950 345
1619960 345
1619970 345
1619980 345
1619990 345
