1600000 315
1600010 315
1600020 315
1600030 314
1600040 314
1600050 314
1600060 313
1600070 313
1600080 313
1600090 312
1600100 312
1600110 312
1600120 312
1600130 312
1600140 312
1600150 312
1600160 312
1600170 312
1600180 312
1600190 312
1600200 312
1600210 312
1600220 312
1600230 312
1600240 312
1600250 312
1600260 312
1600270 312
1600280 312
1600290 311
1600300 311
1600310 311
1600320 312
1600330 312
1600340 312
1600350 312
1600360 313
1600370 313
1600380 314
1600390 315
1600400 315
1600410 316
1600420 317
1600430 317
1600440 318
1600450 319
1600460 319
1600470 320
1600480 321
1600490 321
1600500 322
1600510 323
1600520 323
1600530 324
1600540 325
1600550 325
1600560 326
1600570 327
1600580 327
1600590 328
1600600 329
1600610 329
1600620 330
1600630 330
1600640 330
1600650 331
1600660 331
1600670 331
1600680 332
1600690 332
1600700 332
1600710 333
1600720 333
1600730 333
1600740 333
1600750 333
1600760 333
1600770 333
1600780 332
1600790 332
1600800 332
1600810 332
1600820 332
1600830 332
1600840 331
1600850 331
1600860 331
1600870 331
1600880 331
1600890 330
1600900 330
1600910 330
1600920 330
1600930 329
1600940 329
1600950 329
1600960 329
1600970 329
1600980 328
1600990 328
1601000 328
1601010 328
1601020 327
1601030 327
1601040 327
1601050 327
1601060 327
1601070 326
1601080 326
1601090 326
1601100 326
1601110 325
1601120 325
1601130 325
1601140 325
1601150 325
1601160 324
1601170 324
1601180 324
1601190 324
1601200 323
1601210 323
1601220 323
1601230 322
1601240 322
1601250 322
1601260 322
1601270 321
1601280 322
1601290 322
1601300 321
1601310 321
1601320 321
1601330 320
1601340 320
1601350 320
1601360 320
1601370 320
1601380 319
1601390 319
1601400 319
1601410 318
1601420 318
1601430 318
1601440 318
1601450 317
1601460 317
1601470 317
1601480 316
1601490 316
1601500 316
1601510 315
1601520 315
1601530 315
1601540 315
1601550 315
1601560 314
1601570 313
1601580 313
1601590 313
1601600 313
1601610 313
1601620 312
1601630 312
1601640 312
1601650 312
1601660 311
1601670 311
1601680 311
1601690 310
1601700 310
1601710 310
1601720 309
1601730 309
1601740 309
1601750 308
1601760 308
1601770 308
1601780 308
1601790 308
1601800 307
1601810 306
1601820 306
1601830 305
1601840 305
1601850 305
1601860 305
1601870 305
1601880 305
1601890 304
1601900 304
1601910 304
1601920 304
1601930 304
1601940 304
1601950 304
1601960 305
1601970 305
1601980 305
1601990 306
1602000 306
1602010 306
1602020 308
1602030 308
1602040 309
1602050 311
1602060 311
1602070 312
1602080 314
1602090 314
1602100 316
1602110 320
1602120 320
1602130 324
1602140 328
1602150 328
1602160 331
1602170 334
1602180 334
1602190 335
1602200 335
1602210 335
1602220 335
1602230 335
1602240 335
1602250 335
1602260 335
1602270 335
1602280 335
1602290 334
1602300 334
1602310 334
1602320 332
1602330 332
1602340 330
1602350 328
1602360 328
1602370 324
1602380 319
1602390 318
1602400 313
1602410 310
1602420 310
1602430 308
1602440 306
1602450 306
1602460 304
1602470 303
1602480 303
1602490 302
1602500 302
1602510 302
1602520 302
1602530 302
1602540 302
1602550 302
1602560 301
1602570 301
1602580 301
1602590 301
1602600 301
1602610 301
1602620 301
1602630 301
1602640 301
1602650 301
1602660 301
1602670 301
1602680 301
1602690 301
1602700 301
1602710 301
1602720 301
1602730 301
1602740 301
1602750 301
1602760 301
1602770 302
1602780 302
1602790 303
1602800 305
1602810 305
1602820 306
1602830 308
1602840 308
1602850 310
1602860 312
1602870 312
1602880 315
1602890 317
1602900 317
1602910 321
1602920 326
1602930 326
1602940 328
1602950 330
1602960 330
1602970 331
1602980 332
1602990 332
1603000 333
1603010 333
1603020 333
1603030 334
1603040 335
1603050 335
1603060 335
1603070 336
1603080 336
1603090 336
1603100 337
1603110 337
1603120 337
1603130 337
1603140 338
1603150 338
1603160 338
1603170 338
1603180 338
1603190 339
1603200 339
1603210 339
1603220 339
1603230 340
1603240 340
1603250 340
1603260 340
1603270 340
1603280 340
1603290 340
1603300 340
1603310 341
1603320 341
1603330 341
1603340 341
1603350 341
1603360 341
1603370 341
1603380 341
1603390 341
1603400 341
1603410 341
1603420 341
1603430 341
1603440 341
1603450 341
1603460 341
1603470 341
1603480 341
1603490 341
1603500 341
1603510 341
1603520 341
1603530 341
1603540 341
1603550 341
1603560 341
1603570 341
1603580 341
1603590 341
1603600 341
1603610 341
1603620 341
1603630 341
1603640 341
1603650 340
1603660 340
1603670 340
1603680 340
1603690 340
1603700 340
1603710 340
1603720 340
1603730 339
1603740 339
1603750 339
1603760 338
1603770 338
1603780 338
1603790 338
1603800 337
1603810 337
1603820 337
1603830 337
1603840 337
1603850 336
1603860 336
1603870 336
1603880 335
1603890 334
1603900 334
1603910 334
1603920 333
1603930 333
1603940 332
1603950 331
1603960 331
1603970 331
1603980 330
1603990 330
1604000 330
1604010 329
1604020 329
1604030 328
1604040 327
1604050 327
1604060 326
1604070 325
1604080 325
1604090 325
1604100 324
1604110 324
1604120 323
1604130 322
1604140 322
1604150 322
1604160 321
1604170 321
1604180 321
1604190 320
1604200 320
1604210 320
1604220 319
1604230 319
1604240 318
1604250 318
1604260 318
1604270 318
1604280 317
1604290 317
1604300 317
1604310 317
1604320 317
1604330 317
1604340 317
1604350 317
1604360 318
1604370 322
1604380 322
1604390 325
1604400 329
1604410 329
1604420 332
1604430 333
1604440 333
1604450 334
1604460 335
1604470 335
1604480 335
1604490 336
1604500 336
1604510 336
1604520 336
1604530 336
1604540 337
1604550 337
1604560 337
1604570 337
1604580 337
1604590 337
1604600 337
1604610 337
1604620 337
1604630 337
1604640 336
1604650 336
1604660 336
1604670 336
1604680 336
1604690 335
1604700 335
1604710 335
1604720 334
1604730 333
1604740 333
1604750 332
1604760 330
1604770 330
1604780 329
1604790 327
1604800 327
1604810 325
1604820 324
1604830 324
1604840 323
1604850 324
1604860 324
1604870 325
1604880 326
1604890 327
1604900 327
1604910 328
1604920 329
1604930 329
1604940 330
1604950 332
1604960 332
1604970 333
1604980 334
1604990 334
1605000 335
1605010 336
1605020 336
1605030 336
1605040 337
1605050 337
1605060 337
1605070 337
1605080 337
1605090 338
1605100 338
1605110 338
1605120 338
1605130 339
1605140 339
1605150 339
1605160 339
1605170 339
1605180 339
1605190 340
1605200 340
1605210 340
1605220 340
1605230 340
1605240 340
1605250 340
1605260 340
1605270 341
1605280 341
1605290 341
1605300 341
1605310 342
1605320 342
1605330 342
1605340 342
1605350 342
1605360 342
1605370 343
1605380 343
1605390 343
1605400 343
1605410 343
1605420 344
1605430 344
1605440 344
1605450 344
1605460 345
1605470 345
1605480 345
1605490 345
1605500 345
1605510 345
1605520 346
1605530 346
1605540 346
1605550 346
1605560 346
1605570 347
1605580 347
1605590 347
1605600 347
1605610 347
1605620 347
1605630 348
1605640 348
1605650 348
1605660 348
1605670 348
1605680 348
1605690 349
1605700 349
1605710 349
1605720 349
1605730 350
1605740 350
1605750 350
1605760 350
1605770 350
1605780 350
1605790 350
1605800 350
1605810 351
1605820 351
1605830 351
1605840 351
1605850 351
1605860 351
1605870 351
1605880 351
1605890 351
1605900 351
1605910 351
1605920 351
1605930 351
1605940 351
1605950 351
1605960 351
1605970 350
1605980 350
1605990 350
1606000 350
1606010 350
1606020 349
1606030 349
1606040 349
1606050 349
1606060 348
1606070 348
1606080 348
1606090 347
1606100 347
1606110 346
1606120 345
1606130 345
1606140 345
1606150 344
1606160 344
1606170 343
1606180 342
1606190 342
1606200 340
1606210 339
1606220 339
1606230 337
1606240 335
1606250 335
1606260 333
1606270 331
1606280 331
1606290 329
1606300 327
1606310 327
1606320 325
1606330 323
1606340 323
1606350 322
1606360 320
1606370 320
1606380 319
1606390 318
1606400 318
1606410 316
1606420 315
1606430 315
1606440 314
1606450 312
1606460 312
1606470 311
1606480 310
1606490 310
1606500 310
1606510 309
1606520 309
1606530 308
1606540 307
1606550 307
1606560 306
1606570 305
1606580 305
1606590 304
1606600 303
1606610 303
1606620 302
1606630 302
1606640 302
1606650 301
1606660 301
1606670 301
1606680 301
1606690 301
1606700 301
1606710 301
1606720 301
1606730 301
1606740 301
1606750 301
1606760 301
1606770 301
1606780 301
1606790 302
1606800 302
1606810 302
1606820 302
1606830 302
1606840 302
1606850 302
1606860 302
1606870 303
1606880 304
1606890 304
1606900 305
1606910 305
1606920 305
1606930 305
1606940 305
1606950 305
1606960 305
1606970 305
1606980 305
1606990 305
1607000 305
1607010 305
1607020 305
1607030 306
1607040 306
1607050 306
1607060 306
1607070 306
1607080 306
1607090 306
1607100 306
1607110 306
1607120 306
1607130 306
1607140 306
1607150 306
1607160 306
1607170 306
1607180 306
1607190 306
1607200 306
1607210 306
1607220 306
1607230 306
1607240 306
1607250 306
1607260 306
1607270 306
1607280 306
1607290 306
1607300 306
1607310 306
1607320 306
1607330 306
1607340 306
1607350 306
1607360 306
1607370 306
1607380 306
1607390 306
1607400 306
1607410 306
1607420 306
1607430 306
1607440 306
1607450 306
1607460 306
1607470 305
1607480 305
1607490 305
1607500 305
1607510 306
1607520 306
1607530 306
1607540 306
1607550 306
1607560 306
1607570 306
1607580 306
1607590 306
1607600 306
1607610 306
1607620 306
1607630 306
1607640 306
1607650 306
1607660 306
1607670 306
1607680 305
1607690 305
1607700 305
1607710 305
1607720 305
1607730 305
1607740 305
1607750 305
1607760 305
1607770 305
1607780 305
1607790 305
1607800 305
1607810 305
1607820 305
1607830 305
1607840 305
1607850 305
1607860 305
1607870 305
1607880 305
1607890 305
1607900 305
1607910 305
1607920 305
1607930 305
1607940 305
1607950 305
1607960 305
1607970 305
1607980 305
1607990 305
1608000 305
1608010 305
1608020 305
1608030 305
1608040 305
1608050 305
1608060 305
1608070 305
1608080 305
1608090 305
1608100 305
1608110 305
1608120 305
1608130 305
1608140 306
1608150 306
1608160 306
1608170 306
1608180 306
1608190 306
1608200 306
1608210 306
1608220 306
1608230 306
1608240 306
1608250 307
1608260 307
1608270 307
1608280 306
1608290 306
1608300 306
1608310 306
1608320 306
1608330 306
1608340 306
1608350 306
1608360 306
1608370 306
1608380 306
1608390 306
1608400 306
1608410 306
1608420 306
1608430 306
1608440 306
1608450 306
1608460 306
1608470 306
1608480 306
1608490 306
1608500 306
1608510 306
1608520 306
1608530 306
1608540 306
1608550 306
1608560 306
1608570 306
1608580 306
1608590 306
1608600 305
1608610 305
1608620 305
1608630 305
1608640 305
1608650 305
1608660 305
1608670 305
1608680 306
1608690 306
1608700 306
1608710 306
1608720 306
1608730 306
1608740 306
1608750 306
1608760 306
1608770 306
1608780 306
1608790 306
1608800 306
1608810 307
1608820 307
1608830 307
1608840 307
1608850 307
1608860 307
1608870 307
1608880 307
1608890 307
1608900 307
1608910 307
1608920 307
1608930 307
1608940 307
1608950 307
1608960 307
1608970 307
1608980 307
1608990 307
1609000 307
1609010 307
1609020 307
1609030 307
1609040 307
1609050 307
1609060 307
1609070 307
1609080 307
1609090 307
1609100 307
1609110 307
1609120 307
1609130 306
1609140 306
1609150 306
1609160 306
1609170 306
1609180 306
1609190 306
1609200 305
1609210 305
1609220 305
1609230 305
1609240 305
1609250 305
1609260 305
1609270 305
1609280 305
1609290 305
1609300 305
1609310 304
1609320 304
1609330 304
1609340 304
1609350 304
1609360 304
1609370 304
1609380 303
1609390 303
1609400 303
1609410 303
1609420 303
1609430 303
1609440 303
1609450 303
1609460 303
1609470 303
1609480 303
1609490 303
1609500 303
1609510 303
1609520 303
1609530 303
1609540 303
1609550 303
1609560 302
1609570 302
1609580 302
1609590 302
1609600 302
1609610 302
1609620 302
1609630 302
1609640 302
1609650 303
1609660 303
1609670 303
1609680 302
1609690 302
1609700 302
1609710 302
1609720 302
1609730 302
1609740 301
1609750 301
1609760 301
1609770 301
1609780 301
1609790 301
1609800 301
1609810 301
1609820 301
1609830 300
1609840 300
1609850 300
1609860 300
1609870 300
1609880 300
1609890 300
1609900 300
1609910 299
1609920 299
1609930 299
1609940 298
1609950 296
1609960 296
1609970 295
1609980 294
1609990 294
1610000 293
1610010 292
1610020 292
1610030 291
1610040 289
1610050 289
1610060 288
1610070 287
1610080 287
1610090 287
1610100 286
1610110 286
1610120 286
1610130 286
1610140 286
1610150 286
1610160 286
1610170 286
1610180 286
1610190 285
1610200 285
1610210 283
1610220 281
1610230 281
1610240 281
1610250 281
1610260 281
1610270 281
1610280 281
1610290 281
1610300 281
1610310 281
1610320 281
1610330 281
1610340 281
1610350 281
1610360 281
1610370 282
1610380 282
1610390 281
1610400 281
1610410 281
1610420 281
1610430 281
1610440 281
1610450 281
1610460 281
1610470 281
1610480 281
1610490 281
1610500 281
1610510 281
1610520 281
1610530 281
1610540 281
1610550 280
1610560 279
1610570 279
1610580 275
1610590 270
1610600 270
1610610 268
1610620 268
1610630 268
1610640 268
1610650 268
1610660 268
1610670 268
1610680 268
1610690 268
1610700 268
1610710 268
1610720 268
1610730 268
1610740 268
1610750 268
1610760 268
1610770 268
1610780 268
1610790 268
1610800 268
1610810 268
1610820 268
1610830 268
1610840 268
1610850 268
1610860 268
1610870 268
1610880 268
1610890 268
1610900 268
1610910 268
1610920 268
1610930 268
1610940 268
1610950 268
1610960 268
1610970 268
1610980 269
1610990 269
1611000 269
1611010 268
1611020 268
1611030 267
1611040 266
1611050 266
1611060 267
1611070 267
1611080 267
1611090 267
1611100 267
1611110 267
1611120 267
1611130 268
1611140 268
1611150 268
1611160 269
1611170 269
1611180 269
1611190 269
1611200 269
1611210 269
1611220 269
1611230 269
1611240 269
1611250 269
1611260 269
1611270 269
1611280 269
1611290 269
1611300 269
1611310 268
1611320 268
1611330 269
1611340 269
1611350 269
1611360 269
1611370 269
1611380 269
1611390 269
1611400 269
1611410 269
1611420 269
1611430 269
1611440 269
1611450 270
1611460 270
1611470 270
1611480 270
1611490 270
1611500 270
1611510 271
1611520 271
1611530 271
1611540 271
1611550 271
1611560 271
1611570 271
1611580 271
1611590 271
1611600 271
1611610 271
1611620 271
1611630 271
1611640 272
1611650 272
1611660 272
1611670 273
1611680 273
1611690 273
1611700 273
1611710 273
1611720 273
1611730 273
1611740 273
1611750 273
1611760 273
1611770 273
1611780 273
1611790 273
1611800 273
1611810 273
1611820 273
1611830 273
1611840 273
1611850 274
1611860 274
1611870 275
1611880 275
1611890 275
1611900 275
1611910 277
1611920 277
1611930 278
1611940 278
1611950 278
1611960 278
1611970 278
1611980 278
1611990 278
1612000 278
1612010 278
1612020 278
1612030 278
1612040 278
1612050 279
1612060 279
1612070 279
1612080 279
1612090 279
1612100 279
1612110 279
1612120 279
1612130 279
1612140 279
1612150 279
1612160 279
1612170 279
1612180 280
1612190 280
1612200 281
1612210 281
1612220 281
1612230 282
1612240 283
1612250 283
1612260 283
1612270 283
1612280 283
1612290 283
1612300 283
1612310 283
1612320 283
1612330 284
1612340 284
1612350 284
1612360 284
1612370 284
1612380 284
1612390 284
1612400 285
1612410 285
1612420 285
1612430 286
1612440 286
1612450 287
1612460 289
1612470 289
1612480 291
1612490 293
1612500 293
1612510 296
1612520 301
1612530 301
1612540 305
1612550 310
1612560 310
1612570 315
1612580 320
1612590 320
1612600 325
1612610 332
1612620 332
1612630 339
1612640 345
1612650 345
1612660 346
1612670 347
1612680 347
1612690 348
1612700 349
1612710 349
1612720 350
1612730 351
1612740 351
1612750 352
1612760 352
1612770 352
1612780 352
1612790 353
1612800 353
1612810 353
1612820 353
1612830 353
1612840 353
1612850 353
1612860 353
1612870 354
1612880 354
1612890 354
1612900 354
1612910 354
1612920 354
1612930 355
1612940 355
1612950 355
1612960 355
1612970 355
1612980 355
1612990 355
1613000 355
1613010 355
1613020 355
1613030 356
1613040 356
1613050 356
1613060 356
1613070 356
1613080 356
1613090 355
1613100 355
1613110 355
1613120 355
1613130 355
1613140 355
1613150 355
1613160 355
1613170 355
1613180 355
1613190 355
1613200 355
1613210 355
1613220 355
1613230 355
1613240 355
1613250 355
1613260 355
1613270 355
1613280 355
1613290 355
1613300 355
1613310 355
1613320 355
1613330 355
1613340 355
1613350 355
1613360 355
1613370 355
1613380 355
1613390 355
1613400 355
1613410 355
1613420 355
1613430 355
1613440 355
1613450 355
1613460 355
1613470 355
1613480 355
1613490 355
1613500 355
1613510 355
1613520 355
1613530 355
1613540 355
1613550 355
1613560 354
1613570 354
1613580 354
1613590 354
1613600 353
1613610 353
1613620 353
1613630 352
1613640 352
1613650 352
1613660 352
1613670 352
1613680 351
1613690 351
1613700 351
1613710 351
1613720 351
1613730 351
1613740 351
1613750 351
1613760 351
1613770 351
1613780 351
1613790 351
1613800 351
1613810 351
1613820 351
1613830 351
1613840 351
1613850 351
1613860 351
1613870 352
1613880 352
1613890 352
1613900 352
1613910 352
1613920 352
1613930 352
1613940 352
1613950 352
1613960 352
1613970 352
1613980 352
1613990 351
1614000 351
1614010 351
1614020 351
1614030 351
1614040 351
1614050 351
1614060 351
1614070 351
1614080 351
1614090 351
1614100 351
1614110 350
1614120 350
1614130 350
1614140 350
1614150 350
1614160 350
1614170 350
1614180 350
1614190 350
1614200 350
1614210 349
1614220 349
1614230 349
1614240 349
1614250 349
1614260 349
1614270 349
1614280 349
1614290 348
1614300 348
1614310 348
1614320 348
1614330 348
1614340 348
1614350 348
1614360 348
1614370 348
1614380 348
1614390 347
1614400 347
1614410 347
1614420 347
1614430 347
1614440 347
1614450 347
1614460 347
1614470 347
1614480 346
1614490 346
1614500 346
1614510 346
1614520 346
1614530 346
1614540 346
1614550 346
1614560 346
1614570 346
1614580 346
1614590 346
1614600 346
1614610 346
1614620 345
1614630 345
1614640 345
1614650 345
1614660 345
1614670 345
1614680 345
1614690 345
1614700 345
1614710 345
1614720 345
1614730 345
1614740 345
1614750 344
1614760 344
1614770 344
1614780 344
1614790 344
1614800 344
1614810 343
1614820 343
1614830 343
1614840 343
1614850 343
1614860 343
1614870 342
1614880 342
1614890 342
1614900 342
1614910 342
1614920 342
1614930 341
1614940 341
1614950 341
1614960 341
1614970 341
1614980 340
1614990 340
1615000 340
1615010 339
1615020 338
1615030 338
1615040 338
1615050 337
1615060 337
1615070 336
1615080 335
1615090 335
1615100 334
1615110 333
1615120 333
1615130 331
1615140 330
1615150 330
1615160 329
1615170 327
1615180 327
1615190 326
1615200 324
1615210 324
1615220 323
1615230 321
1615240 321
1615250 320
1615260 319
1615270 319
1615280 318
1615290 316
1615300 316
1615310 315
1615320 314
1615330 314
1615340 313
1615350 313
1615360 313
1615370 312
1615380 311
1615390 311
1615400 310
1615410 309
1615420 309
1615430 309
1615440 308
1615450 308
1615460 307
1615470 307
1615480 307
1615490 306
1615500 305
1615510 305
1615520 304
1615530 303
1615540 303
1615550 302
1615560 301
1615570 301
1615580 300
1615590 299
1615600 299
1615610 298
1615620 298
1615630 298
1615640 298
1615650 298
1615660 298
1615670 299
1615680 299
1615690 299
1615700 300
1615710 300
1615720 300
1615730 301
1615740 302
1615750 302
1615760 303
1615770 304
1615780 304
1615790 304
1615800 304
1615810 304
1615820 304
1615830 303
1615840 303
1615850 302
1615860 302
1615870 302
1615880 300
1615890 299
1615900 299
1615910 299
1615920 299
1615930 299
1615940 299
1615950 298
1615960 298
1615970 298
1615980 297
1615990 297
1616000 297
1616010 295
1616020 294
1616030 294
1616040 294
1616050 293
1616060 293
1616070 293
1616080 293
1616090 293
1616100 293
1616110 293
1616120 293
1616130 293
1616140 293
1616150 293
1616160 291
1616170 290
1616180 290
1616190 289
1616200 288
1616210 288
1616220 287
1616230 287
1616240 287
1616250 286
1616260 286
1616270 286
1616280 285
1616290 285
1616300 285
1616310 285
1616320 285
1616330 285
1616340 284
1616350 283
1616360 283
1616370 284
1616380 284
1616390 284
1616400 284
1616410 283
1616420 283
1616430 284
1616440 284
1616450 284
1616460 284
1616470 284
1616480 284
1616490 284
1616500 284
1616510 284
1616520 284
1616530 284
1616540 284
1616550 284
1616560 284
1616570 284
1616580 284
1616590 284
1616600 284
1616610 285
1616620 285
1616630 285
1616640 285
1616650 286
1616660 286
1616670 287
1616680 288
1616690 288
1616700 290
1616710 297
1616720 297
1616730 302
1616740 302
1616750 302
1616760 302
1616770 305
1616780 305
1616790 310
1616800 312
1616810 312
1616820 314
1616830 316
1616840 316
1616850 318
1616860 320
1616870 320
1616880 322
1616890 324
1616900 324
1616910 326
1616920 328
1616930 328
1616940 331
1616950 334
1616960 334
1616970 337
1616980 340
1616990 340
1617000 342
1617010 343
1617020 343
1617030 344
1617040 345
1617050 345
1617060 345
1617070 346
1617080 346
1617090 347
1617100 347
1617110 347
1617120 348
1617130 348
1617140 348
1617150 348
1617160 349
1617170 349
1617180 349
1617190 349
1617200 349
1617210 349
1617220 350
1617230 350
1617240 350
1617250 350
1617260 350
1617270 350
1617280 351
1617290 351
1617300 351
1617310 351
1617320 351
1617330 351
1617340 351
1617350 351
1617360 352
1617370 352
1617380 352
1617390 352
1617400 352
1617410 352
1617420 352
1617430 352
1617440 352
1617450 352
1617460 353
1617470 353
1617480 353
1617490 353
1617500 353
1617510 353
1617520 353
1617530 353
1617540 353
1617550 354
1617560 354
1617570 354
1617580 354
1617590 354
1617600 354
1617610 354
1617620 354
1617630 354
1617640 353
1617650 353
1617660 353
1617670 353
1617680 353
1617690 353
1617700 353
1617710 353
1617720 352
1617730 352
1617740 352
1617750 352
1617760 351
1617770 351
1617780 351
1617790 350
1617800 350
1617810 350
1617820 350
1617830 350
1617840 349
1617850 349
1617860 348
1617870 348
1617880 348
1617890 347
1617900 347
1617910 346
1617920 346
1617930 346
1617940 345
1617950 345
1617960 345
1617970 344
1617980 344
1617990 344
1618000 343
1618010 342
1618020 342
1618030 342
1618040 341
1618050 341
1618060 341
1618070 340
1618080 340
1618090 339
1618100 338
1618110 338
1618120 337
1618130 336
1618140 336
1618150 335
1618160 334
1618170 334
1618180 333
1618190 332
1618200 332
1618210 331
1618220 330
1618230 330
1618240 329
1618250 328
1618260 328
1618270 328
1618280 327
1618290 327
1618300 326
1618310 325
1618320 325
1618330 324
1618340 324
1618350 324
1618360 323
1618370 322
1618380 322
1618390 321
1618400 321
1618410 321
1618420 320
1618430 319
1618440 319
1618450 318
1618460 318
1618470 318
1618480 317
1618490 316
1618500 316
1618510 315
1618520 315
1618530 315
1618540 314
1618550 314
1618560 314
1618570 313
1618580 313
1618590 313
1618600 312
1618610 312
1618620 312
1618630 311
1618640 311
1618650 311
1618660 310
1618670 309
1618680 309
1618690 309
1618700 308
1618710 308
1618720 307
1618730 307
1618740 307
1618750 307
1618760 307
1618770 307
1618780 307
1618790 306
1618800 306
1618810 306
1618820 305
1618830 305
1618840 304
1618850 303
1618860 303
1618870 303
1618880 302
1618890 302
1618900 302
1618910 302
1618920 302
1618930 302
1618940 303
1618950 303
1618960 303
1618970 303
1618980 303
1618990 303
1619000 303
1619010 303
1619020 303
1619030 303
1619040 303
1619050 305
1619060 309
1619070 309
1619080 312
1619090 314
1619100 314
1619110 314
1619120 315
1619130 315
1619140 316
1619150 317
1619160 317
1619170 318
1619180 319
1619190 319
1619200 320
1619210 320
1619220 320
1619230 321
1619240 321
1619250 321
1619260 322
1619270 322
1619280 322
1619290 323
1619300 323
1619310 323
1619320 323
1619330 323
1619340 323
1619350 323
1619360 323
1619370 323
1619380 323
1619390 322
1619400 322
1619410 321
1619420 322
1619430 322
1619440 324
1619450 327
1619460 327
1619470 330
1619480 333
1619490 333
1619500 336
1619510 339
1619520 339
1619530 341
1619540 342
1619550 342
1619560 343
1619570 344
1619580 344
1619590 345
1619600 346
1619610 346
1619620 346
1619630 347
1619640 347
1619650 347
1619660 347
1619670 347
1619680 348
1619690 348
1619700 348
1619710 348
1619720 348
1619730 349
1619740 349
1619750 349
1619760 349
1619770 349
1619780 349
1619790 350
1619800 350
1619810 350
1619820 350
1619830 350
1619840 350
1619850 350
1619860 350
1619870 351
1619880 351
1619890 351
1619900 351
1619910 351
1619920 351
1619930 351
1619940 352
1619950 352
1619960 352
1619970 352
1619980 352
1619990 352
