1600000 346
1600010 346
1600020 346
1600030 346
1600040 347
1600050 347
1600060 347
1600070 347
1600080 346
1600090 346
1600100 346
1600110 347
1600120 347
1600130 347
1600140 347
1600150 347
1600160 347
1600170 346
1600180 346
1600190 346
1600200 346
1600210 346
1600220 346
1600230 346
1600240 346
1600250 346
1600260 345
1600270 345
1600280 345
1600290 345
1600300 345
1600310 345
1600320 344
1600330 344
1600340 344
1600350 344
1600360 344
1600370 344
1600380 343
1600390 343
1600400 343
1600410 342
1600420 342
1600430 342
1600440 342
1600450 342
1600460 341
1600470 340
1600480 340
1600490 339
1600500 339
1600510 339
1600520 338
1600530 337
1600540 337
1600550 337
1600560 336
1600570 336
1600580 336
1600590 336
1600600 336
1600610 335
1600620 335
1600630 335
1600640 335
1600650 334
1600660 334
1600670 333
1600680 333
1600690 333
1600700 332
1600710 332
1600720 332
1600730 331
1600740 331
1600750 331
1600760 331
1600770 330
1600780 330
1600790 330
1600800 329
1600810 329
1600820 329
1600830 329
1600840 329
1600850 328
1600860 328
1600870 328
1600880 327
1600890 327
1600900 327
1600910 326
1600920 326
1600930 326
1600940 325
1600950 325
1600960 325
1600970 325
1600980 324
1600990 324
1601000 324
1601010 324
1601020 324
1601030 323
1601040 323
1601050 323
1601060 322
1601070 322
1601080 322
1601090 322
1601100 321
1601110 321
1601120 321
1601130 321
1601140 321
1601150 320
1601160 320
1601170 320
1601180 320
1601190 319
1601200 318
1601210 318
1601220 318
1601230 317
1601240 317
1601250 317
1601260 316
1601270 316
1601280 316
1601290 315
1601300 315
1601310 314
1601320 314
1601330 314
1601340 313
1601350 313
1601360 313
1601370 313
1601380 312
1601390 312
1601400 312
1601410 311
1601420 311
1601430 310
1601440 309
1601450 309
1601460 308
1601470 308
1601480 308
1601490 307
1601500 306
1601510 306
1601520 306
1601530 306
1601540 306
1601550 304
1601560 304
1601570 304
1601580 304
1601590 303
1601600 303
1601610 303
1601620 303
1601630 303
1601640 302
1601650 302
1601660 302
1601670 302
1601680 301
1601690 301
1601700 300
1601710 299
1601720 299
1601730 298
1601740 298
1601750 298
1601760 298
1601770 297
1601780 297
1601790 296
1601800 295
1601810 295
1601820 295
1601830 295
1601840 295
1601850 295
1601860 294
1601870 294
1601880 294
1601890 295
1601900 295
1601910 296
1601920 297
1601930 297
1601940 299
1601950 302
1601960 302
1601970 306
1601980 309
1601990 309
1602000 312
1602010 315
1602020 315
1602030 317
1602040 320
1602050 320
1602060 322
1602070 325
1602080 325
1602090 328
1602100 330
1602110 330
1602120 333
1602130 334
1602140 334
1602150 334
1602160 335
1602170 335
1602180 335
1602190 335
1602200 335
1602210 335
1602220 335
1602230 335
1602240 335
1602250 334
1602260 334
1602270 334
1602280 334
1602290 334
1602300 334
1602310 333
1602320 333
1602330 333
1602340 332
1602350 332
1602360 332
1602370 331
1602380 331
1602390 331
1602400 331
1602410 331
1602420 330
1602430 329
1602440 329
1602450 328
1602460 327
1602470 327
1602480 326
1602490 325
1602500 325
1602510 324
1602520 323
1602530 323
1602540 321
1602550 319
1602560 319
1602570 317
1602580 315
1602590 315
1602600 313
1602610 311
1602620 311
1602630 309
1602640 307
1602650 307
1602660 306
1602670 305
1602680 305
1602690 303
1602700 302
1602710 302
1602720 301
1602730 299
1602740 299
1602750 298
1602760 296
1602770 296
1602780 295
1602790 293
1602800 293
1602810 292
1602820 291
1602830 291
1602840 290
1602850 289
1602860 289
1602870 289
1602880 288
1602890 288
1602900 289
1602910 289
1602920 289
1602930 289
1602940 289
1602950 289
1602960 288
1602970 288
1602980 288
1602990 288
1603000 288
1603010 288
1603020 288
1603030 288
1603040 288
1603050 288
1603060 288
1603070 288
1603080 288
1603090 288
1603100 288
1603110 288
1603120 288
1603130 288
1603140 288
1603150 288
1603160 288
1603170 289
1603180 289
1603190 289
1603200 289
1603210 289
1603220 289
1603230 289
1603240 290
1603250 290
1603260 290
1603270 291
1603280 292
1603290 292
1603300 292
1603310 293
1603320 293
1603330 294
1603340 295
1603350 295
1603360 295
1603370 296
1603380 296
1603390 297
1603400 298
1603410 298
1603420 299
1603430 300
1603440 300
1603450 301
1603460 303
1603470 303
1603480 304
1603490 305
1603500 305
1603510 307
1603520 307
1603530 307
1603540 308
1603550 309
1603560 309
1603570 310
1603580 312
1603590 312
1603600 315
1603610 318
1603620 318
1603630 320
1603640 321
1603650 321
1603660 322
1603670 322
1603680 322
1603690 323
1603700 324
1603710 324
1603720 325
1603730 326
1603740 326
1603750 326
1603760 327
1603770 327
1603780 327
1603790 328
1603800 328
1603810 328
1603820 329
1603830 329
1603840 329
1603850 330
1603860 330
1603870 330
1603880 330
1603890 330
1603900 331
1603910 331
1603920 331
1603930 331
1603940 332
1603950 332
1603960 332
1603970 332
1603980 332
1603990 333
1604000 333
1604010 333
1604020 333
1604030 333
1604040 333
1604050 333
1604060 333
1604070 333
1604080 333
1604090 333
1604100 333
1604110 333
1604120 333
1604130 333
1604140 333
1604150 333
1604160 333
1604170 333
1604180 333
1604190 333
1604200 332
1604210 332
1604220 332
1604230 332
1604240 332
1604250 332
1604260 331
1604270 331
1604280 331
1604290 331
1604300 330
1604310 330
1604320 330
1604330 330
1604340 330
1604350 329
1604360 329
1604370 329
1604380 329
1604390 328
1604400 328
1604410 328
1604420 327
1604430 327
1604440 327
1604450 326
1604460 326
1604470 326
1604480 325
1604490 325
1604500 325
1604510 325
1604520 325
1604530 324
1604540 323
1604550 323
1604560 323
1604570 322
1604580 322
1604590 322
1604600 321
1604610 321
1604620 320
1604630 319
1604640 319
1604650 319
1604660 318
1604670 318
1604680 317
1604690 317
1604700 317
1604710 316
1604720 316
1604730 316
1604740 316
1604750 315
1604760 315
1604770 314
1604780 314
1604790 314
1604800 313
1604810 313
1604820 313
1604830 312
1604840 312
1604850 312
1604860 311
1604870 310
1604880 310
1604890 309
1604900 309
1604910 309
1604920 308
1604930 306
1604940 306
1604950 305
1604960 303
1604970 303
1604980 302
1604990 300
1605000 300
1605010 299
1605020 299
1605030 299
1605040 298
1605050 298
1605060 298
1605070 298
1605080 298
1605090 298
1605100 298
1605110 298
1605120 298
1605130 298
1605140 299
1605150 299
1605160 300
1605170 302
1605180 302
1605190 304
1605200 306
1605210 306
1605220 308
1605230 310
1605240 310
1605250 312
1605260 314
1605270 314
1605280 315
1605290 317
1605300 317
1605310 318
1605320 320
1605330 321
1605340 321
1605350 322
1605360 323
1605370 323
1605380 324
1605390 325
1605400 325
1605410 326
1605420 327
1605430 327
1605440 327
1605450 328
1605460 328
1605470 328
1605480 328
1605490 328
1605500 329
1605510 329
1605520 329
1605530 329
1605540 329
1605550 329
1605560 329
1605570 329
1605580 329
1605590 329
1605600 329
1605610 329
1605620 329
1605630 329
1605640 329
1605650 329
1605660 328
1605670 328
1605680 328
1605690 328
1605700 328
1605710 328
1605720 327
1605730 327
1605740 327
1605750 326
1605760 326
1605770 325
1605780 324
1605790 324
1605800 324
1605810 323
1605820 323
1605830 323
1605840 322
1605850 322
1605860 321
1605870 320
1605880 320
1605890 320
1605900 319
1605910 319
1605920 318
1605930 317
1605940 317
1605950 316
1605960 315
1605970 315
1605980 313
1605990 312
1606000 312
1606010 312
1606020 311
1606030 311
1606040 311
1606050 311
1606060 311
1606070 311
1606080 311
1606090 311
1606100 311
1606110 310
1606120 310
1606130 310
1606140 309
1606150 309
1606160 308
1606170 308
1606180 308
1606190 307
1606200 306
1606210 306
1606220 305
1606230 304
1606240 304
1606250 304
1606260 303
1606270 303
1606280 302
1606290 301
1606300 301
1606310 301
1606320 300
1606330 300
1606340 299
1606350 299
1606360 299
1606370 298
1606380 298
1606390 298
1606400 298
1606410 298
1606420 298
1606430 297
1606440 297
1606450 297
1606460 297
1606470 297
1606480 297
1606490 297
1606500 296
1606510 296
1606520 296
1606530 295
1606540 295
1606550 295
1606560 294
1606570 294
1606580 294
1606590 294
1606600 294
1606610 294
1606620 294
1606630 294
1606640 295
1606650 295
1606660 295
1606670 295
1606680 295
1606690 295
1606700 296
1606710 296
1606720 296
1606730 297
1606740 297
1606750 297
1606760 298
1606770 298
1606780 298
1606790 298
1606800 298
1606810 298
1606820 298
1606830 298
1606840 298
1606850 299
1606860 299
1606870 299
1606880 299
1606890 299
1606900 299
1606910 299
1606920 299
1606930 299
1606940 299
1606950 299
1606960 299
1606970 299
1606980 299
1606990 299
1607000 299
1607010 299
1607020 299
1607030 299
1607040 299
1607050 299
1607060 299
1607070 299
1607080 299
1607090 299
1607100 299
1607110 299
1607120 299
1607130 299
1607140 299
1607150 299
1607160 299
1607170 299
1607180 299
1607190 299
1607200 299
1607210 299
1607220 299
1607230 299
1607240 299
1607250 299
1607260 299
1607270 299
1607280 299
1607290 299
1607300 299
1607310 299
1607320 299
1607330 299
1607340 299
1607350 299
1607360 299
1607370 299
1607380 299
1607390 299
1607400 299
1607410 299
1607420 299
1607430 299
1607440 298
1607450 298
1607460 298
1607470 298
1607480 298
1607490 298
1607500 298
1607510 298
1607520 298
1607530 298
1607540 298
1607550 298
1607560 298
1607570 298
1607580 298
1607590 298
1607600 298
1607610 298
1607620 299
1607630 299
1607640 299
1607650 299
1607660 299
1607670 299
1607680 299
1607690 299
1607700 299
1607710 299
1607720 299
1607730 299
1607740 299
1607750 299
1607760 299
1607770 299
1607780 299
1607790 298
1607800 298
1607810 298
1607820 298
1607830 298
1607840 298
1607850 298
1607860 298
1607870 298
1607880 298
1607890 298
1607900 298
1607910 298
1607920 298
1607930 298
1607940 298
1607950 298
1607960 298
1607970 298
1607980 298
1607990 298
1608000 298
1608010 298
1608020 298
1608030 298
1608040 298
1608050 298
1608060 298
1608070 299
1608080 299
1608090 299
1608100 299
1608110 299
1608120 299
1608130 299
1608140 299
1608150 299
1608160 299
1608170 299
1608180 299
1608190 299
1608200 299
1608210 299
1608220 299
1608230 299
1608240 299
1608250 299
1608260 299
1608270 299
1608280 299
1608290 299
1608300 299
1608310 299
1608320 299
1608330 299
1608340 299
1608350 299
1608360 299
1608370 299
1608380 299
1608390 299
1608400 299
1608410 299
1608420 299
1608430 299
1608440 299
1608450 299
1608460 299
1608470 299
1608480 299
1608490 299
1608500 299
1608510 299
1608520 299
1608530 299
1608540 299
1608550 299
1608560 299
1608570 299
1608580 299
1608590 299
1608600 299
1608610 299
1608620 299
1608630 299
1608640 299
1608650 299
1608660 299
1608670 299
1608680 299
1608690 299
1608700 299
1608710 299
1608720 299
1608730 299
1608740 299
1608750 299
1608760 299
1608770 299
1608780 299
1608790 299
1608800 299
1608810 299
1608820 299
1608830 299
1608840 299
1608850 299
1608860 299
1608870 299
1608880 299
1608890 299
1608900 299
1608910 299
1608920 299
1608930 299
1608940 298
1608950 298
1608960 298
1608970 298
1608980 298
1608990 298
1609000 298
1609010 298
1609020 298
1609030 298
1609040 298
1609050 298
1609060 298
1609070 298
1609080 298
1609090 298
1609100 298
1609110 298
1609120 298
1609130 298
1609140 299
1609150 299
1609160 299
1609170 299
1609180 299
1609190 299
1609200 299
1609210 299
1609220 299
1609230 299
1609240 299
1609250 299
1609260 299
1609270 299
1609280 299
1609290 299
1609300 300
1609310 300
1609320 300
1609330 300
1609340 300
1609350 300
1609360 300
1609370 300
1609380 300
1609390 300
1609400 300
1609410 300
1609420 300
1609430 300
1609440 300
1609450 300
1609460 300
1609470 300
1609480 300
1609490 299
1609500 299
1609510 299
1609520 299
1609530 299
1609540 299
1609550 298
1609560 298
1609570 298
1609580 298
1609590 298
1609600 298
1609610 297
1609620 297
1609630 297
1609640 294
1609650 294
1609660 289
1609670 286
1609680 286
1609690 284
1609700 283
1609710 283
1609720 283
1609730 282
1609740 282
1609750 282
1609760 282
1609770 282
1609780 281
1609790 278
1609800 278
1609810 276
1609820 275
1609830 275
1609840 275
1609850 275
1609860 275
1609870 275
1609880 275
1609890 275
1609900 275
1609910 275
1609920 275
1609930 275
1609940 275
1609950 275
1609960 275
1609970 275
1609980 275
1609990 275
1610000 276
1610010 276
1610020 277
1610030 277
1610040 277
1610050 277
1610060 277
1610070 277
1610080 277
1610090 277
1610100 277
1610110 277
1610120 277
1610130 277
1610140 277
1610150 277
1610160 277
1610170 277
1610180 277
1610190 277
1610200 277
1610210 277
1610220 277
1610230 277
1610240 277
1610250 277
1610260 277
1610270 277
1610280 277
1610290 276
1610300 276
1610310 276
1610320 275
1610330 276
1610340 276
1610350 276
1610360 276
1610370 276
1610380 276
1610390 276
1610400 276
1610410 276
1610420 276
1610430 276
1610440 272
1610450 268
1610460 268
1610470 267
1610480 267
1610490 267
1610500 267
1610510 267
1610520 267
1610530 266
1610540 266
1610550 266
1610560 266
1610570 266
1610580 266
1610590 266
1610600 266
1610610 266
1610620 264
1610630 261
1610640 261
1610650 260
1610660 260
1610670 260
1610680 260
1610690 260
1610700 260
1610710 260
1610720 260
1610730 260
1610740 260
1610750 260
1610760 260
1610770 260
1610780 260
1610790 260
1610800 261
1610810 261
1610820 261
1610830 261
1610840 260
1610850 260
1610860 261
1610870 261
1610880 261
1610890 261
1610900 261
1610910 261
1610920 261
1610930 260
1610940 260
1610950 260
1610960 261
1610970 261
1610980 261
1610990 261
1611000 261
1611010 261
1611020 261
1611030 261
1611040 261
1611050 261
1611060 261
1611070 261
1611080 261
1611090 261
1611100 261
1611110 261
1611120 261
1611130 261
1611140 261
1611150 261
1611160 261
1611170 261
1611180 261
1611190 261
1611200 260
1611210 260
1611220 260
1611230 260
1611240 260
1611250 260
1611260 260
1611270 260
1611280 260
1611290 260
1611300 260
1611310 260
1611320 260
1611330 260
1611340 260
1611350 260
1611360 260
1611370 260
1611380 260
1611390 260
1611400 260
1611410 260
1611420 260
1611430 260
1611440 260
1611450 260
1611460 261
1611470 261
1611480 261
1611490 262
1611500 263
1611510 263
1611520 264
1611530 264
1611540 264
1611550 264
1611560 264
1611570 264
1611580 264
1611590 264
1611600 264
1611610 264
1611620 264
1611630 264
1611640 264
1611650 264
1611660 264
1611670 264
1611680 264
1611690 264
1611700 264
1611710 264
1611720 264
1611730 264
1611740 264
1611750 264
1611760 264
1611770 263
1611780 263
1611790 263
1611800 263
1611810 263
1611820 263
1611830 263
1611840 263
1611850 263
1611860 263
1611870 263
1611880 263
1611890 263
1611900 263
1611910 263
1611920 263
1611930 263
1611940 263
1611950 263
1611960 262
1611970 262
1611980 262
1611990 263
1612000 263
1612010 264
1612020 267
1612030 267
1612040 274
1612050 280
1612060 280
1612070 281
1612080 281
1612090 281
1612100 281
1612110 281
1612120 281
1612130 281
1612140 281
1612150 281
1612160 282
1612170 282
1612180 282
1612190 282
1612200 282
1612210 282
1612220 282
1612230 282
1612240 282
1612250 282
1612260 284
1612270 284
1612280 288
1612290 290
1612300 290
1612310 290
1612320 290
1612330 290
1612340 290
1612350 290
1612360 290
1612370 290
1612380 290
1612390 290
1612400 290
1612410 290
1612420 290
1612430 290
1612440 290
1612450 290
1612460 290
1612470 290
1612480 290
1612490 290
1612500 290
1612510 290
1612520 290
1612530 289
1612540 289
1612550 289
1612560 289
1612570 289
1612580 289
1612590 289
1612600 289
1612610 289
1612620 289
1612630 289
1612640 289
1612650 289
1612660 289
1612670 289
1612680 289
1612690 289
1612700 289
1612710 290
1612720 290
1612730 290
1612740 290
1612750 290
1612760 290
1612770 290
1612780 290
1612790 290
1612800 290
1612810 290
1612820 289
1612830 289
1612840 289
1612850 289
1612860 289
1612870 289
1612880 288
1612890 288
1612900 288
1612910 287
1612920 286
1612930 286
1612940 285
1612950 285
1612960 285
1612970 285
1612980 285
1612990 285
1613000 285
1613010 285
1613020 285
1613030 285
1613040 285
1613050 285
1613060 285
1613070 285
1613080 285
1613090 285
1613100 285
1613110 285
1613120 284
1613130 284
1613140 284
1613150 284
1613160 284
1613170 284
1613180 284
1613190 284
1613200 284
1613210 284
1613220 285
1613230 285
1613240 285
1613250 285
1613260 285
1613270 285
1613280 285
1613290 285
1613300 284
1613310 284
1613320 284
1613330 284
1613340 284
1613350 284
1613360 285
1613370 285
1613380 285
1613390 285
1613400 286
1613410 286
1613420 287
1613430 288
1613440 288
1613450 289
1613460 290
1613470 290
1613480 292
1613490 293
1613500 293
1613510 294
1613520 296
1613530 296
1613540 298
1613550 299
1613560 299
1613570 301
1613580 302
1613590 302
1613600 303
1613610 304
1613620 304
1613630 305
1613640 306
1613650 303
1613660 304
1613670 306
1613680 307
1613690 307
1613700 308
1613710 308
1613720 308
1613730 309
1613740 310
1613750 310
1613760 311
1613770 312
1613780 312
1613790 314
1613800 315
1613810 315
1613820 316
1613830 318
1613840 318
1613850 319
1613860 321
1613870 321
1613880 323
1613890 326
1613900 326
1613910 328
1613920 330
1613930 330
1613940 333
1613950 335
1613960 335
1613970 336
1613980 337
1613990 337
1614000 337
1614010 337
1614020 337
1614030 338
1614040 338
1614050 338
1614060 338
1614070 338
1614080 338
1614090 338
1614100 339
1614110 339
1614120 339
1614130 339
1614140 339
1614150 340
1614160 340
1614170 340
1614180 341
1614190 341
1614200 341
1614210 341
1614220 341
1614230 341
1614240 341
1614250 341
1614260 341
1614270 341
1614280 341
1614290 341
1614300 341
1614310 341
1614320 341
1614330 340
1614340 340
1614350 340
1614360 340
1614370 340
1614380 340
1614390 339
1614400 339
1614410 339
1614420 339
1614430 339
1614440 339
1614450 338
1614460 338
1614470 338
1614480 337
1614490 337
1614500 337
1614510 336
1614520 336
1614530 336
1614540 335
1614550 335
1614560 335
1614570 335
1614580 334
1614590 334
1614600 333
1614610 333
1614620 333
1614630 332
1614640 332
1614650 333
1614660 333
1614670 333
1614680 333
1614690 332
1614700 332
1614710 332
1614720 332
1614730 332
1614740 332
1614750 331
1614760 331
1614770 331
1614780 331
1614790 331
1614800 331
1614810 331
1614820 331
1614830 331
1614840 331
1614850 330
1614860 330
1614870 330
1614880 330
1614890 330
1614900 330
1614910 330
1614920 330
1614930 330
1614940 329
1614950 329
1614960 329
1614970 329
1614980 329
1614990 329
1615000 329
1615010 329
1615020 328
1615030 328
1615040 328
1615050 328
1615060 327
1615070 327
1615080 327
1615090 327
1615100 327
1615110 326
1615120 326
1615130 326
1615140 325
1615150 325
1615160 325
1615170 324
1615180 323
1615190 323
1615200 323
1615210 322
1615220 322
1615230 322
1615240 321
1615250 321
1615260 320
1615270 320
1615280 320
1615290 319
1615300 318
1615310 318
1615320 317
1615330 316
1615340 316
1615350 315
1615360 314
1615370 314
1615380 313
1615390 312
1615400 312
1615410 312
1615420 311
1615430 311
1615440 310
1615450 309
1615460 309
1615470 308
1615480 307
1615490 307
1615500 306
1615510 305
1615520 305
1615530 304
1615540 303
1615550 303
1615560 302
1615570 300
1615580 300
1615590 299
1615600 298
1615610 298
1615620 297
1615630 296
1615640 296
1615650 296
1615660 295
1615670 295
1615680 295
1615690 295
1615700 295
1615710 294
1615720 294
1615730 294
1615740 294
1615750 293
1615760 293
1615770 293
1615780 293
1615790 293
1615800 293
1615810 292
1615820 291
1615830 291
1615840 291
1615850 291
1615860 291
1615870 290
1615880 290
1615890 290
1615900 290
1615910 289
1615920 289
1615930 289
1615940 289
1615950 289
1615960 288
1615970 288
1615980 288
1615990 288
1616000 287
1616010 287
1616020 287
1616030 287
1616040 287
1616050 286
1616060 286
1616070 286
1616080 286
1616090 285
1616100 285
1616110 285
1616120 284
1616130 284
1616140 284
1616150 283
1616160 283
1616170 283
1616180 282
1616190 282
1616200 282
1616210 281
1616220 281
1616230 281
1616240 281
1616250 281
1616260 280
1616270 280
1616280 280
1616290 280
1616300 279
1616310 279
1616320 279
1616330 279
1616340 279
1616350 279
1616360 278
1616370 278
1616380 278
1616390 278
1616400 278
1616410 278
1616420 278
1616430 278
1616440 278
1616450 278
1616460 278
1616470 278
1616480 278
1616490 278
1616500 278
1616510 277
1616520 277
1616530 277
1616540 279
1616550 279
1616560 278
1616570 278
1616580 278
1616590 278
1616600 278
1616610 278
1616620 278
1616630 278
1616640 278
1616650 278
1616660 278
1616670 278
1616680 278
1616690 278
1616700 278
1616710 278
1616720 278
1616730 278
1616740 278
1616750 278
1616760 278
1616770 278
1616780 278
1616790 278
1616800 278
1616810 278
1616820 278
1616830 278
1616840 278
1616850 278
1616860 278
1616870 278
1616880 278
1616890 279
1616900 279
1616910 279
1616920 280
1616930 280
1616940 280
1616950 282
1616960 283
1616970 283
1616980 285
1616990 287
1617000 287
1617010 288
1617020 288
1617030 288
1617040 290
1617050 292
1617060 292
1617070 297
1617080 299
1617090 299
1617100 301
1617110 303
1617120 303
1617130 305
1617140 307
1617150 307
1617160 308
1617170 310
1617180 310
1617190 311
1617200 312
1617210 312
1617220 313
1617230 314
1617240 314
1617250 315
1617260 316
1617270 316
1617280 316
1617290 317
1617300 317
1617310 318
1617320 318
1617330 318
1617340 319
1617350 319
1617360 319
1617370 320
1617380 321
1617390 321
1617400 321
1617410 321
1617420 321
1617430 321
1617440 321
1617450 321
1617460 320
1617470 320
1617480 320
1617490 320
1617500 319
1617510 319
1617520 319
1617530 319
1617540 319
1617550 318
1617560 318
1617570 318
1617580 318
1617590 317
1617600 315
1617610 314
1617620 314
1617630 314
1617640 313
1617650 313
1617660 313
1617670 313
1617680 313
1617690 313
1617700 312
1617710 312
1617720 312
1617730 312
1617740 311
1617750 311
1617760 311
1617770 311
1617780 311
1617790 312
1617800 314
1617810 314
1617820 317
1617830 319
1617840 319
1617850 321
1617860 323
1617870 325
1617880 325
1617890 327
1617900 329
1617910 329
1617920 331
1617930 333
1617940 333
1617950 334
1617960 336
1617970 336
1617980 337
1617990 338
1618000 338
1618010 339
1618020 340
1618030 340
1618040 341
1618050 342
1618060 342
1618070 342
1618080 343
1618090 343
1618100 343
1618110 343
1618120 343
1618130 344
1618140 343
1618150 343
1618160 343
1618170 343
1618180 343
1618190 342
1618200 342
1618210 342
1618220 342
1618230 341
1618240 341
1618250 341
1618260 340
1618270 340
1618280 340
1618290 339
1618300 339
1618310 338
1618320 338
1618330 338
1618340 337
1618350 336
1618360 336
1618370 336
1618380 335
1618390 335
1618400 335
1618410 334
1618420 334
1618430 333
1618440 332
1618450 332
1618460 332
1618470 330
1618480 330
1618490 330
1618500 330
1618510 330
1618520 329
1618530 327
1618540 327
1618550 325
1618560 324
1618570 324
1618580 324
1618590 323
1618600 323
1618610 323
1618620 323
1618630 323
1618640 323
1618650 323
1618660 323
1618670 324
1618680 325
1618690 325
1618700 326
1618710 327
1618720 327
1618730 329
1618740 332
1618750 332
1618760 334
1618770 337
1618780 337
1618790 341
1618800 344
1618810 344
1618820 347
1618830 350
1618840 350
1618850 352
1618860 353
1618870 353
1618880 354
1618890 354
1618900 354
1618910 355
1618920 356
1618930 356
1618940 356
1618950 357
1618960 357
1618970 357
1618980 358
1618990 358
1619000 358
1619010 359
1619020 359
1619030 359
1619040 360
1619050 360
1619060 360
1619070 361
1619080 361
1619090 361
1619100 361
1619110 361
1619120 362
1619130 362
1619140 362
1619150 363
1619160 363
1619170 363
1619180 363
1619190 364
1619200 364
1619210 364
1619220 364
1619230 364
1619240 365
1619250 365
1619260 365
1619270 365
1619280 366
1619290 366
1619300 366
1619310 366
1619320 366
1619330 367
1619340 367
1619350 367
1619360 367
1619370 368
1619380 368
1619390 368
1619400 368
1619410 368
1619420 368
1619430 368
1619440 368
1619450 368
1619460 368
1619470 368
1619480 368
1619490 368
1619500 368
1619510 368
1619520 368
1619530 370
1619540 370
1619550 371
1619560 371
1619570 371
1619580 371
1619590 371
1619600 371
1619610 371
1619620 371
1619630 372
1619640 372
1619650 372
1619660 372
1619670 372
1619680 372
1619690 372
1619700 372
1619710 372
1619720 373
1619730 373
1619740 373
1619750 374
1619760 374
1619770 374
1619780 374
1619790 374
1619800 374
1619810 375
1619820 375
1619830 375
1619840 375
1619850 375
1619860 375
1619870 375
1619880 375
1619890 375
1619900 375
1619910 375
1619920 375
1619930 375
1619940 375
1619950 374
1619960 374
1619970 373
1619980 372
1619990 372
