1600000 322
1600010 322
1600020 323
1600030 323
1600040 323
1600050 324
1600060 324
1600070 324
1600080 324
1600090 324
1600100 324
1600110 325
1600120 325
1600130 325
1600140 325
1600150 325
1600160 325
1600170 325
1600180 325
1600190 325
1600200 325
1600210 325
1600220 325
1600230 324
1600240 324
1600250 324
1600260 324
1600270 324
1600280 324
1600290 324
1600300 324
1600310 323
1600320 323
1600330 323
1600340 323
1600350 322
1600360 322
1600370 322
1600380 321
1600390 321
1600400 321
1600410 320
1600420 319
1600430 319
1600440 319
1600450 318
1600460 318
1600470 318
1600480 317
1600490 317
1600500 316
1600510 316
1600520 316
1600530 315
1600540 314
1600550 314
1600560 313
1600570 312
1600580 312
1600590 311
1600600 310
1600610 310
1600620 309
1600630 308
1600640 308
1600650 307
1600660 306
1600670 306
1600680 305
1600690 304
1600700 304
1600710 303
1600720 302
1600730 302
1600740 301
1600750 300
1600760 300
1600770 299
1600780 298
1600790 298
1600800 297
1600810 296
1600820 296
1600830 295
1600840 295
1600850 295
1600860 294
1600870 293
1600880 293
1600890 293
1600900 292
1600910 292
1600920 291
1600930 290
1600940 290
1600950 289
1600960 289
1600970 289
1600980 288
1600990 288
1601000 288
1601010 287
1601020 287
1601030 287
1601040 287
1601050 286
1601060 286
1601070 286
1601080 285
1601090 285
1601100 284
1601110 284
1601120 284
1601130 283
1601140 282
1601150 282
1601160 282
1601170 282
1601180 282
1601190 282
1601200 282
1601210 282
1601220 283
1601230 285
1601240 285
1601250 288
1601260 291
1601270 291
1601280 293
1601290 296
1601300 296
1601310 298
1601320 300
1601330 300
1601340 302
1601350 304
1601360 304
1601370 307
1601380 309
1601390 309
1601400 311
1601410 313
1601420 313
1601430 315
1601440 316
1601450 316
1601460 318
1601470 319
1601480 319
1601490 321
1601500 322
1601510 322
1601520 323
1601530 324
1601540 324
1601550 325
1601560 326
1601570 326
1601580 326
1601590 325
1601600 325
1601610 325
1601620 326
1601630 326
1601640 326
1601650 327
1601660 327
1601670 327
1601680 327
1601690 327
1601700 328
1601710 328
1601720 328
1601730 329
1601740 329
1601750 329
1601760 330
1601770 330
1601780 330
1601790 331
1601800 331
1601810 331
1601820 331
1601830 332
1601840 332
1601850 332
1601860 333
1601870 333
1601880 333
1601890 333
1601900 333
1601910 334
1601920 334
1601930 334
1601940 335
1601950 335
1601960 335
1601970 335
1601980 335
1601990 335
1602000 336
1602010 336
1602020 336
1602030 336
1602040 336
1602050 336
1602060 336
1602070 336
1602080 336
1602090 336
1602100 335
1602110 335
1602120 335
1602130 335
1602140 335
1602150 334
1602160 333
1602170 333
1602180 332
1602190 332
1602200 332
1602210 333
1602220 332
1602230 332
1602240 331
1602250 331
1602260 331
1602270 331
1602280 330
1602290 330
1602300 330
1602310 329
1602320 329
1602330 329
1602340 328
1602350 328
1602360 327
1602370 327
1602380 327
1602390 326
1602400 326
1602410 326
1602420 325
1602430 324
1602440 324
1602450 323
1602460 322
1602470 322
1602480 321
1602490 320
1602500 320
1602510 319
1602520 319
1602530 319
1602540 318
1602550 317
1602560 317
1602570 316
1602580 316
1602590 316
1602600 315
1602610 314
1602620 314
1602630 313
1602640 313
1602650 313
1602660 312
1602670 312
1602680 312
1602690 312
1602700 312
1602710 312
1602720 311
1602730 311
1602740 311
1602750 310
1602760 310
1602770 310
1602780 309
1602790 309
1602800 309
1602810 309
1602820 309
1602830 309
1602840 308
1602850 308
1602860 308
1602870 308
1602880 307
1602890 307
1602900 307
1602910 306
1602920 306
1602930 306
1602940 305
1602950 305
1602960 305
1602970 305
1602980 305
1602990 305
1603000 305
1603010 305
1603020 305
1603030 305
1603040 305
1603050 305
1603060 304
1603070 304
1603080 304
1603090 304
1603100 304
1603110 303
1603120 303
1603130 303
1603140 303
1603150 304
1603160 304
1603170 304
1603180 304
1603190 304
1603200 304
1603210 304
1603220 304
1603230 303
1603240 303
1603250 303
1603260 303
1603270 303
1603280 303
1603290 302
1603300 302
1603310 302
1603320 302
1603330 301
1603340 301
1603350 301
1603360 300
1603370 300
1603380 300
1603390 299
1603400 299
1603410 299
1603420 298
1603430 298
1603440 298
1603450 298
1603460 298
1603470 297
1603480 297
1603490 297
1603500 296
1603510 296
1603520 296
1603530 295
1603540 295
1603550 295
1603560 294
1603570 294
1603580 294
1603590 293
1603600 293
1603610 293
1603620 292
1603630 292
1603640 292
1603650 291
1603660 291
1603670 291
1603680 291
1603690 290
1603700 290
1603710 290
1603720 289
1603730 289
1603740 289
1603750 288
1603760 288
1603770 288
1603780 288
1603790 287
1603800 287
1603810 287
1603820 286
1603830 286
1603840 285
1603850 284
1603860 284
1603870 284
1603880 283
1603890 283
1603900 282
1603910 282
1603920 282
1603930 281
1603940 281
1603950 281
1603960 280
1603970 280
1603980 280
1603990 279
1604000 279
1604010 279
1604020 279
1604030 279
1604040 279
1604050 279
1604060 279
1604070 279
1604080 279
1604090 280
1604100 280
1604110 280
1604120 282
1604130 282
1604140 283
1604150 284
1604160 284
1604170 285
1604180 286
1604190 286
1604200 287
1604210 288
1604220 288
1604230 290
1604240 292
1604250 292
1604260 294
1604270 297
1604280 297
1604290 299
1604300 303
1604310 303
1604320 305
1604330 307
1604340 307
1604350 308
1604360 309
1604370 309
1604380 310
1604390 311
1604400 311
1604410 311
1604420 312
1604430 312
1604440 313
1604450 313
1604460 313
1604470 313
1604480 313
1604490 313
1604500 314
1604510 314
1604520 314
1604530 314
1604540 314
1604550 314
1604560 314
1604570 314
1604580 314
1604590 314
1604600 314
1604610 314
1604620 314
1604630 314
1604640 314
1604650 314
1604660 315
1604670 315
1604680 315
1604690 315
1604700 315
1604710 315
1604720 315
1604730 315
1604740 315
1604750 315
1604760 315
1604770 315
1604780 315
1604790 315
1604800 314
1604810 314
1604820 314
1604830 314
1604840 313
1604850 313
1604860 313
1604870 312
1604880 312
1604890 312
1604900 311
1604910 311
1604920 311
1604930 310
1604940 310
1604950 309
1604960 309
1604970 309
1604980 308
1604990 307
1605000 307
1605010 306
1605020 305
1605030 305
1605040 304
1605050 302
1605060 302
1605070 301
1605080 299
1605090 299
1605100 298
1605110 296
1605120 296
1605130 294
1605140 292
1605150 292
1605160 291
1605170 289
1605180 289
1605190 289
1605200 289
1605210 289
1605220 288
1605230 286
1605240 286
1605250 284
1605260 283
1605270 283
1605280 282
1605290 281
1605300 281
1605310 279
1605320 277
1605330 277
1605340 276
1605350 274
1605360 274
1605370 273
1605380 272
1605390 272
1605400 271
1605410 269
1605420 269
1605430 268
1605440 267
1605450 267
1605460 266
1605470 265
1605480 265
1605490 264
1605500 264
1605510 264
1605520 263
1605530 263
1605540 263
1605550 262
1605560 262
1605570 262
1605580 261
1605590 261
1605600 261
1605610 261
1605620 261
1605630 261
1605640 261
1605650 261
1605660 261
1605670 260
1605680 260
1605690 260
1605700 260
1605710 260
1605720 260
1605730 260
1605740 260
1605750 260
1605760 260
1605770 260
1605780 260
1605790 260
1605800 261
1605810 261
1605820 261
1605830 261
1605840 261
1605850 261
1605860 261
1605870 261
1605880 261
1605890 261
1605900 261
1605910 261
1605920 261
1605930 261
1605940 261
1605950 261
1605960 261
1605970 261
1605980 261
1605990 261
1606000 261
1606010 261
1606020 261
1606030 261
1606040 261
1606050 261
1606060 261
1606070 262
1606080 262
1606090 262
1606100 261
1606110 261
1606120 261
1606130 262
1606140 262
1606150 262
1606160 262
1606170 262
1606180 263
1606190 264
1606200 264
1606210 265
1606220 267
1606230 267
1606240 268
1606250 269
1606260 269
1606270 270
1606280 272
1606290 272
1606300 273
1606310 275
1606320 275
1606330 276
1606340 277
1606350 277
1606360 279
1606370 280
1606380 280
1606390 281
1606400 282
1606410 282
1606420 283
1606430 284
1606440 284
1606450 286
1606460 287
1606470 287
1606480 287
1606490 288
1606500 288
1606510 289
1606520 290
1606530 290
1606540 291
1606550 292
1606560 292
1606570 292
1606580 291
1606590 291
1606600 292
1606610 295
1606620 295
1606630 298
1606640 299
1606650 299
1606660 300
1606670 301
1606680 301
1606690 302
1606700 303
1606710 303
1606720 304
1606730 305
1606740 305
1606750 306
1606760 307
1606770 307
1606780 308
1606790 309
1606800 309
1606810 310
1606820 311
1606830 311
1606840 312
1606850 313
1606860 313
1606870 314
1606880 315
1606890 315
1606900 315
1606910 316
1606920 316
1606930 317
1606940 318
1606950 318
1606960 318
1606970 319
1606980 319
1606990 320
1607000 320
1607010 321
1607020 321
1607030 321
1607040 322
1607050 322
1607060 322
1607070 323
1607080 323
1607090 323
1607100 324
1607110 324
1607120 324
1607130 325
1607140 325
1607150 325
1607160 326
1607170 326
1607180 326
1607190 326
1607200 326
1607210 327
1607220 327
1607230 327
1607240 328
1607250 328
1607260 328
1607270 328
1607280 328
1607290 328
1607300 329
1607310 329
1607320 329
1607330 329
1607340 329
1607350 329
1607360 330
1607370 330
1607380 330
1607390 330
1607400 330
1607410 330
1607420 331
1607430 331
1607440 331
1607450 330
1607460 330
1607470 330
1607480 330
1607490 330
1607500 330
1607510 330
1607520 329
1607530 329
1607540 329
1607550 329
1607560 329
1607570 329
1607580 329
1607590 329
1607600 328
1607610 328
1607620 328
1607630 328
1607640 328
1607650 328
1607660 328
1607670 328
1607680 328
1607690 328
1607700 328
1607710 328
1607720 328
1607730 326
1607740 326
1607750 325
1607760 327
1607770 327
1607780 327
1607790 326
1607800 326
1607810 326
1607820 326
1607830 326
1607840 326
1607850 325
1607860 325
1607870 325
1607880 324
1607890 324
1607900 323
1607910 322
1607920 322
1607930 321
1607940 320
1607950 320
1607960 319
1607970 317
1607980 317
1607990 315
1608000 312
1608010 312
1608020 309
1608030 306
1608040 306
1608050 303
1608060 303
1608070 303
1608080 301
1608090 300
1608100 300
1608110 299
1608120 298
1608130 298
1608140 296
1608150 295
1608160 295
1608170 294
1608180 292
1608190 292
1608200 291
1608210 290
1608220 290
1608230 289
1608240 287
1608250 287
1608260 286
1608270 285
1608280 285
1608290 284
1608300 283
1608310 283
1608320 282
1608330 281
1608340 281
1608350 279
1608360 278
1608370 278
1608380 276
1608390 274
1608400 274
1608410 273
1608420 271
1608430 271
1608440 271
1608450 270
1608460 270
1608470 270
1608480 269
1608490 269
1608500 269
1608510 268
1608520 268
1608530 268
1608540 268
1608550 268
1608560 268
1608570 267
1608580 267
1608590 267
1608600 267
1608610 267
1608620 268
1608630 268
1608640 268
1608650 268
1608660 269
1608670 269
1608680 271
1608690 272
1608700 272
1608710 274
1608720 276
1608730 276
1608740 277
1608750 278
1608760 278
1608770 278
1608780 278
1608790 278
1608800 279
1608810 278
1608820 278
1608830 278
1608840 277
1608850 277
1608860 276
1608870 275
1608880 275
1608890 275
1608900 275
1608910 275
1608920 275
1608930 276
1608940 276
1608950 277
1608960 277
1608970 277
1608980 278
1608990 279
1609000 279
1609010 280
1609020 280
1609030 280
1609040 281
1609050 282
1609060 282
1609070 282
1609080 282
1609090 282
1609100 283
1609110 283
1609120 283
1609130 283
1609140 283
1609150 283
1609160 283
1609170 282
1609180 282
1609190 282
1609200 282
1609210 282
1609220 282
1609230 282
1609240 282
1609250 282
1609260 282
1609270 282
1609280 281
1609290 281
1609300 281
1609310 281
1609320 281
1609330 281
1609340 280
1609350 280
1609360 280
1609370 279
1609380 278
1609390 278
1609400 277
1609410 277
1609420 277
1609430 277
1609440 277
1609450 277
1609460 277
1609470 278
1609480 278
1609490 279
1609500 280
1609510 280
1609520 281
1609530 281
1609540 281
1609550 282
1609560 282
1609570 282
1609580 283
1609590 283
1609600 283
1609610 283
1609620 282
1609630 282
1609640 282
1609650 282
1609660 282
1609670 282
1609680 282
1609690 282
1609700 282
1609710 282
1609720 282
1609730 281
1609740 281
1609750 281
1609760 281
1609770 281
1609780 281
1609790 281
1609800 281
1609810 281
1609820 281
1609830 281
1609840 281
1609850 282
1609860 282
1609870 282
1609880 282
1609890 282
1609900 282
1609910 282
1609920 282
1609930 282
1609940 283
1609950 283
1609960 283
1609970 283
1609980 283
1609990 283
1610000 283
1610010 284
1610020 284
1610030 284
1610040 284
1610050 284
1610060 284
1610070 283
1610080 283
1610090 283
1610100 283
1610110 283
1610120 283
1610130 283
1610140 283
1610150 282
1610160 282
1610170 282
1610180 282
1610190 282
1610200 282
1610210 282
1610220 282
1610230 282
1610240 281
1610250 281
1610260 281
1610270 281
1610280 281
1610290 280
1610300 280
1610310 280
1610320 279
1610330 279
1610340 279
1610350 280
1610360 280
1610370 280
1610380 280
1610390 280
1610400 280
1610410 279
1610420 279
1610430 279
1610440 279
1610450 279
1610460 279
1610470 279
1610480 279
1610490 280
1610500 281
1610510 281
1610520 281
1610530 282
1610540 282
1610550 282
1610560 282
1610570 282
1610580 283
1610590 283
1610600 283
1610610 284
1610620 284
1610630 284
1610640 284
1610650 285
1610660 285
1610670 285
1610680 285
1610690 285
1610700 285
1610710 285
1610720 285
1610730 285
1610740 285
1610750 285
1610760 285
1610770 285
1610780 285
1610790 285
1610800 285
1610810 285
1610820 285
1610830 285
1610840 285
1610850 285
1610860 285
1610870 285
1610880 285
1610890 285
1610900 285
1610910 285
1610920 285
1610930 285
1610940 285
1610950 284
1610960 284
1610970 284
1610980 284
1610990 284
1611000 283
1611010 283
1611020 283
1611030 283
1611040 283
1611050 283
1611060 283
1611070 283
1611080 283
1611090 283
1611100 283
1611110 283
1611120 283
1611130 283
1611140 283
1611150 283
1611160 283
1611170 283
1611180 283
1611190 283
1611200 283
1611210 283
1611220 283
1611230 283
1611240 284
1611250 284
1611260 284
1611270 284
1611280 284
1611290 284
1611300 285
1611310 285
1611320 285
1611330 285
1611340 286
1611350 286
1611360 286
1611370 286
1611380 286
1611390 286
1611400 287
1611410 287
1611420 287
1611430 287
1611440 287
1611450 288
1611460 288
1611470 288
1611480 288
1611490 288
1611500 288
1611510 287
1611520 286
1611530 286
1611540 286
1611550 286
1611560 286
1611570 285
1611580 285
1611590 285
1611600 284
1611610 284
1611620 284
1611630 284
1611640 283
1611650 283
1611660 281
1611670 275
1611680 275
1611690 271
1611700 271
1611710 271
1611720 269
1611730 264
1611740 264
1611750 260
1611760 260
1611770 260
1611780 260
1611790 259
1611800 259
1611810 255
1611820 252
1611830 252
1611840 252
1611850 252
1611860 252
1611870 252
1611880 252
1611890 252
1611900 252
1611910 253
1611920 253
1611930 253
1611940 253
1611950 253
1611960 253
1611970 253
1611980 253
1611990 253
1612000 253
1612010 253
1612020 253
1612030 252
1612040 252
1612050 252
1612060 251
1612070 251
1612080 251
1612090 251
1612100 251
1612110 250
1612120 250
1612130 250
1612140 250
1612150 250
1612160 250
1612170 249
1612180 248
1612190 248
1612200 248
1612210 248
1612220 248
1612230 248
1612240 248
1612250 248
1612260 249
1612270 249
1612280 249
1612290 250
1612300 252
1612310 252
1612320 252
1612330 252
1612340 252
1612350 253
1612360 253
1612370 253
1612380 253
1612390 253
1612400 253
1612410 252
1612420 252
1612430 252
1612440 252
1612450 252
1612460 252
1612470 252
1612480 253
1612490 253
1612500 252
1612510 252
1612520 252
1612530 252
1612540 252
1612550 252
1612560 252
1612570 252
1612580 252
1612590 252
1612600 252
1612610 252
1612620 252
1612630 252
1612640 252
1612650 253
1612660 253
1612670 253
1612680 252
1612690 252
1612700 252
1612710 252
1612720 252
1612730 252
1612740 252
1612750 252
1612760 252
1612770 252
1612780 254
1612790 254
1612800 256
1612810 256
1612820 256
1612830 256
1612840 256
1612850 256
1612860 255
1612870 256
1612880 256
1612890 256
1612900 256
1612910 256
1612920 256
1612930 256
1612940 256
1612950 256
1612960 256
1612970 256
1612980 256
1612990 256
1613000 256
1613010 256
1613020 257
1613030 257
1613040 256
1613050 256
1613060 256
1613070 256
1613080 256
1613090 256
1613100 256
1613110 256
1613120 256
1613130 256
1613140 256
1613150 256
1613160 256
1613170 256
1613180 256
1613190 256
1613200 256
1613210 256
1613220 256
1613230 256
1613240 256
1613250 256
1613260 255
1613270 255
1613280 255
1613290 255
1613300 255
1613310 255
1613320 255
1613330 255
1613340 255
1613350 255
1613360 255
1613370 255
1613380 255
1613390 255
1613400 255
1613410 255
1613420 255
1613430 255
1613440 255
1613450 255
1613460 255
1613470 255
1613480 255
1613490 256
1613500 256
1613510 256
1613520 256
1613530 256
1613540 256
1613550 256
1613560 256
1613570 256
1613580 256
1613590 256
1613600 256
1613610 255
1613620 255
1613630 255
1613640 255
1613650 255
1613660 256
1613670 256
1613680 257
1613690 259
1613700 259
1613710 260
1613720 259
1613730 259
1613740 259
1613750 259
1613760 259
1613770 259
1613780 260
1613790 260
1613800 261
1613810 263
1613820 263
1613830 263
1613840 263
1613850 263
1613860 263
1613870 263
1613880 263
1613890 263
1613900 263
1613910 263
1613920 263
1613930 263
1613940 263
1613950 263
1613960 263
1613970 263
1613980 263
1613990 263
1614000 263
1614010 263
1614020 263
1614030 263
1614040 263
1614050 263
1614060 263
1614070 263
1614080 263
1614090 263
1614100 263
1614110 263
1614120 263
1614130 263
1614140 263
1614150 263
1614160 263
1614170 263
1614180 263
1614190 263
1614200 263
1614210 263
1614220 263
1614230 263
1614240 263
1614250 263
1614260 263
1614270 263
1614280 263
1614290 262
1614300 262
1614310 262
1614320 262
1614330 262
1614340 262
1614350 262
1614360 262
1614370 262
1614380 262
1614390 262
1614400 262
1614410 262
1614420 262
1614430 262
1614440 262
1614450 262
1614460 262
1614470 262
1614480 262
1614490 262
1614500 262
1614510 262
1614520 262
1614530 262
1614540 262
1614550 262
1614560 261
1614570 261
1614580 261
1614590 261
1614600 261
1614610 262
1614620 262
1614630 262
1614640 262
1614650 262
1614660 262
1614670 262
1614680 262
1614690 262
1614700 262
1614710 262
1614720 262
1614730 262
1614740 262
1614750 262
1614760 262
1614770 262
1614780 262
1614790 262
1614800 262
1614810 262
1614820 262
1614830 262
1614840 262
1614850 262
1614860 262
1614870 262
1614880 262
1614890 263
1614900 263
1614910 263
1614920 263
1614930 263
1614940 263
1614950 263
1614960 263
1614970 265
1614980 265
1614990 265
1615000 265
1615010 265
1615020 265
1615030 265
1615040 265
1615050 265
1615060 265
1615070 265
1615080 265
1615090 264
1615100 264
1615110 264
1615120 264
1615130 264
1615140 264
1615150 264
1615160 264
1615170 264
1615180 264
1615190 264
1615200 264
1615210 264
1615220 264
1615230 264
1615240 264
1615250 264
1615260 264
1615270 264
1615280 264
1615290 264
1615300 264
1615310 264
1615320 264
1615330 264
1615340 264
1615350 264
1615360 264
1615370 264
1615380 264
1615390 264
1615400 264
1615410 264
1615420 264
1615430 264
1615440 264
1615450 264
1615460 264
1615470 264
1615480 264
1615490 264
1615500 264
1615510 264
1615520 264
1615530 264
1615540 264
1615550 264
1615560 264
1615570 264
1615580 264
1615590 264
1615600 264
1615610 264
1615620 264
1615630 263
1615640 263
1615650 263
1615660 263
1615670 263
1615680 263
1615690 263
1615700 263
1615710 263
1615720 263
1615730 263
1615740 263
1615750 263
1615760 263
1615770 263
1615780 263
1615790 263
1615800 263
1615810 263
1615820 263
1615830 263
1615840 263
1615850 263
1615860 263
1615870 263
1615880 263
1615890 263
1615900 264
1615910 264
1615920 264
1615930 264
1615940 263
1615950 263
1615960 263
1615970 263
1615980 263
1615990 263
1616000 263
1616010 263
1616020 263
1616030 263
1616040 263
1616050 263
1616060 263
1616070 263
1616080 263
1616090 263
1616100 263
1616110 263
1616120 263
1616130 263
1616140 263
1616150 263
1616160 263
1616170 263
1616180 263
1616190 263
1616200 263
1616210 263
1616220 263
1616230 263
1616240 264
1616250 264
1616260 265
1616270 266
1616280 266
1616290 266
1616300 266
1616310 266
1616320 266
1616330 267
1616340 267
1616350 267
1616360 267
1616370 267
1616380 267
1616390 266
1616400 266
1616410 267
1616420 266
1616430 266
1616440 266
1616450 266
1616460 266
1616470 266
1616480 266
1616490 266
1616500 266
1616510 266
1616520 266
1616530 266
1616540 266
1616550 266
1616560 266
1616570 265
1616580 265
1616590 265
1616600 265
1616610 265
1616620 265
1616630 265
1616640 265
1616650 265
1616660 265
1616670 265
1616680 265
1616690 265
1616700 265
1616710 264
1616720 264
1616730 264
1616740 264
1616750 264
1616760 264
1616770 264
1616780 264
1616790 264
1616800 264
1616810 264
1616820 264
1616830 263
1616840 263
1616850 263
1616860 263
1616870 263
1616880 263
1616890 263
1616900 263
1616910 263
1616920 262
1616930 262
1616940 262
1616950 262
1616960 262
1616970 262
1616980 262
1616990 262
1617000 262
1617010 262
1617020 262
1617030 262
1617040 262
1617050 262
1617060 262
1617070 262
1617080 262
1617090 262
1617100 262
1617110 262
1617120 262
1617130 262
1617140 262
1617150 262
1617160 262
1617170 262
1617180 262
1617190 262
1617200 262
1617210 262
1617220 262
1617230 262
1617240 262
1617250 262
1617260 262
1617270 262
1617280 262
1617290 262
1617300 262
1617310 262
1617320 262
1617330 262
1617340 262
1617350 262
1617360 262
1617370 262
1617380 262
1617390 263
1617400 263
1617410 263
1617420 263
1617430 263
1617440 263
1617450 263
1617460 263
1617470 263
1617480 263
1617490 263
1617500 263
1617510 263
1617520 263
1617530 263
1617540 263
1617550 263
1617560 265
1617570 268
1617580 268
1617590 270
1617600 270
1617610 270
1617620 270
1617630 270
1617640 270
1617650 269
1617660 266
1617670 266
1617680 263
1617690 263
1617700 263
1617710 263
1617720 263
1617730 263
1617740 263
1617750 263
1617760 263
1617770 263
1617780 263
1617790 263
1617800 263
1617810 263
1617820 263
1617830 263
1617840 263
1617850 263
1617860 263
1617870 263
1617880 263
1617890 263
1617900 262
1617910 262
1617920 262
1617930 262
1617940 262
1617950 262
1617960 262
1617970 262
1617980 262
1617990 262
1618000 262
1618010 262
1618020 262
1618030 262
1618040 262
1618050 262
1618060 262
1618070 262
1618080 262
1618090 262
1618100 262
1618110 262
1618120 262
1618130 262
1618140 262
1618150 262
1618160 262
1618170 262
1618180 262
1618190 262
1618200 262
1618210 262
1618220 262
1618230 262
1618240 262
1618250 262
1618260 262
1618270 262
1618280 262
1618290 262
1618300 262
1618310 260
1618320 260
1618330 260
1618340 261
1618350 262
1618360 262
1618370 262
1618380 262
1618390 262
1618400 262
1618410 261
1618420 261
1618430 261
1618440 261
1618450 261
1618460 261
1618470 261
1618480 261
1618490 261
1618500 261
1618510 261
1618520 261
1618530 261
1618540 261
1618550 261
1618560 261
1618570 261
1618580 261
1618590 261
1618600 261
1618610 262
1618620 262
1618630 262
1618640 262
1618650 262
1618660 262
1618670 262
1618680 262
1618690 262
1618700 262
1618710 261
1618720 261
1618730 261
1618740 261
1618750 261
1618760 261
1618770 261
1618780 261
1618790 261
1618800 261
1618810 261
1618820 261
1618830 261
1618840 261
1618850 261
1618860 261
1618870 261
1618880 261
1618890 261
1618900 261
1618910 261
1618920 261
1618930 261
1618940 261
1618950 261
1618960 261
1618970 261
1618980 261
1618990 261
1619000 261
1619010 261
1619020 261
1619030 261
1619040 261
1619050 261
1619060 261
1619070 261
1619080 261
1619090 261
1619100 261
1619110 261
1619120 261
1619130 261
1619140 261
1619150 261
1619160 261
1619170 261
1619180 261
1619190 261
1619200 261
1619210 262
1619220 261
1619230 261
1619240 260
1619250 260
1619260 260
1619270 260
1619280 260
1619290 260
1619300 260
1619310 260
1619320 260
1619330 260
1619340 260
1619350 260
1619360 260
1619370 259
1619380 259
1619390 260
1619400 260
1619410 260
1619420 259
1619430 259
1619440 259
1619450 260
1619460 260
1619470 260
1619480 260
1619490 260
1619500 260
1619510 260
1619520 261
1619530 261
1619540 261
1619550 262
1619560 262
1619570 263
1619580 264
1619590 264
1619600 265
1619610 266
1619620 266
1619630 266
1619640 267
1619650 267
1619660 267
1619670 268
1619680 268
1619690 270
1619700 271
1619710 271
1619720 271
1619730 272
1619740 272
1619750 274
1619760 276
1619770 276
1619780 278
1619790 280
1619800 280
1619810 283
1619820 284
1619830 284
1619840 285
1619850 286
1619860 286
1619870 287
1619880 288
1619890 288
1619900 288
1619910 288
1619920 288
1619930 293
1619940 295
1619950 295
1619960 294
1619970 294
1619980 294
1619990 294
