1600000 271
1600010 270
1600020 270
1600030 270
1600040 271
1600050 271
1600060 271
1600070 271
1600080 271
1600090 271
1600100 271
1600110 271
1600120 272
1600130 272
1600140 272
1600150 273
1600160 273
1600170 273
1600180 273
1600190 274
1600200 274
1600210 274
1600220 275
1600230 275
1600240 275
1600250 276
1600260 276
1600270 276
1600280 277
1600290 277
1600300 278
1600310 278
1600320 278
1600330 279
1600340 280
1600350 280
1600360 281
1600370 282
1600380 282
1600390 283
1600400 284
1600410 284
1600420 285
1600430 287
1600440 287
1600450 289
1600460 290
1600470 290
1600480 292
1600490 295
1600500 295
1600510 297
1600520 299
1600530 299
1600540 301
1600550 303
1600560 303
1600570 305
1600580 306
1600590 306
1600600 307
1600610 309
1600620 309
1600630 310
1600640 311
1600650 311
1600660 312
1600670 313
1600680 313
1600690 315
1600700 316
1600710 316
1600720 317
1600730 318
1600740 318
1600750 319
1600760 321
1600770 321
1600780 321
1600790 322
1600800 322
1600810 322
1600820 323
1600830 323
1600840 323
1600850 323
1600860 323
1600870 323
1600880 323
1600890 323
1600900 323
1600910 324
1600920 324
1600930 326
1600940 326
1600950 326
1600960 327
1600970 327
1600980 327
1600990 327
1601000 328
1601010 328
1601020 328
1601030 328
1601040 328
1601050 328
1601060 328
1601070 328
1601080 328
1601090 328
1601100 328
1601110 328
1601120 328
1601130 328
1601140 328
1601150 327
1601160 327
1601170 327
1601180 327
1601190 327
1601200 327
1601210 326
1601220 326
1601230 326
1601240 326
1601250 326
1601260 326
1601270 325
1601280 325
1601290 325
1601300 325
1601310 325
1601320 325
1601330 324
1601340 324
1601350 324
1601360 323
1601370 323
1601380 322
1601390 320
1601400 320
1601410 318
1601420 316
1601430 316
1601440 313
1601450 311
1601460 311
1601470 309
1601480 307
1601490 307
1601500 305
1601510 304
1601520 304
1601530 302
1601540 301
1601550 301
1601560 300
1601570 299
1601580 299
1601590 298
1601600 298
1601610 298
1601620 297
1601630 296
1601640 296
1601650 295
1601660 294
1601670 294
1601680 295
1601690 295
1601700 295
1601710 294
1601720 294
1601730 294
1601740 294
1601750 294
1601760 294
1601770 294
1601780 294
1601790 294
1601800 293
1601810 293
1601820 293
1601830 293
1601840 293
1601850 293
1601860 293
1601870 293
1601880 293
1601890 292
1601900 291
1601910 291
1601920 290
1601930 287
1601940 287
1601950 285
1601960 283
1601970 283
1601980 281
1601990 278
1602000 278
1602010 276
1602020 272
1602030 272
1602040 269
1602050 266
1602060 266
1602070 264
1602080 261
1602090 261
1602100 259
1602110 259
1602120 259
1602130 258
1602140 258
1602150 258
1602160 258
1602170 258
1602180 258
1602190 258
1602200 258
1602210 258
1602220 257
1602230 257
1602240 257
1602250 257
1602260 257
1602270 257
1602280 257
1602290 257
1602300 257
1602310 256
1602320 256
1602330 256
1602340 256
1602350 256
1602360 256
1602370 256
1602380 256
1602390 256
1602400 256
1602410 256
1602420 256
1602430 256
1602440 256
1602450 256
1602460 256
1602470 256
1602480 256
1602490 256
1602500 256
1602510 256
1602520 256
1602530 256
1602540 255
1602550 255
1602560 255
1602570 255
1602580 255
1602590 255
1602600 255
1602610 255
1602620 255
1602630 255
1602640 255
1602650 255
1602660 255
1602670 255
1602680 255
1602690 255
1602700 255
1602710 255
1602720 255
1602730 255
1602740 255
1602750 255
1602760 255
1602770 255
1602780 255
1602790 255
1602800 255
1602810 255
1602820 255
1602830 255
1602840 255
1602850 255
1602860 256
1602870 256
1602880 256
1602890 255
1602900 255
1602910 255
1602920 255
1602930 255
1602940 255
1602950 255
1602960 255
1602970 255
1602980 255
1602990 255
1603000 255
1603010 255
1603020 255
1603030 255
1603040 255
1603050 255
1603060 255
1603070 255
1603080 255
1603090 255
1603100 255
1603110 255
1603120 255
1603130 255
1603140 255
1603150 255
1603160 255
1603170 255
1603180 255
1603190 255
1603200 255
1603210 255
1603220 255
1603230 255
1603240 255
1603250 255
1603260 255
1603270 255
1603280 255
1603290 255
1603300 255
1603310 255
1603320 255
1603330 255
1603340 255
1603350 255
1603360 255
1603370 255
1603380 256
1603390 256
1603400 256
1603410 256
1603420 256
1603430 256
1603440 256
1603450 256
1603460 256
1603470 256
1603480 256
1603490 256
1603500 256
1603510 256
1603520 256
1603530 256
1603540 256
1603550 256
1603560 256
1603570 256
1603580 256
1603590 256
1603600 256
1603610 256
1603620 256
1603630 256
1603640 256
1603650 256
1603660 256
1603670 256
1603680 256
1603690 256
1603700 256
1603710 256
1603720 256
1603730 256
1603740 256
1603750 256
1603760 256
1603770 256
1603780 256
1603790 256
1603800 257
1603810 257
1603820 257
1603830 257
1603840 257
1603850 257
1603860 257
1603870 257
1603880 258
1603890 258
1603900 258
1603910 258
1603920 259
1603930 259
1603940 259
1603950 260
1603960 260
1603970 260
1603980 260
1603990 260
1604000 260
1604010 260
1604020 260
1604030 260
1604040 260
1604050 260
1604060 259
1604070 259
1604080 259
1604090 258
1604100 257
1604110 257
1604120 256
1604130 256
1604140 256
1604150 256
1604160 256
1604170 256
1604180 256
1604190 256
1604200 256
1604210 256
1604220 256
1604230 256
1604240 255
1604250 255
1604260 255
1604270 256
1604280 255
1604290 255
1604300 255
1604310 255
1604320 255
1604330 255
1604340 255
1604350 255
1604360 255
1604370 255
1604380 255
1604390 255
1604400 255
1604410 255
1604420 255
1604430 255
1604440 255
1604450 254
1604460 254
1604470 254
1604480 254
1604490 254
1604500 254
1604510 254
1604520 254
1604530 254
1604540 254
1604550 253
1604560 253
1604570 252
1604580 252
1604590 252
1604600 253
1604610 253
1604620 253
1604630 254
1604640 254
1604650 254
1604660 255
1604670 255
1604680 255
1604690 255
1604700 255
1604710 255
1604720 255
1604730 255
1604740 255
1604750 255
1604760 255
1604770 255
1604780 255
1604790 255
1604800 255
1604810 255
1604820 255
1604830 255
1604840 255
1604850 255
1604860 255
1604870 255
1604880 255
1604890 255
1604900 255
1604910 255
1604920 255
1604930 255
1604940 254
1604950 254
1604960 254
1604970 255
1604980 255
1604990 255
1605000 255
1605010 255
1605020 254
1605030 255
1605040 255
1605050 255
1605060 255
1605070 255
1605080 255
1605090 254
1605100 254
1605110 254
1605120 254
1605130 254
1605140 254
1605150 254
1605160 254
1605170 254
1605180 254
1605190 254
1605200 254
1605210 254
1605220 254
1605230 254
1605240 254
1605250 254
1605260 254
1605270 254
1605280 254
1605290 254
1605300 254
1605310 254
1605320 254
1605330 254
1605340 254
1605350 254
1605360 254
1605370 254
1605380 254
1605390 254
1605400 254
1605410 254
1605420 254
1605430 254
1605440 254
1605450 254
1605460 254
1605470 254
1605480 254
1605490 254
1605500 254
1605510 254
1605520 254
1605530 254
1605540 254
1605550 254
1605560 254
1605570 254
1605580 254
1605590 254
1605600 253
1605610 253
1605620 254
1605630 254
1605640 254
1605650 255
1605660 255
1605670 255
1605680 255
1605690 255
1605700 255
1605710 255
1605720 255
1605730 255
1605740 255
1605750 254
1605760 254
1605770 254
1605780 255
1605790 255
1605800 255
1605810 255
1605820 255
1605830 255
1605840 254
1605850 254
1605860 254
1605870 254
1605880 254
1605890 254
1605900 254
1605910 254
1605920 254
1605930 254
1605940 254
1605950 254
1605960 253
1605970 253
1605980 254
1605990 254
1606000 254
1606010 253
1606020 253
1606030 253
1606040 253
1606050 253
1606060 253
1606070 253
1606080 253
1606090 253
1606100 253
1606110 253
1606120 253
1606130 253
1606140 253
1606150 253
1606160 253
1606170 253
1606180 253
1606190 252
1606200 249
1606210 252
1606220 249
1606230 247
1606240 247
1606250 247
1606260 248
1606270 248
1606280 248
1606290 248
1606300 248
1606310 248
1606320 249
1606330 249
1606340 249
1606350 248
1606360 248
1606370 248
1606380 248
1606390 248
1606400 248
1606410 248
1606420 248
1606430 247
1606440 247
1606450 247
1606460 247
1606470 247
1606480 247
1606490 247
1606500 247
1606510 247
1606520 247
1606530 246
1606540 246
1606550 246
1606560 246
1606570 246
1606580 246
1606590 246
1606600 246
1606610 246
1606620 246
1606630 246
1606640 246
1606650 246
1606660 246
1606670 246
1606680 246
1606690 246
1606700 247
1606710 247
1606720 247
1606730 247
1606740 247
1606750 247
1606760 247
1606770 248
1606780 248
1606790 248
1606800 248
1606810 248
1606820 248
1606830 248
1606840 248
1606850 248
1606860 248
1606870 248
1606880 248
1606890 249
1606900 249
1606910 248
1606920 248
1606930 248
1606940 248
1606950 249
1606960 249
1606970 249
1606980 249
1606990 249
1607000 249
1607010 249
1607020 249
1607030 249
1607040 249
1607050 249
1607060 249
1607070 249
1607080 249
1607090 249
1607100 249
1607110 249
1607120 249
1607130 249
1607140 249
1607150 249
1607160 249
1607170 249
1607180 249
1607190 249
1607200 249
1607210 249
1607220 249
1607230 249
1607240 249
1607250 249
1607260 249
1607270 249
1607280 249
1607290 249
1607300 250
1607310 249
1607320 249
1607330 249
1607340 249
1607350 249
1607360 249
1607370 249
1607380 249
1607390 249
1607400 249
1607410 249
1607420 249
1607430 249
1607440 249
1607450 249
1607460 249
1607470 249
1607480 249
1607490 249
1607500 249
1607510 249
1607520 249
1607530 249
1607540 250
1607550 250
1607560 250
1607570 250
1607580 250
1607590 250
1607600 250
1607610 250
1607620 250
1607630 250
1607640 250
1607650 250
1607660 250
1607670 250
1607680 250
1607690 250
1607700 250
1607710 250
1607720 250
1607730 250
1607740 250
1607750 250
1607760 250
1607770 249
1607780 249
1607790 249
1607800 249
1607810 249
1607820 249
1607830 249
1607840 249
1607850 249
1607860 249
1607870 249
1607880 249
1607890 249
1607900 249
1607910 249
1607920 249
1607930 249
1607940 249
1607950 249
1607960 249
1607970 249
1607980 249
1607990 249
1608000 249
1608010 249
1608020 249
1608030 250
1608040 249
1608050 249
1608060 249
1608070 249
1608080 249
1608090 249
1608100 249
1608110 249
1608120 249
1608130 249
1608140 249
1608150 249
1608160 249
1608170 249
1608180 249
1608190 249
1608200 249
1608210 249
1608220 249
1608230 249
1608240 249
1608250 249
1608260 249
1608270 249
1608280 249
1608290 249
1608300 249
1608310 249
1608320 249
1608330 249
1608340 249
1608350 249
1608360 249
1608370 249
1608380 249
1608390 249
1608400 249
1608410 249
1608420 249
1608430 249
1608440 249
1608450 249
1608460 249
1608470 249
1608480 249
1608490 249
1608500 249
1608510 249
1608520 249
1608530 249
1608540 249
1608550 249
1608560 249
1608570 248
1608580 248
1608590 248
1608600 247
1608610 247
1608620 247
1608630 247
1608640 248
1608650 248
1608660 248
1608670 248
1608680 248
1608690 247
1608700 246
1608710 246
1608720 246
1608730 248
1608740 248
1608750 249
1608760 251
1608770 251
1608780 249
1608790 247
1608800 247
1608810 248
1608820 249
1608830 249
1608840 250
1608850 250
1608860 250
1608870 249
1608880 249
1608890 249
1608900 250
1608910 250
1608920 250
1608930 250
1608940 249
1608950 249
1608960 249
1608970 249
1608980 249
1608990 249
1609000 249
1609010 249
1609020 250
1609030 250
1609040 250
1609050 250
1609060 250
1609070 250
1609080 250
1609090 250
1609100 250
1609110 250
1609120 250
1609130 250
1609140 250
1609150 250
1609160 250
1609170 250
1609180 249
1609190 249
1609200 249
1609210 250
1609220 250
1609230 250
1609240 250
1609250 250
1609260 250
1609270 250
1609280 250
1609290 250
1609300 250
1609310 250
1609320 250
1609330 250
1609340 250
1609350 250
1609360 250
1609370 250
1609380 250
1609390 250
1609400 250
1609410 249
1609420 250
1609430 250
1609440 250
1609450 250
1609460 250
1609470 250
1609480 250
1609490 250
1609500 249
1609510 249
1609520 249
1609530 249
1609540 249
1609550 249
1609560 249
1609570 249
1609580 249
1609590 249
1609600 249
1609610 249
1609620 249
1609630 249
1609640 249
1609650 249
1609660 249
1609670 249
1609680 249
1609690 249
1609700 249
1609710 249
1609720 249
1609730 249
1609740 249
1609750 249
1609760 249
1609770 249
1609780 249
1609790 249
1609800 249
1609810 249
1609820 249
1609830 249
1609840 249
1609850 249
1609860 249
1609870 249
1609880 249
1609890 249
1609900 249
1609910 249
1609920 249
1609930 249
1609940 249
1609950 249
1609960 249
1609970 249
1609980 249
1609990 249
1610000 249
1610010 249
1610020 249
1610030 249
1610040 249
1610050 249
1610060 249
1610070 249
1610080 249
1610090 249
1610100 249
1610110 249
1610120 249
1610130 249
1610140 250
1610150 250
1610160 249
1610170 249
1610180 249
1610190 249
1610200 250
1610210 250
1610220 250
1610230 250
1610240 250
1610250 250
1610260 250
1610270 250
1610280 250
1610290 250
1610300 250
1610310 250
1610320 250
1610330 250
1610340 250
1610350 250
1610360 250
1610370 250
1610380 251
1610390 251
1610400 251
1610410 251
1610420 251
1610430 252
1610440 252
1610450 252
1610460 252
1610470 252
1610480 252
1610490 252
1610500 252
1610510 252
1610520 252
1610530 252
1610540 252
1610550 252
1610560 253
1610570 253
1610580 253
1610590 253
1610600 253
1610610 254
1610620 255
1610630 255
1610640 254
1610650 254
1610660 254
1610670 253
1610680 253
1610690 253
1610700 253
1610710 253
1610720 253
1610730 254
1610740 255
1610750 255
1610760 255
1610770 256
1610780 256
1610790 256
1610800 254
1610810 254
1610820 254
1610830 256
1610840 256
1610850 256
1610860 256
1610870 256
1610880 256
1610890 257
1610900 257
1610910 257
1610920 256
1610930 256
1610940 256
1610950 257
1610960 257
1610970 257
1610980 257
1610990 257
1611000 256
1611010 257
1611020 257
1611030 257
1611040 257
1611050 257
1611060 258
1611070 258
1611080 258
1611090 257
1611100 257
1611110 257
1611120 257
1611130 257
1611140 257
1611150 257
1611160 258
1611170 258
1611180 258
1611190 258
1611200 258
1611210 258
1611220 258
1611230 258
1611240 258
1611250 258
1611260 258
1611270 258
1611280 258
1611290 258
1611300 258
1611310 258
1611320 258
1611330 258
1611340 258
1611350 258
1611360 258
1611370 258
1611380 258
1611390 258
1611400 258
1611410 258
1611420 258
1611430 258
1611440 258
1611450 258
1611460 258
1611470 258
1611480 258
1611490 258
1611500 258
1611510 258
1611520 258
1611530 258
1611540 258
1611550 258
1611560 258
1611570 258
1611580 258
1611590 258
1611600 258
1611610 257
1611620 257
1611630 257
1611640 258
1611650 258
1611660 258
1611670 258
1611680 258
1611690 258
1611700 258
1611710 258
1611720 258
1611730 258
1611740 258
1611750 258
1611760 258
1611770 258
1611780 258
1611790 258
1611800 258
1611810 258
1611820 258
1611830 258
1611840 258
1611850 258
1611860 258
1611870 258
1611880 258
1611890 258
1611900 258
1611910 258
1611920 258
1611930 258
1611940 258
1611950 258
1611960 258
1611970 258
1611980 258
1611990 258
1612000 258
1612010 258
1612020 258
1612030 258
1612040 258
1612050 258
1612060 258
1612070 258
1612080 258
1612090 259
1612100 259
1612110 259
1612120 259
1612130 259
1612140 259
1612150 259
1612160 259
1612170 259
1612180 259
1612190 259
1612200 259
1612210 260
1612220 260
1612230 260
1612240 260
1612250 260
1612260 260
1612270 260
1612280 260
1612290 260
1612300 259
1612310 259
1612320 259
1612330 259
1612340 259
1612350 259
1612360 259
1612370 259
1612380 259
1612390 259
1612400 259
1612410 258
1612420 257
1612430 257
1612440 257
1612450 255
1612460 255
1612470 255
1612480 254
1612490 254
1612500 253
1612510 252
1612520 252
1612530 251
1612540 251
1612550 251
1612560 250
1612570 249
1612580 249
1612590 249
1612600 249
1612610 249
1612620 249
1612630 249
1612640 249
1612650 249
1612660 248
1612670 248
1612680 247
1612690 246
1612700 246
1612710 246
1612720 246
1612730 246
1612740 246
1612750 246
1612760 246
1612770 245
1612780 245
1612790 245
1612800 245
1612810 245
1612820 245
1612830 245
1612840 245
1612850 245
1612860 245
1612870 245
1612880 245
1612890 245
1612900 245
1612910 245
1612920 245
1612930 247
1612940 247
1612950 247
1612960 247
1612970 247
1612980 247
1612990 247
1613000 246
1613010 246
1613020 246
1613030 245
1613040 245
1613050 246
1613060 247
1613070 247
1613080 248
1613090 247
1613100 247
1613110 247
1613120 247
1613130 247
1613140 247
1613150 247
1613160 247
1613170 247
1613180 247
1613190 247
1613200 247
1613210 247
1613220 247
1613230 247
1613240 247
1613250 247
1613260 247
1613270 246
1613280 246
1613290 246
1613300 246
1613310 246
1613320 247
1613330 247
1613340 247
1613350 247
1613360 246
1613370 246
1613380 247
1613390 247
1613400 247
1613410 247
1613420 247
1613430 247
1613440 247
1613450 247
1613460 247
1613470 248
1613480 248
1613490 248
1613500 248
1613510 249
1613520 249
1613530 249
1613540 249
1613550 249
1613560 249
1613570 249
1613580 249
1613590 249
1613600 249
1613610 249
1613620 248
1613630 248
1613640 248
1613650 248
1613660 248
1613670 248
1613680 248
1613690 248
1613700 248
1613710 248
1613720 248
1613730 248
1613740 248
1613750 248
1613760 248
1613770 248
1613780 248
1613790 248
1613800 248
1613810 248
1613820 248
1613830 248
1613840 248
1613850 248
1613860 249
1613870 249
1613880 249
1613890 249
1613900 249
1613910 249
1613920 248
1613930 249
1613940 249
1613950 249
1613960 249
1613970 249
1613980 248
1613990 248
1614000 248
1614010 248
1614020 248
1614030 248
1614040 248
1614050 248
1614060 248
1614070 248
1614080 248
1614090 248
1614100 248
1614110 248
1614120 248
1614130 248
1614140 248
1614150 248
1614160 248
1614170 248
1614180 248
1614190 248
1614200 248
1614210 248
1614220 250
1614230 254
1614240 254
1614250 253
1614260 251
1614270 251
1614280 249
1614290 249
1614300 249
1614310 249
1614320 248
1614330 248
1614340 247
1614350 248
1614360 248
1614370 248
1614380 248
1614390 248
1614400 248
1614410 249
1614420 249
1614430 249
1614440 249
1614450 249
1614460 249
1614470 249
1614480 249
1614490 249
1614500 249
1614510 249
1614520 249
1614530 249
1614540 249
1614550 249
1614560 249
1614570 249
1614580 249
1614590 249
1614600 249
1614610 249
1614620 249
1614630 249
1614640 249
1614650 249
1614660 249
1614670 249
1614680 249
1614690 249
1614700 249
1614710 249
1614720 249
1614730 249
1614740 248
1614750 248
1614760 248
1614770 248
1614780 248
1614790 248
1614800 248
1614810 248
1614820 248
1614830 248
1614840 248
1614850 248
1614860 248
1614870 248
1614880 248
1614890 248
1614900 248
1614910 248
1614920 248
1614930 248
1614940 248
1614950 248
1614960 248
1614970 248
1614980 248
1614990 248
1615000 248
1615010 249
1615020 249
1615030 248
1615040 248
1615050 248
1615060 248
1615070 248
1615080 248
1615090 248
1615100 248
1615110 248
1615120 248
1615130 248
1615140 248
1615150 248
1615160 248
1615170 248
1615180 248
1615190 248
1615200 248
1615210 248
1615220 248
1615230 248
1615240 248
1615250 248
1615260 248
1615270 247
1615280 247
1615290 247
1615300 247
1615310 247
1615320 247
1615330 248
1615340 248
1615350 248
1615360 248
1615370 248
1615380 248
1615390 248
1615400 248
1615410 248
1615420 248
1615430 247
1615440 247
1615450 247
1615460 247
1615470 247
1615480 247
1615490 247
1615500 247
1615510 247
1615520 247
1615530 247
1615540 247
1615550 247
1615560 247
1615570 248
1615580 248
1615590 248
1615600 248
1615610 248
1615620 248
1615630 248
1615640 248
1615650 248
1615660 248
1615670 248
1615680 248
1615690 248
1615700 248
1615710 248
1615720 248
1615730 248
1615740 248
1615750 249
1615760 250
1615770 250
1615780 251
1615790 253
1615800 253
1615810 253
1615820 252
1615830 252
1615840 252
1615850 252
1615860 252
1615870 253
1615880 253
1615890 253
1615900 253
1615910 253
1615920 253
1615930 253
1615940 253
1615950 253
1615960 253
1615970 253
1615980 253
1615990 253
1616000 253
1616010 253
1616020 253
1616030 253
1616040 253
1616050 252
1616060 252
1616070 252
1616080 253
1616090 253
1616100 253
1616110 253
1616120 250
1616130 250
1616140 248
1616150 248
1616160 248
1616170 248
1616180 246
1616190 246
1616200 246
1616210 246
1616220 246
1616230 246
1616240 246
1616250 246
1616260 246
1616270 246
1616280 246
1616290 245
1616300 244
1616310 244
1616320 244
1616330 244
1616340 244
1616350 244
1616360 244
1616370 244
1616380 244
1616390 244
1616400 244
1616410 244
1616420 244
1616430 244
1616440 244
1616450 244
1616460 244
1616470 244
1616480 244
1616490 244
1616500 243
1616510 245
1616520 245
1616530 248
1616540 250
1616550 250
1616560 250
1616570 252
1616580 252
1616590 252
1616600 252
1616610 252
1616620 252
1616630 252
1616640 252
1616650 252
1616660 252
1616670 252
1616680 252
1616690 252
1616700 252
1616710 252
1616720 252
1616730 252
1616740 252
1616750 252
1616760 252
1616770 252
1616780 251
1616790 251
1616800 251
1616810 251
1616820 251
1616830 252
1616840 253
1616850 253
1616860 253
1616870 253
1616880 253
1616890 253
1616900 253
1616910 253
1616920 253
1616930 253
1616940 253
1616950 253
1616960 253
1616970 253
1616980 253
1616990 253
1617000 253
1617010 252
1617020 252
1617030 252
1617040 252
1617050 252
1617060 252
1617070 253
1617080 256
1617090 256
1617100 260
1617110 259
1617120 259
1617130 259
1617140 259
1617150 259
1617160 259
1617170 260
1617180 260
1617190 257
1617200 253
1617210 253
1617220 252
1617230 252
1617240 252
1617250 252
1617260 252
1617270 252
1617280 252
1617290 252
1617300 252
1617310 252
1617320 252
1617330 252
1617340 252
1617350 252
1617360 252
1617370 251
1617380 251
1617390 251
1617400 251
1617410 251
1617420 251
1617430 251
1617440 251
1617450 251
1617460 251
1617470 251
1617480 251
1617490 252
1617500 254
1617510 254
1617520 256
1617530 255
1617540 255
1617550 255
1617560 256
1617570 256
1617580 256
1617590 256
1617600 256
1617610 256
1617620 256
1617630 256
1617640 257
1617650 257
1617660 257
1617670 257
1617680 257
1617690 257
1617700 257
1617710 256
1617720 256
1617730 256
1617740 256
1617750 256
1617760 256
1617770 256
1617780 256
1617790 256
1617800 256
1617810 256
1617820 256
1617830 256
1617840 256
1617850 256
1617860 256
1617870 256
1617880 256
1617890 256
1617900 256
1617910 256
1617920 256
1617930 256
1617940 256
1617950 256
1617960 256
1617970 256
1617980 256
1617990 256
1618000 256
1618010 256
1618020 256
1618030 256
1618040 256
1618050 256
1618060 256
1618070 256
1618080 256
1618090 256
1618100 256
1618110 256
1618120 256
1618130 256
1618140 256
1618150 256
1618160 256
1618170 256
1618180 256
1618190 256
1618200 256
1618210 256
1618220 256
1618230 256
1618240 255
1618250 255
1618260 255
1618270 255
1618280 255
1618290 255
1618300 255
1618310 254
1618320 254
1618330 253
1618340 252
1618350 252
1618360 250
1618370 248
1618380 248
1618390 246
1618400 246
1618410 245
1618420 245
1618430 245
1618440 245
1618450 245
1618460 245
1618470 245
1618480 245
1618490 245
1618500 245
1618510 245
1618520 244
1618530 245
1618540 245
1618550 245
1618560 244
1618570 244
1618580 244
1618590 244
1618600 244
1618610 244
1618620 244
1618630 244
1618640 244
1618650 244
1618660 244
1618670 244
1618680 244
1618690 244
1618700 244
1618710 244
1618720 244
1618730 244
1618740 244
1618750 244
1618760 244
1618770 244
1618780 244
1618790 244
1618800 244
1618810 244
1618820 244
1618830 243
1618840 243
1618850 243
1618860 243
1618870 243
1618880 243
1618890 243
1618900 243
1618910 243
1618920 242
1618930 242
1618940 242
1618950 242
1618960 242
1618970 242
1618980 242
1618990 242
1619000 242
1619010 242
1619020 242
1619030 242
1619040 242
1619050 242
1619060 242
1619070 242
1619080 242
1619090 242
1619100 242
1619110 242
1619120 243
1619130 243
1619140 243
1619150 242
1619160 242
1619170 242
1619180 242
1619190 242
1619200 242
1619210 242
1619220 243
1619230 243
1619240 243
1619250 242
1619260 242
1619270 243
1619280 243
1619290 243
1619300 242
1619310 242
1619320 242
1619330 242
1619340 241
1619350 241
1619360 241
1619370 241
1619380 241
1619390 242
1619400 242
1619410 242
1619420 242
1619430 242
1619440 242
1619450 242
1619460 241
1619470 241
1619480 241
1619490 242
1619500 242
1619510 243
1619520 243
1619530 243
1619540 243
1619550 243
1619560 243
1619570 243
1619580 243
1619590 243
1619600 243
1619610 243
1619620 243
1619630 243
1619640 243
1619650 243
1619660 243
1619670 243
1619680 243
1619690 242
1619700 242
1619710 242
1619720 242
1619730 242
1619740 242
1619750 242
1619760 242
1619770 242
1619780 242
1619790 242
1619800 242
1619810 242
1619820 242
1619830 242
1619840 242
1619850 242
1619860 242
1619870 242
1619880 242
1619890 242
1619900 242
1619910 242
1619920 242
1619930 242
1619940 242
1619950 242
1619960 242
1619970 242
1619980 242
1619990 241
