1613300 240
1613310 240
1613320 240
1613330 240
1613340 240
1613350 240
1613360 240
1613370 240
1613380 240
1613390 240
1613400 240
1613410 240
1613420 240
1613430 240
1613440 241
1613450 242
1613460 243
1613470 245
1613480 246
1613490 246
1613500 246
1613510 245
1613520 244
1613530 243
1613540 242
1613550 241
1613560 240
1613570 240
1613580 240
1613590 240
1613600 240
1613610 240
1613620 240
1613630 240
1613640 240
1613650 241
1613660 243
1613670 244
1613680 245
1613690 246
1613700 246
1613710 246
1613720 246
1613730 246
1613740 247
1613750 247
1613760 247
1613770 246
1613780 246
1613790 246
1613800 246
1613810 246
1613820 246
1613830 246
1613840 246
1613850 246
1613860 246
1613870 246
1613880 246
1613890 246
1613900 246
1613910 246
1613920 246
1613930 246
1613940 246
1613950 246
1613960 246
1613970 246
1613980 246
1613990 246
1614000 246
1614010 246
1614020 246
1614030 246
1614040 246
1614050 246
1614060 246
1614070 246
1614080 246
1614090 245
1614100 245
1614110 245
1614120 245
1614130 245
1614140 245
1614150 245
1614160 245
1614170 245
1614180 245
1614190 245
1614200 245
1614210 245
1614220 245
1614230 245
1614240 245
1614250 245
1614260 245
1614270 245
1614280 245
1614290 245
1614300 245
1614310 245
1614320 246
1614330 246
1614340 246
1614350 246
1614360 246
1614370 246
1614380 246
1614390 246
1614400 246
1614410 246
1614420 246
1614430 246
1614440 246
1614450 246
1614460 246
1614470 246
1614480 246
1614490 246
1614500 246
1614510 246
1614520 246
1614530 246
1614540 245
1614550 245
1614560 245
1614570 245
1614580 245
1614590 245
1614600 245
1614610 245
1614620 245
1614630 245
1614640 245
1614650 245
1614660 245
1614670 245
1614680 245
1614690 245
1614700 245
1614710 245
1614720 245
1614730 245
1614740 245
1614750 245
1614760 245
1614770 245
1614780 245
1614790 245
1614800 245
1614810 245
1614820 245
1614830 245
1614840 245
1614850 245
1614860 245
1614870 245
1614880 245
1614890 245
1614900 245
1614910 245
1614920 245
1614930 245
1614940 245
1614950 245
1614960 245
1614970 245
1614980 245
1614990 245
1615000 245
1615010 245
1615020 246
1615030 246
1615040 246
1615050 246
1615060 246
1615070 246
1615080 245
1615090 245
1615100 245
1615110 245
1615120 245
1615130 245
1615140 245
1615150 246
1615160 246
1615170 246
1615180 246
1615190 246
1615200 246
1615210 246
1615220 246
1615230 246
1615240 246
1615250 246
1615260 246
1615270 246
1615280 246
1615290 246
1615300 246
1615310 246
1615320 245
1615330 245
1615340 245
1615350 245
1615360 245
1615370 245
1615380 245
1615390 245
1615400 245
1615410 245
1615420 245
1615430 245
1615440 245
1615450 245
1615460 245
1615470 245
1615480 245
1615490 245
1615500 245
1615510 245
1615520 245
1615530 245
1615540 245
1615550 245
1615560 245
1615570 245
1615580 245
1615590 244
1615600 244
1615610 244
1615620 244
1615630 244
1615640 244
1615650 244
1615660 244
1615670 244
1615680 244
1615690 244
1615700 244
1615710 244
1615720 244
1615730 244
1615740 244
1615750 245
1615760 245
1615770 245
1615780 246
1615790 246
1615800 247
1615810 248
1615820 248
1615830 248
1615840 248
1615850 248
1615860 248
1615870 248
1615880 248
1615890 248
1615900 248
1615910 248
1615920 248
1615930 248
1615940 248
1615950 248
1615960 248
1615970 248
1615980 248
1615990 248
1616000 248
1616010 248
1616020 248
1616030 248
1616040 248
1616050 248
1616060 248
1616070 248
1616080 248
1616090 249
1616100 249
1616110 249
1616120 249
1616130 249
1616140 249
1616150 249
1616160 249
1616170 249
1616180 250
1616190 250
1616200 250
1616210 251
1616220 251
1616230 251
1616240 251
1616250 251
1616260 251
1616270 251
1616280 251
1616290 251
1616300 251
1616310 251
1616320 251
1616330 251
1616340 251
1616350 251
1616360 251
1616370 251
1616380 251
1616390 251
1616400 251
1616410 251
1616420 251
1616430 251
1616440 251
1616450 251
1616460 251
1616470 251
1616480 252
1616490 252
1616500 251
1616510 251
1616520 251
1616530 251
1616540 251
1616550 251
1616560 251
1616570 251
1616580 251
1616590 251
1616600 251
1616610 251
1616620 251
1616630 251
1616640 251
1616650 251
1616660 251
1616670 251
1616680 251
1616690 251
1616700 251
1616710 251
1616720 251
1616730 251
1616740 251
1616750 250
1616760 250
1616770 250
1616780 250
1616790 250
1616800 250
1616810 249
1616820 247
1616830 246
1616840 245
1616850 245
1616860 245
1616870 245
1616880 245
1616890 245
1616900 245
1616910 245
1616920 245
1616930 245
1616940 245
1616950 245
1616960 245
1616970 245
1616980 245
1616990 245
1617000 245
1617010 245
1617020 245
1617030 245
1617040 246
1617050 246
1617060 246
1617070 246
1617080 247
1617090 248
1617100 248
1617110 248
1617120 247
1617130 249
1617140 250
1617150 250
1617160 250
1617170 250
1617180 250
1617190 250
1617200 250
1617210 251
1617220 251
1617230 251
1617240 251
1617250 251
1617260 251
1617270 251
1617280 251
1617290 251
1617300 251
1617310 251
1617320 250
1617330 250
1617340 250
1617350 250
1617360 250
1617370 250
1617380 251
1617390 251
1617400 251
1617410 251
1617420 251
1617430 252
1617440 255
1617450 258
1617460 260
1617470 260
1617480 260
1617490 259
1617500 259
1617510 259
1617520 259
1617530 259
1617540 259
1617550 259
1617560 260
1617570 260
1617580 261
1617590 260
1617600 258
1617610 254
1617620 251
1617630 247
1617640 245
1617650 244
1617660 244
1617670 244
1617680 244
1617690 244
1617700 244
1617710 245
1617720 245
1617730 245
1617740 245
1617750 245
1617760 245
1617770 245
1617780 245
1617790 245
1617800 245
1617810 245
1617820 245
1617830 245
1617840 245
1617850 245
1617860 245
1617870 245
1617880 245
1617890 245
1617900 245
1617910 245
1617920 245
1617930 245
1617940 245
1617950 245
1617960 245
1617970 245
1617980 245
1617990 245
1618000 245
1618010 245
1618020 245
1618030 245
1618040 245
1618050 245
1618060 245
1618070 245
1618080 244
1618090 244
1618100 244
1618110 244
1618120 244
1618130 244
1618140 244
1618150 244
1618160 244
1618170 244
1618180 244
1618190 244
1618200 244
1618210 244
1618220 244
1618230 244
1618240 244
1618250 244
1618260 245
1618270 245
1618280 245
1618290 245
1618300 244
1618310 244
1618320 244
1618330 244
1618340 244
1618350 244
1618360 244
1618370 244
1618380 244
1618390 244
1618400 244
1618410 244
1618420 244
1618430 244
1618440 244
1618450 244
1618460 244
1618470 243
1618480 243
1618490 243
1618500 243
1618510 243
1618520 243
1618530 243
1618540 243
1618550 243
1618560 243
1618570 243
1618580 243
1618590 243
1618600 243
1618610 243
1618620 243
1618630 243
1618640 243
1618650 243
1618660 243
1618670 243
1618680 243
1618690 243
1618700 243
1618710 243
1618720 243
1618730 243
1618740 243
1618750 243
1618760 242
1618770 242
1618780 242
1618790 243
1618800 243
1618810 243
1618820 243
1618830 243
1618840 243
1618850 243
1618860 243
1618870 243
1618880 243
1618890 243
1618900 243
1618910 243
1618920 243
1618930 243
1618940 243
1618950 243
1618960 243
1618970 243
1618980 243
1618990 243
1619000 243
1619010 243
1619020 243
1619030 242
1619040 242
1619050 242
1619060 242
1619070 242
1619080 242
1619090 243
1619100 243
1619110 243
1619120 243
1619130 243
1619140 243
1619150 242
1619160 242
1619170 242
1619180 242
1619190 242
1619200 243
1619210 243
1619220 243
1619230 243
1619240 243
1619250 243
1619260 243
1619270 243
1619280 243
1619290 243
1619300 243
1619310 243
1619320 243
1619330 243
1619340 243
1619350 243
1619360 243
1619370 243
1619380 244
1619390 244
1619400 244
1619410 244
1619420 244
1619430 244
1619440 244
1619450 244
1619460 244
1619470 244
1619480 244
1619490 244
1619500 244
1619510 244
1619520 244
1619530 244
1619540 244
1619550 244
1619560 244
1619570 244
1619580 243
1619590 243
1619600 243
1619610 243
1619620 243
1619630 242
1619640 242
1619650 242
1619660 242
1619670 242
1619680 242
1619690 242
1619700 241
1619710 241
1619720 242
1619730 242
1619740 242
1619750 242
1619760 242
1619770 243
1619780 243
1619790 243
1619800 243
1619810 243
1619820 243
1619830 243
1619840 243
1619850 243
1619860 243
1619870 243
1619880 243
1619890 243
1619900 243
1619910 243
1619920 243
1619930 243
1619940 243
1619950 243
1619960 243
1619970 243
1619980 243
1619990 243
