1600000 254
1600010 254
1600020 254
1600030 254
1600040 254
1600050 254
1600060 254
1600070 254
1600080 254
1600090 254
1600100 254
1600110 254
1600120 254
1600130 254
1600140 254
1600150 254
1600160 254
1600170 254
1600180 254
1600190 253
1600200 253
1600210 253
1600220 253
1600230 254
1600240 254
1600250 254
1600260 254
1600270 254
1600280 254
1600290 250
1600300 250
1600310 248
1600320 247
1600330 247
1600340 246
1600350 246
1600360 246
1600370 245
1600380 245
1600390 245
1600400 245
1600410 245
1600420 245
1600430 245
1600440 245
1600450 245
1600460 245
1600470 245
1600480 245
1600490 245
1600500 245
1600510 245
1600520 245
1600530 245
1600540 245
1600550 245
1600560 245
1600570 245
1600580 245
1600590 245
1600600 245
1600610 245
1600620 245
1600630 245
1600640 246
1600650 247
1600660 247
1600670 248
1600680 248
1600690 248
1600700 249
1600710 249
1600720 249
1600730 249
1600740 249
1600750 249
1600760 249
1600770 249
1600780 249
1600790 249
1600800 249
1600810 249
1600820 249
1600830 250
1600840 250
1600850 249
1600860 248
1600870 248
1600880 248
1600890 248
1600900 248
1600910 248
1600920 248
1600930 248
1600940 248
1600950 248
1600960 248
1600970 248
1600980 247
1600990 247
1601000 247
1601010 247
1601020 247
1601030 247
1601040 247
1601050 247
1601060 247
1601070 247
1601080 247
1601090 247
1601100 247
1601110 247
1601120 248
1601130 248
1601140 248
1601150 248
1601160 248
1601170 248
1601180 248
1601190 248
1601200 248
1601210 249
1601220 249
1601230 249
1601240 249
1601250 249
1601260 249
1601270 249
1601280 249
1601290 249
1601300 248
1601310 248
1601320 248
1601330 246
1601340 245
1601350 245
1601360 245
1601370 245
1601380 245
1601390 245
1601400 245
1601410 245
1601420 245
1601430 245
1601440 245
1601450 245
1601460 245
1601470 245
1601480 245
1601490 245
1601500 245
1601510 245
1601520 245
1601530 245
1601540 245
1601550 245
1601560 245
1601570 245
1601580 245
1601590 245
1601600 245
1601610 245
1601620 245
1601630 245
1601640 245
1601650 245
1601660 245
1601670 245
1601680 245
1601690 245
1601700 245
1601710 245
1601720 245
1601730 245
1601740 245
1601750 245
1601760 245
1601770 245
1601780 245
1601790 246
1601800 246
1601810 247
1601820 247
1601830 247
1601840 247
1601850 247
1601860 247
1601870 247
1601880 248
1601890 248
1601900 248
1601910 248
1601920 248
1601930 249
1601940 251
1601950 251
1601960 252
1601970 252
1601980 252
1601990 252
1602000 252
1602010 252
1602020 252
1602030 252
1602040 252
1602050 252
1602060 252
1602070 252
1602080 252
1602090 253
1602100 253
1602110 253
1602120 253
1602130 253
1602140 253
1602150 253
1602160 253
1602170 253
1602180 253
1602190 253
1602200 253
1602210 253
1602220 253
1602230 253
1602240 253
1602250 253
1602260 253
1602270 253
1602280 253
1602290 253
1602300 253
1602310 253
1602320 253
1602330 253
1602340 253
1602350 252
1602360 252
1602370 252
1602380 252
1602390 252
1602400 252
1602410 252
1602420 252
1602430 253
1602440 253
1602450 252
1602460 252
1602470 252
1602480 252
1602490 252
1602500 252
1602510 252
1602520 252
1602530 252
1602540 252
1602550 252
1602560 252
1602570 252
1602580 252
1602590 252
1602600 252
1602610 252
1602620 252
1602630 252
1602640 252
1602650 252
1602660 252
1602670 252
1602680 252
1602690 252
1602700 251
1602710 251
1602720 250
1602730 250
1602740 250
1602750 250
1602760 250
1602770 250
1602780 250
1602790 250
1602800 250
1602810 250
1602820 250
1602830 250
1602840 250
1602850 250
1602860 250
1602870 250
1602880 250
1602890 250
1602900 249
1602910 250
1602920 250
1602930 249
1602940 249
1602950 249
1602960 248
1602970 248
1602980 248
1602990 249
1603000 250
1603010 250
1603020 250
1603030 249
1603040 249
1603050 249
1603060 248
1603070 248
1603080 248
1603090 248
1603100 248
1603110 248
1603120 248
1603130 248
1603140 248
1603150 248
1603160 248
1603170 248
1603180 248
1603190 248
1603200 248
1603210 248
1603220 248
1603230 248
1603240 248
1603250 248
1603260 248
1603270 248
1603280 248
1603290 248
1603300 248
1603310 248
1603320 248
1603330 248
1603340 248
1603350 248
1603360 248
1603370 248
1603380 248
1603390 248
1603400 248
1603410 247
1603420 247
1603430 247
1603440 247
1603450 247
1603460 247
1603470 247
1603480 247
1603490 247
1603500 247
1603510 247
1603520 247
1603530 247
1603540 247
1603550 247
1603560 248
1603570 248
1603580 248
1603590 248
1603600 248
1603610 248
1603620 248
1603630 248
1603640 248
1603650 248
1603660 248
1603670 248
1603680 248
1603690 247
1603700 247
1603710 247
1603720 247
1603730 247
1603740 247
1603750 247
1603760 247
1603770 247
1603780 248
1603790 248
1603800 247
1603810 248
1603820 248
1603830 248
1603840 248
1603850 248
1603860 248
1603870 247
1603880 247
1603890 247
1603900 246
1603910 246
1603920 246
1603930 246
1603940 246
1603950 246
1603960 246
1603970 246
1603980 245
1603990 246
1604000 246
1604010 247
1604020 249
1604030 249
1604040 249
1604050 249
1604060 249
1604070 249
1604080 249
1604090 249
1604100 249
1604110 249
1604120 249
1604130 249
1604140 250
1604150 250
1604160 249
1604170 249
1604180 249
1604190 250
1604200 250
1604210 250
1604220 250
1604230 250
1604240 250
1604250 250
1604260 249
1604270 249
1604280 248
1604290 248
1604300 248
1604310 248
1604320 248
1604330 248
1604340 248
1604350 248
1604360 248
1604370 247
1604380 248
1604390 248
1604400 247
1604410 247
1604420 247
1604430 247
1604440 247
1604450 247
1604460 247
1604470 247
1604480 247
1604490 247
1604500 247
1604510 247
1604520 247
1604530 247
1604540 247
1604550 247
1604560 247
1604570 247
1604580 247
1604590 247
1604600 247
1604610 247
1604620 247
1604630 247
1604640 248
1604650 248
1604660 248
1604670 248
1604680 248
1604690 248
1604700 246
1604710 244
1604720 244
1604730 244
1604740 244
1604750 244
1604760 244
1604770 244
1604780 244
1604790 244
1604800 244
1604810 244
1604820 244
1604830 244
1604840 244
1604850 245
1604860 246
1604870 246
1604880 246
1604890 246
1604900 245
1604910 246
1604920 247
1604930 247
1604940 247
1604950 247
1604960 247
1604970 246
1604980 246
1604990 246
1605000 246
1605010 246
1605020 246
1605030 246
1605040 246
1605050 246
1605060 246
1605070 246
1605080 246
1605090 246
1605100 246
1605110 246
1605120 245
1605130 245
1605140 245
1605150 245
1605160 245
1605170 245
1605180 245
1605190 245
1605200 245
1605210 245
1605220 245
1605230 245
1605240 245
1605250 245
1605260 245
1605270 245
1605280 245
1605290 245
1605300 245
1605310 245
1605320 245
1605330 245
1605340 245
1605350 245
1605360 245
1605370 245
1605380 245
1605390 245
1605400 245
1605410 245
1605420 245
1605430 245
1605440 245
1605450 245
1605460 244
1605470 244
1605480 244
1605490 245
1605500 245
1605510 245
1605520 245
1605530 245
1605540 245
1605550 245
1605560 245
1605570 245
1605580 246
1605590 246
1605600 248
1605610 248
1605620 248
1605630 246
1605640 245
1605650 245
1605660 245
1605670 245
1605680 245
1605690 245
1605700 245
1605710 245
1605720 245
1605730 245
1605740 245
1605750 245
1605760 245
1605770 245
1605780 245
1605790 245
1605800 245
1605810 245
1605820 245
1605830 245
1605840 246
1605850 246
1605860 246
1605870 246
1605880 246
1605890 246
1605900 246
1605910 246
1605920 246
1605930 246
1605940 246
1605950 246
1605960 246
1605970 245
1605980 245
1605990 245
1606000 245
1606010 245
1606020 245
1606030 245
1606040 245
1606050 245
1606060 245
1606070 245
1606080 245
1606090 245
1606100 245
1606110 244
1606120 244
1606130 244
1606140 244
1606150 244
1606160 244
1606170 245
1606180 245
1606190 245
1606200 245
1606210 245
1606220 245
1606230 244
1606240 244
1606250 244
1606260 243
1606270 244
1606280 244
1606290 244
1606300 245
1606310 245
1606320 245
1606330 245
1606340 245
1606350 245
1606360 245
1606370 245
1606380 245
1606390 245
1606400 245
1606410 245
1606420 245
1606430 245
1606440 245
1606450 245
1606460 245
1606470 244
1606480 243
1606490 243
1606500 244
1606510 246
1606520 246
1606530 246
1606540 246
1606550 246
1606560 246
1606570 245
1606580 245
1606590 245
1606600 245
1606610 245
1606620 245
1606630 245
1606640 245
1606650 245
1606660 245
1606670 245
1606680 245
1606690 245
1606700 245
1606710 243
1606720 243
1606730 243
1606740 244
1606750 245
1606760 245
1606770 245
1606780 245
1606790 245
1606800 245
1606810 245
1606820 245
1606830 245
1606840 245
1606850 245
1606860 245
1606870 245
1606880 245
1606890 245
1606900 246
1606910 246
1606920 246
1606930 246
1606940 246
1606950 245
1606960 245
1606970 245
1606980 245
1606990 245
1607000 245
1607010 245
1607020 245
1607030 245
1607040 245
1607050 245
1607060 245
1607070 245
1607080 245
1607090 245
1607100 245
1607110 245
1607120 245
1607130 245
1607140 245
1607150 245
1607160 245
1607170 245
1607180 245
1607190 245
1607200 246
1607210 246
1607220 245
1607230 245
1607240 245
1607250 245
1607260 245
1607270 245
1607280 245
1607290 245
1607300 245
1607310 245
1607320 245
1607330 245
1607340 245
1607350 245
1607360 245
1607370 245
1607380 245
1607390 245
1607400 245
1607410 245
1607420 245
1607430 245
1607440 245
1607450 245
1607460 245
1607470 245
1607480 245
1607490 245
1607500 245
1607510 245
1607520 245
1607530 245
1607540 245
1607550 245
1607560 245
1607570 245
1607580 245
1607590 245
1607600 245
1607610 245
1607620 245
1607630 245
1607640 245
1607650 245
1607660 245
1607670 245
1607680 245
1607690 245
1607700 245
1607710 245
1607720 245
1607730 245
1607740 245
1607750 245
1607760 245
1607770 245
1607780 245
1607790 245
1607800 245
1607810 245
1607820 244
1607830 244
1607840 244
1607850 244
1607860 243
1607870 243
1607880 244
1607890 245
1607900 245
1607910 245
1607920 245
1607930 245
1607940 245
1607950 245
1607960 245
1607970 245
1607980 245
1607990 245
1608000 244
1608010 244
1608020 244
1608030 244
1608040 244
1608050 244
1608060 243
1608070 243
1608080 244
1608090 243
1608100 243
1608110 243
1608120 243
1608130 243
1608140 243
1608150 243
1608160 243
1608170 243
1608180 242
1608190 242
1608200 242
1608210 243
1608220 243
1608230 243
1608240 243
1608250 243
1608260 243
1608270 243
1608280 242
1608290 242
1608300 242
1608310 242
1608320 242
1608330 242
1608340 242
1608350 242
1608360 243
1608370 243
1608380 243
1608390 244
1608400 244
1608410 244
1608420 245
1608430 246
1608440 246
1608450 246
1608460 246
1608470 246
1608480 246
1608490 246
1608500 246
1608510 246
1608520 246
1608530 246
1608540 246
1608550 246
1608560 246
1608570 244
1608580 243
1608590 243
1608600 243
1608610 245
1608620 245
1608630 246
1608640 245
1608650 245
1608660 244
1608670 242
1608680 242
1608690 242
1608700 242
1608710 242
1608720 242
1608730 242
1608740 242
1608750 242
1608760 242
1608770 242
1608780 242
1608790 242
1608800 242
1608810 242
1608820 242
1608830 242
1608840 242
1608850 242
1608860 242
1608870 242
1608880 242
1608890 242
1608900 242
1608910 242
1608920 242
1608930 242
1608940 242
1608950 242
1608960 242
1608970 242
1608980 242
1608990 242
1609000 242
1609010 242
1609020 242
1609030 242
1609040 242
1609050 242
1609060 242
1609070 242
1609080 242
1609090 242
1609100 242
1609110 242
1609120 242
1609130 242
1609140 242
1609150 242
1609160 242
1609170 243
1609180 244
1609190 244
1609200 246
1609210 246
1609220 246
1609230 246
1609240 246
1609250 246
1609260 246
1609270 246
1609280 246
1609290 246
1609300 246
1609310 246
1609320 246
1609330 246
1609340 246
1609350 246
1609360 246
1609370 246
1609380 246
1609390 246
1609400 246
1609410 246
1609420 246
1609430 246
1609440 246
1609450 246
1609460 246
1609470 246
1609480 246
1609490 246
1609500 245
1609510 245
1609520 245
1609530 245
1609540 245
1609550 245
1609560 245
1609570 245
1609580 245
1609590 245
1609600 245
1609610 245
1609620 245
1609630 245
1609640 245
1609650 245
1609660 245
1609670 245
1609680 245
1609690 245
1609700 245
1609710 245
1609720 245
1609730 245
1609740 245
1609750 245
1609760 245
1609770 245
1609780 245
1609790 245
1609800 245
1609810 245
1609820 245
1609830 245
1609840 245
1609850 245
1609860 245
1609870 245
1609880 245
1609890 245
1609900 245
1609910 245
1609920 245
1609930 245
1609940 245
1609950 245
1609960 245
1609970 245
1609980 245
1609990 245
1610000 245
1610010 245
1610020 245
1610030 245
1610040 245
1610050 245
1610060 245
1610070 245
1610080 245
1610090 245
1610100 244
1610110 243
1610120 243
1610130 242
1610140 242
1610150 242
1610160 242
1610170 242
1610180 242
1610190 242
1610200 242
1610210 242
1610220 242
1610230 242
1610240 242
1610250 242
1610260 242
1610270 242
1610280 242
1610290 242
1610300 242
1610310 242
1610320 242
1610330 242
1610340 242
1610350 242
1610360 242
1610370 242
1610380 242
1610390 242
1610400 242
1610410 242
1610420 242
1610430 242
1610440 242
1610450 242
1610460 242
1610470 242
1610480 242
1610490 242
1610500 242
1610510 242
1610520 242
1610530 242
1610540 242
1610550 242
1610560 242
1610570 242
1610580 242
1610590 242
1610600 242
1610610 242
1610620 242
1610630 242
1610640 241
1610650 241
1610660 241
1610670 241
1610680 242
1610690 242
1610700 241
1610710 241
1610720 241
1610730 241
1610740 241
1610750 241
1610760 241
1610770 241
1610780 241
1610790 241
1610800 241
1610810 241
1610820 241
1610830 242
1610840 241
1610850 241
1610860 242
1610870 241
1610880 241
1610890 241
1610900 241
1610910 241
1610920 241
1610930 241
1610940 241
1610950 241
1610960 241
1610970 241
1610980 241
1610990 241
1611000 241
1611010 241
1611020 241
1611030 241
1611040 241
1611050 241
1611060 241
1611070 241
1611080 241
1611090 241
1611100 241
1611110 241
1611120 241
1611130 241
1611140 241
1611150 241
1611160 242
1611170 241
1611180 241
1611190 241
1611200 241
1611210 241
1611220 241
1611230 241
1611240 241
1611250 241
1611260 241
1611270 241
1611280 241
1611290 241
1611300 241
1611310 241
1611320 241
1611330 241
1611340 241
1611350 241
1611360 241
1611370 241
1611380 241
1611390 241
1611400 241
1611410 241
1611420 241
1611430 241
1611440 241
1611450 241
1611460 241
1611470 241
1611480 241
1611490 241
1611500 241
1611510 241
1611520 242
1611530 243
1611540 243
1611550 245
1611560 245
1611570 245
1611580 245
1611590 245
1611600 245
1611610 245
1611620 245
1611630 245
1611640 245
1611650 245
1611660 245
1611670 245
1611680 244
1611690 244
1611700 244
1611710 244
1611720 244
1611730 244
1611740 244
1611750 244
1611760 244
1611770 244
1611780 244
1611790 244
1611800 244
1611810 244
1611820 244
1611830 244
1611840 244
1611850 244
1611860 243
1611870 243
1611880 243
1611890 243
1611900 243
1611910 242
1611920 243
1611930 243
1611940 243
1611950 243
1611960 243
1611970 243
1611980 243
1611990 243
1612000 243
1612010 244
1612020 244
1612030 244
1612040 244
1612050 244
1612060 243
1612070 243
1612080 243
1612090 243
1612100 243
1612110 243
1612120 242
1612130 242
1612140 242
1612150 242
1612160 241
1612170 241
1612180 242
1612190 244
1612200 244
1612210 244
1612220 244
1612230 244
1612240 244
1612250 244
1612260 244
1612270 244
1612280 244
1612290 244
1612300 244
1612310 244
1612320 244
1612330 244
1612340 244
1612350 244
1612360 244
1612370 244
1612380 244
1612390 244
1612400 244
1612410 244
1612420 244
1612430 244
1612440 244
1612450 244
1612460 244
1612470 244
1612480 244
1612490 244
1612500 244
1612510 244
1612520 244
1612530 244
1612540 244
1612550 244
1612560 244
1612570 244
1612580 244
1612590 244
1612600 244
1612610 244
1612620 244
1612630 244
1612640 243
1612650 243
1612660 243
1612670 243
1612680 243
1612690 243
1612700 243
1612710 243
1612720 243
1612730 243
1612740 243
1612750 243
1612760 243
1612770 243
1612780 243
1612790 243
1612800 243
1612810 243
1612820 244
1612830 244
1612840 243
1612850 243
1612860 243
1612870 243
1612880 243
1612890 243
1612900 243
1612910 243
1612920 243
1612930 244
1612940 244
1612950 244
1612960 244
1612970 244
1612980 244
1612990 244
1613000 244
1613010 244
1613020 244
1613030 244
1613040 244
1613050 244
1613060 244
1613070 244
1613080 244
1613090 244
1613100 244
1613110 244
1613120 244
1613130 244
1613140 244
1613150 244
1613160 244
1613170 244
1613180 244
1613190 244
1613200 244
1613210 244
1613220 244
1613230 245
1613240 246
1613250 246
1613260 246
1613270 246
1613280 246
1613290 246
1613300 247
1613310 247
1613320 247
1613330 247
1613340 247
1613350 247
1613360 247
1613370 247
1613380 247
1613390 247
1613400 247
1613410 247
1613420 247
1613430 247
1613440 247
1613450 247
1613460 247
1613470 247
1613480 247
1613490 247
1613500 247
1613510 247
1613520 247
1613530 247
1613540 245
1613550 245
1613560 245
1613570 247
1613580 247
1613590 248
1613600 247
1613610 247
1613620 247
1613630 247
1613640 247
1613650 247
1613660 247
1613670 247
1613680 247
1613690 247
1613700 247
1613710 247
1613720 247
1613730 247
1613740 247
1613750 247
1613760 247
1613770 247
1613780 247
1613790 247
1613800 245
1613810 245
1613820 245
1613830 247
1613840 247
1613850 247
1613860 247
1613870 247
1613880 247
1613890 247
1613900 246
1613910 246
1613920 246
1613930 246
1613940 246
1613950 246
1613960 246
1613970 246
1613980 247
1613990 247
1614000 247
1614010 246
1614020 247
1614030 247
1614040 247
1614050 247
1614060 247
1614070 246
1614080 246
1614090 246
1614100 246
1614110 246
1614120 246
1614130 245
1614140 245
1614150 245
1614160 246
1614170 247
1614180 247
1614190 247
1614200 247
1614210 247
1614220 247
1614230 247
1614240 247
1614250 246
1614260 246
1614270 246
1614280 246
1614290 247
1614300 247
1614310 247
1614320 247
1614330 247
1614340 247
1614350 247
1614360 247
1614370 247
1614380 247
1614390 247
1614400 246
1614410 246
1614420 246
1614430 246
1614440 246
1614450 246
1614460 246
1614470 246
1614480 246
1614490 246
1614500 246
1614510 246
1614520 246
1614530 246
1614540 246
1614550 246
1614560 246
1614570 246
1614580 246
1614590 246
1614600 246
1614610 246
1614620 246
1614630 246
1614640 246
1614650 246
1614660 246
1614670 246
1614680 246
1614690 246
1614700 246
1614710 246
1614720 246
1614730 246
1614740 246
1614750 246
1614760 246
1614770 246
1614780 246
1614790 246
1614800 246
1614810 246
1614820 246
1614830 246
1614840 246
1614850 246
1614860 246
1614870 246
1614880 246
1614890 246
1614900 246
1614910 246
1614920 246
1614930 246
1614940 246
1614950 246
1614960 246
1614970 246
1614980 246
1614990 246
1615000 246
1615010 246
1615020 246
1615030 246
1615040 246
1615050 246
1615060 246
1615070 246
1615080 246
1615090 246
1615100 246
1615110 246
1615120 246
1615130 246
1615140 246
1615150 246
1615160 246
1615170 246
1615180 246
1615190 246
1615200 246
1615210 246
1615220 246
1615230 246
1615240 246
1615250 246
1615260 246
1615270 246
1615280 246
1615290 246
1615300 246
1615310 246
1615320 246
1615330 246
1615340 246
1615350 246
1615360 246
1615370 246
1615380 246
1615390 246
1615400 245
1615410 245
1615420 244
1615430 244
1615440 244
1615450 244
1615460 243
1615470 243
1615480 243
1615490 243
1615500 243
1615510 243
1615520 243
1615530 243
1615540 243
1615550 242
1615560 242
1615570 241
1615580 241
1615590 241
1615600 241
1615610 241
1615620 241
1615630 241
1615640 241
1615650 241
1615660 241
1615670 241
1615680 241
1615690 241
1615700 241
1615710 241
1615720 241
1615730 241
1615740 241
1615750 241
1615760 241
1615770 241
1615780 241
1615790 241
1615800 241
1615810 241
1615820 241
1615830 241
1615840 241
1615850 241
1615860 241
1615870 241
1615880 241
1615890 241
1615900 241
1615910 241
1615920 241
1615930 241
1615940 241
1615950 241
1615960 241
1615970 241
1615980 241
1615990 241
1616000 241
1616010 241
1616020 241
1616030 241
1616040 241
1616050 240
1616060 241
1616070 241
1616080 241
1616090 241
1616100 241
1616110 241
1616120 241
1616130 241
1616140 241
1616150 240
1616160 240
1616170 241
1616180 241
1616190 241
1616200 241
1616210 241
1616220 241
1616230 241
1616240 240
1616250 240
1616260 240
1616270 240
1616280 240
1616290 241
1616300 241
1616310 241
1616320 240
1616330 240
1616340 240
1616350 240
1616360 240
1616370 240
1616380 240
1616390 240
1616400 240
1616410 240
1616420 240
1616430 240
1616440 240
1616450 240
1616460 240
1616470 240
1616480 240
1616490 240
1616500 240
1616510 240
1616520 240
1616530 240
1616540 240
1616550 240
1616560 240
1616570 240
1616580 240
1616590 240
1616600 240
1616610 240
1616620 240
1616630 240
1616640 240
1616650 240
1616660 240
1616670 240
1616680 240
1616690 240
1616700 240
1616710 240
1616720 240
1616730 240
1616740 240
1616750 240
1616760 240
1616770 240
1616780 240
1616790 240
1616800 240
1616810 240
1616820 240
1616830 240
1616840 240
1616850 240
1616860 240
1616870 240
1616880 240
1616890 240
1616900 240
1616910 240
1616920 240
1616930 240
1616940 240
1616950 240
1616960 240
1616970 240
1616980 240
1616990 240
1617000 240
1617010 240
1617020 240
1617030 240
1617040 240
1617050 240
1617060 240
1617070 240
1617080 240
1617090 240
1617100 240
1617110 240
1617120 240
1617130 240
1617140 240
1617150 240
1617160 240
1617170 240
1617180 240
1617190 240
1617200 240
1617210 240
1617220 240
1617230 240
1617240 240
1617250 240
1617260 240
1617270 240
1617280 240
1617290 240
1617300 240
1617310 240
1617320 240
1617330 240
1617340 240
1617350 240
1617360 240
1617370 240
1617380 240
1617390 240
1617400 240
1617410 240
1617420 240
1617430 240
1617440 240
1617450 240
1617460 240
1617470 240
1617480 240
1617490 240
1617500 240
1617510 240
1617520 240
1617530 240
1617540 240
1617550 240
1617560 240
1617570 240
1617580 240
1617590 240
1617600 240
1617610 240
1617620 240
1617630 240
1617640 240
1617650 240
1617660 240
1617670 240
1617680 240
1617690 240
1617700 240
1617710 240
1617720 240
1617730 240
1617740 240
1617750 240
1617760 240
1617770 240
1617780 240
1617790 240
1617800 240
1617810 240
1617820 240
1617830 240
1617840 240
1617850 240
1617860 240
1617870 240
1617880 240
1617890 240
1617900 240
1617910 240
1617920 240
1617930 240
1617940 240
1617950 240
1617960 240
1617970 240
1617980 240
1617990 240
1618000 240
1618010 240
1618020 240
1618030 240
1618040 240
1618050 240
1618060 240
1618070 240
1618080 240
1618090 240
1618100 240
1618110 240
1618120 240
1618130 240
1618140 240
1618150 240
1618160 240
1618170 240
1618180 240
1618190 240
1618200 240
1618210 240
1618220 240
1618230 240
1618240 240
1618250 240
1618260 240
1618270 240
1618280 240
1618290 240
1618300 240
1618310 240
1618320 240
1618330 240
1618340 240
1618350 240
1618360 240
1618370 240
1618380 240
1618390 240
1618400 240
1618410 240
1618420 240
1618430 240
1618440 240
1618450 240
1618460 240
1618470 240
1618480 240
1618490 240
1618500 240
1618510 240
1618520 240
1618530 240
1618540 240
1618550 240
1618560 240
1618570 240
1618580 240
1618590 240
1618600 240
1618610 240
1618620 240
1618630 240
1618640 240
1618650 240
1618660 240
1618670 240
1618680 240
1618690 240
1618700 240
1618710 240
1618720 240
1618730 240
1618740 240
1618750 240
1618760 240
1618770 240
1618780 240
1618790 240
1618800 240
1618810 240
1618820 240
1618830 240
1618840 240
1618850 240
1618860 240
1618870 240
1618880 240
1618890 240
1618900 240
1618910 240
1618920 240
1618930 240
1618940 240
1618950 240
1618960 240
1618970 240
1618980 240
1618990 240
1619000 240
1619010 240
1619020 240
1619030 240
1619040 240
1619050 240
1619060 240
1619070 240
1619080 240
1619090 240
1619100 240
1619110 240
1619120 240
1619130 241
1619140 242
1619150 243
1619160 243
1619170 243
1619180 244
1619190 244
1619200 244
1619210 244
1619220 244
1619230 244
1619240 245
1619250 245
1619260 245
1619270 245
1619280 245
1619290 244
1619300 244
1619310 243
1619320 243
1619330 243
1619340 243
1619350 243
1619360 243
1619370 242
1619380 242
1619390 242
1619400 242
1619410 242
1619420 242
1619430 242
1619440 242
1619450 242
1619460 242
1619470 242
1619480 242
1619490 242
1619500 242
1619510 242
1619520 242
1619530 242
1619540 241
1619550 241
1619560 241
1619570 241
1619580 241
1619590 241
1619600 242
1619610 242
1619620 242
1619630 242
1619640 242
1619650 242
1619660 242
1619670 242
1619680 242
1619690 242
1619700 242
1619710 242
1619720 241
1619730 241
1619740 241
1619750 241
1619760 241
1619770 241
1619780 241
1619790 240
1619800 240
1619810 241
1619820 241
1619830 241
1619840 241
1619850 241
1619860 241
1619870 241
1619880 241
1619890 241
1619900 241
1619910 241
1619920 241
1619930 241
1619940 241
1619950 241
1619960 241
1619970 241
1619980 241
1619990 241
