1600000 251
1600010 251
1600020 251
1600030 251
1600040 251
1600050 251
1600060 251
1600070 251
1600080 251
1600090 251
1600100 251
1600110 251
1600120 251
1600130 251
1600140 251
1600150 251
1600160 251
1600170 251
1600180 251
1600190 251
1600200 251
1600210 251
1600220 251
1600230 251
1600240 251
1600250 251
1600260 251
1600270 251
1600280 251
1600290 251
1600300 251
1600310 251
1600320 251
1600330 251
1600340 251
1600350 251
1600360 251
1600370 251
1600380 251
1600390 251
1600400 251
1600410 251
1600420 251
1600430 251
1600440 251
1600450 251
1600460 251
1600470 251
1600480 251
1600490 251
1600500 251
1600510 251
1600520 251
1600530 251
1600540 251
1600550 251
1600560 251
1600570 251
1600580 251
1600590 251
1600600 251
1600610 251
1600620 251
1600630 251
1600640 251
1600650 251
1600660 251
1600670 251
1600680 251
1600690 251
1600700 251
1600710 251
1600720 251
1600730 251
1600740 251
1600750 251
1600760 251
1600770 251
1600780 251
1600790 251
1600800 251
1600810 251
1600820 251
1600830 251
1600840 251
1600850 251
1600860 251
1600870 251
1600880 251
1600890 251
1600900 251
1600910 251
1600920 251
1600930 251
1600940 251
1600950 251
1600960 251
1600970 251
1600980 251
1600990 251
1601000 251
1601010 251
1601020 251
1601030 251
1601040 251
1601050 251
1601060 251
1601070 251
1601080 251
1601090 251
1601100 251
1601110 251
1601120 251
1601130 251
1601140 251
1601150 251
1601160 251
1601170 251
1601180 251
1601190 251
1601200 251
1601210 251
1601220 251
1601230 251
1601240 251
1601250 251
1601260 251
1601270 251
1601280 251
1601290 251
1601300 251
1601310 252
1601320 253
1601330 253
1601340 252
1601350 251
1601360 251
1601370 250
1601380 250
1601390 250
1601400 249
1601410 249
1601420 249
1601430 249
1601440 249
1601450 249
1601460 249
1601470 248
1601480 248
1601490 248
1601500 248
1601510 248
1601520 248
1601530 248
1601540 248
1601550 246
1601560 246
1601570 246
1601580 246
1601590 246
1601600 246
1601610 246
1601620 246
1601630 246
1601640 246
1601650 246
1601660 246
1601670 246
1601680 246
1601690 246
1601700 246
1601710 246
1601720 246
1601730 246
1601740 246
1601750 246
1601760 246
1601770 246
1601780 246
1601790 246
1601800 246
1601810 246
1601820 246
1601830 245
1601840 245
1601850 246
1601860 247
1601870 247
1601880 247
1601890 247
1601900 247
1601910 248
1601920 248
1601930 248
1601940 248
1601950 248
1601960 248
1601970 248
1601980 248
1601990 248
1602000 248
1602010 248
1602020 248
1602030 248
1602040 248
1602050 248
1602060 247
1602070 246
1602080 246
1602090 245
1602100 246
1602110 246
1602120 247
1602130 249
1602140 249
1602150 249
1602160 248
1602170 248
1602180 248
1602190 248
1602200 248
1602210 248
1602220 248
1602230 248
1602240 248
1602250 248
1602260 248
1602270 248
1602280 247
1602290 247
1602300 247
1602310 247
1602320 247
1602330 247
1602340 247
1602350 247
1602360 247
1602370 247
1602380 247
1602390 247
1602400 247
1602410 247
1602420 247
1602430 246
1602440 246
1602450 246
1602460 247
1602470 247
1602480 246
1602490 246
1602500 246
1602510 247
1602520 247
1602530 247
1602540 247
1602550 247
1602560 247
1602570 247
1602580 247
1602590 247
1602600 247
1602610 247
1602620 247
1602630 247
1602640 246
1602650 246
1602660 245
1602670 245
1602680 245
1602690 245
1602700 245
1602710 245
1602720 245
1602730 246
1602740 246
1602750 245
1602760 245
1602770 245
1602780 245
1602790 245
1602800 245
1602810 245
1602820 245
1602830 245
1602840 245
1602850 245
1602860 245
1602870 245
1602880 245
1602890 245
1602900 245
1602910 245
1602920 245
1602930 245
1602940 245
1602950 245
1602960 245
1602970 245
1602980 245
1602990 245
1603000 245
1603010 245
1603020 245
1603030 245
1603040 245
1603050 246
1603060 247
1603070 247
1603080 248
1603090 248
1603100 248
1603110 248
1603120 247
1603130 247
1603140 247
1603150 246
1603160 246
1603170 246
1603180 245
1603190 245
1603200 245
1603210 245
1603220 245
1603230 245
1603240 245
1603250 245
1603260 245
1603270 245
1603280 245
1603290 245
1603300 245
1603310 245
1603320 245
1603330 245
1603340 245
1603350 245
1603360 246
1603370 246
1603380 246
1603390 246
1603400 246
1603410 246
1603420 247
1603430 247
1603440 247
1603450 246
1603460 246
1603470 247
1603480 247
1603490 247
1603500 247
1603510 247
1603520 247
1603530 247
1603540 247
1603550 247
1603560 247
1603570 247
1603580 247
1603590 247
1603600 247
1603610 247
1603620 248
1603630 247
1603640 247
1603650 246
1603660 246
1603670 246
1603680 248
1603690 249
1603700 249
1603710 247
1603720 247
1603730 247
1603740 247
1603750 249
1603760 249
1603770 250
1603780 247
1603790 247
1603800 247
1603810 247
1603820 247
1603830 248
1603840 249
1603850 249
1603860 252
1603870 255
1603880 255
1603890 258
1603900 264
1603910 264
1603920 270
1603930 275
1603940 275
1603950 280
1603960 284
1603970 284
1603980 287
1603990 291
1604000 291
1604010 291
1604020 293
1604030 293
1604040 295
1604050 300
1604060 300
1604070 302
1604080 306
1604090 306
1604100 308
1604110 308
1604120 308
1604130 307
1604140 306
1604150 306
1604160 306
1604170 307
1604180 307
1604190 307
1604200 307
1604210 307
1604220 307
1604230 307
1604240 307
1604250 307
1604260 307
1604270 307
1604280 307
1604290 307
1604300 307
1604310 307
1604320 307
1604330 307
1604340 308
1604350 308
1604360 308
1604370 308
1604380 308
1604390 308
1604400 309
1604410 309
1604420 309
1604430 309
1604440 309
1604450 309
1604460 310
1604470 311
1604480 311
1604490 311
1604500 312
1604510 312
1604520 313
1604530 313
1604540 313
1604550 314
1604560 316
1604570 316
1604580 317
1604590 317
1604600 317
1604610 317
1604620 317
1604630 317
1604640 317
1604650 316
1604660 316
1604670 317
1604680 317
1604690 317
1604700 316
1604710 315
1604720 315
1604730 314
1604740 313
1604750 313
1604760 312
1604770 312
1604780 312
1604790 310
1604800 309
1604810 309
1604820 308
1604830 307
1604840 307
1604850 307
1604860 306
1604870 306
1604880 305
1604890 304
1604900 304
1604910 304
1604920 304
1604930 304
1604940 303
1604950 303
1604960 303
1604970 302
1604980 302
1604990 302
1605000 302
1605010 302
1605020 302
1605030 302
1605040 302
1605050 302
1605060 302
1605070 302
1605080 302
1605090 303
1605100 303
1605110 303
1605120 304
1605130 304
1605140 304
1605150 305
1605160 305
1605170 305
1605180 305
1605190 305
1605200 305
1605210 306
1605220 308
1605230 308
1605240 309
1605250 310
1605260 310
1605270 311
1605280 311
1605290 311
1605300 312
1605310 312
1605320 312
1605330 312
1605340 313
1605350 313
1605360 314
1605370 314
1605380 314
1605390 315
1605400 316
1605410 316
1605420 316
1605430 317
1605440 317
1605450 318
1605460 319
1605470 319
1605480 319
1605490 320
1605500 320
1605510 321
1605520 323
1605530 323
1605540 325
1605550 327
1605560 327
1605570 328
1605580 328
1605590 328
1605600 328
1605610 328
1605620 328
1605630 328
1605640 329
1605650 329
1605660 328
1605670 328
1605680 328
1605690 327
1605700 326
1605710 326
1605720 325
1605730 324
1605740 324
1605750 322
1605760 321
1605770 321
1605780 320
1605790 319
1605800 319
1605810 318
1605820 317
1605830 317
1605840 316
1605850 315
1605860 315
1605870 314
1605880 313
1605890 313
1605900 312
1605910 311
1605920 311
1605930 311
1605940 310
1605950 310
1605960 310
1605970 309
1605980 309
1605990 308
1606000 308
1606010 308
1606020 308
1606030 307
1606040 307
1606050 307
1606060 306
1606070 306
1606080 306
1606090 306
1606100 306
1606110 305
1606120 305
1606130 305
1606140 304
1606150 304
1606160 304
1606170 304
1606180 303
1606190 303
1606200 303
1606210 303
1606220 303
1606230 302
1606240 302
1606250 302
1606260 302
1606270 302
1606280 302
1606290 302
1606300 302
1606310 302
1606320 301
1606330 301
1606340 301
1606350 301
1606360 301
1606370 301
1606380 301
1606390 300
1606400 300
1606410 300
1606420 300
1606430 300
1606440 299
1606450 299
1606460 299
1606470 299
1606480 299
1606490 299
1606500 298
1606510 298
1606520 298
1606530 297
1606540 297
1606550 297
1606560 297
1606570 296
1606580 296
1606590 296
1606600 295
1606610 295
1606620 294
1606630 294
1606640 294
1606650 295
1606660 295
1606670 295
1606680 296
1606690 298
1606700 298
1606710 299
1606720 299
1606730 299
1606740 299
1606750 300
1606760 300
1606770 300
1606780 300
1606790 300
1606800 300
1606810 300
1606820 300
1606830 300
1606840 300
1606850 300
1606860 300
1606870 300
1606880 300
1606890 300
1606900 300
1606910 300
1606920 300
1606930 300
1606940 300
1606950 300
1606960 300
1606970 300
1606980 300
1606990 299
1607000 299
1607010 299
1607020 299
1607030 299
1607040 299
1607050 299
1607060 299
1607070 299
1607080 299
1607090 299
1607100 299
1607110 299
1607120 299
1607130 299
1607140 299
1607150 299
1607160 299
1607170 299
1607180 299
1607190 299
1607200 299
1607210 299
1607220 299
1607230 299
1607240 299
1607250 299
1607260 299
1607270 299
1607280 298
1607290 298
1607300 298
1607310 298
1607320 298
1607330 298
1607340 298
1607350 298
1607360 298
1607370 297
1607380 297
1607390 297
1607400 297
1607410 297
1607420 297
1607430 297
1607440 296
1607450 296
1607460 296
1607470 296
1607480 296
1607490 295
1607500 295
1607510 295
1607520 294
1607530 293
1607540 293
1607550 293
1607560 293
1607570 293
1607580 292
1607590 292
1607600 292
1607610 291
1607620 291
1607630 291
1607640 290
1607650 290
1607660 290
1607670 289
1607680 289
1607690 289
1607700 288
1607710 288
1607720 288
1607730 286
1607740 285
1607750 285
1607760 283
1607770 282
1607780 282
1607790 281
1607800 281
1607810 281
1607820 278
1607830 271
1607840 271
1607850 265
1607860 262
1607870 262
1607880 261
1607890 260
1607900 260
1607910 261
1607920 261
1607930 261
1607940 261
1607950 262
1607960 262
1607970 263
1607980 264
1607990 264
1608000 265
1608010 265
1608020 265
1608030 264
1608040 262
1608050 262
1608060 258
1608070 252
1608080 253
1608090 249
1608100 249
1608110 249
1608120 249
1608130 249
1608140 249
1608150 248
1608160 248
1608170 248
1608180 248
1608190 248
1608200 248
1608210 248
1608220 248
1608230 248
1608240 248
1608250 248
1608260 248
1608270 248
1608280 248
1608290 248
1608300 248
1608310 248
1608320 248
1608330 248
1608340 247
1608350 247
1608360 245
1608370 246
1608380 246
1608390 248
1608400 248
1608410 248
1608420 248
1608430 248
1608440 248
1608450 248
1608460 248
1608470 248
1608480 248
1608490 248
1608500 248
1608510 248
1608520 248
1608530 248
1608540 248
1608550 250
1608560 250
1608570 252
1608580 250
1608590 250
1608600 249
1608610 249
1608620 249
1608630 249
1608640 249
1608650 249
1608660 249
1608670 249
1608680 249
1608690 249
1608700 249
1608710 249
1608720 249
1608730 249
1608740 249
1608750 249
1608760 250
1608770 250
1608780 250
1608790 250
1608800 250
1608810 250
1608820 250
1608830 250
1608840 250
1608850 250
1608860 250
1608870 250
1608880 250
1608890 250
1608900 251
1608910 251
1608920 251
1608930 252
1608940 253
1608950 253
1608960 253
1608970 253
1608980 253
1608990 253
1609000 253
1609010 253
1609020 253
1609030 253
1609040 253
1609050 253
1609060 253
1609070 253
1609080 253
1609090 253
1609100 253
1609110 253
1609120 254
1609130 254
1609140 254
1609150 256
1609160 256
1609170 255
1609180 255
1609190 255
1609200 256
1609210 256
1609220 256
1609230 256
1609240 256
1609250 256
1609260 259
1609270 262
1609280 262
1609290 265
1609300 268
1609310 268
1609320 270
1609330 272
1609340 272
1609350 275
1609360 278
1609370 278
1609380 282
1609390 286
1609400 286
1609410 289
1609420 292
1609430 292
1609440 295
1609450 298
1609460 298
1609470 300
1609480 303
1609490 303
1609500 304
1609510 305
1609520 305
1609530 305
1609540 308
1609550 308
1609560 311
1609570 312
1609580 312
1609590 312
1609600 314
1609610 314
1609620 315
1609630 316
1609640 316
1609650 316
1609660 317
1609670 317
1609680 318
1609690 318
1609700 318
1609710 319
1609720 319
1609730 319
1609740 320
1609750 321
1609760 321
1609770 322
1609780 322
1609790 322
1609800 323
1609810 324
1609820 324
1609830 325
1609840 326
1609850 326
1609860 327
1609870 327
1609880 327
1609890 328
1609900 329
1609910 329
1609920 330
1609930 331
1609940 331
1609950 332
1609960 333
1609970 333
1609980 334
1609990 335
1610000 335
1610010 336
1610020 337
1610030 337
1610040 338
1610050 339
1610060 339
1610070 339
1610080 340
1610090 340
1610100 341
1610110 342
1610120 342
1610130 342
1610140 343
1610150 343
1610160 344
1610170 345
1610180 345
1610190 346
1610200 346
1610210 346
1610220 347
1610230 348
1610240 348
1610250 349
1610260 349
1610270 349
1610280 350
1610290 350
1610300 350
1610310 350
1610320 349
1610330 349
1610340 350
1610350 350
1610360 350
1610370 349
1610380 349
1610390 349
1610400 349
1610410 349
1610420 349
1610430 349
1610440 350
1610450 350
1610460 351
1610470 352
1610480 352
1610490 353
1610500 355
1610510 355
1610520 358
1610530 361
1610540 361
1610550 363
1610560 366
1610570 366
1610580 371
1610590 374
1610600 374
1610610 376
1610620 378
1610630 378
1610640 380
1610650 381
1610660 381
1610670 382
1610680 383
1610690 383
1610700 384
1610710 385
1610720 385
1610730 386
1610740 387
1610750 387
1610760 387
1610770 387
1610780 387
1610790 386
1610800 385
1610810 385
1610820 386
1610830 386
1610840 386
1610850 386
1610860 385
1610870 385
1610880 384
1610890 384
1610900 384
1610910 383
1610920 382
1610930 382
1610940 381
1610950 380
1610960 380
1610970 379
1610980 378
1610990 378
1611000 377
1611010 376
1611020 376
1611030 375
1611040 375
1611050 375
1611060 374
1611070 373
1611080 373
1611090 373
1611100 372
1611110 372
1611120 370
1611130 369
1611140 369
1611150 368
1611160 367
1611170 367
1611180 365
1611190 364
1611200 364
1611210 363
1611220 362
1611230 362
1611240 360
1611250 360
1611260 360
1611270 359
1611280 357
1611290 357
1611300 356
1611310 356
1611320 356
1611330 355
1611340 354
1611350 354
1611360 353
1611370 353
1611380 353
1611390 352
1611400 351
1611410 351
1611420 351
1611430 351
1611440 351
1611450 350
1611460 350
1611470 350
1611480 349
1611490 349
1611500 349
1611510 348
1611520 347
1611530 347
1611540 346
1611550 345
1611560 345
1611570 343
1611580 341
1611590 341
1611600 340
1611610 340
1611620 340
1611630 340
1611640 342
1611650 342
1611660 343
1611670 344
1611680 344
1611690 345
1611700 346
1611710 346
1611720 347
1611730 348
1611740 348
1611750 349
1611760 351
1611770 351
1611780 352
1611790 353
1611800 353
1611810 355
1611820 356
1611830 356
1611840 357
1611850 358
1611860 358
1611870 358
1611880 359
1611890 359
1611900 359
1611910 360
1611920 360
1611930 360
1611940 360
1611950 360
1611960 360
1611970 360
1611980 360
1611990 359
1612000 358
1612010 358
1612020 358
1612030 357
1612040 357
1612050 356
1612060 355
1612070 355
1612080 354
1612090 353
1612100 353
1612110 353
1612120 352
1612130 352
1612140 351
1612150 350
1612160 350
1612170 349
1612180 348
1612190 348
1612200 346
1612210 348
1612220 348
1612230 349
1612240 349
1612250 349
1612260 350
1612270 350
1612280 350
1612290 351
1612300 351
1612310 351
1612320 351
1612330 351
1612340 351
1612350 351
1612360 351
1612370 351
1612380 350
1612390 350
1612400 350
1612410 349
1612420 349
1612430 349
1612440 349
1612450 349
1612460 349
1612470 348
1612480 348
1612490 348
1612500 347
1612510 346
1612520 346
1612530 345
1612540 344
1612550 344
1612560 343
1612570 343
1612580 343
1612590 343
1612600 342
1612610 342
1612620 342
1612630 342
1612640 342
1612650 342
1612660 342
1612670 342
1612680 341
1612690 341
1612700 341
1612710 341
1612720 340
1612730 340
1612740 340
1612750 338
1612760 338
1612770 337
1612780 335
1612790 335
1612800 333
1612810 331
1612820 331
1612830 329
1612840 327
1612850 327
1612860 325
1612870 323
1612880 323
1612890 321
1612900 319
1612910 319
1612920 317
1612930 317
1612940 317
1612950 318
1612960 320
1612970 320
1612980 321
1612990 322
1613000 322
1613010 323
1613020 324
1613030 324
1613040 325
1613050 327
1613060 327
1613070 328
1613080 329
1613090 329
1613100 330
1613110 332
1613120 332
1613130 333
1613140 334
1613150 334
1613160 335
1613170 336
1613180 336
1613190 336
1613200 336
1613210 336
1613220 337
1613230 337
1613240 337
1613250 337
1613260 338
1613270 338
1613280 338
1613290 338
1613300 338
1613310 338
1613320 337
1613330 337
1613340 337
1613350 336
1613360 336
1613370 334
1613380 334
1613390 332
1613400 330
1613410 330
1613420 329
1613430 329
1613440 329
1613450 329
1613460 330
1613470 330
1613480 331
1613490 332
1613500 332
1613510 334
1613520 335
1613530 335
1613540 337
1613550 337
1613560 337
1613570 338
1613580 338
1613590 338
1613600 339
1613610 339
1613620 339
1613630 339
1613640 339
1613650 339
1613660 339
1613670 340
1613680 340
1613690 340
1613700 340
1613710 340
1613720 341
1613730 341
1613740 341
1613750 341
1613760 342
1613770 342
1613780 342
1613790 342
1613800 342
1613810 343
1613820 343
1613830 343
1613840 344
1613850 345
1613860 345
1613870 345
1613880 346
1613890 346
1613900 347
1613910 347
1613920 347
1613930 348
1613940 349
1613950 349
1613960 349
1613970 350
1613980 350
1613990 350
1614000 350
1614010 350
1614020 350
1614030 350
1614040 350
1614050 350
1614060 350
1614070 350
1614080 349
1614090 349
1614100 349
1614110 348
1614120 348
1614130 348
1614140 348
1614150 348
1614160 348
1614170 348
1614180 348
1614190 348
1614200 348
1614210 348
1614220 348
1614230 349
1614240 349
1614250 349
1614260 349
1614270 349
1614280 349
1614290 349
1614300 349
1614310 349
1614320 348
1614330 347
1614340 347
1614350 347
1614360 346
1614370 346
1614380 345
1614390 344
1614400 344
1614410 343
1614420 341
1614430 341
1614440 340
1614450 338
1614460 338
1614470 337
1614480 336
1614490 336
1614500 336
1614510 335
1614520 335
1614530 334
1614540 333
1614550 333
1614560 332
1614570 331
1614580 331
1614590 330
1614600 329
1614610 329
1614620 328
1614630 328
1614640 328
1614650 327
1614660 326
1614670 326
1614680 325
1614690 324
1614700 324
1614710 323
1614720 323
1614730 323
1614740 322
1614750 322
1614760 322
1614770 321
1614780 321
1614790 321
1614800 321
1614810 320
1614820 320
1614830 320
1614840 319
1614850 319
1614860 319
1614870 318
1614880 318
1614890 318
1614900 317
1614910 317
1614920 316
1614930 315
1614940 315
1614950 315
1614960 314
1614970 314
1614980 313
1614990 313
1615000 313
1615010 312
1615020 311
1615030 311
1615040 310
1615050 310
1615060 310
1615070 309
1615080 309
1615090 309
1615100 308
1615110 308
1615120 308
1615130 308
1615140 308
1615150 308
1615160 308
1615170 308
1615180 308
1615190 308
1615200 309
1615210 309
1615220 311
1615230 311
1615240 311
1615250 312
1615260 312
1615270 312
1615280 311
1615290 311
1615300 311
1615310 311
1615320 311
1615330 311
1615340 311
1615350 311
1615360 311
1615370 311
1615380 311
1615390 311
1615400 310
1615410 309
1615420 309
1615430 309
1615440 308
1615450 308
1615460 308
1615470 308
1615480 308
1615490 307
1615500 307
1615510 307
1615520 307
1615530 306
1615540 306
1615550 306
1615560 306
1615570 306
1615580 306
1615590 305
1615600 305
1615610 305
1615620 304
1615630 304
1615640 304
1615650 303
1615660 303
1615670 303
1615680 303
1615690 303
1615700 302
1615710 302
1615720 302
1615730 301
1615740 301
1615750 301
1615760 301
1615770 300
1615780 300
1615790 300
1615800 300
1615810 300
1615820 299
1615830 299
1615840 299
1615850 299
1615860 298
1615870 298
1615880 298
1615890 298
1615900 298
1615910 298
1615920 298
1615930 298
1615940 298
1615950 298
1615960 298
1615970 298
1615980 297
1615990 297
1616000 297
1616010 297
1616020 297
1616030 297
1616040 297
1616050 297
1616060 297
1616070 297
1616080 297
1616090 297
1616100 298
1616110 298
1616120 299
1616130 301
1616140 301
1616150 302
1616160 303
1616170 303
1616180 303
1616190 304
1616200 304
1616210 305
1616220 305
1616230 305
1616240 305
1616250 305
1616260 305
1616270 305
1616280 305
1616290 305
1616300 305
1616310 305
1616320 305
1616330 305
1616340 305
1616350 305
1616360 305
1616370 305
1616380 305
1616390 304
1616400 304
1616410 304
1616420 304
1616430 304
1616440 304
1616450 304
1616460 304
1616470 304
1616480 304
1616490 304
1616500 304
1616510 304
1616520 304
1616530 304
1616540 304
1616550 303
1616560 303
1616570 303
1616580 303
1616590 303
1616600 303
1616610 303
1616620 303
1616630 302
1616640 302
1616650 302
1616660 302
1616670 302
1616680 302
1616690 302
1616700 302
1616710 302
1616720 302
1616730 302
1616740 302
1616750 302
1616760 301
1616770 301
1616780 300
1616790 300
1616800 300
1616810 301
1616820 301
1616830 301
1616840 298
1616850 295
1616860 295
1616870 296
1616880 298
1616890 298
1616900 298
1616910 298
1616920 298
1616930 298
1616940 298
1616950 298
1616960 298
1616970 299
1616980 299
1616990 299
1617000 299
1617010 299
1617020 300
1617030 300
1617040 300
1617050 300
1617060 300
1617070 300
1617080 300
1617090 300
1617100 300
1617110 300
1617120 300
1617130 300
1617140 301
1617150 301
1617160 301
1617170 301
1617180 301
1617190 301
1617200 301
1617210 301
1617220 301
1617230 301
1617240 301
1617250 301
1617260 301
1617270 301
1617280 301
1617290 301
1617300 301
1617310 301
1617320 301
1617330 302
1617340 302
1617350 302
1617360 302
1617370 302
1617380 302
1617390 302
1617400 302
1617410 302
1617420 302
1617430 302
1617440 302
1617450 303
1617460 303
1617470 303
1617480 304
1617490 304
1617500 305
1617510 305
1617520 305
1617530 306
1617540 307
1617550 307
1617560 307
1617570 307
1617580 307
1617590 307
1617600 307
1617610 307
1617620 308
1617630 308
1617640 308
1617650 308
1617660 307
1617670 307
1617680 307
1617690 308
1617700 308
1617710 308
1617720 308
1617730 308
1617740 308
1617750 309
1617760 309
1617770 309
1617780 309
1617790 309
1617800 310
1617810 310
1617820 310
1617830 311
1617840 312
1617850 312
1617860 312
1617870 313
1617880 313
1617890 313
1617900 313
1617910 313
1617920 313
1617930 313
1617940 313
1617950 313
1617960 314
1617970 314
1617980 314
1617990 314
1618000 314
1618010 314
1618020 314
1618030 314
1618040 315
1618050 315
1618060 315
1618070 315
1618080 315
1618090 315
1618100 315
1618110 315
1618120 315
1618130 315
1618140 315
1618150 315
1618160 315
1618170 315
1618180 315
1618190 315
1618200 315
1618210 315
1618220 315
1618230 315
1618240 315
1618250 316
1618260 316
1618270 316
1618280 316
1618290 317
1618300 317
1618310 317
1618320 318
1618330 318
1618340 319
1618350 321
1618360 321
1618370 321
1618380 321
1618390 321
1618400 322
1618410 323
1618420 323
1618430 323
1618440 323
1618450 323
1618460 323
1618470 323
1618480 323
1618490 323
1618500 323
1618510 323
1618520 323
1618530 323
1618540 323
1618550 323
1618560 323
1618570 323
1618580 322
1618590 322
1618600 322
1618610 322
1618620 321
1618630 321
1618640 321
1618650 320
1618660 320
1618670 319
1618680 318
1618690 318
1618700 317
1618710 316
1618720 316
1618730 315
1618740 314
1618750 314
1618760 313
1618770 312
1618780 312
1618790 311
1618800 310
1618810 310
1618820 309
1618830 309
1618840 309
1618850 308
1618860 307
1618870 307
1618880 306
1618890 306
1618900 306
1618910 305
1618920 304
1618930 304
1618940 304
1618950 303
1618960 303
1618970 303
1618980 302
1618990 302
1619000 300
1619010 299
1619020 299
1619030 298
1619040 297
1619050 297
1619060 295
1619070 295
1619080 295
1619090 294
1619100 293
1619110 293
1619120 293
1619130 292
1619140 292
1619150 291
1619160 290
1619170 290
1619180 289
1619190 289
1619200 289
1619210 288
1619220 288
1619230 288
1619240 288
1619250 288
1619260 288
1619270 288
1619280 288
1619290 288
1619300 288
1619310 288
1619320 288
1619330 288
1619340 289
1619350 289
1619360 289
1619370 290
1619380 290
1619390 290
1619400 290
1619410 290
1619420 289
1619430 289
1619440 289
1619450 289
1619460 290
1619470 290
1619480 290
1619490 290
1619500 290
1619510 291
1619520 290
1619530 290
1619540 290
1619550 290
1619560 290
1619570 289
1619580 288
1619590 288
1619600 287
1619610 286
1619620 286
1619630 286
1619640 286
1619650 286
1619660 287
1619670 289
1619680 289
1619690 290
1619700 291
1619710 291
1619720 292
1619730 292
1619740 292
1619750 291
1619760 291
1619770 291
1619780 291
1619790 289
1619800 289
1619810 288
1619820 287
1619830 287
1619840 287
1619850 286
1619860 286
1619870 285
1619880 284
1619890 284
1619900 284
1619910 282
1619920 282
1619930 281
1619940 279
1619950 279
1619960 279
1619970 278
1619980 278
1619990 277
