1600000 251
1600010 251
1600020 251
1600030 251
1600040 251
1600050 251
1600060 251
1600070 251
1600080 251
1600090 251
1600100 251
1600110 251
1600120 251
1600130 251
1600140 251
1600150 251
1600160 251
1600170 251
1600180 251
1600190 251
1600200 251
1600210 251
1600220 251
1600230 251
1600240 251
1600250 251
1600260 251
1600270 251
1600280 251
1600290 251
1600300 251
1600310 251
1600320 251
1600330 251
1600340 251
1600350 251
1600360 251
1600370 251
1600380 251
1600390 251
1600400 251
1600410 251
1600420 251
1600430 251
1600440 251
1600450 251
1600460 251
1600470 251
1600480 251
1600490 251
1600500 252
1600510 252
1600520 252
1600530 252
1600540 252
1600550 252
1600560 251
1600570 251
1600580 251
1600590 251
1600600 251
1600610 251
1600620 250
1600630 250
1600640 250
1600650 249
1600660 249
1600670 249
1600680 248
1600690 248
1600700 247
1600710 247
1600720 247
1600730 248
1600740 248
1600750 248
1600760 248
1600770 248
1600780 248
1600790 248
1600800 248
1600810 248
1600820 248
1600830 248
1600840 248
1600850 248
1600860 248
1600870 248
1600880 248
1600890 248
1600900 248
1600910 248
1600920 248
1600930 248
1600940 248
1600950 248
1600960 248
1600970 248
1600980 248
1600990 248
1601000 247
1601010 246
1601020 246
1601030 246
1601040 245
1601050 245
1601060 246
1601070 246
1601080 246
1601090 246
1601100 246
1601110 246
1601120 246
1601130 246
1601140 246
1601150 246
1601160 246
1601170 246
1601180 246
1601190 248
1601200 248
1601210 248
1601220 248
1601230 248
1601240 248
1601250 249
1601260 249
1601270 248
1601280 248
1601290 248
1601300 248
1601310 248
1601320 248
1601330 248
1601340 248
1601350 248
1601360 248
1601370 248
1601380 248
1601390 248
1601400 248
1601410 248
1601420 248
1601430 248
1601440 248
1601450 248
1601460 248
1601470 248
1601480 248
1601490 248
1601500 248
1601510 248
1601520 248
1601530 248
1601540 248
1601550 248
1601560 248
1601570 248
1601580 248
1601590 248
1601600 248
1601610 248
1601620 248
1601630 247
1601640 247
1601650 247
1601660 248
1601670 248
1601680 248
1601690 248
1601700 248
1601710 248
1601720 247
1601730 246
1601740 246
1601750 248
1601760 248
1601770 248
1601780 248
1601790 248
1601800 248
1601810 248
1601820 248
1601830 248
1601840 248
1601850 248
1601860 248
1601870 248
1601880 248
1601890 248
1601900 247
1601910 247
1601920 247
1601930 247
1601940 248
1601950 248
1601960 247
1601970 246
1601980 246
1601990 246
1602000 245
1602010 245
1602020 247
1602030 248
1602040 248
1602050 248
1602060 248
1602070 248
1602080 247
1602090 247
1602100 247
1602110 246
1602120 245
1602130 245
1602140 244
1602150 245
1602160 245
1602170 245
1602180 246
1602190 246
1602200 247
1602210 247
1602220 247
1602230 246
1602240 246
1602250 246
1602260 247
1602270 247
1602280 247
1602290 247
1602300 247
1602310 247
1602320 248
1602330 248
1602340 248
1602350 248
1602360 248
1602370 248
1602380 248
1602390 248
1602400 248
1602410 248
1602420 248
1602430 248
1602440 248
1602450 247
1602460 247
1602470 247
1602480 247
1602490 247
1602500 248
1602510 247
1602520 247
1602530 247
1602540 248
1602550 248
1602560 247
1602570 247
1602580 247
1602590 248
1602600 248
1602610 248
1602620 248
1602630 248
1602640 248
1602650 248
1602660 248
1602670 248
1602680 248
1602690 246
1602700 246
1602710 245
1602720 245
1602730 245
1602740 245
1602750 245
1602760 245
1602770 245
1602780 246
1602790 246
1602800 246
1602810 246
1602820 246
1602830 246
1602840 246
1602850 246
1602860 246
1602870 246
1602880 246
1602890 246
1602900 246
1602910 246
1602920 246
1602930 246
1602940 246
1602950 246
1602960 246
1602970 246
1602980 246
1602990 246
1603000 246
1603010 246
1603020 246
1603030 246
1603040 246
1603050 246
1603060 246
1603070 246
1603080 246
1603090 246
1603100 245
1603110 245
1603120 245
1603130 245
1603140 245
1603150 245
1603160 245
1603170 245
1603180 245
1603190 245
1603200 245
1603210 245
1603220 245
1603230 245
1603240 245
1603250 246
1603260 246
1603270 246
1603280 245
1603290 245
1603300 245
1603310 245
1603320 245
1603330 245
1603340 245
1603350 245
1603360 245
1603370 245
1603380 245
1603390 245
1603400 245
1603410 245
1603420 245
1603430 246
1603440 246
1603450 246
1603460 245
1603470 245
1603480 245
1603490 245
1603500 245
1603510 245
1603520 245
1603530 245
1603540 245
1603550 246
1603560 247
1603570 247
1603580 247
1603590 248
1603600 248
1603610 249
1603620 249
1603630 249
1603640 249
1603650 250
1603660 250
1603670 249
1603680 247
1603690 247
1603700 246
1603710 247
1603720 247
1603730 247
1603740 247
1603750 247
1603760 247
1603770 247
1603780 247
1603790 247
1603800 248
1603810 248
1603820 250
1603830 253
1603840 253
1603850 255
1603860 256
1603870 256
1603880 259
1603890 262
1603900 262
1603910 264
1603920 267
1603930 267
1603940 271
1603950 272
1603960 272
1603970 274
1603980 276
1603990 276
1604000 278
1604010 279
1604020 279
1604030 280
1604040 282
1604050 282
1604060 286
1604070 289
1604080 289
1604090 291
1604100 293
1604110 293
1604120 294
1604130 294
1604140 294
1604150 294
1604160 294
1604170 294
1604180 295
1604190 295
1604200 295
1604210 295
1604220 296
1604230 295
1604240 295
1604250 295
1604260 295
1604270 295
1604280 296
1604290 296
1604300 296
1604310 296
1604320 296
1604330 296
1604340 297
1604350 297
1604360 296
1604370 295
1604380 295
1604390 297
1604400 297
1604410 297
1604420 297
1604430 297
1604440 297
1604450 297
1604460 296
1604470 296
1604480 296
1604490 296
1604500 296
1604510 296
1604520 296
1604530 296
1604540 296
1604550 295
1604560 295
1604570 295
1604580 295
1604590 295
1604600 295
1604610 295
1604620 295
1604630 295
1604640 296
1604650 296
1604660 296
1604670 296
1604680 296
1604690 296
1604700 296
1604710 296
1604720 296
1604730 296
1604740 296
1604750 296
1604760 296
1604770 296
1604780 296
1604790 296
1604800 296
1604810 296
1604820 296
1604830 296
1604840 296
1604850 296
1604860 296
1604870 296
1604880 297
1604890 297
1604900 296
1604910 296
1604920 296
1604930 296
1604940 297
1604950 297
1604960 297
1604970 297
1604980 297
1604990 298
1605000 298
1605010 298
1605020 298
1605030 299
1605040 299
1605050 299
1605060 300
1605070 300
1605080 300
1605090 300
1605100 300
1605110 300
1605120 301
1605130 301
1605140 301
1605150 301
1605160 301
1605170 301
1605180 302
1605190 302
1605200 302
1605210 302
1605220 302
1605230 302
1605240 302
1605250 302
1605260 303
1605270 303
1605280 303
1605290 303
1605300 304
1605310 303
1605320 304
1605330 305
1605340 305
1605350 306
1605360 307
1605370 307
1605380 308
1605390 309
1605400 309
1605410 309
1605420 310
1605430 310
1605440 311
1605450 312
1605460 312
1605470 312
1605480 313
1605490 313
1605500 314
1605510 315
1605520 315
1605530 316
1605540 317
1605550 317
1605560 317
1605570 318
1605580 318
1605590 318
1605600 318
1605610 318
1605620 317
1605630 317
1605640 317
1605650 317
1605660 316
1605670 316
1605680 315
1605690 315
1605700 315
1605710 314
1605720 314
1605730 314
1605740 313
1605750 312
1605760 312
1605770 311
1605780 311
1605790 311
1605800 310
1605810 309
1605820 309
1605830 309
1605840 308
1605850 308
1605860 308
1605870 307
1605880 307
1605890 307
1605900 307
1605910 307
1605920 307
1605930 306
1605940 306
1605950 306
1605960 306
1605970 306
1605980 306
1605990 306
1606000 306
1606010 305
1606020 305
1606030 305
1606040 305
1606050 305
1606060 305
1606070 305
1606080 304
1606090 304
1606100 305
1606110 305
1606120 305
1606130 304
1606140 304
1606150 304
1606160 304
1606170 304
1606180 304
1606190 304
1606200 304
1606210 304
1606220 304
1606230 304
1606240 304
1606250 303
1606260 303
1606270 303
1606280 303
1606290 303
1606300 303
1606310 303
1606320 303
1606330 303
1606340 303
1606350 303
1606360 303
1606370 302
1606380 302
1606390 302
1606400 302
1606410 302
1606420 302
1606430 302
1606440 302
1606450 302
1606460 301
1606470 301
1606480 301
1606490 301
1606500 300
1606510 300
1606520 300
1606530 300
1606540 300
1606550 300
1606560 300
1606570 300
1606580 299
1606590 299
1606600 299
1606610 299
1606620 299
1606630 299
1606640 298
1606650 298
1606660 298
1606670 298
1606680 297
1606690 297
1606700 297
1606710 298
1606720 298
1606730 298
1606740 298
1606750 298
1606760 298
1606770 298
1606780 298
1606790 298
1606800 298
1606810 298
1606820 298
1606830 298
1606840 298
1606850 298
1606860 298
1606870 298
1606880 297
1606890 297
1606900 297
1606910 297
1606920 297
1606930 297
1606940 297
1606950 297
1606960 297
1606970 297
1606980 297
1606990 297
1607000 296
1607010 297
1607020 297
1607030 297
1607040 297
1607050 297
1607060 296
1607070 296
1607080 296
1607090 296
1607100 296
1607110 296
1607120 296
1607130 296
1607140 296
1607150 296
1607160 296
1607170 296
1607180 295
1607190 295
1607200 295
1607210 295
1607220 295
1607230 295
1607240 295
1607250 295
1607260 295
1607270 295
1607280 294
1607290 294
1607300 294
1607310 294
1607320 294
1607330 294
1607340 294
1607350 294
1607360 293
1607370 293
1607380 293
1607390 293
1607400 293
1607410 293
1607420 293
1607430 292
1607440 292
1607450 292
1607460 291
1607470 291
1607480 291
1607490 290
1607500 290
1607510 290
1607520 289
1607530 289
1607540 288
1607550 287
1607560 287
1607570 286
1607580 285
1607590 285
1607600 284
1607610 283
1607620 283
1607630 282
1607640 282
1607650 282
1607660 281
1607670 281
1607680 281
1607690 281
1607700 282
1607710 282
1607720 282
1607730 282
1607740 282
1607750 281
1607760 281
1607770 281
1607780 281
1607790 280
1607800 280
1607810 279
1607820 279
1607830 279
1607840 277
1607850 276
1607860 276
1607870 275
1607880 274
1607890 274
1607900 273
1607910 272
1607920 272
1607930 272
1607940 271
1607950 271
1607960 270
1607970 269
1607980 269
1607990 268
1608000 267
1608010 267
1608020 266
1608030 266
1608040 266
1608050 265
1608060 265
1608070 265
1608080 264
1608090 264
1608100 264
1608110 263
1608120 261
1608130 261
1608140 260
1608150 260
1608160 260
1608170 261
1608180 262
1608190 262
1608200 261
1608210 261
1608220 261
1608230 261
1608240 260
1608250 260
1608260 260
1608270 259
1608280 259
1608290 257
1608300 254
1608310 254
1608320 251
1608330 250
1608340 250
1608350 249
1608360 249
1608370 249
1608380 249
1608390 249
1608400 249
1608410 249
1608420 249
1608430 249
1608440 249
1608450 249
1608460 249
1608470 249
1608480 249
1608490 249
1608500 249
1608510 249
1608520 249
1608530 249
1608540 249
1608550 249
1608560 249
1608570 249
1608580 249
1608590 248
1608600 247
1608610 247
1608620 246
1608630 247
1608640 247
1608650 250
1608660 250
1608670 250
1608680 251
1608690 250
1608700 250
1608710 250
1608720 250
1608730 250
1608740 251
1608750 251
1608760 251
1608770 252
1608780 253
1608790 253
1608800 257
1608810 266
1608820 266
1608830 274
1608840 278
1608850 278
1608860 279
1608870 281
1608880 281
1608890 282
1608900 283
1608910 283
1608920 284
1608930 285
1608940 285
1608950 286
1608960 287
1608970 287
1608980 287
1608990 286
1609000 286
1609010 283
1609020 281
1609030 281
1609040 279
1609050 278
1609060 278
1609070 278
1609080 278
1609090 278
1609100 279
1609110 280
1609120 280
1609130 280
1609140 279
1609150 279
1609160 277
1609170 277
1609180 277
1609190 277
1609200 278
1609210 278
1609220 278
1609230 280
1609240 280
1609250 280
1609260 280
1609270 280
1609280 282
1609290 284
1609300 284
1609310 285
1609320 287
1609330 287
1609340 289
1609350 291
1609360 291
1609370 293
1609380 294
1609390 294
1609400 296
1609410 298
1609420 298
1609430 299
1609440 301
1609450 301
1609460 302
1609470 303
1609480 303
1609490 304
1609500 306
1609510 306
1609520 307
1609530 309
1609540 309
1609550 310
1609560 312
1609570 312
1609580 313
1609590 315
1609600 315
1609610 316
1609620 318
1609630 318
1609640 320
1609650 323
1609660 323
1609670 325
1609680 327
1609690 327
1609700 328
1609710 330
1609720 330
1609730 331
1609740 332
1609750 332
1609760 333
1609770 333
1609780 333
1609790 334
1609800 334
1609810 334
1609820 335
1609830 335
1609840 335
1609850 336
1609860 337
1609870 337
1609880 337
1609890 338
1609900 338
1609910 338
1609920 338
1609930 338
1609940 338
1609950 337
1609960 337
1609970 337
1609980 336
1609990 336
1610000 336
1610010 335
1610020 335
1610030 335
1610040 335
1610050 335
1610060 335
1610070 336
1610080 336
1610090 336
1610100 336
1610110 336
1610120 337
1610130 337
1610140 337
1610150 338
1610160 338
1610170 338
1610180 338
1610190 338
1610200 338
1610210 339
1610220 339
1610230 339
1610240 339
1610250 339
1610260 339
1610270 339
1610280 338
1610290 338
1610300 338
1610310 338
1610320 338
1610330 337
1610340 336
1610350 336
1610360 335
1610370 334
1610380 334
1610390 334
1610400 333
1610410 333
1610420 333
1610430 334
1610440 334
1610450 335
1610460 335
1610470 335
1610480 336
1610490 337
1610500 337
1610510 338
1610520 338
1610530 338
1610540 339
1610550 340
1610560 340
1610570 339
1610580 340
1610590 340
1610600 341
1610610 342
1610620 342
1610630 344
1610640 345
1610650 345
1610660 346
1610670 348
1610680 348
1610690 349
1610700 349
1610710 349
1610720 350
1610730 351
1610740 351
1610750 352
1610760 353
1610770 353
1610780 354
1610790 355
1610800 355
1610810 357
1610820 358
1610830 358
1610840 360
1610850 361
1610860 361
1610870 363
1610880 364
1610890 364
1610900 367
1610910 369
1610920 369
1610930 370
1610940 372
1610950 372
1610960 372
1610970 373
1610980 373
1610990 374
1611000 375
1611010 375
1611020 376
1611030 376
1611040 376
1611050 376
1611060 377
1611070 377
1611080 377
1611090 377
1611100 377
1611110 377
1611120 376
1611130 376
1611140 376
1611150 376
1611160 376
1611170 376
1611180 375
1611190 375
1611200 375
1611210 375
1611220 375
1611230 375
1611240 375
1611250 375
1611260 375
1611270 375
1611280 375
1611290 375
1611300 374
1611310 374
1611320 374
1611330 374
1611340 374
1611350 374
1611360 373
1611370 373
1611380 373
1611390 373
1611400 373
1611410 372
1611420 371
1611430 371
1611440 371
1611450 369
1611460 369
1611470 369
1611480 367
1611490 367
1611500 365
1611510 363
1611520 363
1611530 362
1611540 361
1611550 361
1611560 361
1611570 361
1611580 361
1611590 363
1611600 364
1611610 364
1611620 366
1611630 367
1611640 367
1611650 369
1611660 371
1611670 371
1611680 374
1611690 376
1611700 376
1611710 377
1611720 378
1611730 378
1611740 379
1611750 380
1611760 380
1611770 380
1611780 381
1611790 381
1611800 381
1611810 382
1611820 382
1611830 382
1611840 382
1611850 382
1611860 382
1611870 382
1611880 382
1611890 382
1611900 382
1611910 382
1611920 381
1611930 380
1611940 380
1611950 380
1611960 379
1611970 379
1611980 379
1611990 378
1612000 378
1612010 377
1612020 377
1612030 377
1612040 377
1612050 377
1612060 377
1612070 377
1612080 376
1612090 376
1612100 375
1612110 375
1612120 375
1612130 374
1612140 372
1612150 372
1612160 371
1612170 369
1612180 369
1612190 366
1612200 364
1612210 364
1612220 362
1612230 360
1612240 360
1612250 358
1612260 357
1612270 357
1612280 355
1612290 354
1612300 354
1612310 352
1612320 351
1612330 351
1612340 349
1612350 348
1612360 348
1612370 347
1612380 346
1612390 346
1612400 345
1612410 344
1612420 344
1612430 344
1612440 343
1612450 343
1612460 342
1612470 341
1612480 341
1612490 340
1612500 340
1612510 340
1612520 339
1612530 338
1612540 338
1612550 338
1612560 338
1612570 338
1612580 337
1612590 337
1612600 337
1612610 336
1612620 335
1612630 335
1612640 334
1612650 334
1612660 334
1612670 333
1612680 333
1612690 333
1612700 332
1612710 331
1612720 331
1612730 330
1612740 329
1612750 329
1612760 327
1612770 325
1612780 325
1612790 324
1612800 323
1612810 323
1612820 323
1612830 323
1612840 323
1612850 324
1612860 326
1612870 326
1612880 329
1612890 331
1612900 331
1612910 333
1612920 336
1612930 336
1612940 338
1612950 341
1612960 341
1612970 343
1612980 345
1612990 345
1613000 347
1613010 349
1613020 349
1613030 350
1613040 351
1613050 351
1613060 353
1613070 354
1613080 354
1613090 354
1613100 355
1613110 355
1613120 356
1613130 356
1613140 356
1613150 357
1613160 357
1613170 357
1613180 358
1613190 358
1613200 358
1613210 358
1613220 358
1613230 358
1613240 359
1613250 359
1613260 359
1613270 359
1613280 359
1613290 359
1613300 359
1613310 359
1613320 359
1613330 358
1613340 358
1613350 358
1613360 356
1613370 354
1613380 354
1613390 352
1613400 351
1613410 351
1613420 349
1613430 348
1613440 348
1613450 348
1613460 348
1613470 348
1613480 348
1613490 348
1613500 348
1613510 349
1613520 350
1613530 350
1613540 351
1613550 353
1613560 353
1613570 354
1613580 354
1613590 354
1613600 355
1613610 356
1613620 356
1613630 357
1613640 358
1613650 358
1613660 358
1613670 358
1613680 358
1613690 358
1613700 358
1613710 358
1613720 358
1613730 359
1613740 359
1613750 359
1613760 359
1613770 359
1613780 359
1613790 358
1613800 358
1613810 358
1613820 358
1613830 358
1613840 358
1613850 357
1613860 357
1613870 357
1613880 357
1613890 357
1613900 356
1613910 356
1613920 356
1613930 356
1613940 355
1613950 355
1613960 354
1613970 354
1613980 354
1613990 353
1614000 352
1614010 352
1614020 352
1614030 351
1614040 351
1614050 350
1614060 350
1614070 350
1614080 350
1614090 349
1614100 349
1614110 349
1614120 348
1614130 348
1614140 347
1614150 346
1614160 346
1614170 345
1614180 344
1614190 344
1614200 343
1614210 343
1614220 343
1614230 342
1614240 342
1614250 342
1614260 341
1614270 340
1614280 340
1614290 339
1614300 339
1614310 339
1614320 338
1614330 337
1614340 337
1614350 337
1614360 336
1614370 336
1614380 335
1614390 335
1614400 335
1614410 334
1614420 333
1614430 333
1614440 333
1614450 332
1614460 332
1614470 331
1614480 331
1614490 331
1614500 330
1614510 330
1614520 330
1614530 329
1614540 329
1614550 329
1614560 328
1614570 328
1614580 328
1614590 327
1614600 326
1614610 326
1614620 326
1614630 325
1614640 325
1614650 325
1614660 324
1614670 324
1614680 324
1614690 323
1614700 323
1614710 323
1614720 322
1614730 322
1614740 322
1614750 322
1614760 322
1614770 322
1614780 322
1614790 322
1614800 321
1614810 321
1614820 321
1614830 320
1614840 320
1614850 320
1614860 320
1614870 319
1614880 319
1614890 319
1614900 319
1614910 319
1614920 320
1614930 320
1614940 320
1614950 320
1614960 320
1614970 320
1614980 320
1614990 320
1615000 320
1615010 320
1615020 320
1615030 320
1615040 320
1615050 320
1615060 320
1615070 320
1615080 320
1615090 320
1615100 321
1615110 321
1615120 321
1615130 320
1615140 320
1615150 320
1615160 320
1615170 319
1615180 319
1615190 318
1615200 318
1615210 318
1615220 317
1615230 316
1615240 316
1615250 315
1615260 315
1615270 315
1615280 314
1615290 314
1615300 314
1615310 313
1615320 313
1615330 313
1615340 312
1615350 312
1615360 312
1615370 311
1615380 311
1615390 311
1615400 311
1615410 310
1615420 310
1615430 310
1615440 310
1615450 310
1615460 310
1615470 310
1615480 310
1615490 310
1615500 310
1615510 310
1615520 310
1615530 310
1615540 310
1615550 310
1615560 310
1615570 310
1615580 310
1615590 310
1615600 310
1615610 309
1615620 310
1615630 310
1615640 309
1615650 309
1615660 309
1615670 309
1615680 308
1615690 308
1615700 308
1615710 308
1615720 308
1615730 307
1615740 307
1615750 307
1615760 306
1615770 306
1615780 306
1615790 305
1615800 305
1615810 305
1615820 304
1615830 304
1615840 304
1615850 304
1615860 303
1615870 303
1615880 303
1615890 302
1615900 302
1615910 302
1615920 301
1615930 301
1615940 300
1615950 300
1615960 300
1615970 299
1615980 299
1615990 299
1616000 299
1616010 299
1616020 299
1616030 299
1616040 299
1616050 299
1616060 300
1616070 301
1616080 301
1616090 301
1616100 302
1616110 302
1616120 303
1616130 303
1616140 303
1616150 304
1616160 305
1616170 305
1616180 306
1616190 306
1616200 306
1616210 307
1616220 308
1616230 308
1616240 309
1616250 310
1616260 310
1616270 312
1616280 314
1616290 314
1616300 315
1616310 315
1616320 315
1616330 316
1616340 316
1616350 316
1616360 316
1616370 316
1616380 316
1616390 316
1616400 316
1616410 316
1616420 316
1616430 316
1616440 316
1616450 316
1616460 315
1616470 315
1616480 315
1616490 315
1616500 315
1616510 315
1616520 315
1616530 315
1616540 315
1616550 314
1616560 314
1616570 314
1616580 314
1616590 314
1616600 314
1616610 313
1616620 313
1616630 313
1616640 312
1616650 312
1616660 312
1616670 311
1616680 311
1616690 311
1616700 310
1616710 310
1616720 310
1616730 309
1616740 309
1616750 309
1616760 308
1616770 308
1616780 308
1616790 309
1616800 309
1616810 309
1616820 309
1616830 309
1616840 309
1616850 309
1616860 309
1616870 309
1616880 310
1616890 310
1616900 310
1616910 310
1616920 310
1616930 310
1616940 310
1616950 310
1616960 311
1616970 311
1616980 311
1616990 311
1617000 311
1617010 311
1617020 311
1617030 311
1617040 311
1617050 311
1617060 311
1617070 311
1617080 310
1617090 310
1617100 310
1617110 310
1617120 310
1617130 310
1617140 311
1617150 311
1617160 311
1617170 311
1617180 311
1617190 311
1617200 311
1617210 310
1617220 310
1617230 309
1617240 310
1617250 310
1617260 310
1617270 310
1617280 310
1617290 309
1617300 309
1617310 309
1617320 309
1617330 309
1617340 309
1617350 308
1617360 308
1617370 308
1617380 307
1617390 307
1617400 307
1617410 306
1617420 305
1617430 305
1617440 305
1617450 305
1617460 305
1617470 305
1617480 304
1617490 304
1617500 304
1617510 304
1617520 304
1617530 304
1617540 303
1617550 303
1617560 303
1617570 303
1617580 304
1617590 304
1617600 304
1617610 304
1617620 304
1617630 304
1617640 304
1617650 304
1617660 303
1617670 303
1617680 303
1617690 303
1617700 303
1617710 303
1617720 302
1617730 302
1617740 302
1617750 302
1617760 302
1617770 302
1617780 302
1617790 302
1617800 302
1617810 301
1617820 301
1617830 301
1617840 301
1617850 301
1617860 301
1617870 301
1617880 301
1617890 301
1617900 301
1617910 301
1617920 301
1617930 301
1617940 301
1617950 302
1617960 302
1617970 302
1617980 302
1617990 302
1618000 301
1618010 301
1618020 301
1618030 301
1618040 301
1618050 301
1618060 301
1618070 302
1618080 302
1618090 302
1618100 302
1618110 302
1618120 302
1618130 302
1618140 302
1618150 302
1618160 303
1618170 303
1618180 303
1618190 304
1618200 304
1618210 305
1618220 306
1618230 306
1618240 307
1618250 307
1618260 307
1618270 306
1618280 305
1618290 305
1618300 305
1618310 305
1618320 305
1618330 306
1618340 306
1618350 306
1618360 307
1618370 307
1618380 307
1618390 308
1618400 308
1618410 308
1618420 308
1618430 309
1618440 309
1618450 309
1618460 310
1618470 310
1618480 310
1618490 310
1618500 310
1618510 310
1618520 310
1618530 310
1618540 310
1618550 310
1618560 310
1618570 311
1618580 312
1618590 312
1618600 313
1618610 313
1618620 313
1618630 314
1618640 315
1618650 315
1618660 316
1618670 317
1618680 317
1618690 317
1618700 317
1618710 317
1618720 317
1618730 317
1618740 317
1618750 317
1618760 316
1618770 316
1618780 316
1618790 315
1618800 315
1618810 314
1618820 313
1618830 313
1618840 313
1618850 312
1618860 312
1618870 312
1618880 311
1618890 311
1618900 310
1618910 310
1618920 310
1618930 309
1618940 309
1618950 309
1618960 309
1618970 308
1618980 308
1618990 308
1619000 308
1619010 308
1619020 308
1619030 307
1619040 307
1619050 307
1619060 307
1619070 307
1619080 306
1619090 306
1619100 306
1619110 305
1619120 305
1619130 305
1619140 305
1619150 305
1619160 305
1619170 304
1619180 304
1619190 304
1619200 304
1619210 304
1619220 304
1619230 304
1619240 304
1619250 304
1619260 304
1619270 304
1619280 304
1619290 304
1619300 304
1619310 304
1619320 304
1619330 304
1619340 304
1619350 305
1619360 305
1619370 305
1619380 306
1619390 306
1619400 306
1619410 306
1619420 306
1619430 306
1619440 306
1619450 305
1619460 305
1619470 305
1619480 304
1619490 304
1619500 303
1619510 303
1619520 303
1619530 303
1619540 303
1619550 303
1619560 303
1619570 303
1619580 303
1619590 303
1619600 303
1619610 303
1619620 303
1619630 303
1619640 303
1619650 304
1619660 304
1619670 304
1619680 304
1619690 305
1619700 305
1619710 305
1619720 306
1619730 306
1619740 306
1619750 306
1619760 306
1619770 306
1619780 306
1619790 306
1619800 306
1619810 305
1619820 305
1619830 305
1619840 304
1619850 304
1619860 304
1619870 303
1619880 303
1619890 303
1619900 302
1619910 302
1619920 301
1619930 300
1619940 300
1619950 298
1619960 297
1619970 297
1619980 296
1619990 296
