1600000 419
1600010 416
1600020 414
1600030 414
1600040 411
1600050 408
1600060 408
1600070 405
1600080 401
1600090 401
1600100 397
1600110 394
1600120 394
1600130 392
1600140 390
1600150 390
1600160 386
1600170 382
1600180 382
1600190 376
1600200 371
1600210 371
1600220 368
1600230 366
1600240 366
1600250 366
1600260 368
1600270 368
1600280 366
1600290 365
1600300 365
1600310 364
1600320 362
1600330 362
1600340 360
1600350 360
1600360 360
1600370 359
1600380 358
1600390 358
1600400 357
1600410 355
1600420 355
1600430 352
1600440 350
1600450 350
1600460 350
1600470 351
1600480 351
1600490 353
1600500 355
1600510 355
1600520 357
1600530 358
1600540 358
1600550 360
1600560 363
1600570 363
1600580 366
1600590 369
1600600 369
1600610 372
1600620 375
1600630 375
1600640 378
1600650 380
1600660 380
1600670 382
1600680 384
1600690 384
1600700 385
1600710 386
1600720 386
1600730 387
1600740 387
1600750 387
1600760 387
1600770 387
1600780 387
1600790 387
1600800 387
1600810 387
1600820 387
1600830 386
1600840 386
1600850 385
1600860 383
1600870 383
1600880 379
1600890 373
1600900 373
1600910 372
1600920 374
1600930 374
1600940 376
1600950 377
1600960 377
1600970 378
1600980 380
1600990 380
1601000 383
1601010 385
1601020 385
1601030 387
1601040 390
1601050 390
1601060 391
1601070 392
1601080 392
1601090 393
1601100 394
1601110 394
1601120 392
1601130 392
1601140 392
1601150 393
1601160 394
1601170 394
1601180 395
1601190 397
1601200 397
1601210 398
1601220 399
1601230 399
1601240 400
1601250 400
1601260 400
1601270 401
1601280 402
1601290 402
1601300 402
1601310 403
1601320 403
1601330 404
1601340 404
1601350 404
1601360 404
1601370 404
1601380 404
1601390 403
1601400 403
1601410 403
1601420 403
1601430 402
1601440 402
1601450 401
1601460 399
1601470 399
1601480 398
1601490 396
1601500 396
1601510 394
1601520 393
1601530 393
1601540 391
1601550 389
1601560 389
1601570 387
1601580 386
1601590 386
1601600 384
1601610 383
1601620 383
1601630 380
1601640 376
1601650 376
1601660 372
1601670 369
1601680 369
1601690 365
1601700 363
1601710 363
1601720 359
1601730 355
1601740 355
1601750 351
1601760 350
1601770 350
1601780 351
1601790 351
1601800 351
1601810 351
1601820 351
1601830 351
1601840 353
1601850 353
1601860 355
1601870 357
1601880 357
1601890 359
1601900 362
1601910 362
1601920 363
1601930 363
1601940 363
1601950 361
1601960 359
1601970 359
1601980 357
1601990 356
1602000 356
1602010 355
1602020 353
1602030 353
1602040 351
1602050 350
1602060 350
1602070 348
1602080 347
1602090 347
1602100 345
1602110 344
1602120 344
1602130 342
1602140 340
1602150 340
1602160 339
1602170 338
1602180 338
1602190 336
1602200 334
1602210 334
1602220 332
1602230 333
1602240 333
1602250 333
1602260 334
1602270 334
1602280 334
1602290 334
1602300 334
1602310 335
1602320 336
1602330 336
1602340 337
1602350 338
1602360 338
1602370 339
1602380 340
1602390 340
1602400 341
1602410 341
1602420 341
1602430 341
1602440 340
1602450 340
1602460 340
1602470 339
1602480 339
1602490 337
1602500 334
1602510 334
1602520 332
1602530 331
1602540 331
1602550 329
1602560 328
1602570 328
1602580 327
1602590 325
1602600 325
1602610 324
1602620 323
1602630 323
1602640 322
1602650 321
1602660 321
1602670 320
1602680 318
1602690 318
1602700 317
1602710 316
1602720 316
1602730 315
1602740 314
1602750 314
1602760 313
1602770 312
1602780 312
1602790 311
1602800 311
1602810 311
1602820 310
1602830 310
1602840 310
1602850 309
1602860 308
1602870 308
1602880 308
1602890 307
1602900 307
1602910 307
1602920 306
1602930 306
1602940 305
1602950 304
1602960 304
1602970 304
1602980 304
1602990 304
1603000 304
1603010 303
1603020 303
1603030 301
1603040 301
1603050 301
1603060 301
1603070 300
1603080 300
1603090 300
1603100 300
1603110 300
1603120 300
1603130 300
1603140 300
1603150 300
1603160 301
1603170 301
1603180 301
1603190 302
1603200 302
1603210 303
1603220 304
1603230 304
1603240 305
1603250 306
1603260 306
1603270 306
1603280 307
1603290 307
1603300 307
1603310 308
1603320 310
1603330 311
1603340 311
1603350 311
1603360 312
1603370 313
1603380 313
1603390 313
1603400 313
1603410 313
1603420 314
1603430 314
1603440 314
1603450 314
1603460 314
1603470 314
1603480 314
1603490 314
1603500 314
1603510 313
1603520 312
1603530 312
1603540 309
1603550 303
1603560 303
1603570 300
1603580 300
1603590 300
1603600 300
1603610 299
1603620 299
1603630 299
1603640 300
1603650 300
1603660 301
1603670 303
1603680 303
1603690 304
1603700 306
1603710 306
1603720 307
1603730 309
1603740 309
1603750 310
1603760 312
1603770 312
1603780 314
1603790 315
1603800 315
1603810 316
1603820 317
1603830 317
1603840 318
1603850 319
1603860 319
1603870 320
1603880 322
1603890 322
1603900 323
1603910 325
1603920 325
1603930 327
1603940 328
1603950 328
1603960 330
1603970 331
1603980 331
1603990 332
1604000 333
1604010 333
1604020 333
1604030 334
1604040 334
1604050 335
1604060 336
1604070 336
1604080 337
1604090 338
1604100 338
1604110 339
1604120 339
1604130 339
1604140 339
1604150 340
1604160 340
1604170 340
1604180 340
1604190 340
1604200 340
1604210 340
1604220 340
1604230 340
1604240 340
1604250 340
1604260 339
1604270 339
1604280 339
1604290 339
1604300 339
1604310 339
1604320 339
1604330 338
1604340 338
1604350 338
1604360 338
1604370 338
1604380 338
1604390 338
1604400 338
1604410 340
1604420 340
1604430 340
1604440 341
1604450 341
1604460 341
1604470 341
1604480 341
1604490 341
1604500 341
1604510 341
1604520 341
1604530 341
1604540 341
1604550 341
1604560 342
1604570 342
1604580 342
1604590 342
1604600 343
1604610 343
1604620 343
1604630 344
1604640 344
1604650 344
1604660 345
1604670 345
1604680 347
1604690 348
1604700 348
1604710 349
1604720 350
1604730 350
1604740 350
1604750 351
1604760 351
1604770 351
1604780 352
1604790 352
1604800 353
1604810 353
1604820 353
1604830 353
1604840 354
1604850 354
1604860 354
1604870 355
1604880 355
1604890 356
1604900 357
1604910 357
1604920 358
1604930 358
1604940 358
1604950 359
1604960 359
1604970 359
1604980 360
1604990 360
1605000 360
1605010 361
1605020 361
1605030 361
1605040 362
1605050 363
1605060 363
1605070 363
1605080 364
1605090 364
1605100 365
1605110 366
1605120 366
1605130 367
1605140 368
1605150 368
1605160 370
1605170 371
1605180 371
1605190 371
1605200 372
1605210 372
1605220 373
1605230 374
1605240 374
1605250 375
1605260 376
1605270 376
1605280 377
1605290 378
1605300 378
1605310 379
1605320 380
1605330 380
1605340 380
1605350 380
1605360 380
1605370 380
1605380 381
1605390 381
1605400 382
1605410 382
1605420 382
1605430 383
1605440 385
1605450 385
1605460 386
1605470 387
1605480 387
1605490 389
1605500 389
1605510 389
1605520 390
1605530 391
1605540 391
1605550 392
1605560 393
1605570 393
1605580 394
1605590 395
1605600 395
1605610 395
1605620 396
1605630 396
1605640 397
1605650 398
1605660 398
1605670 399
1605680 399
1605690 399
1605700 400
1605710 401
1605720 401
1605730 401
1605740 402
1605750 402
1605760 402
1605770 402
1605780 402
1605790 402
1605800 403
1605810 403
1605820 403
1605830 403
1605840 403
1605850 402
1605860 402
1605870 402
1605880 402
1605890 402
1605900 402
1605910 402
1605920 401
1605930 401
1605940 401
1605950 400
1605960 400
1605970 399
1605980 399
1605990 399
1606000 398
1606010 397
1606020 397
1606030 395
1606040 394
1606050 394
1606060 393
1606070 391
1606080 391
1606090 390
1606100 389
1606110 389
1606120 388
1606130 387
1606140 387
1606150 387
1606160 387
1606170 387
1606180 388
1606190 389
1606200 389
1606210 390
1606220 390
1606230 390
1606240 391
1606250 391
1606260 391
1606270 391
1606280 392
1606290 392
1606300 392
1606310 393
1606320 393
1606330 394
1606340 396
1606350 396
1606360 397
1606370 399
1606380 399
1606390 400
1606400 401
1606410 401
1606420 403
1606430 404
1606440 404
1606450 405
1606460 406
1606470 406
1606480 407
1606490 407
1606500 407
1606510 407
1606520 407
1606530 407
1606540 407
1606550 407
1606560 409
1606570 409
1606580 409
1606590 409
1606600 409
1606610 409
1606620 409
1606630 409
1606640 409
1606650 409
1606660 410
1606670 410
1606680 410
1606690 410
1606700 410
1606710 410
1606720 410
1606730 410
1606740 410
1606750 410
1606760 411
1606770 411
1606780 411
1606790 411
1606800 411
1606810 411
1606820 411
1606830 411
1606840 411
1606850 412
1606860 412
1606870 412
1606880 412
1606890 412
1606900 412
1606910 412
1606920 412
1606930 412
1606940 412
1606950 412
1606960 412
1606970 412
1606980 412
1606990 412
1607000 412
1607010 411
1607020 411
1607030 411
1607040 411
1607050 410
1607060 410
1607070 410
1607080 409
1607090 409
1607100 409
1607110 408
1607120 408
1607130 408
1607140 407
1607150 407
1607160 406
1607170 402
1607180 402
1607190 398
1607200 393
1607210 393
1607220 389
1607230 387
1607240 387
1607250 384
1607260 382
1607270 382
1607280 379
1607290 375
1607300 375
1607310 372
1607320 367
1607330 367
1607340 363
1607350 359
1607360 359
1607370 355
1607380 354
1607390 354
1607400 352
1607410 351
1607420 351
1607430 350
1607440 349
1607450 349
1607460 348
1607470 347
1607480 347
1607490 346
1607500 345
1607510 345
1607520 344
1607530 343
1607540 343
1607550 342
1607560 341
1607570 341
1607580 340
1607590 339
1607600 339
1607610 338
1607620 338
1607630 338
1607640 337
1607650 336
1607660 336
1607670 335
1607680 335
1607690 335
1607700 334
1607710 333
1607720 333
1607730 332
1607740 332
1607750 332
1607760 332
1607770 332
1607780 332
1607790 332
1607800 332
1607810 332
1607820 332
1607830 332
1607840 332
1607850 332
1607860 332
1607870 332
1607880 331
1607890 330
1607900 330
1607910 329
1607920 329
1607930 329
1607940 328
1607950 328
1607960 328
1607970 327
1607980 327
1607990 327
1608000 327
1608010 326
1608020 326
1608030 326
1608040 326
1608050 326
1608060 326
1608070 327
1608080 327
1608090 327
1608100 328
1608110 328
1608120 328
1608130 329
1608140 329
1608150 329
1608160 330
1608170 330
1608180 330
1608190 330
1608200 330
1608210 330
1608220 331
1608230 331
1608240 331
1608250 331
1608260 331
1608270 331
1608280 332
1608290 332
1608300 332
1608310 332
1608320 332
1608330 332
1608340 332
1608350 332
1608360 332
1608370 332
1608380 332
1608390 332
1608400 332
1608410 332
1608420 332
1608430 332
1608440 332
1608450 333
1608460 333
1608470 333
1608480 333
1608490 333
1608500 333
1608510 333
1608520 333
1608530 333
1608540 333
1608550 333
1608560 333
1608570 333
1608580 333
1608590 333
1608600 333
1608610 332
1608620 332
1608630 332
1608640 332
1608650 332
1608660 332
1608670 331
1608680 331
1608690 330
1608700 330
1608710 330
1608720 330
1608730 330
1608740 330
1608750 330
1608760 330
1608770 330
1608780 330
1608790 330
1608800 330
1608810 330
1608820 330
1608830 330
1608840 330
1608850 329
1608860 329
1608870 329
1608880 329
1608890 329
1608900 329
1608910 329
1608920 329
1608930 329
1608940 328
1608950 328
1608960 328
1608970 327
1608980 327
1608990 327
1609000 326
1609010 326
1609020 326
1609030 325
1609040 325
1609050 325
1609060 324
1609070 324
1609080 324
1609090 324
1609100 324
1609110 323
1609120 323
1609130 323
1609140 323
1609150 323
1609160 323
1609170 322
1609180 322
1609190 322
1609200 322
1609210 322
1609220 322
1609230 322
1609240 322
1609250 322
1609260 321
1609270 321
1609280 321
1609290 321
1609300 321
1609310 321
1609320 321
1609330 321
1609340 321
1609350 320
1609360 320
1609370 320
1609380 320
1609390 320
1609400 320
1609410 319
1609420 319
1609430 319
1609440 318
1609450 317
1609460 317
1609470 317
1609480 316
1609490 316
1609500 316
1609510 315
1609520 315
1609530 315
1609540 314
1609550 314
1609560 314
1609570 313
1609580 313
1609590 313
1609600 312
1609610 312
1609620 312
1609630 311
1609640 311
1609650 310
1609660 310
1609670 310
1609680 309
1609690 309
1609700 309
1609710 308
1609720 308
1609730 308
1609740 307
1609750 307
1609760 307
1609770 306
1609780 306
1609790 306
1609800 306
1609810 305
1609820 305
1609830 305
1609840 304
1609850 304
1609860 304
1609870 304
1609880 304
1609890 303
1609900 303
1609910 303
1609920 303
1609930 302
1609940 302
1609950 302
1609960 302
1609970 302
1609980 302
1609990 301
1610000 301
1610010 301
1610020 301
1610030 301
1610040 300
1610050 300
1610060 300
1610070 300
1610080 299
1610090 299
1610100 299
1610110 298
1610120 298
1610130 298
1610140 297
1610150 297
1610160 297
1610170 296
1610180 296
1610190 296
1610200 295
1610210 295
1610220 295
1610230 294
1610240 294
1610250 294
1610260 293
1610270 293
1610280 292
1610290 292
1610300 292
1610310 292
1610320 291
1610330 291
1610340 291
1610350 291
1610360 291
1610370 290
1610380 290
1610390 290
1610400 290
1610410 289
1610420 289
1610430 289
1610440 289
1610450 289
1610460 289
1610470 289
1610480 289
1610490 289
1610500 289
1610510 289
1610520 289
1610530 289
1610540 289
1610550 288
1610560 289
1610570 289
1610580 288
1610590 288
1610600 288
1610610 288
1610620 288
1610630 288
1610640 288
1610650 288
1610660 288
1610670 289
1610680 289
1610690 289
1610700 290
1610710 290
1610720 290
1610730 291
1610740 291
1610750 291
1610760 291
1610770 291
1610780 291
1610790 292
1610800 292
1610810 292
1610820 293
1610830 293
1610840 293
1610850 293
1610860 294
1610870 294
1610880 294
1610890 294
1610900 294
1610910 295
1610920 296
1610930 296
1610940 297
1610950 297
1610960 297
1610970 298
1610980 298
1610990 298
1611000 299
1611010 300
1611020 300
1611030 300
1611040 301
1611050 301
1611060 301
1611070 302
1611080 302
1611090 303
1611100 304
1611110 304
1611120 305
1611130 305
1611140 305
1611150 306
1611160 306
1611170 306
1611180 306
1611190 306
1611200 306
1611210 307
1611220 307
1611230 307
1611240 307
1611250 306
1611260 306
1611270 306
1611280 305
1611290 305
1611300 305
1611310 304
1611320 304
1611330 303
1611340 302
1611350 302
1611360 301
1611370 300
1611380 300
1611390 300
1611400 299
1611410 299
1611420 298
1611430 297
1611440 297
1611450 296
1611460 295
1611470 295
1611480 294
1611490 294
1611500 294
1611510 292
1611520 291
1611530 291
1611540 291
1611550 290
1611560 290
1611570 288
1611580 288
1611590 288
1611600 287
1611610 285
1611620 285
1611630 285
1611640 285
1611650 285
1611660 284
1611670 283
1611680 283
1611690 282
1611700 281
1611710 281
1611720 280
1611730 279
1611740 279
1611750 280
1611760 280
1611770 280
1611780 280
1611790 280
1611800 280
1611810 280
1611820 280
1611830 280
1611840 280
1611850 280
1611860 280
1611870 280
1611880 280
1611890 280
1611900 280
1611910 280
1611920 280
1611930 280
1611940 280
1611950 280
1611960 279
1611970 279
1611980 279
1611990 279
1612000 279
1612010 279
1612020 279
1612030 279
1612040 279
1612050 279
1612060 279
1612070 279
1612080 279
1612090 279
1612100 279
1612110 279
1612120 279
1612130 279
1612140 279
1612150 279
1612160 279
1612170 279
1612180 279
1612190 279
1612200 279
1612210 279
1612220 279
1612230 279
1612240 279
1612250 279
1612260 279
1612270 279
1612280 279
1612290 279
1612300 279
1612310 279
1612320 279
1612330 279
1612340 279
1612350 279
1612360 279
1612370 279
1612380 279
1612390 279
1612400 279
1612410 279
1612420 279
1612430 279
1612440 279
1612450 279
1612460 280
1612470 280
1612480 280
1612490 280
1612500 280
1612510 280
1612520 280
1612530 281
1612540 281
1612550 281
1612560 281
1612570 281
1612580 281
1612590 281
1612600 281
1612610 282
1612620 282
1612630 282
1612640 283
1612650 284
1612660 284
1612670 284
1612680 285
1612690 285
1612700 286
1612710 286
1612720 286
1612730 287
1612740 288
1612750 288
1612760 289
1612770 289
1612780 289
1612790 290
1612800 291
1612810 291
1612820 292
1612830 293
1612840 293
1612850 294
1612860 294
1612870 294
1612880 295
1612890 296
1612900 296
1612910 297
1612920 298
1612930 298
1612940 299
1612950 299
1612960 299
1612970 300
1612980 301
1612990 301
1613000 302
1613010 303
1613020 303
1613030 304
1613040 305
1613050 305
1613060 305
1613070 306
1613080 306
1613090 307
1613100 308
1613110 308
1613120 309
1613130 309
1613140 309
1613150 310
1613160 311
1613170 311
1613180 312
1613190 312
1613200 312
1613210 313
1613220 313
1613230 313
1613240 314
1613250 314
1613260 314
1613270 315
1613280 315
1613290 315
1613300 316
1613310 317
1613320 317
1613330 318
1613340 319
1613350 319
1613360 320
1613370 321
1613380 321
1613390 322
1613400 323
1613410 323
1613420 324
1613430 325
1613440 325
1613450 326
1613460 327
1613470 327
1613480 328
1613490 329
1613500 329
1613510 330
1613520 331
1613530 331
1613540 332
1613550 332
1613560 332
1613570 332
1613580 333
1613590 333
1613600 334
1613610 334
1613620 334
1613630 335
1613640 335
1613650 335
1613660 335
1613670 336
1613680 336
1613690 336
1613700 336
1613710 336
1613720 336
1613730 336
1613740 336
1613750 336
1613760 336
1613770 336
1613780 335
1613790 335
1613800 337
1613810 337
1613820 336
1613830 336
1613840 335
1613850 335
1613860 335
1613870 336
1613880 338
1613890 338
1613900 339
1613910 340
1613920 340
1613930 341
1613940 342
1613950 342
1613960 343
1613970 344
1613980 344
1613990 345
1614000 346
1614010 346
1614020 347
1614030 347
1614040 347
1614050 348
1614060 348
1614070 348
1614080 349
1614090 349
1614100 349
1614110 350
1614120 351
1614130 351
1614140 351
1614150 351
1614160 351
1614170 351
1614180 351
1614190 351
1614200 352
1614210 353
1614220 353
1614230 354
1614240 355
1614250 355
1614260 356
1614270 357
1614280 357
1614290 358
1614300 360
1614310 360
1614320 361
1614330 363
1614340 363
1614350 364
1614360 366
1614370 366
1614380 367
1614390 368
1614400 368
1614410 369
1614420 370
1614430 370
1614440 371
1614450 371
1614460 371
1614470 372
1614480 373
1614490 373
1614500 373
1614510 374
1614520 374
1614530 374
1614540 375
1614550 375
1614560 376
1614570 376
1614580 376
1614590 377
1614600 377
1614610 377
1614620 377
1614630 378
1614640 378
1614650 378
1614660 379
1614670 379
1614680 379
1614690 379
1614700 379
1614710 380
1614720 380
1614730 380
1614740 381
1614750 381
1614760 381
1614770 381
1614780 381
1614790 381
1614800 380
1614810 380
1614820 380
1614830 380
1614840 380
1614850 380
1614860 381
1614870 382
1614880 382
1614890 382
1614900 383
1614910 383
1614920 384
1614930 384
1614940 384
1614950 384
1614960 383
1614970 383
1614980 381
1614990 379
1615000 379
1615010 377
1615020 374
1615030 374
1615040 372
1615050 371
1615060 371
1615070 370
1615080 369
1615090 369
1615100 369
1615110 369
1615120 369
1615130 367
1615140 364
1615150 364
1615160 362
1615170 361
1615180 361
1615190 363
1615200 367
1615210 367
1615220 370
1615230 372
1615240 372
1615250 374
1615260 376
1615270 376
1615280 378
1615290 379
1615300 379
1615310 381
1615320 382
1615330 382
1615340 382
1615350 383
1615360 383
1615370 384
1615380 384
1615390 384
1615400 384
1615410 384
1615420 384
1615430 384
1615440 384
1615450 384
1615460 384
1615470 385
1615480 385
1615490 385
1615500 386
1615510 386
1615520 387
1615530 388
1615540 388
1615550 389
1615560 390
1615570 390
1615580 391
1615590 393
1615600 393
1615610 394
1615620 395
1615630 395
1615640 395
1615650 396
1615660 396
1615670 396
1615680 396
1615690 396
1615700 396
1615710 396
1615720 396
1615730 395
1615740 392
1615750 392
1615760 388
1615770 385
1615780 385
1615790 383
1615800 380
1615810 380
1615820 379
1615830 379
1615840 379
1615850 379
1615860 379
1615870 379
1615880 379
1615890 378
1615900 378
1615910 378
1615920 378
1615930 378
1615940 379
1615950 380
1615960 380
1615970 380
1615980 380
1615990 380
1616000 380
1616010 380
1616020 380
1616030 380
1616040 380
1616050 380
1616060 379
1616070 379
1616080 379
1616090 379
1616100 379
1616110 379
1616120 379
1616130 378
1616140 378
1616150 378
1616160 377
1616170 377
1616180 376
1616190 376
1616200 376
1616210 376
1616220 375
1616230 375
1616240 376
1616250 377
1616260 377
1616270 379
1616280 380
1616290 380
1616300 381
1616310 383
1616320 383
1616330 385
1616340 386
1616350 386
1616360 387
1616370 387
1616380 387
1616390 388
1616400 388
1616410 388
1616420 389
1616430 389
1616440 389
1616450 389
1616460 389
1616470 389
1616480 389
1616490 390
1616500 390
1616510 389
1616520 389
1616530 389
1616540 389
1616550 389
1616560 389
1616570 389
1616580 388
1616590 388
1616600 388
1616610 388
1616620 388
1616630 388
1616640 387
1616650 387
1616660 387
1616670 386
1616680 386
1616690 386
1616700 387
1616710 387
1616720 387
1616730 387
1616740 387
1616750 388
1616760 389
1616770 389
1616780 388
1616790 388
1616800 388
1616810 389
1616820 390
1616830 390
1616840 391
1616850 392
1616860 392
1616870 393
1616880 392
1616890 392
1616900 392
1616910 392
1616920 392
1616930 392
1616940 393
1616950 393
1616960 393
1616970 394
1616980 394
1616990 394
1617000 394
1617010 394
1617020 393
1617030 392
1617040 392
1617050 390
1617060 388
1617070 388
1617080 387
1617090 384
1617100 384
1617110 381
1617120 381
1617130 380
1617140 380
1617150 380
1617160 379
1617170 379
1617180 379
1617190 378
1617200 376
1617210 376
1617220 375
1617230 374
1617240 374
1617250 373
1617260 372
1617270 372
1617280 371
1617290 370
1617300 370
1617310 370
1617320 369
1617330 369
1617340 369
1617350 368
1617360 368
1617370 368
1617380 368
1617390 368
1617400 367
1617410 367
1617420 367
1617430 366
1617440 366
1617450 366
1617460 366
1617470 366
1617480 366
1617490 366
1617500 367
1617510 367
1617520 367
1617530 367
1617540 367
1617550 367
1617560 367
1617570 367
1617580 367
1617590 367
1617600 367
1617610 367
1617620 367
1617630 367
1617640 367
1617650 367
1617660 367
1617670 367
1617680 367
1617690 367
1617700 366
1617710 366
1617720 366
1617730 366
1617740 366
1617750 366
1617760 365
1617770 365
1617780 365
1617790 365
1617800 364
1617810 364
1617820 364
1617830 364
1617840 364
1617850 363
1617860 363
1617870 363
1617880 363
1617890 362
1617900 362
1617910 361
1617920 360
1617930 360
1617940 359
1617950 358
1617960 358
1617970 357
1617980 356
1617990 356
1618000 356
1618010 357
1618020 357
1618030 358
1618040 358
1618050 358
1618060 358
1618070 359
1618080 359
1618090 359
1618100 359
1618110 359
1618120 359
1618130 359
1618140 359
1618150 359
1618160 358
1618170 358
1618180 357
1618190 356
1618200 356
1618210 356
1618220 357
1618230 357
1618240 358
1618250 359
1618260 359
1618270 359
1618280 359
1618290 359
1618300 358
1618310 357
1618320 357
1618330 357
1618340 358
1618350 358
1618360 358
1618370 358
1618380 358
1618390 359
1618400 359
1618410 359
1618420 359
1618430 359
1618440 359
1618450 359
1618460 359
1618470 359
1618480 359
1618490 359
1618500 359
1618510 359
1618520 359
1618530 359
1618540 359
1618550 359
1618560 359
1618570 360
1618580 360
1618590 360
1618600 361
1618610 361
1618620 361
1618630 361
1618640 362
1618650 362
1618660 362
1618670 362
1618680 362
1618690 362
1618700 362
1618710 362
1618720 362
1618730 362
1618740 362
1618750 362
1618760 362
1618770 362
1618780 362
1618790 362
1618800 362
1618810 362
1618820 362
1618830 362
1618840 362
1618850 362
1618860 362
1618870 361
1618880 361
1618890 361
1618900 361
1618910 360
1618920 360
1618930 360
1618940 359
1618950 359
1618960 359
1618970 358
1618980 358
1618990 358
1619000 357
1619010 357
1619020 356
1619030 355
1619040 355
1619050 355
1619060 354
1619070 354
1619080 353
1619090 352
1619100 352
1619110 351
1619120 350
1619130 350
1619140 349
1619150 348
1619160 348
1619170 347
1619180 347
1619190 347
1619200 346
1619210 345
1619220 345
1619230 344
1619240 343
1619250 343
1619260 342
1619270 341
1619280 341
1619290 340
1619300 339
1619310 339
1619320 338
1619330 337
1619340 337
1619350 336
1619360 335
1619370 335
1619380 334
1619390 333
1619400 333
1619410 332
1619420 332
1619430 332
1619440 331
1619450 331
1619460 331
1619470 330
1619480 330
1619490 330
1619500 329
1619510 329
1619520 329
1619530 328
1619540 327
1619550 327
1619560 327
1619570 325
1619580 325
1619590 325
1619600 325
1619610 325
1619620 325
1619630 325
1619640 325
1619650 326
1619660 327
1619670 327
1619680 327
1619690 327
1619700 326
1619710 327
1619720 327
1619730 327
1619740 328
1619750 328
1619760 328
1619770 329
1619780 329
1619790 329
1619800 330
1619810 330
1619820 330
1619830 331
1619840 331
1619850 331
1619860 332
1619870 333
1619880 333
1619890 334
1619900 334
1619910 334
1619920 334
1619930 335
1619940 335
1619950 336
1619960 336
1619970 336
1619980 337
1619990 337
