1600000 425
1600010 425
1600020 425
1600030 426
1600040 426
1600050 426
1600060 426
1600070 427
1600080 427
1600090 427
1600100 428
1600110 428
1600120 429
1600130 430
1600140 430
1600150 431
1600160 432
1600170 432
1600180 432
1600190 433
1600200 433
1600210 433
1600220 434
1600230 434
1600240 434
1600250 434
1600260 434
1600270 434
1600280 435
1600290 435
1600300 435
1600310 435
1600320 435
1600330 435
1600340 435
1600350 435
1600360 436
1600370 436
1600380 436
1600390 436
1600400 436
1600410 436
1600420 435
1600430 435
1600440 435
1600450 435
1600460 434
1600470 434
1600480 433
1600490 433
1600500 433
1600510 432
1600520 431
1600530 431
1600540 430
1600550 429
1600560 429
1600570 428
1600580 426
1600590 426
1600600 424
1600610 424
1600620 422
1600630 421
1600640 421
1600650 421
1600660 420
1600670 420
1600680 417
1600690 414
1600700 414
1600710 411
1600720 409
1600730 409
1600740 407
1600750 405
1600760 405
1600770 403
1600780 401
1600790 401
1600800 400
1600810 398
1600820 398
1600830 397
1600840 395
1600850 395
1600860 395
1600870 393
1600880 393
1600890 390
1600900 387
1600910 387
1600920 386
1600930 385
1600940 385
1600950 384
1600960 383
1600970 383
1600980 382
1600990 381
1601000 381
1601010 380
1601020 380
1601030 380
1601040 379
1601050 379
1601060 379
1601070 379
1601080 378
1601090 378
1601100 378
1601110 377
1601120 377
1601130 375
1601140 373
1601150 373
1601160 372
1601170 371
1601180 371
1601190 370
1601200 370
1601210 370
1601220 369
1601230 369
1601240 369
1601250 368
1601260 368
1601270 368
1601280 367
1601290 367
1601300 367
1601310 366
1601320 366
1601330 366
1601340 365
1601350 364
1601360 364
1601370 364
1601380 363
1601390 363
1601400 363
1601410 362
1601420 362
1601430 361
1601440 361
1601450 361
1601460 361
1601470 360
1601480 360
1601490 360
1601500 359
1601510 359
1601520 359
1601530 360
1601540 360
1601550 362
1601560 363
1601570 363
1601580 364
1601590 363
1601600 363
1601610 364
1601620 364
1601630 364
1601640 365
1601650 365
1601660 365
1601670 365
1601680 365
1601690 365
1601700 365
1601710 365
1601720 365
1601730 365
1601740 365
1601750 365
1601760 365
1601770 366
1601780 366
1601790 367
1601800 367
1601810 367
1601820 367
1601830 368
1601840 368
1601850 367
1601860 367
1601870 367
1601880 367
1601890 367
1601900 367
1601910 367
1601920 367
1601930 367
1601940 367
1601950 366
1601960 366
1601970 364
1601980 363
1601990 363
1602000 362
1602010 361
1602020 361
1602030 360
1602040 359
1602050 359
1602060 358
1602070 356
1602080 356
1602090 355
1602100 355
1602110 355
1602120 356
1602130 356
1602140 356
1602150 356
1602160 357
1602170 357
1602180 357
1602190 358
1602200 358
1602210 358
1602220 358
1602230 358
1602240 358
1602250 358
1602260 358
1602270 358
1602280 358
1602290 358
1602300 358
1602310 359
1602320 359
1602330 359
1602340 359
1602350 359
1602360 358
1602370 358
1602380 358
1602390 357
1602400 357
1602410 357
1602420 356
1602430 356
1602440 356
1602450 355
1602460 354
1602470 354
1602480 354
1602490 353
1602500 353
1602510 353
1602520 353
1602530 353
1602540 353
1602550 353
1602560 353
1602570 353
1602580 353
1602590 353
1602600 352
1602610 352
1602620 352
1602630 352
1602640 351
1602650 351
1602660 351
1602670 351
1602680 351
1602690 351
1602700 350
1602710 350
1602720 349
1602730 349
1602740 349
1602750 348
1602760 348
1602770 348
1602780 348
1602790 348
1602800 348
1602810 347
1602820 347
1602830 347
1602840 347
1602850 346
1602860 346
1602870 346
1602880 346
1602890 346
1602900 346
1602910 346
1602920 346
1602930 346
1602940 346
1602950 346
1602960 347
1602970 347
1602980 347
1602990 348
1603000 348
1603010 348
1603020 348
1603030 349
1603040 349
1603050 349
1603060 349
1603070 349
1603080 350
1603090 350
1603100 350
1603110 350
1603120 350
1603130 350
1603140 350
1603150 350
1603160 350
1603170 349
1603180 349
1603190 349
1603200 349
1603210 349
1603220 349
1603230 348
1603240 348
1603250 348
1603260 347
1603270 347
1603280 347
1603290 346
1603300 345
1603310 345
1603320 344
1603330 343
1603340 343
1603350 341
1603360 340
1603370 340
1603380 339
1603390 338
1603400 338
1603410 337
1603420 335
1603430 335
1603440 334
1603450 331
1603460 331
1603470 330
1603480 329
1603490 329
1603500 328
1603510 326
1603520 326
1603530 323
1603540 322
1603550 322
1603560 322
1603570 323
1603580 323
1603590 323
1603600 324
1603610 324
1603620 324
1603630 324
1603640 324
1603650 325
1603660 328
1603670 328
1603680 331
1603690 336
1603700 336
1603710 339
1603720 340
1603730 340
1603740 340
1603750 339
1603760 339
1603770 339
1603780 340
1603790 343
1603800 343
1603810 343
1603820 343
1603830 343
1603840 343
1603850 343
1603860 344
1603870 344
1603880 344
1603890 346
1603900 347
1603910 347
1603920 348
1603930 350
1603940 350
1603950 352
1603960 354
1603970 354
1603980 356
1603990 357
1604000 357
1604010 358
1604020 358
1604030 358
1604040 359
1604050 360
1604060 360
1604070 361
1604080 362
1604090 362
1604100 364
1604110 365
1604120 365
1604130 366
1604140 366
1604150 366
1604160 367
1604170 367
1604180 367
1604190 367
1604200 368
1604210 368
1604220 368
1604230 369
1604240 369
1604250 369
1604260 370
1604270 370
1604280 370
1604290 371
1604300 371
1604310 371
1604320 372
1604330 372
1604340 372
1604350 372
1604360 372
1604370 373
1604380 373
1604390 373
1604400 374
1604410 374
1604420 374
1604430 374
1604440 374
1604450 374
1604460 374
1604470 374
1604480 374
1604490 374
1604500 374
1604510 374
1604520 375
1604530 375
1604540 375
1604550 376
1604560 376
1604570 376
1604580 377
1604590 378
1604600 378
1604610 379
1604620 379
1604630 379
1604640 380
1604650 381
1604660 381
1604670 382
1604680 382
1604690 382
1604700 383
1604710 384
1604720 384
1604730 385
1604740 385
1604750 385
1604760 386
1604770 387
1604780 387
1604790 387
1604800 387
1604810 387
1604820 388
1604830 388
1604840 388
1604850 389
1604860 390
1604870 391
1604880 391
1604890 392
1604900 392
1604910 392
1604920 392
1604930 392
1604940 392
1604950 392
1604960 392
1604970 392
1604980 392
1604990 393
1605000 393
1605010 393
1605020 394
1605030 395
1605040 395
1605050 395
1605060 395
1605070 395
1605080 396
1605090 396
1605100 396
1605110 396
1605120 395
1605130 395
1605140 395
1605150 395
1605160 395
1605170 394
1605180 394
1605190 394
1605200 394
1605210 393
1605220 393
1605230 392
1605240 392
1605250 392
1605260 391
1605270 390
1605280 390
1605290 389
1605300 389
1605310 389
1605320 388
1605330 387
1605340 387
1605350 386
1605360 385
1605370 385
1605380 384
1605390 384
1605400 384
1605410 383
1605420 382
1605430 382
1605440 382
1605450 382
1605460 382
1605470 382
1605480 383
1605490 383
1605500 382
1605510 382
1605520 382
1605530 382
1605540 382
1605550 382
1605560 382
1605570 383
1605580 383
1605590 383
1605600 384
1605610 384
1605620 384
1605630 385
1605640 385
1605650 386
1605660 386
1605670 386
1605680 387
1605690 387
1605700 387
1605710 387
1605720 388
1605730 388
1605740 388
1605750 388
1605760 388
1605770 388
1605780 389
1605790 389
1605800 389
1605810 389
1605820 389
1605830 389
1605840 389
1605850 389
1605860 389
1605870 390
1605880 390
1605890 390
1605900 390
1605910 390
1605920 390
1605930 391
1605940 391
1605950 390
1605960 391
1605970 391
1605980 391
1605990 391
1606000 391
1606010 391
1606020 391
1606030 391
1606040 391
1606050 392
1606060 392
1606070 392
1606080 392
1606090 392
1606100 392
1606110 392
1606120 392
1606130 392
1606140 392
1606150 392
1606160 392
1606170 392
1606180 392
1606190 392
1606200 392
1606210 392
1606220 392
1606230 392
1606240 392
1606250 392
1606260 392
1606270 392
1606280 393
1606290 393
1606300 393
1606310 393
1606320 393
1606330 393
1606340 393
1606350 393
1606360 393
1606370 393
1606380 392
1606390 392
1606400 392
1606410 392
1606420 392
1606430 392
1606440 391
1606450 391
1606460 391
1606470 391
1606480 391
1606490 390
1606500 390
1606510 390
1606520 390
1606530 389
1606540 389
1606550 389
1606560 388
1606570 388
1606580 387
1606590 387
1606600 387
1606610 386
1606620 385
1606630 385
1606640 384
1606650 383
1606660 383
1606670 383
1606680 382
1606690 382
1606700 382
1606710 381
1606720 381
1606730 380
1606740 379
1606750 379
1606760 378
1606770 378
1606780 378
1606790 377
1606800 376
1606810 376
1606820 375
1606830 374
1606840 374
1606850 373
1606860 372
1606870 372
1606880 371
1606890 370
1606900 370
1606910 369
1606920 369
1606930 369
1606940 368
1606950 367
1606960 367
1606970 366
1606980 365
1606990 365
1607000 363
1607010 362
1607020 362
1607030 361
1607040 360
1607050 360
1607060 360
1607070 359
1607080 359
1607090 358
1607100 357
1607110 357
1607120 356
1607130 356
1607140 356
1607150 355
1607160 354
1607170 354
1607180 353
1607190 352
1607200 352
1607210 351
1607220 350
1607230 350
1607240 348
1607250 347
1607260 347
1607270 347
1607280 346
1607290 346
1607300 345
1607310 345
1607320 345
1607330 344
1607340 343
1607350 343
1607360 342
1607370 341
1607380 341
1607390 340
1607400 340
1607410 340
1607420 340
1607430 340
1607440 340
1607450 339
1607460 339
1607470 339
1607480 338
1607490 338
1607500 338
1607510 337
1607520 337
1607530 337
1607540 336
1607550 336
1607560 336
1607570 335
1607580 334
1607590 334
1607600 334
1607610 333
1607620 333
1607630 332
1607640 332
1607650 332
1607660 331
1607670 330
1607680 330
1607690 330
1607700 329
1607710 329
1607720 328
1607730 328
1607740 328
1607750 327
1607760 327
1607770 327
1607780 327
1607790 327
1607800 327
1607810 327
1607820 327
1607830 327
1607840 327
1607850 327
1607860 327
1607870 327
1607880 327
1607890 327
1607900 327
1607910 327
1607920 327
1607930 327
1607940 328
1607950 328
1607960 328
1607970 328
1607980 328
1607990 329
1608000 329
1608010 329
1608020 329
1608030 329
1608040 329
1608050 329
1608060 328
1608070 329
1608080 329
1608090 329
1608100 329
1608110 329
1608120 328
1608130 328
1608140 328
1608150 328
1608160 328
1608170 328
1608180 328
1608190 328
1608200 328
1608210 328
1608220 328
1608230 328
1608240 328
1608250 328
1608260 327
1608270 327
1608280 327
1608290 327
1608300 327
1608310 327
1608320 326
1608330 326
1608340 326
1608350 326
1608360 326
1608370 326
1608380 326
1608390 326
1608400 326
1608410 326
1608420 326
1608430 326
1608440 326
1608450 326
1608460 326
1608470 326
1608480 326
1608490 326
1608500 326
1608510 327
1608520 327
1608530 327
1608540 327
1608550 327
1608560 327
1608570 327
1608580 327
1608590 328
1608600 328
1608610 328
1608620 329
1608630 329
1608640 329
1608650 329
1608660 330
1608670 330
1608680 330
1608690 330
1608700 330
1608710 331
1608720 331
1608730 331
1608740 331
1608750 332
1608760 332
1608770 332
1608780 332
1608790 332
1608800 333
1608810 333
1608820 333
1608830 333
1608840 333
1608850 333
1608860 333
1608870 333
1608880 333
1608890 334
1608900 334
1608910 334
1608920 334
1608930 333
1608940 333
1608950 333
1608960 332
1608970 332
1608980 331
1608990 330
1609000 330
1609010 329
1609020 327
1609030 327
1609040 326
1609050 325
1609060 325
1609070 324
1609080 322
1609090 322
1609100 321
1609110 320
1609120 319
1609130 318
1609140 317
1609150 317
1609160 317
1609170 316
1609180 316
1609190 315
1609200 315
1609210 315
1609220 314
1609230 314
1609240 312
1609250 311
1609260 311
1609270 310
1609280 310
1609290 310
1609300 309
1609310 309
1609320 309
1609330 308
1609340 308
1609350 308
1609360 308
1609370 308
1609380 308
1609390 308
1609400 308
1609410 308
1609420 309
1609430 310
1609440 310
1609450 310
1609460 311
1609470 311
1609480 311
1609490 310
1609500 310
1609510 309
1609520 308
1609530 308
1609540 308
1609550 307
1609560 307
1609570 307
1609580 307
1609590 307
1609600 307
1609610 307
1609620 307
1609630 308
1609640 308
1609650 308
1609660 309
1609670 309
1609680 309
1609690 310
1609700 311
1609710 311
1609720 311
1609730 312
1609740 312
1609750 312
1609760 312
1609770 312
1609780 312
1609790 312
1609800 312
1609810 311
1609820 311
1609830 311
1609840 311
1609850 311
1609860 311
1609870 311
1609880 310
1609890 310
1609900 310
1609910 310
1609920 310
1609930 310
1609940 310
1609950 310
1609960 309
1609970 310
1609980 310
1609990 311
1610000 312
1610010 312
1610020 313
1610030 314
1610040 314
1610050 314
1610060 315
1610070 315
1610080 315
1610090 316
1610100 316
1610110 316
1610120 316
1610130 316
1610140 316
1610150 316
1610160 315
1610170 315
1610180 315
1610190 315
1610200 315
1610210 315
1610220 315
1610230 315
1610240 315
1610250 315
1610260 316
1610270 316
1610280 316
1610290 316
1610300 317
1610310 317
1610320 317
1610330 318
1610340 318
1610350 319
1610360 319
1610370 319
1610380 319
1610390 319
1610400 319
1610410 319
1610420 319
1610430 319
1610440 319
1610450 319
1610460 319
1610470 319
1610480 319
1610490 319
1610500 319
1610510 318
1610520 318
1610530 318
1610540 318
1610550 318
1610560 317
1610570 317
1610580 317
1610590 317
1610600 316
1610610 316
1610620 315
1610630 315
1610640 315
1610650 314
1610660 313
1610670 313
1610680 313
1610690 312
1610700 312
1610710 311
1610720 310
1610730 310
1610740 309
1610750 309
1610760 309
1610770 308
1610780 307
1610790 307
1610800 306
1610810 305
1610820 305
1610830 304
1610840 303
1610850 303
1610860 301
1610870 300
1610880 300
1610890 299
1610900 299
1610910 299
1610920 298
1610930 297
1610940 297
1610950 296
1610960 295
1610970 295
1610980 295
1610990 294
1611000 294
1611010 293
1611020 292
1611030 292
1611040 292
1611050 291
1611060 291
1611070 291
1611080 291
1611090 291
1611100 290
1611110 289
1611120 289
1611130 289
1611140 288
1611150 288
1611160 288
1611170 287
1611180 287
1611190 287
1611200 286
1611210 286
1611220 286
1611230 286
1611240 286
1611250 286
1611260 286
1611270 286
1611280 285
1611290 285
1611300 285
1611310 285
1611320 285
1611330 285
1611340 286
1611350 286
1611360 286
1611370 285
1611380 285
1611390 285
1611400 284
1611410 284
1611420 284
1611430 283
1611440 283
1611450 283
1611460 283
1611470 283
1611480 283
1611490 283
1611500 283
1611510 283
1611520 282
1611530 282
1611540 282
1611550 282
1611560 282
1611570 282
1611580 281
1611590 281
1611600 281
1611610 282
1611620 281
1611630 281
1611640 281
1611650 282
1611660 282
1611670 283
1611680 283
1611690 283
1611700 283
1611710 283
1611720 283
1611730 283
1611740 283
1611750 283
1611760 283
1611770 283
1611780 283
1611790 283
1611800 284
1611810 284
1611820 284
1611830 284
1611840 284
1611850 283
1611860 283
1611870 283
1611880 283
1611890 284
1611900 284
1611910 285
1611920 287
1611930 287
1611940 289
1611950 290
1611960 290
1611970 291
1611980 292
1611990 292
1612000 295
1612010 301
1612020 301
1612030 306
1612040 309
1612050 309
1612060 309
1612070 309
1612080 309
1612090 308
1612100 304
1612110 304
1612120 301
1612130 298
1612140 298
1612150 297
1612160 296
1612170 296
1612180 298
1612190 298
1612200 298
1612210 297
1612220 298
1612230 298
1612240 298
1612250 298
1612260 298
1612270 298
1612280 298
1612290 298
1612300 299
1612310 299
1612320 299
1612330 298
1612340 298
1612350 298
1612360 298
1612370 298
1612380 298
1612390 299
1612400 299
1612410 299
1612420 299
1612430 299
1612440 299
1612450 301
1612460 302
1612470 302
1612480 303
1612490 304
1612500 304
1612510 305
1612520 306
1612530 306
1612540 307
1612550 308
1612560 308
1612570 309
1612580 309
1612590 309
1612600 310
1612610 310
1612620 310
1612630 311
1612640 312
1612650 312
1612660 313
1612670 314
1612680 314
1612690 314
1612700 315
1612710 315
1612720 315
1612730 315
1612740 315
1612750 315
1612760 315
1612770 315
1612780 315
1612790 315
1612800 315
1612810 316
1612820 316
1612830 316
1612840 315
1612850 315
1612860 315
1612870 315
1612880 315
1612890 315
1612900 314
1612910 314
1612920 314
1612930 314
1612940 314
1612950 314
1612960 313
1612970 312
1612980 312
1612990 312
1613000 312
1613010 312
1613020 313
1613030 312
1613040 312
1613050 312
1613060 312
1613070 312
1613080 312
1613090 312
1613100 312
1613110 312
1613120 312
1613130 312
1613140 312
1613150 311
1613160 311
1613170 311
1613180 311
1613190 311
1613200 311
1613210 311
1613220 311
1613230 308
1613240 309
1613250 309
1613260 309
1613270 309
1613280 309
1613290 309
1613300 310
1613310 310
1613320 309
1613330 307
1613340 307
1613350 306
1613360 306
1613370 306
1613380 307
1613390 306
1613400 306
1613410 305
1613420 306
1613430 306
1613440 306
1613450 306
1613460 306
1613470 307
1613480 307
1613490 307
1613500 307
1613510 307
1613520 308
1613530 308
1613540 308
1613550 308
1613560 308
1613570 308
1613580 308
1613590 308
1613600 308
1613610 309
1613620 309
1613630 309
1613640 309
1613650 309
1613660 309
1613670 310
1613680 310
1613690 310
1613700 311
1613710 311
1613720 311
1613730 311
1613740 312
1613750 312
1613760 312
1613770 312
1613780 312
1613790 313
1613800 313
1613810 313
1613820 313
1613830 313
1613840 313
1613850 314
1613860 315
1613870 315
1613880 315
1613890 316
1613900 316
1613910 317
1613920 318
1613930 318
1613940 319
1613950 319
1613960 319
1613970 321
1613980 322
1613990 322
1614000 325
1614010 326
1614020 326
1614030 326
1614040 325
1614050 325
1614060 324
1614070 323
1614080 323
1614090 323
1614100 323
1614110 323
1614120 325
1614130 327
1614140 327
1614150 328
1614160 329
1614170 329
1614180 330
1614190 331
1614200 331
1614210 331
1614220 332
1614230 333
1614240 334
1614250 335
1614260 335
1614270 335
1614280 335
1614290 335
1614300 335
1614310 336
1614320 336
1614330 336
1614340 336
1614350 336
1614360 336
1614370 337
1614380 337
1614390 337
1614400 337
1614410 337
1614420 338
1614430 338
1614440 338
1614450 338
1614460 339
1614470 339
1614480 338
1614490 339
1614500 339
1614510 339
1614520 339
1614530 339
1614540 340
1614550 340
1614560 340
1614570 340
1614580 340
1614590 340
1614600 341
1614610 341
1614620 341
1614630 342
1614640 343
1614650 343
1614660 343
1614670 343
1614680 343
1614690 343
1614700 343
1614710 343
1614720 343
1614730 343
1614740 343
1614750 343
1614760 344
1614770 344
1614780 344
1614790 344
1614800 344
1614810 345
1614820 345
1614830 345
1614840 346
1614850 346
1614860 346
1614870 346
1614880 346
1614890 346
1614900 346
1614910 347
1614920 347
1614930 347
1614940 346
1614950 346
1614960 346
1614970 346
1614980 346
1614990 346
1615000 346
1615010 346
1615020 347
1615030 347
1615040 347
1615050 347
1615060 347
1615070 347
1615080 346
1615090 346
1615100 346
1615110 345
1615120 345
1615130 345
1615140 344
1615150 344
1615160 344
1615170 343
1615180 342
1615190 342
1615200 342
1615210 341
1615220 341
1615230 344
1615240 345
1615250 345
1615260 344
1615270 344
1615280 344
1615290 345
1615300 345
1615310 345
1615320 345
1615330 345
1615340 345
1615350 344
1615360 344
1615370 344
1615380 343
1615390 344
1615400 344
1615410 344
1615420 346
1615430 346
1615440 347
1615450 349
1615460 349
1615470 351
1615480 352
1615490 352
1615500 353
1615510 354
1615520 354
1615530 355
1615540 355
1615550 355
1615560 356
1615570 356
1615580 356
1615590 357
1615600 358
1615610 358
1615620 359
1615630 360
1615640 360
1615650 361
1615660 361
1615670 361
1615680 362
1615690 362
1615700 362
1615710 363
1615720 363
1615730 363
1615740 364
1615750 364
1615760 364
1615770 364
1615780 365
1615790 365
1615800 365
1615810 366
1615820 366
1615830 365
1615840 366
1615850 366
1615860 366
1615870 367
1615880 367
1615890 367
1615900 368
1615910 368
1615920 368
1615930 368
1615940 368
1615950 368
1615960 368
1615970 368
1615980 368
1615990 368
1616000 368
1616010 369
1616020 370
1616030 370
1616040 371
1616050 372
1616060 372
1616070 372
1616080 373
1616090 373
1616100 373
1616110 373
1616120 373
1616130 374
1616140 374
1616150 374
1616160 375
1616170 375
1616180 375
1616190 376
1616200 376
1616210 376
1616220 377
1616230 377
1616240 377
1616250 378
1616260 378
1616270 378
1616280 379
1616290 379
1616300 379
1616310 379
1616320 380
1616330 380
1616340 380
1616350 380
1616360 380
1616370 381
1616380 381
1616390 381
1616400 382
1616410 382
1616420 382
1616430 382
1616440 383
1616450 383
1616460 383
1616470 383
1616480 383
1616490 383
1616500 384
1616510 384
1616520 384
1616530 384
1616540 384
1616550 385
1616560 385
1616570 385
1616580 385
1616590 386
1616600 386
1616610 386
1616620 386
1616630 386
1616640 386
1616650 387
1616660 387
1616670 387
1616680 387
1616690 387
1616700 387
1616710 388
1616720 388
1616730 388
1616740 388
1616750 388
1616760 388
1616770 388
1616780 388
1616790 388
1616800 389
1616810 389
1616820 388
1616830 388
1616840 388
1616850 388
1616860 388
1616870 388
1616880 389
1616890 389
1616900 389
1616910 388
1616920 388
1616930 388
1616940 388
1616950 387
1616960 387
1616970 386
1616980 386
1616990 386
1617000 386
1617010 386
1617020 386
1617030 385
1617040 383
1617050 383
1617060 382
1617070 381
1617080 381
1617090 379
1617100 378
1617110 378
1617120 376
1617130 376
1617140 376
1617150 374
1617160 372
1617170 372
1617180 370
1617190 369
1617200 369
1617210 367
1617220 366
1617230 366
1617240 366
1617250 365
1617260 365
1617270 363
1617280 362
1617290 362
1617300 361
1617310 359
1617320 359
1617330 358
1617340 357
1617350 357
1617360 356
1617370 355
1617380 355
1617390 354
1617400 354
1617410 354
1617420 353
1617430 351
1617440 351
1617450 350
1617460 349
1617470 349
1617480 349
1617490 349
1617500 349
1617510 350
1617520 350
1617530 350
1617540 349
1617550 348
1617560 348
1617570 347
1617580 346
1617590 346
1617600 345
1617610 344
1617620 344
1617630 343
1617640 343
1617650 343
1617660 342
1617670 341
1617680 341
1617690 341
1617700 340
1617710 340
1617720 340
1617730 340
1617740 340
1617750 341
1617760 341
1617770 341
1617780 340
1617790 340
1617800 340
1617810 339
1617820 339
1617830 339
1617840 339
1617850 339
1617860 339
1617870 339
1617880 339
1617890 339
1617900 339
1617910 339
1617920 339
1617930 339
1617940 339
1617950 339
1617960 339
1617970 339
1617980 340
1617990 340
1618000 340
1618010 340
1618020 340
1618030 340
1618040 340
1618050 339
1618060 339
1618070 338
1618080 337
1618090 337
1618100 337
1618110 337
1618120 337
1618130 337
1618140 336
1618150 336
1618160 336
1618170 335
1618180 334
1618190 333
1618200 331
1618210 331
1618220 330
1618230 329
1618240 329
1618250 329
1618260 327
1618270 327
1618280 326
1618290 324
1618300 324
1618310 323
1618320 322
1618330 322
1618340 322
1618350 322
1618360 322
1618370 323
1618380 325
1618390 325
1618400 327
1618410 330
1618420 330
1618430 332
1618440 335
1618450 335
1618460 336
1618470 337
1618480 337
1618490 338
1618500 339
1618510 339
1618520 340
1618530 341
1618540 341
1618550 342
1618560 343
1618570 343
1618580 344
1618590 345
1618600 345
1618610 346
1618620 346
1618630 346
1618640 347
1618650 347
1618660 347
1618670 348
1618680 348
1618690 348
1618700 349
1618710 349
1618720 349
1618730 350
1618740 350
1618750 350
1618760 351
1618770 351
1618780 351
1618790 352
1618800 352
1618810 352
1618820 352
1618830 352
1618840 352
1618850 352
1618860 353
1618870 353
1618880 353
1618890 354
1618900 354
1618910 354
1618920 355
1618930 355
1618940 355
1618950 355
1618960 355
1618970 353
1618980 351
1618990 351
1619000 349
1619010 346
1619020 346
1619030 343
1619040 339
1619050 339
1619060 334
1619070 330
1619080 330
1619090 325
1619100 322
1619110 322
1619120 319
1619130 317
1619140 317
1619150 310
1619160 309
1619170 309
1619180 310
1619190 310
1619200 310
1619210 310
1619220 311
1619230 311
1619240 311
1619250 311
1619260 311
1619270 311
1619280 311
1619290 311
1619300 311
1619310 311
1619320 311
1619330 311
1619340 311
1619350 311
1619360 310
1619370 310
1619380 310
1619390 310
1619400 310
1619410 310
1619420 310
1619430 310
1619440 310
1619450 310
1619460 310
1619470 310
1619480 310
1619490 310
1619500 310
1619510 310
1619520 310
1619530 310
1619540 310
1619550 310
1619560 310
1619570 310
1619580 310
1619590 310
1619600 310
1619610 310
1619620 310
1619630 310
1619640 310
1619650 310
1619660 310
1619670 310
1619680 310
1619690 309
1619700 309
1619710 309
1619720 309
1619730 309
1619740 309
1619750 309
1619760 309
1619770 309
1619780 309
1619790 309
1619800 309
1619810 309
1619820 309
1619830 309
1619840 309
1619850 309
1619860 309
1619870 309
1619880 309
1619890 309
1619900 309
1619910 309
1619920 309
1619930 309
1619940 309
1619950 309
1619960 309
1619970 310
1619980 310
1619990 310
