1600000 444
1600010 445
1600020 445
1600030 445
1600040 445
1600050 445
1600060 445
1600070 445
1600080 445
1600090 445
1600100 445
1600110 445
1600120 445
1600130 444
1600140 444
1600150 444
1600160 443
1600170 443
1600180 443
1600190 442
1600200 441
1600210 441
1600220 440
1600230 440
1600240 439
1600250 438
1600260 438
1600270 437
1600280 436
1600290 436
1600300 435
1600310 434
1600320 434
1600330 434
1600340 433
1600350 433
1600360 432
1600370 431
1600380 431
1600390 430
1600400 429
1600410 429
1600420 428
1600430 427
1600440 427
1600450 426
1600460 426
1600470 426
1600480 425
1600490 425
1600500 425
1600510 425
1600520 425
1600530 425
1600540 426
1600550 425
1600560 425
1600570 424
1600580 422
1600590 422
1600600 422
1600610 422
1600620 422
1600630 421
1600640 420
1600650 420
1600660 420
1600670 420
1600680 420
1600690 420
1600700 420
1600710 418
1600720 418
1600730 418
1600740 418
1600750 417
1600760 416
1600770 416
1600780 416
1600790 415
1600800 415
1600810 415
1600820 414
1600830 414
1600840 414
1600850 413
1600860 413
1600870 412
1600880 412
1600890 412
1600900 411
1600910 411
1600920 411
1600930 410
1600940 410
1600950 410
1600960 410
1600970 409
1600980 409
1600990 409
1601000 409
1601010 409
1601020 409
1601030 408
1601040 408
1601050 408
1601060 407
1601070 407
1601080 407
1601090 407
1601100 407
1601110 406
1601120 406
1601130 406
1601140 406
1601150 406
1601160 406
1601170 406
1601180 406
1601190 406
1601200 406
1601210 406
1601220 406
1601230 406
1601240 405
1601250 405
1601260 405
1601270 404
1601280 404
1601290 404
1601300 404
1601310 404
1601320 404
1601330 404
1601340 404
1601350 404
1601360 404
1601370 404
1601380 405
1601390 405
1601400 405
1601410 405
1601420 405
1601430 405
1601440 405
1601450 406
1601460 406
1601470 406
1601480 406
1601490 406
1601500 406
1601510 407
1601520 407
1601530 407
1601540 407
1601550 407
1601560 407
1601570 407
1601580 407
1601590 407
1601600 407
1601610 407
1601620 407
1601630 407
1601640 407
1601650 407
1601660 407
1601670 407
1601680 407
1601690 407
1601700 407
1601710 406
1601720 406
1601730 406
1601740 406
1601750 406
1601760 406
1601770 406
1601780 406
1601790 406
1601800 406
1601810 406
1601820 405
1601830 405
1601840 405
1601850 405
1601860 404
1601870 404
1601880 404
1601890 404
1601900 403
1601910 403
1601920 403
1601930 402
1601940 402
1601950 402
1601960 401
1601970 401
1601980 401
1601990 400
1602000 400
1602010 400
1602020 400
1602030 400
1602040 399
1602050 399
1602060 399
1602070 398
1602080 398
1602090 398
1602100 398
1602110 397
1602120 397
1602130 397
1602140 397
1602150 397
1602160 397
1602170 397
1602180 397
1602190 398
1602200 398
1602210 398
1602220 397
1602230 397
1602240 397
1602250 396
1602260 395
1602270 395
1602280 394
1602290 393
1602300 393
1602310 392
1602320 391
1602330 391
1602340 390
1602350 389
1602360 389
1602370 389
1602380 388
1602390 388
1602400 388
1602410 388
1602420 388
1602430 387
1602440 387
1602450 387
1602460 387
1602470 386
1602480 386
1602490 385
1602500 383
1602510 383
1602520 381
1602530 379
1602540 379
1602550 377
1602560 377
1602570 377
1602580 378
1602590 378
1602600 378
1602610 379
1602620 381
1602630 381
1602640 382
1602650 383
1602660 383
1602670 385
1602680 386
1602690 386
1602700 387
1602710 388
1602720 388
1602730 390
1602740 391
1602750 391
1602760 393
1602770 393
1602780 393
1602790 394
1602800 396
1602810 396
1602820 397
1602830 398
1602840 398
1602850 399
1602860 399
1602870 399
1602880 400
1602890 400
1602900 400
1602910 400
1602920 400
1602930 400
1602940 400
1602950 400
1602960 400
1602970 400
1602980 400
1602990 400
1603000 400
1603010 400
1603020 400
1603030 399
1603040 399
1603050 399
1603060 399
1603070 398
1603080 398
1603090 398
1603100 398
1603110 398
1603120 398
1603130 397
1603140 397
1603150 397
1603160 397
1603170 397
1603180 397
1603190 396
1603200 396
1603210 396
1603220 396
1603230 396
1603240 396
1603250 395
1603260 395
1603270 395
1603280 395
1603290 395
1603300 395
1603310 395
1603320 395
1603330 394
1603340 394
1603350 394
1603360 394
1603370 394
1603380 394
1603390 394
1603400 394
1603410 394
1603420 394
1603430 394
1603440 394
1603450 394
1603460 394
1603470 394
1603480 394
1603490 394
1603500 394
1603510 394
1603520 394
1603530 394
1603540 394
1603550 394
1603560 394
1603570 395
1603580 395
1603590 395
1603600 395
1603610 395
1603620 395
1603630 395
1603640 395
1603650 395
1603660 395
1603670 395
1603680 395
1603690 395
1603700 395
1603710 395
1603720 394
1603730 394
1603740 393
1603750 393
1603760 393
1603770 393
1603780 392
1603790 392
1603800 392
1603810 391
1603820 391
1603830 390
1603840 390
1603850 390
1603860 389
1603870 389
1603880 389
1603890 387
1603900 386
1603910 386
1603920 386
1603930 385
1603940 385
1603950 384
1603960 381
1603970 381
1603980 380
1603990 379
1604000 379
1604010 378
1604020 374
1604030 374
1604040 371
1604050 370
1604060 370
1604070 367
1604080 364
1604090 364
1604100 362
1604110 360
1604120 360
1604130 358
1604140 356
1604150 356
1604160 355
1604170 353
1604180 353
1604190 352
1604200 350
1604210 350
1604220 348
1604230 347
1604240 347
1604250 345
1604260 344
1604270 344
1604280 342
1604290 340
1604300 340
1604310 339
1604320 338
1604330 338
1604340 336
1604350 335
1604360 335
1604370 333
1604380 332
1604390 332
1604400 332
1604410 331
1604420 331
1604430 330
1604440 330
1604450 330
1604460 329
1604470 329
1604480 329
1604490 328
1604500 328
1604510 328
1604520 328
1604530 328
1604540 328
1604550 328
1604560 328
1604570 328
1604580 327
1604590 327
1604600 327
1604610 327
1604620 327
1604630 327
1604640 327
1604650 327
1604660 327
1604670 327
1604680 326
1604690 326
1604700 326
1604710 326
1604720 326
1604730 326
1604740 326
1604750 326
1604760 325
1604770 325
1604780 325
1604790 325
1604800 325
1604810 325
1604820 325
1604830 324
1604840 324
1604850 324
1604860 324
1604870 324
1604880 324
1604890 324
1604900 324
1604910 324
1604920 323
1604930 323
1604940 323
1604950 323
1604960 323
1604970 323
1604980 323
1604990 323
1605000 323
1605010 323
1605020 323
1605030 324
1605040 324
1605050 324
1605060 324
1605070 324
1605080 324
1605090 324
1605100 324
1605110 324
1605120 323
1605130 323
1605140 323
1605150 323
1605160 323
1605170 323
1605180 323
1605190 323
1605200 323
1605210 323
1605220 323
1605230 323
1605240 323
1605250 323
1605260 323
1605270 324
1605280 323
1605290 323
1605300 323
1605310 323
1605320 323
1605330 323
1605340 323
1605350 323
1605360 323
1605370 323
1605380 323
1605390 323
1605400 323
1605410 323
1605420 323
1605430 323
1605440 323
1605450 323
1605460 322
1605470 322
1605480 322
1605490 322
1605500 322
1605510 322
1605520 322
1605530 322
1605540 322
1605550 322
1605560 322
1605570 322
1605580 322
1605590 322
1605600 322
1605610 322
1605620 322
1605630 322
1605640 322
1605650 322
1605660 322
1605670 321
1605680 321
1605690 321
1605700 321
1605710 321
1605720 321
1605730 321
1605740 321
1605750 321
1605760 322
1605770 322
1605780 322
1605790 322
1605800 322
1605810 323
1605820 323
1605830 323
1605840 324
1605850 324
1605860 324
1605870 324
1605880 324
1605890 324
1605900 325
1605910 325
1605920 325
1605930 325
1605940 325
1605950 325
1605960 325
1605970 325
1605980 325
1605990 325
1606000 325
1606010 325
1606020 324
1606030 324
1606040 324
1606050 324
1606060 324
1606070 324
1606080 324
1606090 324
1606100 324
1606110 324
1606120 324
1606130 324
1606140 324
1606150 324
1606160 324
1606170 324
1606180 324
1606190 324
1606200 324
1606210 324
1606220 324
1606230 324
1606240 324
1606250 324
1606260 324
1606270 324
1606280 324
1606290 324
1606300 324
1606310 324
1606320 324
1606330 324
1606340 324
1606350 324
1606360 324
1606370 324
1606380 324
1606390 324
1606400 324
1606410 324
1606420 324
1606430 324
1606440 324
1606450 324
1606460 324
1606470 324
1606480 324
1606490 324
1606500 324
1606510 324
1606520 324
1606530 324
1606540 324
1606550 324
1606560 324
1606570 324
1606580 324
1606590 324
1606600 324
1606610 324
1606620 324
1606630 324
1606640 324
1606650 324
1606660 324
1606670 324
1606680 324
1606690 324
1606700 324
1606710 324
1606720 324
1606730 324
1606740 324
1606750 324
1606760 324
1606770 324
1606780 325
1606790 325
1606800 325
1606810 325
1606820 325
1606830 325
1606840 325
1606850 325
1606860 325
1606870 325
1606880 325
1606890 325
1606900 325
1606910 325
1606920 325
1606930 325
1606940 325
1606950 325
1606960 325
1606970 325
1606980 325
1606990 325
1607000 325
1607010 325
1607020 325
1607030 325
1607040 325
1607050 325
1607060 325
1607070 325
1607080 325
1607090 325
1607100 325
1607110 325
1607120 325
1607130 325
1607140 325
1607150 326
1607160 326
1607170 326
1607180 326
1607190 326
1607200 326
1607210 326
1607220 326
1607230 326
1607240 326
1607250 326
1607260 326
1607270 326
1607280 326
1607290 326
1607300 326
1607310 326
1607320 326
1607330 326
1607340 326
1607350 326
1607360 326
1607370 326
1607380 326
1607390 326
1607400 326
1607410 326
1607420 326
1607430 326
1607440 326
1607450 326
1607460 326
1607470 326
1607480 326
1607490 326
1607500 326
1607510 326
1607520 325
1607530 325
1607540 325
1607550 325
1607560 325
1607570 326
1607580 326
1607590 326
1607600 326
1607610 326
1607620 326
1607630 327
1607640 327
1607650 327
1607660 327
1607670 327
1607680 327
1607690 327
1607700 327
1607710 327
1607720 327
1607730 328
1607740 328
1607750 328
1607760 327
1607770 327
1607780 327
1607790 327
1607800 327
1607810 327
1607820 327
1607830 327
1607840 327
1607850 327
1607860 327
1607870 327
1607880 327
1607890 327
1607900 328
1607910 328
1607920 328
1607930 329
1607940 330
1607950 330
1607960 329
1607970 328
1607980 328
1607990 328
1608000 328
1608010 328
1608020 328
1608030 327
1608040 327
1608050 326
1608060 325
1608070 325
1608080 324
1608090 324
1608100 324
1608110 323
1608120 323
1608130 323
1608140 324
1608150 324
1608160 324
1608170 325
1608180 326
1608190 326
1608200 327
1608210 328
1608220 328
1608230 328
1608240 327
1608250 327
1608260 326
1608270 325
1608280 325
1608290 326
1608300 325
1608310 325
1608320 325
1608330 324
1608340 324
1608350 323
1608360 323
1608370 323
1608380 323
1608390 322
1608400 322
1608410 322
1608420 322
1608430 322
1608440 321
1608450 321
1608460 321
1608470 321
1608480 320
1608490 320
1608500 320
1608510 321
1608520 321
1608530 321
1608540 321
1608550 321
1608560 321
1608570 321
1608580 321
1608590 322
1608600 322
1608610 322
1608620 322
1608630 322
1608640 322
1608650 323
1608660 323
1608670 323
1608680 323
1608690 323
1608700 323
1608710 324
1608720 324
1608730 324
1608740 324
1608750 323
1608760 323
1608770 323
1608780 323
1608790 323
1608800 323
1608810 323
1608820 323
1608830 323
1608840 325
1608850 325
1608860 327
1608870 328
1608880 328
1608890 328
1608900 328
1608910 328
1608920 328
1608930 327
1608940 327
1608950 326
1608960 325
1608970 325
1608980 326
1608990 326
1609000 326
1609010 325
1609020 325
1609030 325
1609040 325
1609050 326
1609060 326
1609070 326
1609080 327
1609090 327
1609100 327
1609110 328
1609120 328
1609130 328
1609140 329
1609150 329
1609160 329
1609170 330
1609180 330
1609190 330
1609200 330
1609210 330
1609220 331
1609230 331
1609240 331
1609250 332
1609260 332
1609270 332
1609280 332
1609290 332
1609300 332
1609310 332
1609320 332
1609330 332
1609340 332
1609350 332
1609360 332
1609370 332
1609380 332
1609390 332
1609400 331
1609410 331
1609420 331
1609430 331
1609440 330
1609450 330
1609460 329
1609470 329
1609480 329
1609490 328
1609500 328
1609510 328
1609520 327
1609530 325
1609540 325
1609550 324
1609560 323
1609570 323
1609580 322
1609590 321
1609600 321
1609610 320
1609620 319
1609630 319
1609640 319
1609650 319
1609660 319
1609670 319
1609680 318
1609690 318
1609700 317
1609710 312
1609720 312
1609730 307
1609740 303
1609750 303
1609760 300
1609770 298
1609780 298
1609790 297
1609800 296
1609810 296
1609820 297
1609830 298
1609840 298
1609850 300
1609860 304
1609870 304
1609880 308
1609890 311
1609900 311
1609910 314
1609920 316
1609930 316
1609940 319
1609950 322
1609960 322
1609970 324
1609980 326
1609990 326
1610000 326
1610010 324
1610020 324
1610030 321
1610040 322
1610050 322
1610060 324
1610070 328
1610080 328
1610090 333
1610100 336
1610110 336
1610120 338
1610130 338
1610140 340
1610150 342
1610160 342
1610170 344
1610180 346
1610190 346
1610200 347
1610210 349
1610220 349
1610230 351
1610240 353
1610250 353
1610260 355
1610270 357
1610280 357
1610290 358
1610300 360
1610310 360
1610320 361
1610330 363
1610340 363
1610350 364
1610360 365
1610370 364
1610380 365
1610390 365
1610400 365
1610410 365
1610420 365
1610430 365
1610440 365
1610450 364
1610460 364
1610470 364
1610480 364
1610490 364
1610500 363
1610510 363
1610520 363
1610530 362
1610540 362
1610550 362
1610560 362
1610570 362
1610580 362
1610590 362
1610600 362
1610610 362
1610620 362
1610630 362
1610640 362
1610650 362
1610660 362
1610670 362
1610680 362
1610690 362
1610700 362
1610710 362
1610720 361
1610730 361
1610740 360
1610750 359
1610760 359
1610770 358
1610780 357
1610790 357
1610800 356
1610810 355
1610820 355
1610830 355
1610840 354
1610850 354
1610860 354
1610870 354
1610880 354
1610890 354
1610900 354
1610910 354
1610920 354
1610930 354
1610940 354
1610950 354
1610960 354
1610970 354
1610980 353
1610990 352
1611000 352
1611010 350
1611020 348
1611030 348
1611040 347
1611050 347
1611060 347
1611070 348
1611080 350
1611090 350
1611100 351
1611110 351
1611120 351
1611130 352
1611140 353
1611150 353
1611160 354
1611170 354
1611180 354
1611190 354
1611200 354
1611210 354
1611220 354
1611230 355
1611240 355
1611250 355
1611260 355
1611270 355
1611280 356
1611290 357
1611300 357
1611310 358
1611320 359
1611330 359
1611340 360
1611350 361
1611360 361
1611370 362
1611380 363
1611390 363
1611400 364
1611410 365
1611420 365
1611430 366
1611440 367
1611450 367
1611460 368
1611470 369
1611480 369
1611490 369
1611500 369
1611510 369
1611520 370
1611530 370
1611540 370
1611550 371
1611560 372
1611570 372
1611580 372
1611590 373
1611600 373
1611610 374
1611620 374
1611630 374
1611640 375
1611650 375
1611660 375
1611670 376
1611680 376
1611690 376
1611700 377
1611710 378
1611720 378
1611730 378
1611740 379
1611750 379
1611760 379
1611770 379
1611780 379
1611790 379
1611800 379
1611810 379
1611820 379
1611830 379
1611840 379
1611850 378
1611860 378
1611870 378
1611880 378
1611890 378
1611900 378
1611910 379
1611920 379
1611930 379
1611940 379
1611950 379
1611960 379
1611970 379
1611980 379
1611990 379
1612000 379
1612010 379
1612020 379
1612030 378
1612040 378
1612050 378
1612060 377
1612070 377
1612080 377
1612090 377
1612100 377
1612110 377
1612120 377
1612130 377
1612140 377
1612150 377
1612160 377
1612170 377
1612180 377
1612190 377
1612200 377
1612210 377
1612220 378
1612230 378
1612240 378
1612250 378
1612260 378
1612270 379
1612280 379
1612290 379
1612300 380
1612310 381
1612320 381
1612330 382
1612340 383
1612350 383
1612360 383
1612370 384
1612380 384
1612390 385
1612400 386
1612410 386
1612420 387
1612430 388
1612440 388
1612450 388
1612460 388
1612470 388
1612480 388
1612490 388
1612500 388
1612510 388
1612520 388
1612530 388
1612540 388
1612550 388
1612560 388
1612570 388
1612580 388
1612590 388
1612600 388
1612610 389
1612620 389
1612630 389
1612640 390
1612650 390
1612660 390
1612670 390
1612680 390
1612690 390
1612700 391
1612710 391
1612720 391
1612730 391
1612740 391
1612750 391
1612760 391
1612770 391
1612780 391
1612790 390
1612800 390
1612810 390
1612820 390
1612830 390
1612840 390
1612850 390
1612860 390
1612870 389
1612880 389
1612890 389
1612900 389
1612910 388
1612920 388
1612930 388
1612940 387
1612950 387
1612960 387
1612970 386
1612980 386
1612990 386
1613000 385
1613010 385
1613020 384
1613030 383
1613040 383
1613050 382
1613060 381
1613070 381
1613080 380
1613090 379
1613100 379
1613110 378
1613120 377
1613130 377
1613140 377
1613150 377
1613160 377
1613170 377
1613180 377
1613190 377
1613200 377
1613210 377
1613220 377
1613230 377
1613240 377
1613250 377
1613260 377
1613270 376
1613280 376
1613290 376
1613300 376
1613310 376
1613320 377
1613330 377
1613340 377
1613350 377
1613360 376
1613370 376
1613380 376
1613390 376
1613400 376
1613410 377
1613420 377
1613430 377
1613440 375
1613450 375
1613460 376
1613470 376
1613480 376
1613490 377
1613500 378
1613510 378
1613520 378
1613530 377
1613540 377
1613550 377
1613560 378
1613570 378
1613580 379
1613590 378
1613600 378
1613610 376
1613620 374
1613630 374
1613640 377
1613650 379
1613660 379
1613670 381
1613680 383
1613690 383
1613700 384
1613710 385
1613720 385
1613730 387
1613740 387
1613750 387
1613760 388
1613770 389
1613780 389
1613790 389
1613800 390
1613810 390
1613820 390
1613830 391
1613840 391
1613850 392
1613860 392
1613870 392
1613880 394
1613890 394
1613900 394
1613910 394
1613920 395
1613930 395
1613940 395
1613950 395
1613960 395
1613970 396
1613980 396
1613990 396
1614000 396
1614010 397
1614020 397
1614030 397
1614040 398
1614050 398
1614060 398
1614070 399
1614080 399
1614090 399
1614100 400
1614110 400
1614120 401
1614130 401
1614140 401
1614150 401
1614160 402
1614170 402
1614180 402
1614190 403
1614200 403
1614210 403
1614220 404
1614230 404
1614240 404
1614250 406
1614260 406
1614270 407
1614280 407
1614290 407
1614300 407
1614310 408
1614320 408
1614330 408
1614340 409
1614350 409
1614360 411
1614370 412
1614380 412
1614390 412
1614400 413
1614410 413
1614420 414
1614430 415
1614440 417
1614450 418
1614460 418
1614470 418
1614480 419
1614490 420
1614500 420
1614510 422
1614520 422
1614530 422
1614540 423
1614550 424
1614560 424
1614570 425
1614580 426
1614590 426
1614600 426
1614610 427
1614620 427
1614630 428
1614640 429
1614650 429
1614660 430
1614670 430
1614680 430
1614690 431
1614700 432
1614710 432
1614720 433
1614730 433
1614740 433
1614750 433
1614760 435
1614770 435
1614780 435
1614790 436
1614800 436
1614810 437
1614820 437
1614830 437
1614840 438
1614850 438
1614860 438
1614870 439
1614880 440
1614890 440
1614900 440
1614910 441
1614920 441
1614930 441
1614940 442
1614950 442
1614960 443
1614970 443
1614980 443
1614990 443
1615000 444
1615010 444
1615020 444
1615030 445
1615040 445
1615050 446
1615060 446
1615070 446
1615080 447
1615090 448
1615100 448
1615110 449
1615120 449
1615130 449
1615140 449
1615150 450
1615160 450
1615170 451
1615180 451
1615190 451
1615200 451
1615210 451
1615220 451
1615230 451
1615240 451
1615250 451
1615260 453
1615270 456
1615280 456
1615290 457
1615300 457
1615310 457
1615320 458
1615330 458
1615340 458
1615350 459
1615360 460
1615370 460
1615380 460
1615390 461
1615400 461
1615410 462
1615420 462
1615430 462
1615440 464
1615450 465
1615460 465
1615470 466
1615480 467
1615490 467
1615500 468
1615510 469
1615520 469
1615530 470
1615540 471
1615550 471
1615560 472
1615570 473
1615580 473
1615590 474
1615600 475
1615610 475
1615620 476
1615630 478
1615640 478
1615650 479
1615660 479
1615670 479
1615680 479
1615690 479
1615700 479
1615710 479
1615720 479
1615730 479
1615740 479
1615750 479
1615760 479
1615770 479
1615780 478
1615790 478
1615800 478
1615810 477
1615820 477
1615830 476
1615840 475
1615850 475
1615860 474
1615870 472
1615880 472
1615890 470
1615900 468
1615910 468
1615920 466
1615930 464
1615940 464
1615950 462
1615960 460
1615970 460
1615980 457
1615990 454
1616000 454
1616010 450
1616020 445
1616030 445
1616040 440
1616050 435
1616060 435
1616070 431
1616080 426
1616090 426
1616100 420
1616110 414
1616120 414
1616130 408
1616140 401
1616150 401
1616160 394
1616170 388
1616180 388
1616190 383
1616200 381
1616210 381
1616220 380
1616230 381
1616240 381
1616250 386
1616260 395
1616270 395
1616280 406
1616290 414
1616300 414
1616310 419
1616320 423
1616330 423
1616340 428
1616350 432
1616360 432
1616370 436
1616380 439
1616390 439
1616400 440
1616410 442
1616420 442
1616430 442
1616440 443
1616450 443
1616460 443
1616470 443
1616480 443
1616490 442
1616500 441
1616510 441
1616520 440
1616530 440
1616540 440
1616550 439
1616560 437
1616570 437
1616580 436
1616590 435
1616600 435
1616610 435
1616620 434
1616630 434
1616640 433
1616650 433
1616660 433
1616670 432
1616680 432
1616690 432
1616700 432
1616710 432
1616720 432
1616730 432
1616740 432
1616750 432
1616760 432
1616770 432
1616780 432
1616790 432
1616800 432
1616810 432
1616820 432
1616830 432
1616840 432
1616850 432
1616860 432
1616870 432
1616880 432
1616890 432
1616900 432
1616910 431
1616920 431
1616930 431
1616940 431
1616950 431
1616960 431
1616970 431
1616980 431
1616990 431
1617000 430
1617010 430
1617020 430
1617030 430
1617040 430
1617050 430
1617060 430
1617070 430
1617080 429
1617090 429
1617100 429
1617110 428
1617120 428
1617130 428
1617140 428
1617150 427
1617160 427
1617170 427
1617180 427
1617190 427
1617200 426
1617210 426
1617220 426
1617230 425
1617240 425
1617250 425
1617260 425
1617270 424
1617280 424
1617290 424
1617300 424
1617310 424
1617320 423
1617330 423
1617340 423
1617350 422
1617360 422
1617370 422
1617380 421
1617390 421
1617400 421
1617410 422
1617420 422
1617430 422
1617440 422
1617450 421
1617460 421
1617470 421
1617480 421
1617490 421
1617500 421
1617510 420
1617520 420
1617530 418
1617540 418
1617550 418
1617560 418
1617570 418
1617580 418
1617590 418
1617600 417
1617610 417
1617620 418
1617630 417
1617640 417
1617650 416
1617660 415
1617670 415
1617680 414
1617690 414
1617700 414
1617710 414
1617720 414
1617730 414
1617740 414
1617750 414
1617760 414
1617770 414
1617780 414
1617790 414
1617800 413
1617810 413
1617820 413
1617830 413
1617840 413
1617850 413
1617860 413
1617870 414
1617880 414
1617890 414
1617900 413
1617910 413
1617920 413
1617930 413
1617940 413
1617950 412
1617960 412
1617970 412
1617980 411
1617990 410
1618000 410
1618010 410
1618020 409
1618030 409
1618040 409
1618050 408
1618060 408
1618070 407
1618080 407
1618090 407
1618100 406
1618110 406
1618120 406
1618130 405
1618140 404
1618150 404
1618160 402
1618170 402
1618180 402
1618190 403
1618200 403
1618210 403
1618220 404
1618230 403
1618240 403
1618250 403
1618260 404
1618270 404
1618280 404
1618290 405
1618300 405
1618310 405
1618320 405
1618330 405
1618340 406
1618350 406
1618360 406
1618370 407
1618380 407
1618390 408
1618400 408
1618410 407
1618420 407
1618430 407
1618440 409
1618450 409
1618460 409
1618470 410
1618480 410
1618490 411
1618500 412
1618510 412
1618520 413
1618530 414
1618540 414
1618550 414
1618560 415
1618570 415
1618580 416
1618590 416
1618600 416
1618610 417
1618620 418
1618630 418
1618640 418
1618650 419
1618660 419
1618670 420
1618680 420
1618690 420
1618700 421
1618710 421
1618720 421
1618730 422
1618740 423
1618750 423
1618760 423
1618770 424
1618780 424
1618790 424
1618800 425
1618810 425
1618820 425
1618830 426
1618840 426
1618850 426
1618860 427
1618870 427
1618880 427
1618890 427
1618900 427
1618910 428
1618920 428
1618930 428
1618940 429
1618950 429
1618960 429
1618970 430
1618980 430
1618990 430
1619000 430
1619010 431
1619020 431
1619030 431
1619040 432
1619050 432
1619060 432
1619070 432
1619080 432
1619090 432
1619100 432
1619110 432
1619120 432
1619130 432
1619140 432
1619150 433
1619160 433
1619170 433
1619180 432
1619190 432
1619200 432
1619210 432
1619220 431
1619230 431
1619240 431
1619250 430
1619260 430
1619270 430
1619280 429
1619290 429
1619300 428
1619310 427
1619320 427
1619330 426
1619340 425
1619350 423
1619360 422
1619370 420
1619380 420
1619390 416
1619400 412
1619410 412
1619420 408
1619430 404
1619440 404
1619450 400
1619460 398
1619470 398
1619480 397
1619490 395
1619500 395
1619510 392
1619520 389
1619530 389
1619540 386
1619550 384
1619560 384
1619570 382
1619580 381
1619590 381
1619600 379
1619610 378
1619620 378
1619630 378
1619640 377
1619650 377
1619660 376
1619670 376
1619680 376
1619690 375
1619700 374
1619710 374
1619720 373
1619730 370
1619740 370
1619750 367
1619760 365
1619770 365
1619780 363
1619790 362
1619800 362
1619810 360
1619820 359
1619830 359
1619840 358
1619850 357
1619860 357
1619870 358
1619880 359
1619890 359
1619900 359
1619910 360
1619920 360
1619930 360
1619940 360
1619950 360
1619960 360
1619970 360
1619980 360
1619990 360
