1600000 445
1600010 445
1600020 445
1600030 444
1600040 444
1600050 444
1600060 443
1600070 443
1600080 443
1600090 442
1600100 441
1600110 441
1600120 440
1600130 440
1600140 440
1600150 439
1600160 438
1600170 438
1600180 437
1600190 436
1600200 436
1600210 435
1600220 434
1600230 434
1600240 433
1600250 432
1600260 432
1600270 431
1600280 431
1600290 431
1600300 430
1600310 429
1600320 429
1600330 428
1600340 427
1600350 427
1600360 426
1600370 425
1600380 425
1600390 425
1600400 424
1600410 424
1600420 424
1600430 424
1600440 424
1600450 424
1600460 424
1600470 424
1600480 424
1600490 424
1600500 424
1600510 424
1600520 424
1600530 424
1600540 425
1600550 425
1600560 425
1600570 424
1600580 423
1600590 423
1600600 422
1600610 421
1600620 421
1600630 420
1600640 419
1600650 419
1600660 419
1600670 418
1600680 418
1600690 418
1600700 417
1600710 417
1600720 417
1600730 417
1600740 417
1600750 417
1600760 417
1600770 417
1600780 417
1600790 417
1600800 417
1600810 416
1600820 416
1600830 416
1600840 416
1600850 416
1600860 416
1600870 416
1600880 416
1600890 416
1600900 416
1600910 415
1600920 415
1600930 415
1600940 414
1600950 414
1600960 414
1600970 413
1600980 413
1600990 412
1601000 410
1601010 410
1601020 409
1601030 408
1601040 408
1601050 408
1601060 407
1601070 407
1601080 406
1601090 406
1601100 406
1601110 406
1601120 406
1601130 406
1601140 406
1601150 405
1601160 405
1601170 405
1601180 406
1601190 406
1601200 406
1601210 406
1601220 406
1601230 407
1601240 407
1601250 407
1601260 407
1601270 407
1601280 407
1601290 407
1601300 407
1601310 407
1601320 407
1601330 407
1601340 407
1601350 407
1601360 408
1601370 408
1601380 408
1601390 408
1601400 408
1601410 409
1601420 409
1601430 409
1601440 409
1601450 410
1601460 410
1601470 410
1601480 411
1601490 411
1601500 411
1601510 411
1601520 411
1601530 411
1601540 411
1601550 411
1601560 411
1601570 411
1601580 411
1601590 411
1601600 411
1601610 411
1601620 410
1601630 410
1601640 410
1601650 409
1601660 409
1601670 409
1601680 408
1601690 408
1601700 408
1601710 407
1601720 406
1601730 406
1601740 406
1601750 405
1601760 405
1601770 403
1601780 402
1601790 402
1601800 401
1601810 399
1601820 399
1601830 398
1601840 396
1601850 396
1601860 396
1601870 395
1601880 395
1601890 395
1601900 395
1601910 395
1601920 395
1601930 395
1601940 395
1601950 394
1601960 394
1601970 394
1601980 394
1601990 393
1602000 393
1602010 393
1602020 392
1602030 392
1602040 391
1602050 390
1602060 390
1602070 390
1602080 389
1602090 389
1602100 389
1602110 389
1602120 389
1602130 387
1602140 387
1602150 387
1602160 386
1602170 386
1602180 386
1602190 386
1602200 386
1602210 386
1602220 384
1602230 384
1602240 384
1602250 383
1602260 383
1602270 383
1602280 383
1602290 382
1602300 382
1602310 381
1602320 381
1602330 381
1602340 380
1602350 380
1602360 380
1602370 380
1602380 379
1602390 379
1602400 379
1602410 379
1602420 379
1602430 379
1602440 379
1602450 379
1602460 378
1602470 378
1602480 378
1602490 378
1602500 378
1602510 378
1602520 378
1602530 378
1602540 378
1602550 377
1602560 377
1602570 377
1602580 376
1602590 376
1602600 376
1602610 376
1602620 377
1602630 377
1602640 378
1602650 378
1602660 380
1602670 381
1602680 381
1602690 383
1602700 385
1602710 385
1602720 386
1602730 387
1602740 387
1602750 388
1602760 388
1602770 388
1602780 389
1602790 390
1602800 390
1602810 391
1602820 392
1602830 392
1602840 394
1602850 395
1602860 395
1602870 395
1602880 396
1602890 396
1602900 396
1602910 396
1602920 396
1602930 395
1602940 395
1602950 395
1602960 395
1602970 395
1602980 395
1602990 395
1603000 395
1603010 395
1603020 395
1603030 395
1603040 395
1603050 395
1603060 395
1603070 395
1603080 395
1603090 394
1603100 394
1603110 394
1603120 393
1603130 393
1603140 393
1603150 392
1603160 392
1603170 392
1603180 392
1603190 392
1603200 392
1603210 392
1603220 392
1603230 392
1603240 392
1603250 392
1603260 391
1603270 391
1603280 391
1603290 391
1603300 391
1603310 391
1603320 391
1603330 391
1603340 391
1603350 391
1603360 391
1603370 391
1603380 391
1603390 391
1603400 391
1603410 392
1603420 392
1603430 392
1603440 392
1603450 392
1603460 392
1603470 393
1603480 393
1603490 393
1603500 393
1603510 393
1603520 393
1603530 393
1603540 393
1603550 393
1603560 393
1603570 393
1603580 393
1603590 392
1603600 392
1603610 392
1603620 392
1603630 391
1603640 391
1603650 391
1603660 390
1603670 390
1603680 389
1603690 389
1603700 389
1603710 388
1603720 387
1603730 387
1603740 386
1603750 385
1603760 385
1603770 385
1603780 384
1603790 384
1603800 383
1603810 383
1603820 383
1603830 382
1603840 381
1603850 381
1603860 380
1603870 380
1603880 380
1603890 379
1603900 378
1603910 378
1603920 376
1603930 374
1603940 374
1603950 373
1603960 371
1603970 371
1603980 369
1603990 368
1604000 368
1604010 366
1604020 364
1604030 364
1604040 362
1604050 361
1604060 361
1604070 359
1604080 356
1604090 356
1604100 355
1604110 353
1604120 353
1604130 352
1604140 351
1604150 351
1604160 350
1604170 349
1604180 349
1604190 348
1604200 346
1604210 346
1604220 343
1604230 343
1604240 343
1604250 342
1604260 340
1604270 340
1604280 338
1604290 337
1604300 337
1604310 335
1604320 334
1604330 334
1604340 333
1604350 332
1604360 332
1604370 331
1604380 331
1604390 331
1604400 330
1604410 329
1604420 329
1604430 329
1604440 328
1604450 328
1604460 328
1604470 327
1604480 327
1604490 327
1604500 327
1604510 327
1604520 327
1604530 327
1604540 327
1604550 326
1604560 326
1604570 326
1604580 326
1604590 326
1604600 326
1604610 326
1604620 326
1604630 326
1604640 325
1604650 325
1604660 325
1604670 325
1604680 325
1604690 325
1604700 325
1604710 325
1604720 325
1604730 325
1604740 325
1604750 325
1604760 325
1604770 325
1604780 325
1604790 325
1604800 324
1604810 324
1604820 324
1604830 324
1604840 324
1604850 324
1604860 324
1604870 324
1604880 324
1604890 324
1604900 324
1604910 324
1604920 324
1604930 324
1604940 324
1604950 324
1604960 324
1604970 324
1604980 324
1604990 324
1605000 324
1605010 324
1605020 324
1605030 324
1605040 323
1605050 323
1605060 323
1605070 324
1605080 324
1605090 324
1605100 324
1605110 324
1605120 324
1605130 324
1605140 324
1605150 324
1605160 324
1605170 324
1605180 324
1605190 324
1605200 324
1605210 323
1605220 323
1605230 323
1605240 323
1605250 323
1605260 323
1605270 324
1605280 324
1605290 324
1605300 324
1605310 323
1605320 323
1605330 323
1605340 323
1605350 323
1605360 323
1605370 323
1605380 323
1605390 323
1605400 323
1605410 323
1605420 323
1605430 323
1605440 323
1605450 323
1605460 323
1605470 323
1605480 323
1605490 323
1605500 323
1605510 323
1605520 323
1605530 323
1605540 322
1605550 322
1605560 322
1605570 322
1605580 322
1605590 322
1605600 322
1605610 322
1605620 322
1605630 323
1605640 324
1605650 324
1605660 324
1605670 325
1605680 325
1605690 325
1605700 326
1605710 326
1605720 326
1605730 326
1605740 326
1605750 326
1605760 326
1605770 326
1605780 326
1605790 326
1605800 326
1605810 326
1605820 326
1605830 326
1605840 326
1605850 326
1605860 326
1605870 326
1605880 326
1605890 326
1605900 326
1605910 326
1605920 326
1605930 326
1605940 326
1605950 326
1605960 326
1605970 326
1605980 325
1605990 325
1606000 325
1606010 325
1606020 325
1606030 325
1606040 325
1606050 325
1606060 325
1606070 325
1606080 325
1606090 325
1606100 325
1606110 324
1606120 324
1606130 325
1606140 325
1606150 325
1606160 326
1606170 326
1606180 326
1606190 326
1606200 326
1606210 326
1606220 326
1606230 326
1606240 326
1606250 326
1606260 326
1606270 326
1606280 326
1606290 326
1606300 326
1606310 326
1606320 326
1606330 326
1606340 326
1606350 326
1606360 326
1606370 326
1606380 326
1606390 326
1606400 326
1606410 326
1606420 326
1606430 326
1606440 326
1606450 326
1606460 326
1606470 326
1606480 326
1606490 326
1606500 326
1606510 326
1606520 326
1606530 326
1606540 326
1606550 326
1606560 326
1606570 326
1606580 326
1606590 326
1606600 326
1606610 326
1606620 326
1606630 326
1606640 326
1606650 326
1606660 326
1606670 326
1606680 326
1606690 326
1606700 326
1606710 326
1606720 326
1606730 326
1606740 326
1606750 326
1606760 326
1606770 326
1606780 326
1606790 326
1606800 326
1606810 326
1606820 326
1606830 326
1606840 326
1606850 327
1606860 327
1606870 327
1606880 327
1606890 327
1606900 327
1606910 327
1606920 327
1606930 327
1606940 327
1606950 327
1606960 327
1606970 327
1606980 327
1606990 327
1607000 327
1607010 327
1607020 327
1607030 327
1607040 326
1607050 326
1607060 326
1607070 326
1607080 326
1607090 326
1607100 326
1607110 326
1607120 326
1607130 327
1607140 327
1607150 327
1607160 328
1607170 328
1607180 328
1607190 328
1607200 328
1607210 328
1607220 328
1607230 328
1607240 328
1607250 328
1607260 328
1607270 328
1607280 328
1607290 328
1607300 328
1607310 328
1607320 328
1607330 328
1607340 328
1607350 328
1607360 328
1607370 327
1607380 327
1607390 328
1607400 328
1607410 328
1607420 328
1607430 328
1607440 328
1607450 328
1607460 328
1607470 328
1607480 328
1607490 328
1607500 328
1607510 328
1607520 328
1607530 328
1607540 328
1607550 328
1607560 328
1607570 329
1607580 329
1607590 329
1607600 329
1607610 329
1607620 329
1607630 330
1607640 330
1607650 330
1607660 330
1607670 330
1607680 330
1607690 330
1607700 330
1607710 330
1607720 330
1607730 331
1607740 331
1607750 331
1607760 331
1607770 331
1607780 331
1607790 331
1607800 331
1607810 332
1607820 332
1607830 332
1607840 332
1607850 332
1607860 332
1607870 332
1607880 332
1607890 332
1607900 332
1607910 332
1607920 332
1607930 333
1607940 333
1607950 333
1607960 334
1607970 334
1607980 334
1607990 334
1608000 334
1608010 334
1608020 334
1608030 333
1608040 333
1608050 330
1608060 328
1608070 328
1608080 327
1608090 326
1608100 326
1608110 326
1608120 328
1608130 328
1608140 332
1608150 335
1608160 335
1608170 337
1608180 338
1608190 338
1608200 338
1608210 338
1608220 338
1608230 337
1608240 336
1608250 336
1608260 336
1608270 336
1608280 336
1608290 335
1608300 335
1608310 335
1608320 335
1608330 334
1608340 334
1608350 333
1608360 333
1608370 333
1608380 331
1608390 331
1608400 331
1608410 330
1608420 329
1608430 329
1608440 328
1608450 327
1608460 327
1608470 326
1608480 325
1608490 325
1608500 325
1608510 325
1608520 325
1608530 325
1608540 325
1608550 325
1608560 325
1608570 325
1608580 325
1608590 325
1608600 326
1608610 326
1608620 326
1608630 326
1608640 326
1608650 326
1608660 326
1608670 327
1608680 327
1608690 328
1608700 328
1608710 328
1608720 328
1608730 328
1608740 328
1608750 328
1608760 328
1608770 328
1608780 327
1608790 327
1608800 327
1608810 327
1608820 327
1608830 327
1608840 327
1608850 327
1608860 327
1608870 327
1608880 327
1608890 329
1608900 329
1608910 329
1608920 329
1608930 329
1608940 329
1608950 329
1608960 329
1608970 329
1608980 330
1608990 330
1609000 330
1609010 330
1609020 331
1609030 331
1609040 331
1609050 331
1609060 331
1609070 332
1609080 332
1609090 332
1609100 332
1609110 332
1609120 332
1609130 331
1609140 330
1609150 330
1609160 330
1609170 331
1609180 331
1609190 332
1609200 332
1609210 332
1609220 333
1609230 333
1609240 333
1609250 334
1609260 334
1609270 334
1609280 334
1609290 334
1609300 334
1609310 334
1609320 334
1609330 334
1609340 334
1609350 334
1609360 334
1609370 334
1609380 334
1609390 334
1609400 334
1609410 334
1609420 333
1609430 333
1609440 333
1609450 333
1609460 333
1609470 333
1609480 333
1609490 333
1609500 333
1609510 333
1609520 333
1609530 333
1609540 334
1609550 334
1609560 334
1609570 335
1609580 336
1609590 336
1609600 336
1609610 337
1609620 337
1609630 336
1609640 335
1609650 335
1609660 332
1609670 329
1609680 329
1609690 324
1609700 318
1609710 318
1609720 313
1609730 308
1609740 308
1609750 305
1609760 302
1609770 302
1609780 300
1609790 299
1609800 299
1609810 297
1609820 298
1609830 298
1609840 300
1609850 303
1609860 303
1609870 309
1609880 314
1609890 314
1609900 320
1609910 325
1609920 325
1609930 329
1609940 332
1609950 332
1609960 334
1609970 336
1609980 336
1609990 337
1610000 339
1610010 339
1610020 340
1610030 341
1610040 341
1610050 342
1610060 343
1610070 343
1610080 344
1610090 345
1610100 345
1610110 346
1610120 347
1610130 347
1610140 348
1610150 347
1610160 347
1610170 347
1610180 348
1610190 348
1610200 349
1610210 350
1610220 350
1610230 351
1610240 352
1610250 352
1610260 354
1610270 356
1610280 356
1610290 358
1610300 359
1610310 359
1610320 361
1610330 363
1610340 363
1610350 364
1610360 365
1610370 365
1610380 365
1610390 365
1610400 365
1610410 365
1610420 365
1610430 365
1610440 365
1610450 365
1610460 365
1610470 365
1610480 365
1610490 365
1610500 365
1610510 365
1610520 365
1610530 365
1610540 365
1610550 365
1610560 365
1610570 366
1610580 366
1610590 366
1610600 366
1610610 366
1610620 366
1610630 367
1610640 367
1610650 367
1610660 367
1610670 367
1610680 367
1610690 367
1610700 367
1610710 367
1610720 366
1610730 366
1610740 365
1610750 366
1610760 366
1610770 366
1610780 366
1610790 366
1610800 366
1610810 366
1610820 366
1610830 365
1610840 365
1610850 365
1610860 365
1610870 365
1610880 365
1610890 365
1610900 365
1610910 365
1610920 365
1610930 365
1610940 365
1610950 365
1610960 365
1610970 365
1610980 364
1610990 363
1611000 363
1611010 363
1611020 362
1611030 362
1611040 362
1611050 362
1611060 362
1611070 362
1611080 363
1611090 363
1611100 363
1611110 364
1611120 364
1611130 364
1611140 365
1611150 365
1611160 366
1611170 366
1611180 366
1611190 366
1611200 365
1611210 365
1611220 365
1611230 365
1611240 365
1611250 365
1611260 365
1611270 365
1611280 366
1611290 366
1611300 366
1611310 366
1611320 366
1611330 366
1611340 366
1611350 367
1611360 367
1611370 368
1611380 368
1611390 368
1611400 369
1611410 370
1611420 370
1611430 370
1611440 371
1611450 371
1611460 372
1611470 373
1611480 373
1611490 374
1611500 374
1611510 374
1611520 375
1611530 376
1611540 376
1611550 376
1611560 376
1611570 376
1611580 377
1611590 377
1611600 377
1611610 378
1611620 378
1611630 378
1611640 378
1611650 379
1611660 379
1611670 379
1611680 379
1611690 379
1611700 379
1611710 379
1611720 379
1611730 378
1611740 378
1611750 378
1611760 378
1611770 378
1611780 376
1611790 375
1611800 374
1611810 374
1611820 373
1611830 371
1611840 371
1611850 370
1611860 368
1611870 368
1611880 367
1611890 367
1611900 367
1611910 366
1611920 366
1611930 366
1611940 367
1611950 368
1611960 368
1611970 369
1611980 370
1611990 370
1612000 371
1612010 372
1612020 372
1612030 373
1612040 373
1612050 373
1612060 374
1612070 375
1612080 375
1612090 375
1612100 376
1612110 376
1612120 376
1612130 377
1612140 377
1612150 377
1612160 378
1612170 378
1612180 378
1612190 379
1612200 379
1612210 379
1612220 379
1612230 379
1612240 380
1612250 380
1612260 380
1612270 380
1612280 380
1612290 380
1612300 381
1612310 381
1612320 381
1612330 381
1612340 381
1612350 381
1612360 381
1612370 381
1612380 381
1612390 382
1612400 382
1612410 382
1612420 382
1612430 383
1612440 383
1612450 383
1612460 383
1612470 383
1612480 383
1612490 383
1612500 383
1612510 383
1612520 383
1612530 384
1612540 384
1612550 384
1612560 384
1612570 384
1612580 384
1612590 384
1612600 384
1612610 384
1612620 384
1612630 384
1612640 384
1612650 384
1612660 384
1612670 384
1612680 385
1612690 385
1612700 385
1612710 385
1612720 385
1612730 385
1612740 385
1612750 385
1612760 385
1612770 385
1612780 385
1612790 385
1612800 384
1612810 384
1612820 384
1612830 384
1612840 385
1612850 385
1612860 385
1612870 385
1612880 385
1612890 385
1612900 384
1612910 384
1612920 383
1612930 382
1612940 382
1612950 381
1612960 379
1612970 379
1612980 378
1612990 376
1613000 376
1613010 374
1613020 372
1613030 372
1613040 370
1613050 369
1613060 369
1613070 367
1613080 366
1613090 366
1613100 365
1613110 365
1613120 365
1613130 365
1613140 365
1613150 365
1613160 364
1613170 364
1613180 364
1613190 363
1613200 363
1613210 363
1613220 363
1613230 363
1613240 363
1613250 362
1613260 363
1613270 363
1613280 363
1613290 363
1613300 363
1613310 363
1613320 363
1613330 363
1613340 364
1613350 364
1613360 364
1613370 364
1613380 364
1613390 364
1613400 365
1613410 365
1613420 365
1613430 365
1613440 365
1613450 365
1613460 365
1613470 366
1613480 366
1613490 366
1613500 366
1613510 366
1613520 367
1613530 367
1613540 367
1613550 367
1613560 366
1613570 366
1613580 366
1613590 366
1613600 366
1613610 368
1613620 370
1613630 370
1613640 369
1613650 368
1613660 368
1613670 368
1613680 369
1613690 369
1613700 370
1613710 372
1613720 372
1613730 374
1613740 377
1613750 377
1613760 380
1613770 382
1613780 382
1613790 384
1613800 386
1613810 387
1613820 388
1613830 390
1613840 390
1613850 391
1613860 393
1613870 393
1613880 394
1613890 395
1613900 395
1613910 395
1613920 395
1613930 395
1613940 395
1613950 395
1613960 395
1613970 396
1613980 396
1613990 396
1614000 397
1614010 397
1614020 397
1614030 398
1614040 398
1614050 398
1614060 399
1614070 399
1614080 399
1614090 400
1614100 401
1614110 401
1614120 402
1614130 402
1614140 402
1614150 402
1614160 403
1614170 403
1614180 404
1614190 406
1614200 406
1614210 407
1614220 408
1614230 408
1614240 409
1614250 410
1614260 410
1614270 412
1614280 413
1614290 413
1614300 415
1614310 416
1614320 416
1614330 418
1614340 419
1614350 419
1614360 419
1614370 421
1614380 421
1614390 422
1614400 423
1614410 423
1614420 424
1614430 425
1614440 425
1614450 427
1614460 428
1614470 428
1614480 430
1614490 431
1614500 431
1614510 431
1614520 432
1614530 432
1614540 433
1614550 434
1614560 434
1614570 435
1614580 435
1614590 435
1614600 435
1614610 436
1614620 436
1614630 437
1614640 438
1614650 438
1614660 438
1614670 439
1614680 439
1614690 440
1614700 440
1614710 440
1614720 440
1614730 440
1614740 440
1614750 441
1614760 442
1614770 442
1614780 443
1614790 443
1614800 443
1614810 445
1614820 446
1614830 446
1614840 446
1614850 447
1614860 447
1614870 448
1614880 448
1614890 448
1614900 449
1614910 449
1614920 449
1614930 450
1614940 451
1614950 451
1614960 451
1614970 451
1614980 451
1614990 452
1615000 452
1615010 452
1615020 452
1615030 453
1615040 453
1615050 453
1615060 453
1615070 453
1615080 454
1615090 455
1615100 455
1615110 455
1615120 455
1615130 455
1615140 455
1615150 456
1615160 456
1615170 456
1615180 457
1615190 457
1615200 456
1615210 454
1615220 454
1615230 455
1615240 459
1615250 459
1615260 459
1615270 460
1615280 460
1615290 460
1615300 461
1615310 461
1615320 461
1615330 461
1615340 461
1615350 462
1615360 462
1615370 462
1615380 462
1615390 463
1615400 463
1615410 463
1615420 464
1615430 464
1615440 464
1615450 465
1615460 465
1615470 466
1615480 466
1615490 466
1615500 467
1615510 468
1615520 468
1615530 469
1615540 470
1615550 470
1615560 470
1615570 471
1615580 471
1615590 472
1615600 473
1615610 473
1615620 474
1615630 475
1615640 475
1615650 475
1615660 476
1615670 476
1615680 476
1615690 475
1615700 475
1615710 473
1615720 473
1615730 472
1615740 470
1615750 470
1615760 469
1615770 469
1615780 469
1615790 468
1615800 465
1615810 465
1615820 464
1615830 462
1615840 462
1615850 461
1615860 460
1615870 460
1615880 459
1615890 457
1615900 457
1615910 456
1615920 454
1615930 454
1615940 453
1615950 451
1615960 451
1615970 450
1615980 447
1615990 447
1616000 443
1616010 437
1616020 437
1616030 432
1616040 427
1616050 427
1616060 422
1616070 416
1616080 416
1616090 411
1616100 407
1616110 407
1616120 402
1616130 398
1616140 398
1616150 393
1616160 390
1616170 390
1616180 387
1616190 383
1616200 383
1616210 381
1616220 382
1616230 382
1616240 385
1616250 392
1616260 392
1616270 402
1616280 413
1616290 413
1616300 423
1616310 430
1616320 430
1616330 435
1616340 437
1616350 437
1616360 438
1616370 438
1616380 438
1616390 438
1616400 438
1616410 438
1616420 438
1616430 437
1616440 437
1616450 437
1616460 438
1616470 438
1616480 437
1616490 437
1616500 437
1616510 436
1616520 436
1616530 436
1616540 436
1616550 436
1616560 436
1616570 436
1616580 436
1616590 436
1616600 436
1616610 437
1616620 437
1616630 437
1616640 437
1616650 437
1616660 437
1616670 437
1616680 437
1616690 438
1616700 438
1616710 438
1616720 438
1616730 438
1616740 438
1616750 438
1616760 438
1616770 438
1616780 438
1616790 438
1616800 438
1616810 438
1616820 438
1616830 438
1616840 437
1616850 437
1616860 437
1616870 437
1616880 437
1616890 437
1616900 437
1616910 437
1616920 437
1616930 436
1616940 436
1616950 436
1616960 436
1616970 435
1616980 435
1616990 435
1617000 435
1617010 435
1617020 435
1617030 434
1617040 434
1617050 434
1617060 433
1617070 433
1617080 433
1617090 433
1617100 433
1617110 432
1617120 432
1617130 432
1617140 432
1617150 431
1617160 431
1617170 431
1617180 431
1617190 431
1617200 430
1617210 430
1617220 430
1617230 430
1617240 429
1617250 429
1617260 429
1617270 428
1617280 428
1617290 428
1617300 428
1617310 428
1617320 428
1617330 427
1617340 427
1617350 427
1617360 427
1617370 427
1617380 426
1617390 426
1617400 426
1617410 426
1617420 425
1617430 425
1617440 425
1617450 425
1617460 425
1617470 424
1617480 424
1617490 424
1617500 423
1617510 421
1617520 421
1617530 418
1617540 418
1617550 418
1617560 418
1617570 418
1617580 418
1617590 418
1617600 418
1617610 418
1617620 417
1617630 417
1617640 417
1617650 416
1617660 416
1617670 416
1617680 415
1617690 415
1617700 415
1617710 415
1617720 415
1617730 415
1617740 414
1617750 414
1617760 414
1617770 412
1617780 412
1617790 412
1617800 412
1617810 412
1617820 412
1617830 411
1617840 411
1617850 411
1617860 411
1617870 411
1617880 411
1617890 410
1617900 409
1617910 409
1617920 409
1617930 409
1617940 409
1617950 408
1617960 408
1617970 408
1617980 407
1617990 406
1618000 406
1618010 405
1618020 405
1618030 405
1618040 405
1618050 406
1618060 406
1618070 407
1618080 407
1618090 407
1618100 408
1618110 408
1618120 408
1618130 408
1618140 407
1618150 407
1618160 407
1618170 407
1618180 407
1618190 408
1618200 409
1618210 409
1618220 409
1618230 409
1618240 409
1618250 409
1618260 409
1618270 409
1618280 410
1618290 410
1618300 410
1618310 410
1618320 411
1618330 411
1618340 411
1618350 411
1618360 411
1618370 412
1618380 412
1618390 412
1618400 412
1618410 412
1618420 412
1618430 412
1618440 412
1618450 412
1618460 412
1618470 412
1618480 412
1618490 412
1618500 413
1618510 413
1618520 413
1618530 413
1618540 413
1618550 414
1618560 414
1618570 414
1618580 415
1618590 415
1618600 415
1618610 416
1618620 416
1618630 416
1618640 417
1618650 417
1618660 417
1618670 418
1618680 419
1618690 419
1618700 419
1618710 420
1618720 420
1618730 421
1618740 422
1618750 422
1618760 422
1618770 423
1618780 423
1618790 424
1618800 424
1618810 424
1618820 425
1618830 425
1618840 425
1618850 425
1618860 425
1618870 425
1618880 425
1618890 425
1618900 425
1618910 426
1618920 426
1618930 426
1618940 426
1618950 425
1618960 425
1618970 425
1618980 425
1618990 425
1619000 425
1619010 425
1619020 425
1619030 424
1619040 424
1619050 424
1619060 424
1619070 424
1619080 423
1619090 423
1619100 423
1619110 423
1619120 422
1619130 422
1619140 421
1619150 421
1619160 421
1619170 420
1619180 420
1619190 420
1619200 419
1619210 418
1619220 418
1619230 416
1619240 414
1619250 414
1619260 412
1619270 410
1619280 410
1619290 408
1619300 406
1619310 406
1619320 405
1619330 404
1619340 404
1619350 405
1619360 407
1619370 407
1619380 408
1619390 408
1619400 408
1619410 406
1619420 402
1619430 402
1619440 400
1619450 397
1619460 397
1619470 395
1619480 392
1619490 392
1619500 389
1619510 386
1619520 386
1619530 383
1619540 380
1619550 380
1619560 378
1619570 377
1619580 377
1619590 377
1619600 376
1619610 376
1619620 374
1619630 372
1619640 372
1619650 371
1619660 370
1619670 370
1619680 369
1619690 367
1619700 366
1619710 366
1619720 365
1619730 365
1619740 364
1619750 363
1619760 363
1619770 362
1619780 361
1619790 361
1619800 361
1619810 360
1619820 360
1619830 359
1619840 359
1619850 359
1619860 358
1619870 357
1619880 357
1619890 356
1619900 355
1619910 355
1619920 354
1619930 353
1619940 353
1619950 353
1619960 352
1619970 352
1619980 351
1619990 351
