1600000 444
1600010 444
1600020 444
1600030 444
1600040 444
1600050 444
1600060 444
1600070 444
1600080 445
1600090 445
1600100 445
1600110 445
1600120 446
1600130 446
1600140 446
1600150 446
1600160 446
1600170 446
1600180 446
1600190 446
1600200 446
1600210 446
1600220 446
1600230 446
1600240 446
1600250 446
1600260 446
1600270 446
1600280 446
1600290 445
1600300 445
1600310 445
1600320 445
1600330 445
1600340 445
1600350 445
1600360 444
1600370 444
1600380 444
1600390 444
1600400 444
1600410 444
1600420 443
1600430 443
1600440 443
1600450 443
1600460 443
1600470 443
1600480 443
1600490 443
1600500 442
1600510 441
1600520 441
1600530 440
1600540 439
1600550 439
1600560 438
1600570 437
1600580 437
1600590 436
1600600 435
1600610 435
1600620 434
1600630 432
1600640 432
1600650 430
1600660 427
1600670 427
1600680 425
1600690 424
1600700 424
1600710 422
1600720 420
1600730 420
1600740 419
1600750 418
1600760 418
1600770 417
1600780 416
1600790 416
1600800 416
1600810 416
1600820 416
1600830 416
1600840 417
1600850 417
1600860 419
1600870 421
1600880 422
1600890 424
1600900 425
1600910 425
1600920 427
1600930 429
1600940 429
1600950 431
1600960 433
1600970 433
1600980 434
1600990 435
1601000 435
1601010 437
1601020 438
1601030 438
1601040 438
1601050 438
1601060 438
1601070 439
1601080 439
1601090 439
1601100 439
1601110 439
1601120 439
1601130 439
1601140 439
1601150 439
1601160 438
1601170 438
1601180 438
1601190 437
1601200 436
1601210 436
1601220 435
1601230 434
1601240 434
1601250 433
1601260 431
1601270 431
1601280 430
1601290 429
1601300 429
1601310 428
1601320 427
1601330 427
1601340 426
1601350 426
1601360 426
1601370 425
1601380 424
1601390 424
1601400 424
1601410 423
1601420 423
1601430 422
1601440 422
1601450 422
1601460 421
1601470 421
1601480 421
1601490 420
1601500 420
1601510 420
1601520 419
1601530 419
1601540 419
1601550 418
1601560 418
1601570 418
1601580 417
1601590 417
1601600 417
1601610 417
1601620 416
1601630 416
1601640 416
1601650 415
1601660 415
1601670 415
1601680 414
1601690 414
1601700 414
1601710 413
1601720 413
1601730 413
1601740 412
1601750 412
1601760 412
1601770 411
1601780 411
1601790 411
1601800 410
1601810 410
1601820 409
1601830 408
1601840 408
1601850 407
1601860 407
1601870 407
1601880 406
1601890 405
1601900 405
1601910 404
1601920 403
1601930 403
1601940 402
1601950 401
1601960 401
1601970 400
1601980 399
1601990 397
1602000 396
1602010 395
1602020 395
1602030 393
1602040 392
1602050 392
1602060 391
1602070 390
1602080 390
1602090 388
1602100 386
1602110 386
1602120 385
1602130 384
1602140 384
1602150 383
1602160 381
1602170 381
1602180 380
1602190 379
1602200 379
1602210 379
1602220 379
1602230 379
1602240 378
1602250 379
1602260 379
1602270 378
1602280 378
1602290 378
1602300 377
1602310 377
1602320 377
1602330 376
1602340 376
1602350 376
1602360 376
1602370 376
1602380 376
1602390 376
1602400 376
1602410 376
1602420 376
1602430 376
1602440 375
1602450 375
1602460 375
1602470 374
1602480 374
1602490 374
1602500 374
1602510 373
1602520 373
1602530 373
1602540 373
1602550 373
1602560 371
1602570 368
1602580 368
1602590 366
1602600 365
1602610 365
1602620 364
1602630 366
1602640 366
1602650 370
1602660 374
1602670 374
1602680 377
1602690 378
1602700 378
1602710 382
1602720 385
1602730 385
1602740 386
1602750 386
1602760 386
1602770 387
1602780 388
1602790 388
1602800 388
1602810 388
1602820 388
1602830 389
1602840 389
1602850 389
1602860 389
1602870 389
1602880 389
1602890 389
1602900 389
1602910 389
1602920 389
1602930 389
1602940 389
1602950 389
1602960 389
1602970 389
1602980 388
1602990 387
1603000 387
1603010 388
1603020 388
1603030 388
1603040 388
1603050 388
1603060 388
1603070 387
1603080 386
1603090 386
1603100 386
1603110 385
1603120 385
1603130 384
1603140 385
1603150 385
1603160 385
1603170 386
1603180 386
1603190 385
1603200 385
1603210 385
1603220 384
1603230 382
1603240 382
1603250 381
1603260 380
1603270 380
1603280 379
1603290 378
1603300 378
1603310 377
1603320 376
1603330 376
1603340 376
1603350 376
1603360 376
1603370 375
1603380 375
1603390 375
1603400 374
1603410 374
1603420 374
1603430 373
1603440 373
1603450 373
1603460 373
1603470 372
1603480 372
1603490 372
1603500 372
1603510 372
1603520 371
1603530 371
1603540 371
1603550 371
1603560 371
1603570 371
1603580 372
1603590 372
1603600 372
1603610 372
1603620 372
1603630 372
1603640 372
1603650 372
1603660 372
1603670 371
1603680 370
1603690 370
1603700 368
1603710 367
1603720 367
1603730 365
1603740 363
1603750 363
1603760 362
1603770 360
1603780 360
1603790 357
1603800 354
1603810 354
1603820 352
1603830 350
1603840 350
1603850 347
1603860 345
1603870 345
1603880 344
1603890 342
1603900 342
1603910 341
1603920 340
1603930 340
1603940 338
1603950 338
1603960 338
1603970 337
1603980 336
1603990 336
1604000 336
1604010 336
1604020 336
1604030 335
1604040 335
1604050 335
1604060 335
1604070 335
1604080 335
1604090 334
1604100 334
1604110 334
1604120 333
1604130 334
1604140 334
1604150 334
1604160 333
1604170 333
1604180 332
1604190 332
1604200 332
1604210 332
1604220 331
1604230 331
1604240 330
1604250 330
1604260 330
1604270 329
1604280 329
1604290 329
1604300 329
1604310 328
1604320 328
1604330 328
1604340 328
1604350 328
1604360 328
1604370 327
1604380 327
1604390 327
1604400 327
1604410 327
1604420 327
1604430 327
1604440 327
1604450 327
1604460 327
1604470 327
1604480 327
1604490 327
1604500 327
1604510 326
1604520 326
1604530 326
1604540 326
1604550 325
1604560 325
1604570 325
1604580 325
1604590 325
1604600 325
1604610 325
1604620 325
1604630 325
1604640 325
1604650 325
1604660 325
1604670 325
1604680 325
1604690 325
1604700 325
1604710 325
1604720 325
1604730 325
1604740 325
1604750 325
1604760 325
1604770 325
1604780 325
1604790 325
1604800 325
1604810 325
1604820 325
1604830 325
1604840 325
1604850 325
1604860 325
1604870 325
1604880 325
1604890 325
1604900 325
1604910 325
1604920 325
1604930 325
1604940 325
1604950 325
1604960 325
1604970 326
1604980 326
1604990 326
1605000 325
1605010 325
1605020 325
1605030 325
1605040 325
1605050 325
1605060 325
1605070 325
1605080 325
1605090 325
1605100 325
1605110 325
1605120 325
1605130 325
1605140 325
1605150 324
1605160 324
1605170 324
1605180 326
1605190 326
1605200 327
1605210 328
1605220 328
1605230 328
1605240 328
1605250 328
1605260 329
1605270 329
1605280 329
1605290 329
1605300 329
1605310 329
1605320 330
1605330 330
1605340 330
1605350 330
1605360 330
1605370 330
1605380 330
1605390 330
1605400 330
1605410 330
1605420 330
1605430 330
1605440 331
1605450 331
1605460 331
1605470 331
1605480 331
1605490 331
1605500 331
1605510 331
1605520 331
1605530 331
1605540 331
1605550 331
1605560 331
1605570 331
1605580 331
1605590 330
1605600 330
1605610 330
1605620 330
1605630 330
1605640 330
1605650 331
1605660 331
1605670 330
1605680 330
1605690 330
1605700 330
1605710 330
1605720 330
1605730 330
1605740 330
1605750 330
1605760 330
1605770 330
1605780 330
1605790 330
1605800 330
1605810 330
1605820 330
1605830 331
1605840 331
1605850 331
1605860 331
1605870 331
1605880 331
1605890 331
1605900 331
1605910 331
1605920 331
1605930 331
1605940 331
1605950 331
1605960 331
1605970 331
1605980 332
1605990 332
1606000 332
1606010 332
1606020 332
1606030 332
1606040 332
1606050 332
1606060 332
1606070 332
1606080 332
1606090 331
1606100 331
1606110 331
1606120 331
1606130 331
1606140 331
1606150 330
1606160 330
1606170 330
1606180 330
1606190 330
1606200 330
1606210 330
1606220 330
1606230 330
1606240 330
1606250 330
1606260 330
1606270 330
1606280 331
1606290 331
1606300 331
1606310 332
1606320 332
1606330 332
1606340 332
1606350 332
1606360 333
1606370 333
1606380 333
1606390 333
1606400 334
1606410 334
1606420 334
1606430 334
1606440 334
1606450 334
1606460 335
1606470 335
1606480 335
1606490 335
1606500 335
1606510 335
1606520 335
1606530 335
1606540 335
1606550 335
1606560 335
1606570 335
1606580 335
1606590 335
1606600 335
1606610 334
1606620 334
1606630 334
1606640 334
1606650 334
1606660 334
1606670 334
1606680 334
1606690 334
1606700 334
1606710 334
1606720 334
1606730 334
1606740 334
1606750 334
1606760 334
1606770 334
1606780 334
1606790 334
1606800 334
1606810 334
1606820 334
1606830 334
1606840 334
1606850 334
1606860 334
1606870 334
1606880 334
1606890 334
1606900 334
1606910 334
1606920 334
1606930 334
1606940 334
1606950 334
1606960 334
1606970 334
1606980 334
1606990 334
1607000 333
1607010 333
1607020 333
1607030 333
1607040 333
1607050 333
1607060 332
1607070 332
1607080 332
1607090 332
1607100 332
1607110 332
1607120 332
1607130 332
1607140 334
1607150 335
1607160 335
1607170 335
1607180 336
1607190 336
1607200 338
1607210 338
1607220 338
1607230 339
1607240 339
1607250 339
1607260 340
1607270 340
1607280 340
1607290 340
1607300 341
1607310 341
1607320 341
1607330 342
1607340 342
1607350 342
1607360 342
1607370 342
1607380 343
1607390 343
1607400 344
1607410 344
1607420 344
1607430 344
1607440 344
1607450 345
1607460 345
1607470 345
1607480 345
1607490 345
1607500 346
1607510 346
1607520 346
1607530 346
1607540 347
1607550 347
1607560 347
1607570 348
1607580 348
1607590 348
1607600 348
1607610 348
1607620 349
1607630 349
1607640 349
1607650 349
1607660 349
1607670 349
1607680 349
1607690 349
1607700 349
1607710 349
1607720 349
1607730 349
1607740 349
1607750 349
1607760 349
1607770 349
1607780 349
1607790 349
1607800 349
1607810 349
1607820 349
1607830 349
1607840 349
1607850 349
1607860 349
1607870 349
1607880 349
1607890 349
1607900 348
1607910 348
1607920 348
1607930 348
1607940 348
1607950 347
1607960 346
1607970 346
1607980 346
1607990 345
1608000 345
1608010 344
1608020 343
1608030 343
1608040 343
1608050 342
1608060 342
1608070 341
1608080 340
1608090 340
1608100 339
1608110 338
1608120 338
1608130 338
1608140 337
1608150 337
1608160 336
1608170 336
1608180 336
1608190 335
1608200 335
1608210 335
1608220 335
1608230 335
1608240 335
1608250 335
1608260 337
1608270 337
1608280 339
1608290 341
1608300 341
1608310 342
1608320 343
1608330 343
1608340 344
1608350 345
1608360 345
1608370 347
1608380 348
1608390 348
1608400 349
1608410 350
1608420 350
1608430 350
1608440 351
1608450 352
1608460 352
1608470 353
1608480 353
1608490 354
1608500 354
1608510 354
1608520 355
1608530 355
1608540 355
1608550 356
1608560 356
1608570 356
1608580 357
1608590 358
1608600 358
1608610 358
1608620 359
1608630 359
1608640 359
1608650 359
1608660 359
1608670 360
1608680 360
1608690 360
1608700 361
1608710 361
1608720 361
1608730 361
1608740 361
1608750 361
1608760 360
1608770 360
1608780 360
1608790 359
1608800 359
1608810 359
1608820 358
1608830 358
1608840 357
1608850 356
1608860 356
1608870 355
1608880 354
1608890 354
1608900 354
1608910 353
1608920 353
1608930 352
1608940 351
1608950 351
1608960 350
1608970 348
1608980 348
1608990 346
1609000 344
1609010 344
1609020 343
1609030 342
1609040 342
1609050 341
1609060 340
1609070 340
1609080 339
1609090 339
1609100 339
1609110 338
1609120 337
1609130 337
1609140 337
1609150 336
1609160 336
1609170 336
1609180 335
1609190 335
1609200 336
1609210 336
1609220 336
1609230 336
1609240 337
1609250 337
1609260 340
1609270 345
1609280 345
1609290 346
1609300 346
1609310 346
1609320 346
1609330 346
1609340 346
1609350 346
1609360 345
1609370 345
1609380 345
1609390 344
1609400 344
1609410 342
1609420 341
1609430 341
1609440 340
1609450 339
1609460 339
1609470 337
1609480 332
1609490 332
1609500 332
1609510 329
1609520 329
1609530 326
1609540 320
1609550 320
1609560 312
1609570 307
1609580 307
1609590 306
1609600 307
1609610 307
1609620 308
1609630 309
1609640 309
1609650 312
1609660 318
1609670 318
1609680 324
1609690 328
1609700 328
1609710 330
1609720 333
1609730 333
1609740 335
1609750 336
1609760 336
1609770 337
1609780 337
1609790 337
1609800 337
1609810 337
1609820 337
1609830 337
1609840 338
1609850 338
1609860 338
1609870 338
1609880 338
1609890 339
1609900 339
1609910 339
1609920 339
1609930 338
1609940 338
1609950 337
1609960 335
1609970 335
1609980 332
1609990 330
1610000 330
1610010 329
1610020 327
1610030 327
1610040 326
1610050 324
1610060 324
1610070 324
1610080 324
1610090 324
1610100 325
1610110 327
1610120 327
1610130 329
1610140 332
1610150 332
1610160 335
1610170 337
1610180 337
1610190 337
1610200 338
1610210 338
1610220 338
1610230 338
1610240 338
1610250 338
1610260 339
1610270 339
1610280 339
1610290 339
1610300 339
1610310 339
1610320 339
1610330 339
1610340 339
1610350 339
1610360 339
1610370 338
1610380 338
1610390 338
1610400 338
1610410 339
1610420 339
1610430 339
1610440 339
1610450 339
1610460 339
1610470 339
1610480 339
1610490 340
1610500 340
1610510 340
1610520 340
1610530 338
1610540 338
1610550 338
1610560 337
1610570 337
1610580 337
1610590 337
1610600 337
1610610 338
1610620 338
1610630 338
1610640 338
1610650 338
1610660 338
1610670 339
1610680 339
1610690 339
1610700 339
1610710 339
1610720 339
1610730 340
1610740 340
1610750 340
1610760 340
1610770 341
1610780 341
1610790 341
1610800 341
1610810 341
1610820 342
1610830 341
1610840 341
1610850 341
1610860 342
1610870 342
1610880 344
1610890 345
1610900 345
1610910 345
1610920 346
1610930 346
1610940 346
1610950 347
1610960 347
1610970 347
1610980 347
1610990 347
1611000 348
1611010 348
1611020 348
1611030 348
1611040 350
1611050 350
1611060 350
1611070 350
1611080 350
1611090 350
1611100 351
1611110 351
1611120 350
1611130 350
1611140 350
1611150 351
1611160 351
1611170 351
1611180 350
1611190 351
1611200 351
1611210 351
1611220 351
1611230 351
1611240 351
1611250 351
1611260 351
1611270 351
1611280 351
1611290 351
1611300 352
1611310 353
1611320 353
1611330 354
1611340 354
1611350 354
1611360 355
1611370 356
1611380 356
1611390 357
1611400 357
1611410 357
1611420 358
1611430 358
1611440 358
1611450 359
1611460 359
1611470 359
1611480 360
1611490 360
1611500 360
1611510 361
1611520 361
1611530 361
1611540 362
1611550 362
1611560 362
1611570 362
1611580 363
1611590 363
1611600 363
1611610 363
1611620 363
1611630 363
1611640 363
1611650 363
1611660 363
1611670 363
1611680 363
1611690 363
1611700 363
1611710 363
1611720 363
1611730 363
1611740 363
1611750 363
1611760 362
1611770 362
1611780 362
1611790 362
1611800 362
1611810 362
1611820 362
1611830 361
1611840 361
1611850 361
1611860 361
1611870 360
1611880 360
1611890 360
1611900 359
1611910 359
1611920 359
1611930 359
1611940 359
1611950 358
1611960 356
1611970 356
1611980 354
1611990 352
1612000 352
1612010 350
1612020 349
1612030 349
1612040 348
1612050 346
1612060 346
1612070 345
1612080 343
1612090 343
1612100 342
1612110 342
1612120 342
1612130 343
1612140 343
1612150 343
1612160 343
1612170 346
1612180 346
1612190 349
1612200 352
1612210 352
1612220 353
1612230 354
1612240 354
1612250 355
1612260 356
1612270 356
1612280 358
1612290 358
1612300 358
1612310 359
1612320 359
1612330 359
1612340 360
1612350 362
1612360 362
1612370 363
1612380 364
1612390 364
1612400 366
1612410 367
1612420 367
1612430 368
1612440 369
1612450 369
1612460 371
1612470 371
1612480 371
1612490 372
1612500 373
1612510 373
1612520 374
1612530 374
1612540 374
1612550 375
1612560 376
1612570 376
1612580 376
1612590 377
1612600 377
1612610 377
1612620 376
1612630 376
1612640 376
1612650 376
1612660 376
1612670 375
1612680 375
1612690 375
1612700 375
1612710 375
1612720 375
1612730 374
1612740 373
1612750 373
1612760 372
1612770 370
1612780 370
1612790 369
1612800 368
1612810 368
1612820 368
1612830 366
1612840 366
1612850 365
1612860 363
1612870 363
1612880 361
1612890 360
1612900 360
1612910 358
1612920 357
1612930 357
1612940 356
1612950 355
1612960 355
1612970 354
1612980 354
1612990 354
1613000 353
1613010 352
1613020 352
1613030 351
1613040 351
1613050 351
1613060 351
1613070 352
1613080 352
1613090 353
1613100 353
1613110 353
1613120 354
1613130 354
1613140 354
1613150 354
1613160 353
1613170 353
1613180 353
1613190 352
1613200 352
1613210 352
1613220 351
1613230 351
1613240 350
1613250 349
1613260 349
1613270 349
1613280 350
1613290 350
1613300 351
1613310 351
1613320 351
1613330 351
1613340 351
1613350 351
1613360 351
1613370 351
1613380 351
1613390 352
1613400 352
1613410 352
1613420 353
1613430 354
1613440 354
1613450 355
1613460 356
1613470 356
1613480 356
1613490 357
1613500 357
1613510 358
1613520 359
1613530 359
1613540 361
1613550 363
1613560 363
1613570 367
1613580 371
1613590 372
1613600 376
1613610 379
1613620 379
1613630 381
1613640 384
1613650 384
1613660 386
1613670 389
1613680 389
1613690 391
1613700 392
1613710 392
1613720 394
1613730 397
1613740 397
1613750 398
1613760 400
1613770 400
1613780 399
1613790 398
1613800 398
1613810 398
1613820 398
1613830 398
1613840 400
1613850 405
1613860 405
1613870 408
1613880 408
1613890 408
1613900 409
1613910 410
1613920 410
1613930 411
1613940 412
1613950 412
1613960 414
1613970 415
1613980 415
1613990 416
1614000 417
1614010 417
1614020 418
1614030 419
1614040 419
1614050 420
1614060 420
1614070 420
1614080 421
1614090 422
1614100 422
1614110 423
1614120 423
1614130 423
1614140 424
1614150 424
1614160 424
1614170 425
1614180 426
1614190 426
1614200 426
1614210 427
1614220 427
1614230 428
1614240 429
1614250 429
1614260 430
1614270 431
1614280 431
1614290 432
1614300 434
1614310 434
1614320 436
1614330 437
1614340 437
1614350 438
1614360 439
1614370 439
1614380 441
1614390 442
1614400 442
1614410 444
1614420 445
1614430 445
1614440 447
1614450 448
1614460 448
1614470 450
1614480 451
1614490 451
1614500 453
1614510 454
1614520 454
1614530 456
1614540 458
1614550 458
1614560 460
1614570 459
1614580 459
1614590 460
1614600 463
1614610 463
1614620 464
1614630 464
1614640 464
1614650 464
1614660 465
1614670 465
1614680 464
1614690 464
1614700 464
1614710 464
1614720 463
1614730 463
1614740 463
1614750 463
1614760 463
1614770 463
1614780 463
1614790 463
1614800 463
1614810 463
1614820 463
1614830 463
1614840 463
1614850 463
1614860 463
1614870 463
1614880 463
1614890 462
1614900 461
1614910 461
1614920 462
1614930 464
1614940 464
1614950 464
1614960 464
1614970 464
1614980 464
1614990 464
1615000 464
1615010 464
1615020 464
1615030 464
1615040 464
1615050 464
1615060 464
1615070 463
1615080 463
1615090 462
1615100 462
1615110 462
1615120 463
1615130 463
1615140 463
1615150 463
1615160 463
1615170 463
1615180 463
1615190 463
1615200 463
1615210 463
1615220 462
1615230 462
1615240 462
1615250 461
1615260 461
1615270 461
1615280 460
1615290 460
1615300 460
1615310 460
1615320 460
1615330 460
1615340 459
1615350 459
1615360 459
1615370 458
1615380 458
1615390 457
1615400 457
1615410 457
1615420 456
1615430 455
1615440 455
1615450 454
1615460 454
1615470 454
1615480 453
1615490 452
1615500 452
1615510 451
1615520 449
1615530 449
1615540 447
1615550 445
1615560 445
1615570 442
1615580 439
1615590 439
1615600 437
1615610 434
1615620 434
1615630 433
1615640 432
1615650 432
1615660 431
1615670 430
1615680 430
1615690 428
1615700 427
1615710 427
1615720 424
1615730 421
1615740 421
1615750 419
1615760 416
1615770 416
1615780 412
1615790 408
1615800 408
1615810 402
1615820 398
1615830 398
1615840 395
1615850 392
1615860 392
1615870 389
1615880 388
1615890 388
1615900 387
1615910 385
1615920 385
1615930 386
1615940 386
1615950 386
1615960 387
1615970 388
1615980 388
1615990 391
1616000 397
1616010 397
1616020 402
1616030 407
1616040 407
1616050 411
1616060 413
1616070 413
1616080 414
1616090 414
1616100 414
1616110 415
1616120 418
1616130 418
1616140 421
1616150 424
1616160 424
1616170 426
1616180 428
1616190 428
1616200 428
1616210 429
1616220 429
1616230 430
1616240 431
1616250 431
1616260 432
1616270 433
1616280 433
1616290 434
1616300 436
1616310 436
1616320 436
1616330 436
1616340 436
1616350 436
1616360 436
1616370 436
1616380 436
1616390 437
1616400 437
1616410 436
1616420 436
1616430 436
1616440 436
1616450 436
1616460 436
1616470 436
1616480 435
1616490 435
1616500 435
1616510 435
1616520 435
1616530 435
1616540 436
1616550 436
1616560 436
1616570 436
1616580 436
1616590 436
1616600 436
1616610 436
1616620 436
1616630 436
1616640 436
1616650 436
1616660 436
1616670 436
1616680 435
1616690 435
1616700 435
1616710 435
1616720 435
1616730 435
1616740 435
1616750 435
1616760 435
1616770 435
1616780 435
1616790 435
1616800 434
1616810 434
1616820 434
1616830 434
1616840 434
1616850 434
1616860 434
1616870 433
1616880 433
1616890 432
1616900 432
1616910 432
1616920 432
1616930 431
1616940 431
1616950 431
1616960 431
1616970 431
1616980 430
1616990 430
1617000 430
1617010 430
1617020 428
1617030 428
1617040 425
1617050 422
1617060 422
1617070 421
1617080 422
1617090 422
1617100 424
1617110 426
1617120 426
1617130 426
1617140 426
1617150 426
1617160 426
1617170 426
1617180 426
1617190 425
1617200 425
1617210 425
1617220 425
1617230 424
1617240 424
1617250 424
1617260 424
1617270 424
1617280 424
1617290 424
1617300 424
1617310 423
1617320 423
1617330 423
1617340 423
1617350 423
1617360 423
1617370 422
1617380 422
1617390 422
1617400 422
1617410 423
1617420 423
1617430 423
1617440 422
1617450 422
1617460 422
1617470 422
1617480 422
1617490 422
1617500 423
1617510 423
1617520 423
1617530 423
1617540 423
1617550 423
1617560 423
1617570 423
1617580 423
1617590 424
1617600 424
1617610 424
1617620 424
1617630 424
1617640 424
1617650 424
1617660 424
1617670 424
1617680 424
1617690 424
1617700 424
1617710 424
1617720 424
1617730 425
1617740 425
1617750 425
1617760 425
1617770 426
1617780 426
1617790 426
1617800 426
1617810 426
1617820 426
1617830 427
1617840 427
1617850 427
1617860 427
1617870 427
1617880 427
1617890 427
1617900 427
1617910 427
1617920 427
1617930 427
1617940 427
1617950 427
1617960 427
1617970 428
1617980 428
1617990 428
1618000 428
1618010 428
1618020 428
1618030 429
1618040 429
1618050 429
1618060 429
1618070 429
1618080 429
1618090 429
1618100 429
1618110 429
1618120 429
1618130 429
1618140 429
1618150 429
1618160 429
1618170 429
1618180 430
1618190 430
1618200 430
1618210 430
1618220 430
1618230 430
1618240 430
1618250 430
1618260 430
1618270 430
1618280 430
1618290 430
1618300 430
1618310 430
1618320 430
1618330 430
1618340 430
1618350 430
1618360 430
1618370 430
1618380 430
1618390 430
1618400 430
1618410 430
1618420 430
1618430 430
1618440 430
1618450 430
1618460 430
1618470 430
1618480 430
1618490 430
1618500 430
1618510 430
1618520 430
1618530 430
1618540 430
1618550 430
1618560 430
1618570 430
1618580 430
1618590 430
1618600 430
1618610 430
1618620 429
1618630 429
1618640 429
1618650 429
1618660 428
1618670 428
1618680 428
1618690 427
1618700 427
1618710 427
1618720 427
1618730 427
1618740 426
1618750 426
1618760 426
1618770 426
1618780 426
1618790 426
1618800 426
1618810 426
1618820 426
1618830 425
1618840 425
1618850 425
1618860 425
1618870 424
1618880 424
1618890 422
1618900 422
1618910 422
1618920 421
1618930 420
1618940 420
1618950 418
1618960 417
1618970 417
1618980 416
1618990 415
1619000 415
1619010 414
1619020 412
1619030 412
1619040 411
1619050 409
1619060 409
1619070 408
1619080 407
1619090 407
1619100 406
1619110 404
1619120 404
1619130 403
1619140 400
1619150 400
1619160 397
1619170 394
1619180 394
1619190 391
1619200 388
1619210 388
1619220 384
1619230 381
1619240 381
1619250 378
1619260 376
1619270 376
1619280 375
1619290 373
1619300 373
1619310 372
1619320 371
1619330 371
1619340 370
1619350 370
1619360 370
1619370 370
1619380 369
1619390 369
1619400 369
1619410 369
1619420 369
1619430 370
1619440 370
1619450 370
1619460 371
1619470 371
1619480 371
1619490 371
1619500 372
1619510 372
1619520 372
1619530 372
1619540 372
1619550 372
1619560 371
1619570 371
1619580 370
1619590 369
1619600 369
1619610 367
1619620 366
1619630 366
1619640 364
1619650 362
1619660 362
1619670 360
1619680 358
1619690 358
1619700 356
1619710 356
1619720 356
1619730 355
1619740 355
1619750 355
1619760 354
1619770 353
1619780 353
1619790 353
1619800 352
1619810 352
1619820 352
1619830 351
1619840 351
1619850 351
1619860 351
1619870 351
1619880 351
1619890 352
1619900 352
1619910 352
1619920 352
1619930 352
1619940 352
1619950 351
1619960 351
1619970 352
1619980 352
1619990 352
