1600000 497
1600010 497
1600020 497
1600030 497
1600040 497
1600050 496
1600060 496
1600070 496
1600080 495
1600090 495
1600100 494
1600110 492
1600120 492
1600130 491
1600140 490
1600150 490
1600160 489
1600170 488
1600180 488
1600190 487
1600200 485
1600210 485
1600220 484
1600230 482
1600240 482
1600250 483
1600260 482
1600270 482
1600280 482
1600290 481
1600300 481
1600310 480
1600320 479
1600330 479
1600340 477
1600350 476
1600360 476
1600370 474
1600380 472
1600390 472
1600400 470
1600410 468
1600420 468
1600430 465
1600440 461
1600450 461
1600460 458
1600470 455
1600480 455
1600490 452
1600500 451
1600510 451
1600520 449
1600530 447
1600540 447
1600550 445
1600560 445
1600570 445
1600580 445
1600590 445
1600600 445
1600610 446
1600620 446
1600630 446
1600640 446
1600650 446
1600660 446
1600670 447
1600680 448
1600690 448
1600700 449
1600710 450
1600720 450
1600730 451
1600740 452
1600750 452
1600760 453
1600770 453
1600780 453
1600790 453
1600800 454
1600810 454
1600820 454
1600830 454
1600840 454
1600850 454
1600860 454
1600870 454
1600880 454
1600890 454
1600900 454
1600910 454
1600920 453
1600930 453
1600940 453
1600950 452
1600960 452
1600970 452
1600980 452
1600990 452
1601000 451
1601010 451
1601020 451
1601030 451
1601040 451
1601050 451
1601060 451
1601070 452
1601080 452
1601090 452
1601100 452
1601110 452
1601120 453
1601130 453
1601140 453
1601150 454
1601160 455
1601170 455
1601180 457
1601190 458
1601200 458
1601210 459
1601220 460
1601230 460
1601240 461
1601250 463
1601260 463
1601270 464
1601280 465
1601290 465
1601300 466
1601310 468
1601320 468
1601330 469
1601340 469
1601350 469
1601360 470
1601370 471
1601380 471
1601390 471
1601400 471
1601410 471
1601420 472
1601430 472
1601440 472
1601450 472
1601460 473
1601470 473
1601480 473
1601490 473
1601500 473
1601510 473
1601520 474
1601530 474
1601540 473
1601550 473
1601560 473
1601570 472
1601580 471
1601590 471
1601600 470
1601610 469
1601620 469
1601630 468
1601640 467
1601650 467
1601660 466
1601670 464
1601680 464
1601690 463
1601700 462
1601710 462
1601720 460
1601730 459
1601740 459
1601750 456
1601760 454
1601770 454
1601780 451
1601790 448
1601800 448
1601810 445
1601820 442
1601830 442
1601840 440
1601850 438
1601860 438
1601870 437
1601880 435
1601890 435
1601900 434
1601910 433
1601920 433
1601930 432
1601940 431
1601950 431
1601960 430
1601970 430
1601980 430
1601990 430
1602000 429
1602010 429
1602020 430
1602030 430
1602040 430
1602050 430
1602060 431
1602070 431
1602080 431
1602090 431
1602100 431
1602110 431
1602120 431
1602130 431
1602140 430
1602150 429
1602160 429
1602170 428
1602180 427
1602190 427
1602200 426
1602210 425
1602220 425
1602230 425
1602240 426
1602250 426
1602260 427
1602270 427
1602280 427
1602290 427
1602300 426
1602310 426
1602320 426
1602330 425
1602340 425
1602350 424
1602360 423
1602370 423
1602380 421
1602390 419
1602400 419
1602410 418
1602420 417
1602430 417
1602440 416
1602450 415
1602460 415
1602470 413
1602480 405
1602490 405
1602500 402
1602510 399
1602520 399
1602530 396
1602540 394
1602550 394
1602560 392
1602570 391
1602580 391
1602590 390
1602600 390
1602610 389
1602620 388
1602630 388
1602640 387
1602650 387
1602660 387
1602670 386
1602680 385
1602690 385
1602700 384
1602710 382
1602720 382
1602730 381
1602740 379
1602750 379
1602760 378
1602770 377
1602780 377
1602790 375
1602800 374
1602810 374
1602820 372
1602830 370
1602840 370
1602850 368
1602860 366
1602870 366
1602880 364
1602890 362
1602900 362
1602910 358
1602920 357
1602930 357
1602940 359
1602950 360
1602960 360
1602970 360
1602980 360
1602990 360
1603000 360
1603010 359
1603020 359
1603030 359
1603040 359
1603050 359
1603060 359
1603070 359
1603080 359
1603090 359
1603100 359
1603110 359
1603120 359
1603130 360
1603140 360
1603150 360
1603160 361
1603170 361
1603180 361
1603190 361
1603200 361
1603210 361
1603220 361
1603230 361
1603240 361
1603250 361
1603260 361
1603270 361
1603280 361
1603290 361
1603300 361
1603310 361
1603320 361
1603330 361
1603340 360
1603350 360
1603360 359
1603370 357
1603380 357
1603390 350
1603400 345
1603410 345
1603420 341
1603430 337
1603440 337
1603450 337
1603460 337
1603470 337
1603480 337
1603490 337
1603500 337
1603510 337
1603520 337
1603530 337
1603540 337
1603550 337
1603560 337
1603570 337
1603580 337
1603590 337
1603600 337
1603610 337
1603620 337
1603630 337
1603640 336
1603650 336
1603660 336
1603670 336
1603680 336
1603690 336
1603700 336
1603710 336
1603720 336
1603730 336
1603740 336
1603750 336
1603760 335
1603770 335
1603780 335
1603790 335
1603800 335
1603810 336
1603820 336
1603830 336
1603840 336
1603850 336
1603860 336
1603870 336
1603880 336
1603890 336
1603900 335
1603910 335
1603920 335
1603930 334
1603940 334
1603950 334
1603960 334
1603970 334
1603980 334
1603990 335
1604000 334
1604010 334
1604020 333
1604030 334
1604040 334
1604050 333
1604060 333
1604070 333
1604080 333
1604090 333
1604100 333
1604110 333
1604120 333
1604130 333
1604140 333
1604150 334
1604160 334
1604170 334
1604180 334
1604190 334
1604200 335
1604210 335
1604220 335
1604230 336
1604240 336
1604250 336
1604260 336
1604270 336
1604280 336
1604290 338
1604300 339
1604310 339
1604320 340
1604330 341
1604340 341
1604350 342
1604360 342
1604370 342
1604380 343
1604390 344
1604400 344
1604410 345
1604420 345
1604430 345
1604440 346
1604450 347
1604460 347
1604470 349
1604480 350
1604490 350
1604500 352
1604510 353
1604520 353
1604530 355
1604540 356
1604550 356
1604560 358
1604570 359
1604580 359
1604590 360
1604600 361
1604610 361
1604620 361
1604630 362
1604640 362
1604650 362
1604660 361
1604670 361
1604680 362
1604690 362
1604700 362
1604710 362
1604720 363
1604730 363
1604740 363
1604750 363
1604760 363
1604770 364
1604780 364
1604790 364
1604800 365
1604810 366
1604820 366
1604830 366
1604840 366
1604850 366
1604860 366
1604870 366
1604880 366
1604890 367
1604900 367
1604910 367
1604920 367
1604930 368
1604940 368
1604950 368
1604960 368
1604970 368
1604980 368
1604990 368
1605000 368
1605010 369
1605020 369
1605030 369
1605040 368
1605050 368
1605060 368
1605070 368
1605080 369
1605090 369
1605100 369
1605110 370
1605120 370
1605130 370
1605140 371
1605150 371
1605160 371
1605170 372
1605180 372
1605190 372
1605200 374
1605210 374
1605220 376
1605230 378
1605240 378
1605250 378
1605260 378
1605270 378
1605280 378
1605290 379
1605300 379
1605310 381
1605320 382
1605330 382
1605340 382
1605350 383
1605360 383
1605370 382
1605380 382
1605390 382
1605400 382
1605410 382
1605420 382
1605430 381
1605440 381
1605450 381
1605460 381
1605470 381
1605480 381
1605490 381
1605500 381
1605510 381
1605520 381
1605530 381
1605540 380
1605550 382
1605560 382
1605570 384
1605580 385
1605590 385
1605600 386
1605610 386
1605620 386
1605630 386
1605640 387
1605650 387
1605660 387
1605670 388
1605680 388
1605690 387
1605700 387
1605710 387
1605720 387
1605730 386
1605740 387
1605750 386
1605760 385
1605770 385
1605780 384
1605790 383
1605800 383
1605810 382
1605820 381
1605830 381
1605840 380
1605850 379
1605860 379
1605870 378
1605880 377
1605890 377
1605900 375
1605910 374
1605920 374
1605930 372
1605940 371
1605950 371
1605960 370
1605970 368
1605980 368
1605990 367
1606000 366
1606010 366
1606020 365
1606030 364
1606040 364
1606050 363
1606060 362
1606070 362
1606080 362
1606090 361
1606100 361
1606110 361
1606120 359
1606130 359
1606140 358
1606150 357
1606160 357
1606170 357
1606180 356
1606190 356
1606200 355
1606210 355
1606220 355
1606230 354
1606240 354
1606250 354
1606260 353
1606270 353
1606280 353
1606290 354
1606300 354
1606310 354
1606320 354
1606330 354
1606340 354
1606350 355
1606360 355
1606370 355
1606380 355
1606390 355
1606400 355
1606410 356
1606420 357
1606430 357
1606440 358
1606450 360
1606460 360
1606470 361
1606480 362
1606490 362
1606500 363
1606510 364
1606520 364
1606530 365
1606540 367
1606550 367
1606560 368
1606570 369
1606580 369
1606590 370
1606600 371
1606610 371
1606620 372
1606630 373
1606640 373
1606650 374
1606660 376
1606670 376
1606680 379
1606690 379
1606700 379
1606710 380
1606720 381
1606730 381
1606740 382
1606750 383
1606760 383
1606770 384
1606780 385
1606790 385
1606800 385
1606810 386
1606820 386
1606830 386
1606840 386
1606850 386
1606860 386
1606870 386
1606880 386
1606890 386
1606900 387
1606910 387
1606920 387
1606930 387
1606940 387
1606950 388
1606960 389
1606970 389
1606980 389
1606990 390
1607000 390
1607010 391
1607020 391
1607030 391
1607040 391
1607050 392
1607060 392
1607070 392
1607080 392
1607090 392
1607100 393
1607110 393
1607120 393
1607130 393
1607140 393
1607150 393
1607160 392
1607170 392
1607180 392
1607190 392
1607200 392
1607210 392
1607220 391
1607230 391
1607240 391
1607250 390
1607260 390
1607270 390
1607280 389
1607290 389
1607300 389
1607310 389
1607320 389
1607330 389
1607340 388
1607350 388
1607360 388
1607370 386
1607380 386
1607390 386
1607400 386
1607410 385
1607420 385
1607430 385
1607440 385
1607450 385
1607460 385
1607470 384
1607480 384
1607490 384
1607500 382
1607510 382
1607520 382
1607530 382
1607540 382
1607550 383
1607560 384
1607570 384
1607580 384
1607590 384
1607600 384
1607610 385
1607620 385
1607630 385
1607640 385
1607650 385
1607660 385
1607670 385
1607680 385
1607690 385
1607700 386
1607710 386
1607720 386
1607730 386
1607740 385
1607750 385
1607760 385
1607770 384
1607780 384
1607790 384
1607800 383
1607810 383
1607820 382
1607830 381
1607840 381
1607850 381
1607860 380
1607870 379
1607880 378
1607890 378
1607900 378
1607910 378
1607920 378
1607930 378
1607940 378
1607950 378
1607960 378
1607970 378
1607980 378
1607990 378
1608000 377
1608010 377
1608020 377
1608030 377
1608040 376
1608050 376
1608060 376
1608070 376
1608080 376
1608090 376
1608100 376
1608110 376
1608120 376
1608130 376
1608140 376
1608150 376
1608160 376
1608170 376
1608180 376
1608190 376
1608200 376
1608210 375
1608220 375
1608230 375
1608240 375
1608250 375
1608260 375
1608270 375
1608280 375
1608290 375
1608300 375
1608310 375
1608320 375
1608330 375
1608340 375
1608350 375
1608360 374
1608370 374
1608380 374
1608390 374
1608400 374
1608410 373
1608420 373
1608430 373
1608440 373
1608450 373
1608460 373
1608470 372
1608480 372
1608490 372
1608500 371
1608510 369
1608520 369
1608530 368
1608540 367
1608550 367
1608560 365
1608570 364
1608580 364
1608590 363
1608600 362
1608610 362
1608620 361
1608630 361
1608640 361
1608650 360
1608660 360
1608670 360
1608680 360
1608690 360
1608700 360
1608710 360
1608720 360
1608730 360
1608740 360
1608750 360
1608760 360
1608770 360
1608780 359
1608790 359
1608800 359
1608810 359
1608820 359
1608830 359
1608840 358
1608850 358
1608860 357
1608870 356
1608880 356
1608890 356
1608900 355
1608910 355
1608920 353
1608930 353
1608940 353
1608950 352
1608960 352
1608970 352
1608980 352
1608990 351
1609000 351
1609010 350
1609020 350
1609030 350
1609040 350
1609050 349
1609060 349
1609070 349
1609080 348
1609090 348
1609100 348
1609110 347
1609120 347
1609130 346
1609140 345
1609150 345
1609160 344
1609170 344
1609180 344
1609190 345
1609200 346
1609210 346
1609220 347
1609230 349
1609240 349
1609250 349
1609260 350
1609270 350
1609280 350
1609290 350
1609300 350
1609310 352
1609320 352
1609330 352
1609340 353
1609350 354
1609360 354
1609370 355
1609380 355
1609390 355
1609400 355
1609410 356
1609420 356
1609430 356
1609440 357
1609450 357
1609460 357
1609470 357
1609480 357
1609490 357
1609500 357
1609510 357
1609520 357
1609530 357
1609540 357
1609550 357
1609560 357
1609570 357
1609580 357
1609590 356
1609600 356
1609610 356
1609620 356
1609630 356
1609640 356
1609650 356
1609660 356
1609670 356
1609680 356
1609690 356
1609700 356
1609710 356
1609720 356
1609730 356
1609740 356
1609750 356
1609760 356
1609770 356
1609780 356
1609790 356
1609800 355
1609810 355
1609820 351
1609830 347
1609840 347
1609850 346
1609860 345
1609870 345
1609880 345
1609890 346
1609900 346
1609910 348
1609920 350
1609930 350
1609940 350
1609950 350
1609960 350
1609970 350
1609980 350
1609990 350
1610000 349
1610010 349
1610020 349
1610030 348
1610040 348
1610050 348
1610060 347
1610070 347
1610080 347
1610090 346
1610100 346
1610110 346
1610120 345
1610130 346
1610140 346
1610150 347
1610160 348
1610170 348
1610180 348
1610190 347
1610200 347
1610210 346
1610220 345
1610230 345
1610240 344
1610250 343
1610260 343
1610270 342
1610280 341
1610290 341
1610300 340
1610310 339
1610320 339
1610330 338
1610340 337
1610350 337
1610360 337
1610370 335
1610380 335
1610390 334
1610400 334
1610410 334
1610420 333
1610430 332
1610440 332
1610450 332
1610460 331
1610470 331
1610480 331
1610490 331
1610500 331
1610510 330
1610520 329
1610530 329
1610540 327
1610550 325
1610560 325
1610570 322
1610580 321
1610590 321
1610600 321
1610610 321
1610620 321
1610630 321
1610640 321
1610650 321
1610660 321
1610670 322
1610680 322
1610690 322
1610700 322
1610710 322
1610720 322
1610730 322
1610740 322
1610750 322
1610760 322
1610770 322
1610780 322
1610790 322
1610800 322
1610810 322
1610820 322
1610830 322
1610840 322
1610850 323
1610860 323
1610870 323
1610880 323
1610890 323
1610900 323
1610910 324
1610920 324
1610930 325
1610940 326
1610950 326
1610960 328
1610970 329
1610980 329
1610990 330
1611000 331
1611010 331
1611020 331
1611030 332
1611040 332
1611050 333
1611060 333
1611070 333
1611080 334
1611090 334
1611100 334
1611110 335
1611120 335
1611130 335
1611140 335
1611150 336
1611160 336
1611170 337
1611180 337
1611190 337
1611200 337
1611210 337
1611220 337
1611230 337
1611240 337
1611250 338
1611260 338
1611270 338
1611280 338
1611290 338
1611300 338
1611310 339
1611320 340
1611330 340
1611340 340
1611350 340
1611360 340
1611370 340
1611380 340
1611390 340
1611400 341
1611410 341
1611420 341
1611430 341
1611440 341
1611450 341
1611460 341
1611470 341
1611480 341
1611490 341
1611500 343
1611510 343
1611520 343
1611530 343
1611540 343
1611550 343
1611560 344
1611570 344
1611580 344
1611590 344
1611600 344
1611610 344
1611620 344
1611630 344
1611640 345
1611650 345
1611660 345
1611670 345
1611680 345
1611690 345
1611700 346
1611710 346
1611720 346
1611730 346
1611740 346
1611750 346
1611760 346
1611770 346
1611780 346
1611790 345
1611800 345
1611810 345
1611820 345
1611830 345
1611840 345
1611850 345
1611860 345
1611870 345
1611880 345
1611890 345
1611900 345
1611910 345
1611920 345
1611930 345
1611940 345
1611950 345
1611960 345
1611970 345
1611980 345
1611990 345
1612000 344
1612010 344
1612020 344
1612030 344
1612040 344
1612050 344
1612060 344
1612070 343
1612080 343
1612090 343
1612100 343
1612110 343
1612120 342
1612130 342
1612140 342
1612150 342
1612160 341
1612170 341
1612180 341
1612190 341
1612200 341
1612210 340
1612220 340
1612230 340
1612240 339
1612250 339
1612260 339
1612270 339
1612280 338
1612290 338
1612300 338
1612310 338
1612320 338
1612330 338
1612340 338
1612350 338
1612360 337
1612370 337
1612380 337
1612390 337
1612400 336
1612410 336
1612420 336
1612430 336
1612440 336
1612450 336
1612460 336
1612470 336
1612480 336
1612490 335
1612500 335
1612510 335
1612520 335
1612530 335
1612540 335
1612550 334
1612560 334
1612570 334
1612580 334
1612590 334
1612600 334
1612610 334
1612620 334
1612630 334
1612640 334
1612650 334
1612660 334
1612670 333
1612680 333
1612690 333
1612700 333
1612710 333
1612720 333
1612730 333
1612740 333
1612750 333
1612760 333
1612770 333
1612780 333
1612790 333
1612800 333
1612810 333
1612820 333
1612830 333
1612840 333
1612850 333
1612860 333
1612870 333
1612880 333
1612890 333
1612900 333
1612910 333
1612920 333
1612930 333
1612940 333
1612950 333
1612960 333
1612970 333
1612980 333
1612990 333
1613000 333
1613010 333
1613020 333
1613030 333
1613040 333
1613050 333
1613060 333
1613070 333
1613080 333
1613090 333
1613100 333
1613110 333
1613120 333
1613130 333
1613140 333
1613150 333
1613160 333
1613170 333
1613180 333
1613190 333
1613200 332
1613210 332
1613220 332
1613230 332
1613240 332
1613250 332
1613260 332
1613270 332
1613280 332
1613290 332
1613300 332
1613310 332
1613320 332
1613330 332
1613340 332
1613350 332
1613360 331
1613370 331
1613380 331
1613390 332
1613400 332
1613410 332
1613420 333
1613430 333
1613440 333
1613450 332
1613460 332
1613470 332
1613480 332
1613490 332
1613500 332
1613510 332
1613520 332
1613530 332
1613540 332
1613550 332
1613560 333
1613570 333
1613580 333
1613590 333
1613600 333
1613610 333
1613620 334
1613630 334
1613640 334
1613650 334
1613660 335
1613670 335
1613680 335
1613690 335
1613700 335
1613710 336
1613720 337
1613730 337
1613740 337
1613750 337
1613760 337
1613770 337
1613780 337
1613790 337
1613800 337
1613810 339
1613820 339
1613830 341
1613840 343
1613850 343
1613860 346
1613870 347
1613880 347
1613890 349
1613900 350
1613910 350
1613920 351
1613930 352
1613940 352
1613950 353
1613960 354
1613970 354
1613980 355
1613990 355
1614000 355
1614010 356
1614020 357
1614030 357
1614040 358
1614050 359
1614060 359
1614070 360
1614080 360
1614090 361
1614100 361
1614110 361
1614120 362
1614130 363
1614140 363
1614150 363
1614160 364
1614170 364
1614180 365
1614190 366
1614200 366
1614210 366
1614220 367
1614230 367
1614240 367
1614250 367
1614260 367
1614270 368
1614280 368
1614290 368
1614300 368
1614310 369
1614320 369
1614330 369
1614340 369
1614350 369
1614360 369
1614370 369
1614380 369
1614390 369
1614400 369
1614410 369
1614420 369
1614430 369
1614440 369
1614450 370
1614460 370
1614470 370
1614480 369
1614490 369
1614500 369
1614510 368
1614520 366
1614530 366
1614540 364
1614550 363
1614560 363
1614570 362
1614580 361
1614590 361
1614600 361
1614610 360
1614620 360
1614630 359
1614640 359
1614650 359
1614660 358
1614670 358
1614680 358
1614690 358
1614700 358
1614710 358
1614720 359
1614730 359
1614740 359
1614750 360
1614760 361
1614770 361
1614780 361
1614790 362
1614800 362
1614810 363
1614820 364
1614830 364
1614840 365
1614850 366
1614860 366
1614870 367
1614880 368
1614890 368
1614900 368
1614910 369
1614920 369
1614930 369
1614940 370
1614950 370
1614960 370
1614970 371
1614980 371
1614990 371
1615000 372
1615010 372
1615020 372
1615030 372
1615040 371
1615050 371
1615060 372
1615070 372
1615080 372
1615090 372
1615100 372
1615110 373
1615120 373
1615130 373
1615140 374
1615150 374
1615160 374
1615170 374
1615180 375
1615190 375
1615200 375
1615210 376
1615220 376
1615230 376
1615240 377
1615250 377
1615260 377
1615270 378
1615280 378
1615290 379
1615300 379
1615310 379
1615320 380
1615330 381
1615340 381
1615350 382
1615360 383
1615370 383
1615380 384
1615390 384
1615400 384
1615410 385
1615420 385
1615430 385
1615440 387
1615450 388
1615460 388
1615470 390
1615480 391
1615490 391
1615500 392
1615510 393
1615520 393
1615530 394
1615540 395
1615550 395
1615560 396
1615570 397
1615580 397
1615590 397
1615600 397
1615610 397
1615620 398
1615630 398
1615640 398
1615650 398
1615660 398
1615670 398
1615680 399
1615690 399
1615700 399
1615710 400
1615720 400
1615730 400
1615740 401
1615750 401
1615760 401
1615770 400
1615780 400
1615790 400
1615800 399
1615810 398
1615820 398
1615830 397
1615840 396
1615850 396
1615860 396
1615870 395
1615880 395
1615890 395
1615900 394
1615910 394
1615920 394
1615930 393
1615940 393
1615950 393
1615960 392
1615970 392
1615980 392
1615990 392
1616000 392
1616010 391
1616020 390
1616030 390
1616040 391
1616050 395
1616060 395
1616070 399
1616080 401
1616090 401
1616100 399
1616110 395
1616120 395
1616130 394
1616140 395
1616150 395
1616160 396
1616170 397
1616180 397
1616190 398
1616200 399
1616210 399
1616220 401
1616230 402
1616240 402
1616250 403
1616260 404
1616270 404
1616280 405
1616290 406
1616300 406
1616310 406
1616320 406
1616330 406
1616340 406
1616350 406
1616360 406
1616370 406
1616380 407
1616390 407
1616400 406
1616410 407
1616420 407
1616430 407
1616440 408
1616450 408
1616460 408
1616470 408
1616480 408
1616490 409
1616500 410
1616510 410
1616520 412
1616530 413
1616540 413
1616550 414
1616560 416
1616570 416
1616580 417
1616590 418
1616600 418
1616610 418
1616620 418
1616630 418
1616640 419
1616650 420
1616660 420
1616670 421
1616680 422
1616690 422
1616700 424
1616710 425
1616720 425
1616730 427
1616740 427
1616750 427
1616760 428
1616770 429
1616780 429
1616790 429
1616800 429
1616810 429
1616820 429
1616830 430
1616840 430
1616850 430
1616860 430
1616870 430
1616880 430
1616890 431
1616900 431
1616910 431
1616920 432
1616930 432
1616940 433
1616950 433
1616960 434
1616970 434
1616980 434
1616990 435
1617000 435
1617010 435
1617020 434
1617030 433
1617040 433
1617050 428
1617060 422
1617070 422
1617080 416
1617090 410
1617100 410
1617110 404
1617120 399
1617130 399
1617140 397
1617150 396
1617160 396
1617170 398
1617180 399
1617190 399
1617200 401
1617210 405
1617220 405
1617230 410
1617240 409
1617250 409
1617260 408
1617270 406
1617280 406
1617290 405
1617300 406
1617310 406
1617320 409
1617330 412
1617340 412
1617350 414
1617360 416
1617370 416
1617380 418
1617390 421
1617400 421
1617410 422
1617420 422
1617430 422
1617440 422
1617450 423
1617460 423
1617470 425
1617480 426
1617490 426
1617500 426
1617510 427
1617520 427
1617530 427
1617540 427
1617550 427
1617560 427
1617570 427
1617580 427
1617590 427
1617600 427
1617610 427
1617620 426
1617630 426
1617640 426
1617650 426
1617660 426
1617670 426
1617680 426
1617690 426
1617700 426
1617710 425
1617720 425
1617730 425
1617740 424
1617750 424
1617760 424
1617770 423
1617780 423
1617790 423
1617800 422
1617810 422
1617820 422
1617830 422
1617840 422
1617850 422
1617860 422
1617870 421
1617880 421
1617890 421
1617900 420
1617910 420
1617920 420
1617930 420
1617940 420
1617950 420
1617960 419
1617970 419
1617980 418
1617990 417
1618000 418
1618010 418
1618020 417
1618030 417
1618040 417
1618050 417
1618060 417
1618070 417
1618080 417
1618090 417
1618100 417
1618110 417
1618120 417
1618130 417
1618140 417
1618150 417
1618160 417
1618170 417
1618180 417
1618190 417
1618200 417
1618210 417
1618220 417
1618230 417
1618240 417
1618250 417
1618260 417
1618270 417
1618280 417
1618290 416
1618300 416
1618310 415
1618320 412
1618330 412
1618340 407
1618350 402
1618360 402
1618370 399
1618380 397
1618390 397
1618400 395
1618410 394
1618420 394
1618430 392
1618440 391
1618450 391
1618460 389
1618470 388
1618480 388
1618490 386
1618500 384
1618510 384
1618520 382
1618530 381
1618540 381
1618550 380
1618560 380
1618570 380
1618580 380
1618590 380
1618600 380
1618610 379
1618620 379
1618630 379
1618640 379
1618650 379
1618660 379
1618670 379
1618680 379
1618690 379
1618700 380
1618710 381
1618720 381
1618730 382
1618740 383
1618750 383
1618760 384
1618770 386
1618780 386
1618790 387
1618800 389
1618810 389
1618820 391
1618830 393
1618840 393
1618850 396
1618860 398
1618870 398
1618880 400
1618890 402
1618900 402
1618910 404
1618920 406
1618930 406
1618940 408
1618950 410
1618960 410
1618970 414
1618980 416
1618990 416
1619000 417
1619010 418
1619020 418
1619030 420
1619040 421
1619050 421
1619060 423
1619070 424
1619080 424
1619090 426
1619100 428
1619110 428
1619120 429
1619130 431
1619140 431
1619150 433
1619160 435
1619170 435
1619180 437
1619190 438
1619200 438
1619210 439
1619220 440
1619230 440
1619240 441
1619250 442
1619260 442
1619270 442
1619280 443
1619290 443
1619300 444
1619310 443
1619320 443
1619330 443
1619340 443
1619350 443
1619360 443
1619370 443
1619380 443
1619390 442
1619400 442
1619410 442
1619420 440
1619430 437
1619440 437
1619450 436
1619460 438
1619470 438
1619480 440
1619490 441
1619500 441
1619510 442
1619520 442
1619530 442
1619540 443
1619550 443
1619560 443
1619570 443
1619580 443
1619590 443
1619600 444
1619610 444
1619620 444
1619630 444
1619640 444
1619650 444
1619660 444
1619670 444
1619680 444
1619690 444
1619700 444
1619710 444
1619720 444
1619730 443
1619740 443
1619750 443
1619760 443
1619770 443
1619780 442
1619790 442
1619800 442
1619810 441
1619820 441
1619830 441
1619840 440
1619850 440
1619860 439
1619870 438
1619880 438
1619890 437
1619900 435
1619910 435
1619920 433
1619930 430
1619940 430
1619950 427
1619960 425
1619970 425
1619980 426
1619990 429
