1600000 455
1600010 455
1600020 456
1600030 456
1600040 456
1600050 458
1600060 460
1600070 460
1600080 462
1600090 464
1600100 464
1600110 466
1600120 469
1600130 469
1600140 471
1600150 473
1600160 473
1600170 475
1600180 477
1600190 477
1600200 479
1600210 481
1600220 481
1600230 483
1600240 485
1600250 485
1600260 486
1600270 487
1600280 487
1600290 488
1600300 488
1600310 488
1600320 489
1600330 489
1600340 489
1600350 489
1600360 489
1600370 489
1600380 489
1600390 489
1600400 489
1600410 489
1600420 489
1600430 489
1600440 489
1600450 489
1600460 489
1600470 489
1600480 488
1600490 488
1600500 488
1600510 488
1600520 488
1600530 488
1600540 488
1600550 488
1600560 488
1600570 488
1600580 488
1600590 488
1600600 488
1600610 488
1600620 488
1600630 488
1600640 488
1600650 488
1600660 488
1600670 488
1600680 488
1600690 488
1600700 488
1600710 488
1600720 488
1600730 488
1600740 488
1600750 488
1600760 488
1600770 487
1600780 487
1600790 487
1600800 487
1600810 487
1600820 487
1600830 486
1600840 487
1600850 487
1600860 487
1600870 487
1600880 487
1600890 487
1600900 488
1600910 488
1600920 488
1600930 488
1600940 488
1600950 488
1600960 489
1600970 489
1600980 488
1600990 488
1601000 488
1601010 488
1601020 488
1601030 488
1601040 488
1601050 488
1601060 488
1601070 488
1601080 488
1601090 488
1601100 488
1601110 488
1601120 488
1601130 488
1601140 488
1601150 488
1601160 488
1601170 488
1601180 488
1601190 488
1601200 488
1601210 488
1601220 488
1601230 489
1601240 489
1601250 489
1601260 490
1601270 490
1601280 490
1601290 490
1601300 490
1601310 489
1601320 488
1601330 488
1601340 488
1601350 489
1601360 489
1601370 490
1601380 489
1601390 489
1601400 489
1601410 489
1601420 489
1601430 489
1601440 489
1601450 489
1601460 488
1601470 488
1601480 488
1601490 488
1601500 487
1601510 487
1601520 487
1601530 486
1601540 486
1601550 485
1601560 485
1601570 485
1601580 484
1601590 484
1601600 484
1601610 483
1601620 483
1601630 483
1601640 482
1601650 481
1601660 481
1601670 481
1601680 480
1601690 480
1601700 480
1601710 479
1601720 479
1601730 478
1601740 477
1601750 477
1601760 477
1601770 476
1601780 476
1601790 475
1601800 474
1601810 474
1601820 473
1601830 472
1601840 472
1601850 471
1601860 471
1601870 471
1601880 470
1601890 468
1601900 468
1601910 467
1601920 466
1601930 466
1601940 464
1601950 460
1601960 460
1601970 456
1601980 452
1601990 452
1602000 450
1602010 449
1602020 449
1602030 448
1602040 448
1602050 447
1602060 448
1602070 448
1602080 451
1602090 454
1602100 454
1602110 457
1602120 458
1602130 458
1602140 459
1602150 459
1602160 459
1602170 460
1602180 460
1602190 460
1602200 461
1602210 461
1602220 461
1602230 460
1602240 460
1602250 460
1602260 460
1602270 460
1602280 460
1602290 460
1602300 459
1602310 459
1602320 459
1602330 459
1602340 459
1602350 459
1602360 459
1602370 459
1602380 459
1602390 459
1602400 459
1602410 458
1602420 458
1602430 458
1602440 457
1602450 457
1602460 457
1602470 456
1602480 456
1602490 456
1602500 456
1602510 455
1602520 455
1602530 455
1602540 454
1602550 454
1602560 453
1602570 453
1602580 453
1602590 452
1602600 452
1602610 452
1602620 451
1602630 451
1602640 451
1602650 450
1602660 450
1602670 450
1602680 450
1602690 450
1602700 450
1602710 449
1602720 449
1602730 449
1602740 448
1602750 447
1602760 447
1602770 446
1602780 444
1602790 444
1602800 443
1602810 441
1602820 441
1602830 439
1602840 437
1602850 437
1602860 434
1602870 430
1602880 430
1602890 426
1602900 421
1602910 421
1602920 416
1602930 410
1602940 410
1602950 405
1602960 401
1602970 401
1602980 398
1602990 394
1603000 394
1603010 391
1603020 387
1603030 387
1603040 384
1603050 380
1603060 380
1603070 380
1603080 382
1603090 382
1603100 384
1603110 385
1603120 385
1603130 384
1603140 384
1603150 392
1603160 391
1603170 390
1603180 390
1603190 386
1603200 379
1603210 379
1603220 374
1603230 369
1603240 369
1603250 367
1603260 366
1603270 366
1603280 366
1603290 365
1603300 365
1603310 366
1603320 366
1603330 366
1603340 365
1603350 364
1603360 364
1603370 364
1603380 363
1603390 363
1603400 363
1603410 363
1603420 363
1603430 362
1603440 362
1603450 362
1603460 363
1603470 362
1603480 362
1603490 363
1603500 363
1603510 363
1603520 362
1603530 362
1603540 362
1603550 361
1603560 361
1603570 361
1603580 363
1603590 363
1603600 363
1603610 363
1603620 364
1603630 364
1603640 364
1603650 365
1603660 365
1603670 366
1603680 369
1603690 369
1603700 374
1603710 378
1603720 378
1603730 381
1603740 384
1603750 384
1603760 384
1603770 386
1603780 386
1603790 387
1603800 387
1603810 387
1603820 388
1603830 390
1603840 390
1603850 390
1603860 391
1603870 391
1603880 391
1603890 392
1603900 392
1603910 392
1603920 392
1603930 392
1603940 392
1603950 392
1603960 392
1603970 393
1603980 393
1603990 393
1604000 393
1604010 394
1604020 394
1604030 394
1604040 395
1604050 395
1604060 395
1604070 396
1604080 396
1604090 397
1604100 398
1604110 398
1604120 399
1604130 400
1604140 400
1604150 400
1604160 401
1604170 401
1604180 402
1604190 403
1604200 403
1604210 403
1604220 404
1604230 404
1604240 405
1604250 406
1604260 406
1604270 407
1604280 408
1604290 408
1604300 408
1604310 409
1604320 409
1604330 410
1604340 410
1604350 410
1604360 411
1604370 412
1604380 412
1604390 412
1604400 413
1604410 413
1604420 414
1604430 415
1604440 415
1604450 415
1604460 416
1604470 416
1604480 417
1604490 418
1604500 418
1604510 418
1604520 419
1604530 419
1604540 419
1604550 420
1604560 420
1604570 420
1604580 420
1604590 420
1604600 420
1604610 420
1604620 420
1604630 421
1604640 421
1604650 421
1604660 421
1604670 421
1604680 421
1604690 421
1604700 421
1604710 422
1604720 422
1604730 422
1604740 422
1604750 422
1604760 422
1604770 423
1604780 423
1604790 423
1604800 423
1604810 424
1604820 424
1604830 424
1604840 424
1604850 424
1604860 424
1604870 425
1604880 425
1604890 425
1604900 425
1604910 425
1604920 426
1604930 426
1604940 426
1604950 426
1604960 427
1604970 427
1604980 427
1604990 427
1605000 427
1605010 428
1605020 428
1605030 428
1605040 429
1605050 430
1605060 430
1605070 430
1605080 431
1605090 431
1605100 432
1605110 432
1605120 432
1605130 433
1605140 433
1605150 433
1605160 434
1605170 434
1605180 434
1605190 434
1605200 435
1605210 435
1605220 435
1605230 436
1605240 436
1605250 436
1605260 436
1605270 436
1605280 436
1605290 436
1605300 436
1605310 436
1605320 435
1605330 435
1605340 434
1605350 434
1605360 434
1605370 434
1605380 434
1605390 434
1605400 434
1605410 434
1605420 434
1605430 434
1605440 433
1605450 433
1605460 433
1605470 433
1605480 433
1605490 432
1605500 432
1605510 432
1605520 432
1605530 432
1605540 432
1605550 431
1605560 431
1605570 431
1605580 431
1605590 431
1605600 431
1605610 430
1605620 430
1605630 430
1605640 430
1605650 430
1605660 430
1605670 430
1605680 430
1605690 430
1605700 430
1605710 429
1605720 429
1605730 429
1605740 429
1605750 429
1605760 429
1605770 429
1605780 429
1605790 429
1605800 429
1605810 429
1605820 429
1605830 429
1605840 429
1605850 429
1605860 428
1605870 428
1605880 427
1605890 427
1605900 427
1605910 426
1605920 426
1605930 426
1605940 425
1605950 424
1605960 424
1605970 423
1605980 422
1605990 422
1606000 422
1606010 422
1606020 422
1606030 421
1606040 421
1606050 421
1606060 421
1606070 421
1606080 421
1606090 421
1606100 421
1606110 421
1606120 421
1606130 420
1606140 420
1606150 420
1606160 420
1606170 420
1606180 420
1606190 419
1606200 419
1606210 419
1606220 419
1606230 419
1606240 418
1606250 418
1606260 418
1606270 418
1606280 418
1606290 418
1606300 417
1606310 417
1606320 417
1606330 417
1606340 416
1606350 416
1606360 416
1606370 415
1606380 415
1606390 415
1606400 414
1606410 414
1606420 413
1606430 412
1606440 412
1606450 411
1606460 409
1606470 409
1606480 407
1606490 405
1606500 405
1606510 403
1606520 401
1606530 401
1606540 399
1606550 397
1606560 397
1606570 395
1606580 394
1606590 394
1606600 394
1606610 393
1606620 393
1606630 393
1606640 393
1606650 393
1606660 393
1606670 394
1606680 394
1606690 395
1606700 398
1606710 398
1606720 400
1606730 403
1606740 403
1606750 406
1606760 408
1606770 408
1606780 410
1606790 411
1606800 411
1606810 411
1606820 411
1606830 411
1606840 411
1606850 410
1606860 410
1606870 409
1606880 409
1606890 409
1606900 409
1606910 408
1606920 408
1606930 408
1606940 408
1606950 408
1606960 408
1606970 408
1606980 408
1606990 408
1607000 407
1607010 407
1607020 407
1607030 407
1607040 407
1607050 407
1607060 408
1607070 408
1607080 408
1607090 409
1607100 409
1607110 409
1607120 409
1607130 409
1607140 410
1607150 410
1607160 410
1607170 411
1607180 411
1607190 411
1607200 412
1607210 412
1607220 412
1607230 413
1607240 413
1607250 413
1607260 413
1607270 413
1607280 414
1607290 414
1607300 414
1607310 414
1607320 414
1607330 414
1607340 414
1607350 415
1607360 415
1607370 415
1607380 414
1607390 414
1607400 414
1607410 414
1607420 414
1607430 414
1607440 414
1607450 414
1607460 415
1607470 415
1607480 415
1607490 415
1607500 415
1607510 415
1607520 415
1607530 415
1607540 415
1607550 414
1607560 414
1607570 414
1607580 414
1607590 414
1607600 414
1607610 414
1607620 413
1607630 413
1607640 413
1607650 413
1607660 413
1607670 412
1607680 412
1607690 412
1607700 411
1607710 411
1607720 411
1607730 410
1607740 410
1607750 410
1607760 409
1607770 408
1607780 408
1607790 407
1607800 407
1607810 407
1607820 406
1607830 405
1607840 405
1607850 404
1607860 402
1607870 402
1607880 401
1607890 400
1607900 400
1607910 398
1607920 396
1607930 396
1607940 395
1607950 393
1607960 393
1607970 392
1607980 390
1607990 390
1608000 388
1608010 387
1608020 387
1608030 387
1608040 388
1608050 388
1608060 391
1608070 394
1608080 394
1608090 398
1608100 400
1608110 400
1608120 402
1608130 404
1608140 404
1608150 406
1608160 407
1608170 407
1608180 408
1608190 409
1608200 409
1608210 409
1608220 410
1608230 410
1608240 410
1608250 411
1608260 411
1608270 412
1608280 412
1608290 412
1608300 413
1608310 413
1608320 413
1608330 413
1608340 413
1608350 413
1608360 413
1608370 413
1608380 413
1608390 413
1608400 413
1608410 413
1608420 413
1608430 413
1608440 413
1608450 412
1608460 412
1608470 412
1608480 412
1608490 412
1608500 412
1608510 411
1608520 412
1608530 412
1608540 412
1608550 412
1608560 412
1608570 412
1608580 411
1608590 411
1608600 411
1608610 410
1608620 410
1608630 410
1608640 409
1608650 409
1608660 409
1608670 408
1608680 408
1608690 408
1608700 407
1608710 407
1608720 407
1608730 406
1608740 406
1608750 406
1608760 405
1608770 405
1608780 405
1608790 404
1608800 404
1608810 403
1608820 402
1608830 402
1608840 401
1608850 401
1608860 401
1608870 400
1608880 399
1608890 399
1608900 398
1608910 397
1608920 397
1608930 395
1608940 394
1608950 394
1608960 393
1608970 392
1608980 392
1608990 391
1609000 390
1609010 390
1609020 389
1609030 387
1609040 387
1609050 386
1609060 385
1609070 385
1609080 384
1609090 382
1609100 382
1609110 381
1609120 380
1609130 380
1609140 381
1609150 382
1609160 382
1609170 383
1609180 384
1609190 384
1609200 386
1609210 388
1609220 388
1609230 390
1609240 392
1609250 392
1609260 393
1609270 392
1609280 392
1609290 392
1609300 392
1609310 392
1609320 392
1609330 391
1609340 391
1609350 391
1609360 390
1609370 390
1609380 390
1609390 389
1609400 389
1609410 389
1609420 388
1609430 388
1609440 388
1609450 387
1609460 387
1609470 387
1609480 387
1609490 387
1609500 387
1609510 386
1609520 386
1609530 387
1609540 386
1609550 386
1609560 387
1609570 387
1609580 387
1609590 388
1609600 387
1609610 387
1609620 388
1609630 388
1609640 388
1609650 388
1609660 388
1609670 388
1609680 388
1609690 389
1609700 389
1609710 389
1609720 389
1609730 389
1609740 389
1609750 389
1609760 389
1609770 389
1609780 389
1609790 389
1609800 388
1609810 388
1609820 388
1609830 387
1609840 387
1609850 386
1609860 386
1609870 386
1609880 385
1609890 383
1609900 383
1609910 382
1609920 381
1609930 381
1609940 379
1609950 377
1609960 377
1609970 374
1609980 371
1609990 371
1610000 368
1610010 366
1610020 366
1610030 362
1610040 358
1610050 358
1610060 356
1610070 353
1610080 353
1610090 351
1610100 350
1610110 350
1610120 348
1610130 347
1610140 347
1610150 345
1610160 344
1610170 344
1610180 342
1610190 341
1610200 341
1610210 338
1610220 336
1610230 336
1610240 335
1610250 333
1610260 333
1610270 332
1610280 331
1610290 331
1610300 331
1610310 330
1610320 330
1610330 331
1610340 331
1610350 331
1610360 331
1610370 331
1610380 331
1610390 332
1610400 332
1610410 332
1610420 332
1610430 332
1610440 332
1610450 332
1610460 333
1610470 333
1610480 335
1610490 337
1610500 337
1610510 339
1610520 341
1610530 341
1610540 342
1610550 344
1610560 344
1610570 345
1610580 346
1610590 346
1610600 347
1610610 348
1610620 348
1610630 349
1610640 351
1610650 351
1610660 352
1610670 352
1610680 352
1610690 353
1610700 355
1610710 355
1610720 356
1610730 357
1610740 357
1610750 358
1610760 360
1610770 360
1610780 361
1610790 362
1610800 362
1610810 363
1610820 364
1610830 364
1610840 365
1610850 366
1610860 366
1610870 367
1610880 368
1610890 368
1610900 369
1610910 370
1610920 370
1610930 371
1610940 372
1610950 372
1610960 373
1610970 374
1610980 374
1610990 375
1611000 376
1611010 376
1611020 377
1611030 377
1611040 377
1611050 378
1611060 379
1611070 379
1611080 379
1611090 380
1611100 380
1611110 380
1611120 381
1611130 381
1611140 381
1611150 382
1611160 382
1611170 383
1611180 383
1611190 383
1611200 384
1611210 384
1611220 384
1611230 385
1611240 386
1611250 386
1611260 386
1611270 387
1611280 387
1611290 388
1611300 389
1611310 389
1611320 390
1611330 390
1611340 390
1611350 391
1611360 393
1611370 393
1611380 394
1611390 395
1611400 395
1611410 396
1611420 397
1611430 397
1611440 398
1611450 398
1611460 398
1611470 398
1611480 398
1611490 398
1611500 398
1611510 398
1611520 398
1611530 397
1611540 397
1611550 397
1611560 396
1611570 396
1611580 396
1611590 397
1611600 396
1611610 396
1611620 395
1611630 394
1611640 394
1611650 392
1611660 390
1611670 390
1611680 387
1611690 384
1611700 384
1611710 381
1611720 378
1611730 378
1611740 377
1611750 375
1611760 375
1611770 374
1611780 371
1611790 371
1611800 369
1611810 370
1611820 370
1611830 372
1611840 374
1611850 374
1611860 375
1611870 378
1611880 378
1611890 380
1611900 381
1611910 381
1611920 382
1611930 383
1611940 383
1611950 385
1611960 385
1611970 385
1611980 387
1611990 388
1612000 388
1612010 389
1612020 389
1612030 389
1612040 390
1612050 390
1612060 390
1612070 391
1612080 391
1612090 391
1612100 392
1612110 392
1612120 392
1612130 393
1612140 393
1612150 393
1612160 393
1612170 393
1612180 393
1612190 393
1612200 394
1612210 394
1612220 394
1612230 394
1612240 395
1612250 395
1612260 395
1612270 395
1612280 396
1612290 396
1612300 396
1612310 396
1612320 396
1612330 396
1612340 396
1612350 396
1612360 396
1612370 396
1612380 396
1612390 396
1612400 396
1612410 396
1612420 395
1612430 394
1612440 394
1612450 392
1612460 391
1612470 391
1612480 389
1612490 388
1612500 388
1612510 387
1612520 389
1612530 389
1612540 390
1612550 391
1612560 391
1612570 392
1612580 393
1612590 393
1612600 394
1612610 395
1612620 395
1612630 397
1612640 401
1612650 401
1612660 400
1612670 399
1612680 399
1612690 398
1612700 400
1612710 400
1612720 403
1612730 406
1612740 406
1612750 409
1612760 410
1612770 410
1612780 410
1612790 410
1612800 410
1612810 411
1612820 413
1612830 413
1612840 416
1612850 418
1612860 418
1612870 422
1612880 425
1612890 425
1612900 428
1612910 430
1612920 430
1612930 431
1612940 433
1612950 433
1612960 434
1612970 436
1612980 436
1612990 438
1613000 440
1613010 440
1613020 442
1613030 444
1613040 444
1613050 445
1613060 446
1613070 446
1613080 447
1613090 448
1613100 448
1613110 449
1613120 449
1613130 449
1613140 450
1613150 451
1613160 451
1613170 451
1613180 451
1613190 451
1613200 452
1613210 452
1613220 452
1613230 452
1613240 453
1613250 453
1613260 453
1613270 453
1613280 453
1613290 453
1613300 454
1613310 454
1613320 454
1613330 455
1613340 455
1613350 455
1613360 455
1613370 455
1613380 455
1613390 456
1613400 456
1613410 456
1613420 457
1613430 457
1613440 457
1613450 458
1613460 458
1613470 458
1613480 459
1613490 459
1613500 459
1613510 460
1613520 460
1613530 460
1613540 460
1613550 460
1613560 461
1613570 461
1613580 461
1613590 461
1613600 462
1613610 462
1613620 462
1613630 463
1613640 463
1613650 463
1613660 464
1613670 464
1613680 465
1613690 465
1613700 465
1613710 466
1613720 467
1613730 467
1613740 468
1613750 469
1613760 469
1613770 469
1613780 469
1613790 469
1613800 468
1613810 469
1613820 469
1613830 470
1613840 472
1613850 472
1613860 473
1613870 474
1613880 474
1613890 474
1613900 475
1613910 475
1613920 475
1613930 476
1613940 476
1613950 476
1613960 476
1613970 476
1613980 476
1613990 476
1614000 476
1614010 475
1614020 475
1614030 475
1614040 475
1614050 475
1614060 475
1614070 475
1614080 476
1614090 476
1614100 476
1614110 476
1614120 476
1614130 476
1614140 476
1614150 476
1614160 476
1614170 476
1614180 476
1614190 475
1614200 476
1614210 476
1614220 476
1614230 476
1614240 476
1614250 476
1614260 476
1614270 476
1614280 476
1614290 476
1614300 476
1614310 476
1614320 476
1614330 476
1614340 476
1614350 476
1614360 476
1614370 476
1614380 476
1614390 476
1614400 476
1614410 476
1614420 476
1614430 476
1614440 476
1614450 476
1614460 476
1614470 475
1614480 475
1614490 475
1614500 474
1614510 474
1614520 473
1614530 472
1614540 472
1614550 470
1614560 469
1614570 469
1614580 467
1614590 465
1614600 465
1614610 463
1614620 462
1614630 462
1614640 460
1614650 458
1614660 456
1614670 454
1614680 452
1614690 452
1614700 451
1614710 450
1614720 450
1614730 449
1614740 447
1614750 447
1614760 445
1614770 445
1614780 444
1614790 443
1614800 443
1614810 440
1614820 439
1614830 439
1614840 436
1614850 433
1614860 433
1614870 429
1614880 426
1614890 426
1614900 425
1614910 423
1614920 423
1614930 422
1614940 423
1614950 423
1614960 425
1614970 427
1614980 427
1614990 430
1615000 432
1615010 432
1615020 433
1615030 433
1615040 433
1615050 433
1615060 433
1615070 433
1615080 432
1615090 431
1615100 431
1615110 429
1615120 426
1615130 426
1615140 421
1615150 415
1615160 415
1615170 411
1615180 414
1615190 414
1615200 419
1615210 424
1615220 424
1615230 430
1615240 434
1615250 434
1615260 439
1615270 443
1615280 443
1615290 446
1615300 448
1615310 448
1615320 450
1615330 452
1615340 452
1615350 453
1615360 454
1615370 454
1615380 455
1615390 455
1615400 455
1615410 456
1615420 458
1615430 458
1615440 459
1615450 460
1615460 460
1615470 460
1615480 461
1615490 461
1615500 461
1615510 462
1615520 462
1615530 463
1615540 463
1615550 463
1615560 464
1615570 464
1615580 464
1615590 464
1615600 464
1615610 464
1615620 463
1615630 463
1615640 463
1615650 463
1615660 465
1615670 465
1615680 465
1615690 466
1615700 466
1615710 465
1615720 465
1615730 465
1615740 465
1615750 465
1615760 465
1615770 466
1615780 466
1615790 466
1615800 466
1615810 466
1615820 466
1615830 466
1615840 467
1615850 467
1615860 466
1615870 466
1615880 466
1615890 467
1615900 467
1615910 467
1615920 467
1615930 467
1615940 467
1615950 467
1615960 467
1615970 467
1615980 468
1615990 467
1616000 467
1616010 468
1616020 468
1616030 468
1616040 468
1616050 468
1616060 468
1616070 468
1616080 468
1616090 468
1616100 468
1616110 469
1616120 469
1616130 469
1616140 469
1616150 469
1616160 469
1616170 469
1616180 469
1616190 469
1616200 469
1616210 469
1616220 469
1616230 469
1616240 469
1616250 469
1616260 469
1616270 469
1616280 469
1616290 469
1616300 469
1616310 469
1616320 469
1616330 469
1616340 469
1616350 469
1616360 469
1616370 469
1616380 469
1616390 469
1616400 469
1616410 469
1616420 469
1616430 469
1616440 469
1616450 469
1616460 469
1616470 469
1616480 469
1616490 469
1616500 469
1616510 469
1616520 469
1616530 469
1616540 469
1616550 469
1616560 469
1616570 469
1616580 469
1616590 469
1616600 469
1616610 469
1616620 469
1616630 469
1616640 468
1616650 468
1616660 468
1616670 468
1616680 468
1616690 468
1616700 467
1616710 467
1616720 467
1616730 467
1616740 467
1616750 467
1616760 467
1616770 467
1616780 467
1616790 467
1616800 467
1616810 467
1616820 466
1616830 466
1616840 466
1616850 466
1616860 466
1616870 466
1616880 466
1616890 465
1616900 465
1616910 465
1616920 465
1616930 465
1616940 464
1616950 464
1616960 464
1616970 463
1616980 463
1616990 463
1617000 462
1617010 462
1617020 462
1617030 461
1617040 460
1617050 460
1617060 460
1617070 459
1617080 459
1617090 458
1617100 457
1617110 457
1617120 456
1617130 454
1617140 454
1617150 452
1617160 449
1617170 449
1617180 445
1617190 441
1617200 441
1617210 438
1617220 434
1617230 434
1617240 429
1617250 427
1617260 427
1617270 425
1617280 424
1617290 424
1617300 421
1617310 418
1617320 418
1617330 415
1617340 415
1617350 414
1617360 413
1617370 413
1617380 413
1617390 412
1617400 412
1617410 412
1617420 412
1617430 412
1617440 413
1617450 414
1617460 414
1617470 416
1617480 419
1617490 419
1617500 423
1617510 428
1617520 428
1617530 433
1617540 436
1617550 436
1617560 438
1617570 439
1617580 439
1617590 441
1617600 443
1617610 443
1617620 444
1617630 448
1617640 448
1617650 451
1617660 454
1617670 454
1617680 456
1617690 458
1617700 458
1617710 460
1617720 462
1617730 462
1617740 463
1617750 464
1617760 464
1617770 465
1617780 465
1617790 465
1617800 466
1617810 466
1617820 466
1617830 466
1617840 466
1617850 466
1617860 466
1617870 466
1617880 466
1617890 466
1617900 466
1617910 466
1617920 466
1617930 466
1617940 466
1617950 467
1617960 467
1617970 467
1617980 467
1617990 468
1618000 468
1618010 468
1618020 469
1618030 469
1618040 469
1618050 470
1618060 470
1618070 471
1618080 471
1618090 471
1618100 472
1618110 473
1618120 473
1618130 473
1618140 474
1618150 474
1618160 475
1618170 475
1618180 475
1618190 476
1618200 476
1618210 476
1618220 476
1618230 477
1618240 477
1618250 477
1618260 477
1618270 477
1618280 477
1618290 477
1618300 477
1618310 477
1618320 477
1618330 477
1618340 477
1618350 476
1618360 476
1618370 476
1618380 476
1618390 476
1618400 475
1618410 474
1618420 474
1618430 473
1618440 472
1618450 472
1618460 470
1618470 469
1618480 469
1618490 467
1618500 465
1618510 465
1618520 463
1618530 461
1618540 461
1618550 460
1618560 459
1618570 459
1618580 459
1618590 459
1618600 459
1618610 459
1618620 459
1618630 459
1618640 457
1618650 450
1618660 450
1618670 444
1618680 448
1618690 448
1618700 456
1618710 460
1618720 460
1618730 461
1618740 462
1618750 462
1618760 462
1618770 462
1618780 462
1618790 462
1618800 463
1618810 463
1618820 462
1618830 462
1618840 462
1618850 461
1618860 461
1618870 461
1618880 461
1618890 461
1618900 461
1618910 461
1618920 461
1618930 461
1618940 461
1618950 461
1618960 461
1618970 461
1618980 461
1618990 461
1619000 461
1619010 461
1619020 461
1619030 461
1619040 461
1619050 461
1619060 460
1619070 459
1619080 459
1619090 459
1619100 459
1619110 459
1619120 460
1619130 461
1619140 461
1619150 463
1619160 465
1619170 465
1619180 466
1619190 468
1619200 468
1619210 469
1619220 471
1619230 471
1619240 472
1619250 473
1619260 473
1619270 474
1619280 475
1619290 475
1619300 476
1619310 478
1619320 478
1619330 479
1619340 481
1619350 481
1619360 482
1619370 483
1619380 483
1619390 484
1619400 485
1619410 485
1619420 485
1619430 486
1619440 486
1619450 487
1619460 488
1619470 488
1619480 489
1619490 490
1619500 490
1619510 491
1619520 492
1619530 492
1619540 494
1619550 494
1619560 495
1619570 496
1619580 497
1619590 497
1619600 497
1619610 498
1619620 498
1619630 499
1619640 499
1619650 499
1619660 500
1619670 501
1619680 501
1619690 501
1619700 502
1619710 502
1619720 503
1619730 503
1619740 503
1619750 504
1619760 505
1619770 505
1619780 505
1619790 506
1619800 506
1619810 507
1619820 507
1619830 507
1619840 507
1619850 507
1619860 507
1619870 507
1619880 507
1619890 508
1619900 508
1619910 508
1619920 508
1619930 508
1619940 508
1619950 508
1619960 508
1619970 508
1619980 508
1619990 508
