1600000 575
1600010 575
1600020 575
1600030 575
1600040 574
1600050 574
1600060 574
1600070 574
1600080 574
1600090 574
1600100 574
1600110 574
1600120 574
1600130 574
1600140 574
1600150 574
1600160 574
1600170 574
1600180 575
1600190 575
1600200 575
1600210 575
1600220 575
1600230 575
1600240 575
1600250 575
1600260 575
1600270 575
1600280 575
1600290 575
1600300 575
1600310 575
1600320 575
1600330 574
1600340 574
1600350 574
1600360 573
1600370 572
1600380 572
1600390 572
1600400 571
1600410 571
1600420 570
1600430 570
1600440 570
1600450 569
1600460 568
1600470 568
1600480 567
1600490 566
1600500 566
1600510 565
1600520 564
1600530 564
1600540 562
1600550 561
1600560 561
1600570 560
1600580 558
1600590 558
1600600 557
1600610 555
1600620 555
1600630 554
1600640 552
1600650 552
1600660 551
1600670 549
1600680 549
1600690 548
1600700 546
1600710 546
1600720 544
1600730 543
1600740 543
1600750 541
1600760 538
1600770 538
1600780 535
1600790 531
1600800 531
1600810 528
1600820 525
1600830 525
1600840 523
1600850 520
1600860 520
1600870 517
1600880 515
1600890 515
1600900 513
1600910 512
1600920 512
1600930 511
1600940 510
1600950 510
1600960 510
1600970 510
1600980 510
1600990 510
1601000 509
1601010 509
1601020 509
1601030 510
1601040 510
1601050 511
1601060 512
1601070 512
1601080 513
1601090 515
1601100 515
1601110 517
1601120 518
1601130 518
1601140 519
1601150 521
1601160 521
1601170 522
1601180 524
1601190 524
1601200 525
1601210 526
1601220 526
1601230 527
1601240 528
1601250 528
1601260 528
1601270 528
1601280 528
1601290 528
1601300 528
1601310 528
1601320 528
1601330 528
1601340 528
1601350 528
1601360 529
1601370 529
1601380 529
1601390 530
1601400 530
1601410 530
1601420 530
1601430 530
1601440 530
1601450 530
1601460 530
1601470 530
1601480 529
1601490 529
1601500 529
1601510 528
1601520 528
1601530 527
1601540 526
1601550 526
1601560 525
1601570 524
1601580 524
1601590 523
1601600 521
1601610 521
1601620 519
1601630 517
1601640 517
1601650 514
1601660 512
1601670 512
1601680 510
1601690 510
1601700 509
1601710 508
1601720 508
1601730 508
1601740 508
1601750 508
1601760 507
1601770 507
1601780 507
1601790 508
1601800 508
1601810 508
1601820 508
1601830 508
1601840 508
1601850 508
1601860 508
1601870 508
1601880 508
1601890 508
1601900 508
1601910 507
1601920 507
1601930 507
1601940 508
1601950 508
1601960 508
1601970 509
1601980 510
1601990 510
1602000 510
1602010 511
1602020 511
1602030 511
1602040 512
1602050 512
1602060 513
1602070 513
1602080 513
1602090 514
1602100 514
1602110 514
1602120 515
1602130 515
1602140 515
1602150 516
1602160 517
1602170 517
1602180 517
1602190 518
1602200 518
1602210 519
1602220 520
1602230 520
1602240 521
1602250 521
1602260 521
1602270 522
1602280 522
1602290 522
1602300 523
1602310 523
1602320 523
1602330 523
1602340 523
1602350 523
1602360 523
1602370 524
1602380 524
1602390 525
1602400 525
1602410 525
1602420 525
1602430 525
1602440 525
1602450 525
1602460 525
1602470 525
1602480 524
1602490 524
1602500 524
1602510 524
1602520 523
1602530 523
1602540 522
1602550 522
1602560 522
1602570 521
1602580 520
1602590 520
1602600 520
1602610 519
1602620 519
1602630 518
1602640 518
1602650 518
1602660 517
1602670 517
1602680 517
1602690 516
1602700 515
1602710 515
1602720 515
1602730 514
1602740 514
1602750 512
1602760 511
1602770 511
1602780 510
1602790 508
1602800 508
1602810 506
1602820 504
1602830 504
1602840 500
1602850 495
1602860 495
1602870 490
1602880 485
1602890 485
1602900 480
1602910 475
1602920 475
1602930 470
1602940 465
1602950 465
1602960 460
1602970 455
1602980 455
1602990 451
1603000 446
1603010 446
1603020 441
1603030 435
1603040 435
1603050 430
1603060 424
1603070 424
1603080 418
1603090 412
1603100 412
1603110 406
1603120 400
1603130 400
1603140 394
1603150 391
1603160 391
1603170 391
1603180 390
1603190 390
1603200 392
1603210 391
1603220 391
1603230 391
1603240 391
1603250 391
1603260 391
1603270 393
1603280 393
1603290 395
1603300 400
1603310 400
1603320 406
1603330 412
1603340 412
1603350 417
1603360 421
1603370 421
1603380 424
1603390 427
1603400 427
1603410 430
1603420 432
1603430 432
1603440 433
1603450 435
1603460 435
1603470 436
1603480 436
1603490 440
1603500 440
1603510 440
1603520 440
1603530 438
1603540 436
1603550 436
1603560 433
1603570 433
1603580 433
1603590 436
1603600 439
1603610 439
1603620 442
1603630 445
1603640 445
1603650 448
1603660 450
1603670 450
1603680 453
1603690 455
1603700 455
1603710 458
1603720 460
1603730 460
1603740 463
1603750 465
1603760 465
1603770 467
1603780 469
1603790 469
1603800 470
1603810 472
1603820 472
1603830 473
1603840 474
1603850 474
1603860 475
1603870 475
1603880 475
1603890 476
1603900 476
1603910 476
1603920 477
1603930 477
1603940 477
1603950 478
1603960 478
1603970 478
1603980 478
1603990 478
1604000 477
1604010 477
1604020 477
1604030 477
1604040 476
1604050 476
1604060 476
1604070 475
1604080 475
1604090 475
1604100 475
1604110 475
1604120 474
1604130 474
1604140 474
1604150 473
1604160 473
1604170 473
1604180 472
1604190 471
1604200 471
1604210 471
1604220 470
1604230 470
1604240 470
1604250 469
1604260 469
1604270 469
1604280 468
1604290 468
1604300 468
1604310 467
1604320 467
1604330 466
1604340 466
1604350 466
1604360 465
1604370 465
1604380 465
1604390 465
1604400 465
1604410 465
1604420 465
1604430 465
1604440 465
1604450 465
1604460 465
1604470 465
1604480 465
1604490 465
1604500 465
1604510 466
1604520 466
1604530 466
1604540 466
1604550 467
1604560 467
1604570 468
1604580 469
1604590 469
1604600 469
1604610 469
1604620 469
1604630 469
1604640 470
1604650 470
1604660 470
1604670 470
1604680 470
1604690 470
1604700 470
1604710 470
1604720 470
1604730 470
1604740 470
1604750 470
1604760 470
1604770 470
1604780 470
1604790 470
1604800 470
1604810 470
1604820 470
1604830 470
1604840 470
1604850 470
1604860 470
1604870 470
1604880 470
1604890 470
1604900 470
1604910 469
1604920 469
1604930 469
1604940 469
1604950 469
1604960 469
1604970 469
1604980 469
1604990 469
1605000 468
1605010 468
1605020 467
1605030 466
1605040 466
1605050 464
1605060 464
1605070 464
1605080 463
1605090 464
1605100 464
1605110 463
1605120 463
1605130 463
1605140 464
1605150 464
1605160 464
1605170 464
1605180 464
1605190 464
1605200 464
1605210 464
1605220 464
1605230 464
1605240 464
1605250 464
1605260 464
1605270 464
1605280 464
1605290 464
1605300 465
1605310 465
1605320 465
1605330 465
1605340 465
1605350 465
1605360 465
1605370 465
1605380 465
1605390 466
1605400 466
1605410 466
1605420 466
1605430 466
1605440 466
1605450 466
1605460 466
1605470 467
1605480 468
1605490 468
1605500 469
1605510 470
1605520 470
1605530 470
1605540 471
1605550 471
1605560 472
1605570 472
1605580 472
1605590 472
1605600 472
1605610 472
1605620 473
1605630 473
1605640 473
1605650 473
1605660 474
1605670 474
1605680 474
1605690 474
1605700 474
1605710 474
1605720 474
1605730 474
1605740 474
1605750 473
1605760 473
1605770 473
1605780 473
1605790 473
1605800 473
1605810 473
1605820 473
1605830 473
1605840 473
1605850 473
1605860 473
1605870 473
1605880 473
1605890 473
1605900 473
1605910 473
1605920 473
1605930 474
1605940 474
1605950 474
1605960 474
1605970 474
1605980 474
1605990 474
1606000 474
1606010 475
1606020 475
1606030 475
1606040 475
1606050 476
1606060 476
1606070 476
1606080 477
1606090 477
1606100 477
1606110 477
1606120 477
1606130 477
1606140 477
1606150 477
1606160 477
1606170 477
1606180 477
1606190 477
1606200 478
1606210 478
1606220 478
1606230 478
1606240 478
1606250 479
1606260 479
1606270 479
1606280 480
1606290 480
1606300 480
1606310 481
1606320 481
1606330 481
1606340 482
1606350 482
1606360 483
1606370 483
1606380 483
1606390 484
1606400 484
1606410 484
1606420 484
1606430 485
1606440 485
1606450 485
1606460 486
1606470 486
1606480 486
1606490 487
1606500 487
1606510 488
1606520 488
1606530 488
1606540 489
1606550 490
1606560 490
1606570 492
1606580 493
1606590 493
1606600 494
1606610 495
1606620 495
1606630 496
1606640 496
1606650 496
1606660 497
1606670 497
1606680 497
1606690 496
1606700 495
1606710 495
1606720 495
1606730 492
1606740 492
1606750 490
1606760 489
1606770 489
1606780 488
1606790 486
1606800 486
1606810 485
1606820 484
1606830 484
1606840 483
1606850 482
1606860 482
1606870 481
1606880 480
1606890 480
1606900 479
1606910 479
1606920 479
1606930 478
1606940 478
1606950 478
1606960 477
1606970 476
1606980 476
1606990 476
1607000 475
1607010 475
1607020 474
1607030 473
1607040 473
1607050 473
1607060 472
1607070 472
1607080 471
1607090 470
1607100 470
1607110 470
1607120 469
1607130 469
1607140 468
1607150 468
1607160 468
1607170 469
1607180 471
1607190 471
1607200 472
1607210 473
1607220 473
1607230 474
1607240 475
1607250 475
1607260 476
1607270 478
1607280 478
1607290 480
1607300 482
1607310 482
1607320 484
1607330 485
1607340 485
1607350 486
1607360 486
1607370 486
1607380 487
1607390 488
1607400 488
1607410 489
1607420 490
1607430 490
1607440 491
1607450 492
1607460 492
1607470 493
1607480 493
1607490 493
1607500 494
1607510 494
1607520 494
1607530 495
1607540 495
1607550 495
1607560 495
1607570 495
1607580 495
1607590 494
1607600 494
1607610 494
1607620 494
1607630 493
1607640 493
1607650 493
1607660 492
1607670 492
1607680 492
1607690 492
1607700 492
1607710 492
1607720 493
1607730 493
1607740 494
1607750 494
1607760 494
1607770 494
1607780 493
1607790 490
1607800 488
1607810 486
1607820 486
1607830 485
1607840 485
1607850 485
1607860 484
1607870 483
1607880 483
1607890 482
1607900 480
1607910 480
1607920 479
1607930 478
1607940 478
1607950 476
1607960 475
1607970 475
1607980 473
1607990 472
1608000 472
1608010 470
1608020 469
1608030 469
1608040 468
1608050 466
1608060 466
1608070 465
1608080 464
1608090 464
1608100 463
1608110 462
1608120 462
1608130 461
1608140 460
1608150 460
1608160 460
1608170 460
1608180 460
1608190 459
1608200 458
1608210 458
1608220 456
1608230 455
1608240 455
1608250 454
1608260 452
1608270 452
1608280 450
1608290 449
1608300 449
1608310 448
1608320 447
1608330 447
1608340 446
1608350 445
1608360 445
1608370 444
1608380 443
1608390 443
1608400 441
1608410 439
1608420 439
1608430 437
1608440 436
1608450 436
1608460 434
1608470 432
1608480 432
1608490 431
1608500 429
1608510 429
1608520 428
1608530 426
1608540 426
1608550 424
1608560 422
1608570 422
1608580 421
1608590 421
1608600 420
1608610 419
1608620 419
1608630 417
1608640 416
1608650 416
1608660 415
1608670 413
1608680 413
1608690 411
1608700 409
1608710 409
1608720 408
1608730 406
1608740 406
1608750 405
1608760 403
1608770 403
1608780 401
1608790 399
1608800 399
1608810 397
1608820 394
1608830 394
1608840 389
1608850 386
1608860 386
1608870 384
1608880 382
1608890 382
1608900 380
1608910 378
1608920 378
1608930 377
1608940 376
1608950 376
1608960 376
1608970 375
1608980 375
1608990 374
1609000 374
1609010 374
1609020 374
1609030 374
1609040 374
1609050 374
1609060 375
1609070 375
1609080 378
1609090 383
1609100 383
1609110 385
1609120 389
1609130 389
1609140 393
1609150 395
1609160 395
1609170 396
1609180 396
1609190 396
1609200 395
1609210 395
1609220 395
1609230 396
1609240 397
1609250 397
1609260 397
1609270 398
1609280 398
1609290 398
1609300 399
1609310 399
1609320 399
1609330 399
1609340 399
1609350 400
1609360 400
1609370 400
1609380 400
1609390 400
1609400 400
1609410 400
1609420 400
1609430 400
1609440 400
1609450 399
1609460 399
1609470 399
1609480 398
1609490 398
1609500 397
1609510 396
1609520 396
1609530 393
1609540 390
1609550 390
1609560 385
1609570 380
1609580 380
1609590 374
1609600 374
1609610 374
1609620 377
1609630 380
1609640 380
1609650 383
1609660 385
1609670 385
1609680 388
1609690 392
1609700 392
1609710 395
1609720 398
1609730 398
1609740 401
1609750 402
1609760 402
1609770 402
1609780 402
1609790 402
1609800 402
1609810 401
1609820 401
1609830 399
1609840 396
1609850 396
1609860 390
1609870 384
1609880 385
1609890 381
1609900 378
1609910 378
1609920 376
1609930 375
1609940 375
1609950 374
1609960 372
1609970 372
1609980 368
1609990 364
1610000 364
1610010 360
1610020 356
1610030 356
1610040 353
1610050 352
1610060 352
1610070 352
1610080 352
1610090 352
1610100 352
1610110 353
1610120 353
1610130 353
1610140 353
1610150 353
1610160 354
1610170 355
1610180 355
1610190 356
1610200 358
1610210 358
1610220 358
1610230 357
1610240 357
1610250 357
1610260 357
1610270 357
1610280 357
1610290 354
1610300 354
1610310 350
1610320 348
1610330 348
1610340 348
1610350 348
1610360 348
1610370 348
1610380 348
1610390 348
1610400 349
1610410 349
1610420 349
1610430 351
1610440 353
1610450 353
1610460 357
1610470 361
1610480 361
1610490 364
1610500 367
1610510 367
1610520 371
1610530 376
1610540 376
1610550 381
1610560 386
1610570 386
1610580 390
1610590 395
1610600 395
1610610 400
1610620 403
1610630 403
1610640 402
1610650 400
1610660 400
1610670 397
1610680 394
1610690 394
1610700 391
1610710 386
1610720 386
1610730 381
1610740 379
1610750 379
1610760 382
1610770 386
1610780 386
1610790 388
1610800 391
1610810 391
1610820 393
1610830 395
1610840 395
1610850 397
1610860 397
1610870 400
1610880 403
1610890 403
1610900 406
1610910 405
1610920 405
1610930 408
1610940 410
1610950 410
1610960 412
1610970 414
1610980 414
1610990 416
1611000 417
1611010 417
1611020 418
1611030 420
1611040 420
1611050 422
1611060 424
1611070 424
1611080 425
1611090 424
1611100 424
1611110 427
1611120 431
1611130 431
1611140 436
1611150 441
1611160 441
1611170 446
1611180 450
1611190 450
1611200 453
1611210 454
1611220 454
1611230 457
1611240 460
1611250 460
1611260 463
1611270 466
1611280 466
1611290 468
1611300 470
1611310 470
1611320 470
1611330 471
1611340 471
1611350 471
1611360 472
1611370 472
1611380 472
1611390 473
1611400 473
1611410 473
1611420 474
1611430 474
1611440 474
1611450 475
1611460 475
1611470 475
1611480 475
1611490 475
1611500 476
1611510 476
1611520 476
1611530 477
1611540 477
1611550 477
1611560 477
1611570 478
1611580 478
1611590 478
1611600 478
1611610 478
1611620 478
1611630 479
1611640 479
1611650 479
1611660 479
1611670 479
1611680 480
1611690 480
1611700 480
1611710 480
1611720 480
1611730 480
1611740 481
1611750 481
1611760 481
1611770 481
1611780 481
1611790 481
1611800 482
1611810 482
1611820 482
1611830 482
1611840 483
1611850 483
1611860 483
1611870 483
1611880 483
1611890 484
1611900 484
1611910 484
1611920 484
1611930 484
1611940 485
1611950 485
1611960 485
1611970 485
1611980 485
1611990 485
1612000 485
1612010 486
1612020 486
1612030 486
1612040 486
1612050 486
1612060 486
1612070 486
1612080 486
1612090 486
1612100 486
1612110 487
1612120 487
1612130 487
1612140 487
1612150 487
1612160 488
1612170 488
1612180 488
1612190 488
1612200 488
1612210 488
1612220 488
1612230 489
1612240 489
1612250 489
1612260 489
1612270 489
1612280 490
1612290 490
1612300 490
1612310 490
1612320 490
1612330 490
1612340 490
1612350 490
1612360 490
1612370 491
1612380 491
1612390 491
1612400 491
1612410 491
1612420 491
1612430 491
1612440 491
1612450 491
1612460 491
1612470 492
1612480 492
1612490 492
1612500 492
1612510 492
1612520 492
1612530 493
1612540 493
1612550 493
1612560 493
1612570 493
1612580 493
1612590 494
1612600 494
1612610 494
1612620 495
1612630 495
1612640 495
1612650 495
1612660 495
1612670 496
1612680 496
1612690 496
1612700 497
1612710 498
1612720 498
1612730 498
1612740 499
1612750 499
1612760 499
1612770 499
1612780 499
1612790 500
1612800 501
1612810 501
1612820 502
1612830 502
1612840 502
1612850 503
1612860 503
1612870 503
1612880 503
1612890 504
1612900 504
1612910 504
1612920 504
1612930 504
1612940 505
1612950 505
1612960 506
1612970 506
1612980 507
1612990 507
1613000 507
1613010 507
1613020 507
1613030 507
1613040 508
1613050 508
1613060 508
1613070 509
1613080 509
1613090 509
1613100 510
1613110 510
1613120 510
1613130 510
1613140 510
1613150 511
1613160 511
1613170 512
1613180 512
1613190 512
1613200 512
1613210 513
1613220 513
1613230 513
1613240 513
1613250 513
1613260 513
1613270 512
1613280 512
1613290 512
1613300 512
1613310 512
1613320 512
1613330 511
1613340 511
1613350 511
1613360 510
1613370 510
1613380 509
1613390 509
1613400 509
1613410 508
1613420 507
1613430 507
1613440 505
1613450 504
1613460 504
1613470 502
1613480 500
1613490 500
1613500 498
1613510 496
1613520 496
1613530 495
1613540 494
1613550 494
1613560 494
1613570 495
1613580 495
1613590 496
1613600 497
1613610 497
1613620 498
1613630 499
1613640 499
1613650 499
1613660 499
1613670 499
1613680 499
1613690 499
1613700 499
1613710 498
1613720 498
1613730 498
1613740 498
1613750 497
1613760 497
1613770 497
1613780 496
1613790 496
1613800 496
1613810 495
1613820 495
1613830 495
1613840 494
1613850 494
1613860 494
1613870 493
1613880 493
1613890 492
1613900 492
1613910 492
1613920 491
1613930 491
1613940 491
1613950 490
1613960 489
1613970 490
1613980 489
1613990 488
1614000 488
1614010 488
1614020 488
1614030 488
1614040 487
1614050 486
1614060 486
1614070 485
1614080 484
1614090 484
1614100 483
1614110 483
1614120 483
1614130 482
1614140 481
1614150 481
1614160 481
1614170 480
1614180 480
1614190 479
1614200 479
1614210 479
1614220 478
1614230 477
1614240 477
1614250 477
1614260 476
1614270 476
1614280 476
1614290 475
1614300 475
1614310 474
1614320 474
1614330 474
1614340 473
1614350 473
1614360 473
1614370 472
1614380 472
1614390 472
1614400 472
1614410 471
1614420 471
1614430 471
1614440 470
1614450 470
1614460 470
1614470 469
1614480 469
1614490 468
1614500 468
1614510 468
1614520 468
1614530 468
1614540 468
1614550 467
1614560 467
1614570 467
1614580 467
1614590 466
1614600 466
1614610 466
1614620 465
1614630 465
1614640 465
1614650 465
1614660 465
1614670 464
1614680 464
1614690 464
1614700 463
1614710 463
1614720 463
1614730 463
1614740 462
1614750 462
1614760 461
1614770 461
1614780 461
1614790 460
1614800 459
1614810 459
1614820 459
1614830 458
1614840 458
1614850 458
1614860 458
1614870 458
1614880 457
1614890 457
1614900 457
1614910 457
1614920 457
1614930 457
1614940 457
1614950 456
1614960 456
1614970 457
1614980 457
1614990 457
1615000 457
1615010 456
1615020 456
1615030 456
1615040 455
1615050 455
1615060 455
1615070 455
1615080 455
1615090 454
1615100 454
1615110 454
1615120 454
1615130 454
1615140 454
1615150 454
1615160 455
1615170 455
1615180 455
1615190 456
1615200 456
1615210 456
1615220 456
1615230 456
1615240 457
1615250 458
1615260 458
1615270 458
1615280 458
1615290 458
1615300 458
1615310 458
1615320 458
1615330 458
1615340 459
1615350 459
1615360 459
1615370 459
1615380 459
1615390 460
1615400 460
1615410 460
1615420 460
1615430 460
1615440 461
1615450 461
1615460 461
1615470 461
1615480 462
1615490 462
1615500 462
1615510 462
1615520 462
1615530 463
1615540 463
1615550 463
1615560 463
1615570 464
1615580 464
1615590 464
1615600 464
1615610 464
1615620 465
1615630 465
1615640 465
1615650 465
1615660 466
1615670 466
1615680 466
1615690 466
1615700 466
1615710 467
1615720 467
1615730 467
1615740 467
1615750 468
1615760 468
1615770 468
1615780 468
1615790 468
1615800 469
1615810 469
1615820 469
1615830 469
1615840 469
1615850 469
1615860 469
1615870 469
1615880 469
1615890 469
1615900 470
1615910 470
1615920 470
1615930 470
1615940 470
1615950 470
1615960 470
1615970 470
1615980 470
1615990 470
1616000 470
1616010 470
1616020 470
1616030 470
1616040 470
1616050 470
1616060 470
1616070 471
1616080 471
1616090 471
1616100 471
1616110 471
1616120 471
1616130 471
1616140 471
1616150 471
1616160 472
1616170 472
1616180 472
1616190 472
1616200 472
1616210 472
1616220 472
1616230 472
1616240 472
1616250 472
1616260 472
1616270 472
1616280 472
1616290 472
1616300 472
1616310 472
1616320 472
1616330 472
1616340 472
1616350 472
1616360 472
1616370 472
1616380 472
1616390 472
1616400 471
1616410 471
1616420 471
1616430 471
1616440 471
1616450 471
1616460 470
1616470 470
1616480 470
1616490 470
1616500 469
1616510 469
1616520 469
1616530 469
1616540 469
1616550 468
1616560 468
1616570 468
1616580 468
1616590 468
1616600 468
1616610 467
1616620 467
1616630 467
1616640 467
1616650 466
1616660 466
1616670 466
1616680 465
1616690 465
1616700 465
1616710 464
1616720 464
1616730 464
1616740 463
1616750 463
1616760 463
1616770 462
1616780 462
1616790 462
1616800 461
1616810 461
1616820 460
1616830 459
1616840 459
1616850 458
1616860 457
1616870 457
1616880 457
1616890 456
1616900 456
1616910 455
1616920 454
1616930 454
1616940 453
1616950 453
1616960 453
1616970 452
1616980 452
1616990 452
1617000 451
1617010 451
1617020 451
1617030 451
1617040 450
1617050 450
1617060 450
1617070 450
1617080 450
1617090 449
1617100 449
1617110 449
1617120 448
1617130 448
1617140 448
1617150 447
1617160 446
1617170 446
1617180 446
1617190 445
1617200 445
1617210 445
1617220 444
1617230 444
1617240 444
1617250 443
1617260 443
1617270 443
1617280 442
1617290 442
1617300 440
1617310 438
1617320 438
1617330 437
1617340 436
1617350 436
1617360 436
1617370 436
1617380 436
1617390 437
1617400 437
1617410 437
1617420 438
1617430 441
1617440 441
1617450 443
1617460 444
1617470 444
1617480 444
1617490 443
1617500 443
1617510 442
1617520 442
1617530 442
1617540 441
1617550 440
1617560 440
1617570 439
1617580 439
1617590 439
1617600 438
1617610 436
1617620 436
1617630 433
1617640 431
1617650 431
1617660 430
1617670 430
1617680 430
1617690 430
1617700 430
1617710 430
1617720 430
1617730 430
1617740 431
1617750 433
1617760 433
1617770 435
1617780 437
1617790 437
1617800 438
1617810 440
1617820 440
1617830 442
1617840 444
1617850 444
1617860 445
1617870 446
1617880 446
1617890 446
1617900 447
1617910 447
1617920 448
1617930 451
1617940 451
1617950 451
1617960 451
1617970 451
1617980 452
1617990 452
1618000 452
1618010 453
1618020 453
1618030 453
1618040 453
1618050 453
1618060 453
1618070 453
1618080 453
1618090 453
1618100 453
1618110 453
1618120 453
1618130 453
1618140 453
1618150 453
1618160 453
1618170 453
1618180 453
1618190 452
1618200 452
1618210 452
1618220 452
1618230 449
1618240 449
1618250 447
1618260 444
1618270 444
1618280 442
1618290 439
1618300 439
1618310 435
1618320 433
1618330 433
1618340 430
1618350 427
1618360 427
1618370 424
1618380 423
1618390 423
1618400 423
1618410 423
1618420 423
1618430 423
1618440 423
1618450 423
1618460 423
1618470 424
1618480 424
1618490 424
1618500 423
1618510 423
1618520 423
1618530 423
1618540 423
1618550 422
1618560 422
1618570 422
1618580 422
1618590 422
1618600 422
1618610 423
1618620 423
1618630 423
1618640 423
1618650 423
1618660 423
1618670 423
1618680 426
1618690 426
1618700 431
1618710 431
1618720 431
1618730 426
1618740 426
1618750 426
1618760 427
1618770 429
1618780 429
1618790 431
1618800 433
1618810 433
1618820 435
1618830 439
1618840 439
1618850 442
1618860 444
1618870 444
1618880 446
1618890 448
1618900 446
1618910 447
1618920 449
1618930 449
1618940 450
1618950 450
1618960 450
1618970 451
1618980 451
1618990 451
1619000 451
1619010 450
1619020 450
1619030 447
1619040 446
1619050 446
1619060 446
1619070 446
1619080 446
1619090 447
1619100 449
1619110 449
1619120 450
1619130 450
1619140 450
1619150 450
1619160 451
1619170 451
1619180 453
1619190 455
1619200 455
1619210 456
1619220 456
1619230 456
1619240 456
1619250 456
1619260 456
1619270 456
1619280 455
1619290 455
1619300 456
1619310 460
1619320 460
1619330 462
1619340 459
1619350 459
1619360 458
1619370 458
1619380 458
1619390 458
1619400 458
1619410 458
1619420 459
1619430 459
1619440 459
1619450 460
1619460 460
1619470 460
1619480 461
1619490 462
1619500 462
1619510 462
1619520 462
1619530 462
1619540 462
1619550 463
1619560 463
1619570 464
1619580 466
1619590 466
1619600 468
1619610 470
1619620 470
1619630 472
1619640 474
1619650 474
1619660 477
1619670 479
1619680 479
1619690 481
1619700 482
1619710 482
1619720 482
1619730 481
1619740 481
1619750 481
1619760 481
1619770 481
1619780 481
1619790 481
1619800 481
1619810 482
1619820 482
1619830 482
1619840 482
1619850 482
1619860 485
1619870 485
1619880 485
1619890 485
1619900 486
1619910 486
1619920 486
1619930 486
1619940 486
1619950 486
1619960 486
1619970 486
1619980 486
1619990 486
