1600000 558
1600010 558
1600020 558
1600030 560
1600040 560
1600050 562
1600060 565
1600070 565
1600080 569
1600090 571
1600100 571
1600110 574
1600120 577
1600130 577
1600140 578
1600150 579
1600160 579
1600170 577
1600180 572
1600190 572
1600200 567
1600210 563
1600220 563
1600230 559
1600240 557
1600250 557
1600260 554
1600270 553
1600280 553
1600290 552
1600300 551
1600310 551
1600320 550
1600330 548
1600340 548
1600350 549
1600360 552
1600370 552
1600380 555
1600390 557
1600400 557
1600410 558
1600420 558
1600430 558
1600440 558
1600450 558
1600460 554
1600470 553
1600480 553
1600490 553
1600500 551
1600510 549
1600520 549
1600530 547
1600540 544
1600550 544
1600560 542
1600570 541
1600580 541
1600590 541
1600600 541
1600610 541
1600620 541
1600630 541
1600640 541
1600650 543
1600660 545
1600670 545
1600680 549
1600690 552
1600700 552
1600710 555
1600720 557
1600730 557
1600740 559
1600750 560
1600760 560
1600770 560
1600780 561
1600790 561
1600800 561
1600810 561
1600820 561
1600830 561
1600840 561
1600850 561
1600860 561
1600870 560
1600880 560
1600890 560
1600900 560
1600910 560
1600920 559
1600930 559
1600940 559
1600950 559
1600960 559
1600970 559
1600980 559
1600990 559
1601000 559
1601010 559
1601020 559
1601030 559
1601040 560
1601050 560
1601060 560
1601070 560
1601080 560
1601090 560
1601100 561
1601110 561
1601120 561
1601130 561
1601140 560
1601150 560
1601160 559
1601170 559
1601180 559
1601190 559
1601200 558
1601210 558
1601220 558
1601230 559
1601240 559
1601250 559
1601260 559
1601270 559
1601280 558
1601290 557
1601300 557
1601310 556
1601320 557
1601330 557
1601340 560
1601350 562
1601360 562
1601370 565
1601380 567
1601390 567
1601400 569
1601410 569
1601420 572
1601430 573
1601440 573
1601450 574
1601460 575
1601470 575
1601480 576
1601490 577
1601500 577
1601510 578
1601520 579
1601530 579
1601540 580
1601550 580
1601560 580
1601570 580
1601580 582
1601590 582
1601600 583
1601610 583
1601620 583
1601630 583
1601640 583
1601650 583
1601660 583
1601670 583
1601680 583
1601690 582
1601700 581
1601710 581
1601720 581
1601730 580
1601740 580
1601750 580
1601760 579
1601770 579
1601780 578
1601790 578
1601800 578
1601810 577
1601820 577
1601830 577
1601840 577
1601850 576
1601860 576
1601870 576
1601880 575
1601890 575
1601900 575
1601910 575
1601920 575
1601930 575
1601940 575
1601950 575
1601960 575
1601970 575
1601980 575
1601990 575
1602000 575
1602010 575
1602020 575
1602030 574
1602040 574
1602050 574
1602060 574
1602070 574
1602080 574
1602090 574
1602100 574
1602110 574
1602120 573
1602130 573
1602140 573
1602150 572
1602160 572
1602170 572
1602180 571
1602190 571
1602200 571
1602210 570
1602220 570
1602230 569
1602240 569
1602250 569
1602260 568
1602270 567
1602280 567
1602290 566
1602300 565
1602310 565
1602320 563
1602330 561
1602340 561
1602350 558
1602360 556
1602370 556
1602380 554
1602390 552
1602400 552
1602410 550
1602420 549
1602430 549
1602440 548
1602450 547
1602460 547
1602470 546
1602480 544
1602490 544
1602500 542
1602510 538
1602520 538
1602530 535
1602540 532
1602550 532
1602560 530
1602570 528
1602580 528
1602590 528
1602600 529
1602610 529
1602620 530
1602630 531
1602640 531
1602650 533
1602660 536
1602670 536
1602680 538
1602690 539
1602700 539
1602710 539
1602720 539
1602730 539
1602740 539
1602750 538
1602760 538
1602770 537
1602780 536
1602790 536
1602800 534
1602810 533
1602820 533
1602830 531
1602840 528
1602850 528
1602860 525
1602870 522
1602880 522
1602890 520
1602900 515
1602910 515
1602920 511
1602930 506
1602940 506
1602950 501
1602960 496
1602970 496
1602980 491
1602990 486
1603000 486
1603010 480
1603020 474
1603030 474
1603040 469
1603050 464
1603060 464
1603070 461
1603080 458
1603090 458
1603100 457
1603110 456
1603120 456
1603130 457
1603140 458
1603150 458
1603160 461
1603170 466
1603180 466
1603190 471
1603200 476
1603210 476
1603220 481
1603230 486
1603240 486
1603250 489
1603260 494
1603270 494
1603280 497
1603290 499
1603300 499
1603310 501
1603320 504
1603330 504
1603340 505
1603350 506
1603360 506
1603370 507
1603380 508
1603390 508
1603400 508
1603410 508
1603420 509
1603430 509
1603440 509
1603450 510
1603460 510
1603470 510
1603480 510
1603490 511
1603500 511
1603510 511
1603520 511
1603530 511
1603540 512
1603550 512
1603560 512
1603570 512
1603580 512
1603590 512
1603600 512
1603610 512
1603620 512
1603630 512
1603640 512
1603650 512
1603660 512
1603670 513
1603680 513
1603690 513
1603700 513
1603710 513
1603720 513
1603730 513
1603740 513
1603750 513
1603760 513
1603770 513
1603780 514
1603790 514
1603800 514
1603810 514
1603820 514
1603830 514
1603840 514
1603850 514
1603860 514
1603870 514
1603880 514
1603890 514
1603900 514
1603910 514
1603920 514
1603930 514
1603940 514
1603950 514
1603960 514
1603970 515
1603980 515
1603990 515
1604000 515
1604010 515
1604020 515
1604030 516
1604040 516
1604050 516
1604060 516
1604070 516
1604080 517
1604090 517
1604100 517
1604110 517
1604120 517
1604130 517
1604140 517
1604150 517
1604160 517
1604170 517
1604180 517
1604190 517
1604200 517
1604210 517
1604220 517
1604230 516
1604240 516
1604250 516
1604260 515
1604270 515
1604280 515
1604290 515
1604300 515
1604310 515
1604320 514
1604330 514
1604340 514
1604350 514
1604360 514
1604370 514
1604380 513
1604390 513
1604400 513
1604410 513
1604420 513
1604430 513
1604440 513
1604450 513
1604460 513
1604470 512
1604480 512
1604490 512
1604500 512
1604510 512
1604520 512
1604530 511
1604540 511
1604550 511
1604560 510
1604570 509
1604580 509
1604590 508
1604600 507
1604610 507
1604620 506
1604630 505
1604640 505
1604650 503
1604660 502
1604670 502
1604680 502
1604690 502
1604700 502
1604710 503
1604720 503
1604730 503
1604740 504
1604750 505
1604760 505
1604770 505
1604780 506
1604790 506
1604800 506
1604810 506
1604820 506
1604830 507
1604840 507
1604850 507
1604860 508
1604870 508
1604880 508
1604890 508
1604900 508
1604910 508
1604920 508
1604930 507
1604940 507
1604950 505
1604960 504
1604970 504
1604980 501
1604990 498
1605000 498
1605010 496
1605020 497
1605030 497
1605040 498
1605050 500
1605060 500
1605070 502
1605080 504
1605090 504
1605100 507
1605110 510
1605120 510
1605130 511
1605140 511
1605150 511
1605160 511
1605170 512
1605180 512
1605190 513
1605200 513
1605210 513
1605220 513
1605230 512
1605240 512
1605250 512
1605260 512
1605270 512
1605280 512
1605290 512
1605300 512
1605310 510
1605320 510
1605330 510
1605340 509
1605350 508
1605360 508
1605370 508
1605380 508
1605390 508
1605400 509
1605410 509
1605420 510
1605430 510
1605440 510
1605450 511
1605460 511
1605470 511
1605480 512
1605490 513
1605500 513
1605510 514
1605520 514
1605530 514
1605540 515
1605550 516
1605560 516
1605570 516
1605580 515
1605590 515
1605600 515
1605610 515
1605620 515
1605630 514
1605640 514
1605650 514
1605660 514
1605670 513
1605680 513
1605690 513
1605700 512
1605710 512
1605720 512
1605730 511
1605740 511
1605750 511
1605760 510
1605770 510
1605780 510
1605790 509
1605800 509
1605810 509
1605820 509
1605830 509
1605840 509
1605850 509
1605860 509
1605870 509
1605880 509
1605890 509
1605900 509
1605910 509
1605920 509
1605930 509
1605940 511
1605950 511
1605960 511
1605970 511
1605980 511
1605990 511
1606000 511
1606010 511
1606020 511
1606030 510
1606040 510
1606050 510
1606060 510
1606070 510
1606080 511
1606090 511
1606100 511
1606110 511
1606120 511
1606130 511
1606140 511
1606150 511
1606160 511
1606170 512
1606180 513
1606190 513
1606200 512
1606210 511
1606220 511
1606230 511
1606240 510
1606250 510
1606260 509
1606270 509
1606280 509
1606290 508
1606300 507
1606310 507
1606320 506
1606330 504
1606340 504
1606350 503
1606360 502
1606370 502
1606380 501
1606390 499
1606400 499
1606410 497
1606420 494
1606430 494
1606440 492
1606450 490
1606460 490
1606470 487
1606480 485
1606490 485
1606500 484
1606510 482
1606520 482
1606530 481
1606540 479
1606550 479
1606560 478
1606570 477
1606580 477
1606590 476
1606600 475
1606610 475
1606620 475
1606630 474
1606640 474
1606650 474
1606660 474
1606670 474
1606680 473
1606690 473
1606700 473
1606710 472
1606720 472
1606730 472
1606740 472
1606750 471
1606760 471
1606770 471
1606780 470
1606790 470
1606800 468
1606810 467
1606820 467
1606830 465
1606840 464
1606850 464
1606860 462
1606870 460
1606880 460
1606890 459
1606900 457
1606910 457
1606920 456
1606930 454
1606940 454
1606950 452
1606960 449
1606970 449
1606980 447
1606990 446
1607000 446
1607010 448
1607020 450
1607030 450
1607040 452
1607050 456
1607060 456
1607070 462
1607080 466
1607090 466
1607100 470
1607110 474
1607120 474
1607130 478
1607140 482
1607150 482
1607160 485
1607170 489
1607180 489
1607190 492
1607200 495
1607210 495
1607220 499
1607230 501
1607240 501
1607250 503
1607260 504
1607270 504
1607280 505
1607290 506
1607300 506
1607310 506
1607320 507
1607330 507
1607340 508
1607350 508
1607360 508
1607370 505
1607380 497
1607390 497
1607400 491
1607410 486
1607420 486
1607430 483
1607440 483
1607450 481
1607460 480
1607470 480
1607480 483
1607490 484
1607500 484
1607510 488
1607520 493
1607530 493
1607540 497
1607550 501
1607560 501
1607570 504
1607580 508
1607590 508
1607600 511
1607610 514
1607620 514
1607630 516
1607640 517
1607650 517
1607660 517
1607670 517
1607680 517
1607690 517
1607700 517
1607710 517
1607720 517
1607730 517
1607740 517
1607750 518
1607760 518
1607770 518
1607780 519
1607790 519
1607800 519
1607810 520
1607820 521
1607830 521
1607840 521
1607850 521
1607860 521
1607870 521
1607880 520
1607890 520
1607900 520
1607910 520
1607920 520
1607930 519
1607940 519
1607950 519
1607960 519
1607970 519
1607980 519
1607990 519
1608000 519
1608010 519
1608020 520
1608030 519
1608040 519
1608050 518
1608060 518
1608070 519
1608080 519
1608090 519
1608100 519
1608110 520
1608120 521
1608130 521
1608140 522
1608150 523
1608160 523
1608170 524
1608180 526
1608190 526
1608200 527
1608210 527
1608220 527
1608230 528
1608240 529
1608250 529
1608260 530
1608270 531
1608280 531
1608290 532
1608300 533
1608310 533
1608320 534
1608330 535
1608340 535
1608350 536
1608360 537
1608370 537
1608380 538
1608390 540
1608400 540
1608410 542
1608420 543
1608430 543
1608440 543
1608450 542
1608460 542
1608470 541
1608480 538
1608490 538
1608500 534
1608510 531
1608520 531
1608530 528
1608540 526
1608550 526
1608560 526
1608570 526
1608580 526
1608590 528
1608600 529
1608610 529
1608620 531
1608630 533
1608640 533
1608650 536
1608660 537
1608670 537
1608680 539
1608690 541
1608700 541
1608710 543
1608720 544
1608730 544
1608740 546
1608750 548
1608760 548
1608770 550
1608780 552
1608790 552
1608800 553
1608810 555
1608820 555
1608830 556
1608840 557
1608850 557
1608860 558
1608870 559
1608880 559
1608890 560
1608900 562
1608910 562
1608920 563
1608930 564
1608940 564
1608950 564
1608960 565
1608970 565
1608980 566
1608990 566
1609000 566
1609010 567
1609020 569
1609030 569
1609040 570
1609050 571
1609060 571
1609070 572
1609080 572
1609090 572
1609100 573
1609110 574
1609120 573
1609130 573
1609140 574
1609150 574
1609160 575
1609170 575
1609180 575
1609190 575
1609200 576
1609210 576
1609220 577
1609230 577
1609240 577
1609250 577
1609260 578
1609270 578
1609280 578
1609290 578
1609300 578
1609310 578
1609320 578
1609330 578
1609340 577
1609350 577
1609360 577
1609370 576
1609380 575
1609390 575
1609400 575
1609410 574
1609420 574
1609430 573
1609440 572
1609450 572
1609460 570
1609470 570
1609480 569
1609490 568
1609500 568
1609510 566
1609520 565
1609530 565
1609540 562
1609550 559
1609560 559
1609570 557
1609580 555
1609590 555
1609600 552
1609610 550
1609620 550
1609630 546
1609640 543
1609650 543
1609660 539
1609670 534
1609680 534
1609690 530
1609700 526
1609710 526
1609720 521
1609730 516
1609740 516
1609750 511
1609760 504
1609770 504
1609780 499
1609790 494
1609800 494
1609810 491
1609820 489
1609830 489
1609840 488
1609850 488
1609860 488
1609870 488
1609880 489
1609890 489
1609900 489
1609910 489
1609920 489
1609930 489
1609940 487
1609950 487
1609960 483
1609970 479
1609980 479
1609990 475
1610000 471
1610010 471
1610020 467
1610030 463
1610040 463
1610050 459
1610060 454
1610070 454
1610080 449
1610090 444
1610100 444
1610110 440
1610120 436
1610130 436
1610140 431
1610150 428
1610160 427
1610170 423
1610180 420
1610190 420
1610200 418
1610210 415
1610220 415
1610230 411
1610240 409
1610250 409
1610260 406
1610270 402
1610280 402
1610290 402
1610300 401
1610310 401
1610320 401
1610330 401
1610340 401
1610350 401
1610360 400
1610370 400
1610380 399
1610390 399
1610400 399
1610410 399
1610420 399
1610430 399
1610440 400
1610450 400
1610460 400
1610470 400
1610480 401
1610490 401
1610500 402
1610510 402
1610520 402
1610530 402
1610540 400
1610550 400
1610560 399
1610570 398
1610580 398
1610590 398
1610600 399
1610610 399
1610620 400
1610630 401
1610640 401
1610650 402
1610660 404
1610670 404
1610680 404
1610690 405
1610700 405
1610710 407
1610720 409
1610730 409
1610740 410
1610750 412
1610760 412
1610770 413
1610780 414
1610790 414
1610800 415
1610810 416
1610820 416
1610830 418
1610840 419
1610850 419
1610860 420
1610870 422
1610880 422
1610890 423
1610900 426
1610910 426
1610920 428
1610930 430
1610940 430
1610950 432
1610960 434
1610970 434
1610980 436
1610990 439
1611000 439
1611010 441
1611020 444
1611030 444
1611040 446
1611050 449
1611060 449
1611070 452
1611080 453
1611090 453
1611100 455
1611110 458
1611120 458
1611130 461
1611140 464
1611150 464
1611160 468
1611170 471
1611180 471
1611190 474
1611200 478
1611210 478
1611220 482
1611230 485
1611240 485
1611250 488
1611260 491
1611270 491
1611280 494
1611290 497
1611300 497
1611310 499
1611320 501
1611330 501
1611340 504
1611350 506
1611360 506
1611370 507
1611380 511
1611390 511
1611400 514
1611410 517
1611420 517
1611430 520
1611440 523
1611450 523
1611460 526
1611470 526
1611480 529
1611490 531
1611500 531
1611510 532
1611520 534
1611530 534
1611540 535
1611550 537
1611560 537
1611570 538
1611580 540
1611590 540
1611600 541
1611610 542
1611620 542
1611630 542
1611640 542
1611650 542
1611660 543
1611670 543
1611680 543
1611690 543
1611700 543
1611710 543
1611720 544
1611730 544
1611740 544
1611750 544
1611760 544
1611770 544
1611780 544
1611790 544
1611800 544
1611810 545
1611820 545
1611830 545
1611840 545
1611850 545
1611860 545
1611870 545
1611880 545
1611890 545
1611900 545
1611910 545
1611920 545
1611930 546
1611940 546
1611950 546
1611960 546
1611970 547
1611980 547
1611990 548
1612000 549
1612010 549
1612020 550
1612030 551
1612040 551
1612050 552
1612060 552
1612070 552
1612080 553
1612090 554
1612100 554
1612110 555
1612120 555
1612130 555
1612140 556
1612150 557
1612160 557
1612170 557
1612180 558
1612190 558
1612200 559
1612210 560
1612220 560
1612230 561
1612240 561
1612250 561
1612260 562
1612270 562
1612280 562
1612290 563
1612300 563
1612310 563
1612320 564
1612330 564
1612340 564
1612350 565
1612360 566
1612370 566
1612380 566
1612390 567
1612400 567
1612410 568
1612420 568
1612430 568
1612440 569
1612450 569
1612460 569
1612470 569
1612480 570
1612490 570
1612500 570
1612510 571
1612520 571
1612530 571
1612540 572
1612550 572
1612560 572
1612570 572
1612580 572
1612590 573
1612600 573
1612610 573
1612620 574
1612630 574
1612640 574
1612650 574
1612660 575
1612670 575
1612680 575
1612690 574
1612700 574
1612710 574
1612720 573
1612730 573
1612740 572
1612750 571
1612760 571
1612770 570
1612780 569
1612790 569
1612800 568
1612810 567
1612820 567
1612830 567
1612840 566
1612850 566
1612860 564
1612870 563
1612880 563
1612890 562
1612900 562
1612910 562
1612920 560
1612930 558
1612940 558
1612950 557
1612960 556
1612970 556
1612980 554
1612990 552
1613000 552
1613010 551
1613020 549
1613030 549
1613040 548
1613050 546
1613060 546
1613070 544
1613080 541
1613090 541
1613100 539
1613110 535
1613120 535
1613130 533
1613140 531
1613150 531
1613160 530
1613170 528
1613180 528
1613190 526
1613200 524
1613210 524
1613220 521
1613230 521
1613240 521
1613250 518
1613260 515
1613270 515
1613280 512
1613290 509
1613300 509
1613310 509
1613320 508
1613330 508
1613340 507
1613350 506
1613360 506
1613370 504
1613380 504
1613390 504
1613400 503
1613410 502
1613420 502
1613430 501
1613440 499
1613450 499
1613460 498
1613470 496
1613480 496
1613490 495
1613500 495
1613510 496
1613520 496
1613530 496
1613540 495
1613550 496
1613560 496
1613570 499
1613580 501
1613590 501
1613600 503
1613610 505
1613620 505
1613630 507
1613640 509
1613650 509
1613660 512
1613670 514
1613680 514
1613690 517
1613700 520
1613710 520
1613720 521
1613730 523
1613740 523
1613750 525
1613760 528
1613770 528
1613780 531
1613790 533
1613800 533
1613810 535
1613820 536
1613830 536
1613840 538
1613850 540
1613860 540
1613870 542
1613880 543
1613890 543
1613900 544
1613910 545
1613920 545
1613930 546
1613940 547
1613950 547
1613960 547
1613970 548
1613980 548
1613990 549
1614000 550
1614010 550
1614020 550
1614030 551
1614040 551
1614050 552
1614060 552
1614070 552
1614080 553
1614090 554
1614100 554
1614110 554
1614120 555
1614130 555
1614140 556
1614150 557
1614160 557
1614170 557
1614180 558
1614190 558
1614200 558
1614210 558
1614220 558
1614230 559
1614240 559
1614250 559
1614260 559
1614270 559
1614280 559
1614290 559
1614300 559
1614310 559
1614320 558
1614330 557
1614340 557
1614350 557
1614360 556
1614370 556
1614380 556
1614390 555
1614400 555
1614410 555
1614420 556
1614430 556
1614440 556
1614450 558
1614460 558
1614470 559
1614480 561
1614490 561
1614500 562
1614510 563
1614520 563
1614530 564
1614540 566
1614550 566
1614560 567
1614570 569
1614580 569
1614590 571
1614600 574
1614610 574
1614620 576
1614630 579
1614640 579
1614650 581
1614660 584
1614670 584
1614680 586
1614690 589
1614700 589
1614710 591
1614720 594
1614730 594
1614740 596
1614750 598
1614760 598
1614770 599
1614780 601
1614790 601
1614800 602
1614810 603
1614820 603
1614830 602
1614840 601
1614850 601
1614860 599
1614870 596
1614880 596
1614890 594
1614900 592
1614910 592
1614920 590
1614930 587
1614940 587
1614950 586
1614960 584
1614970 584
1614980 582
1614990 581
1615000 581
1615010 579
1615020 577
1615030 577
1615040 576
1615050 574
1615060 574
1615070 573
1615080 571
1615090 571
1615100 570
1615110 568
1615120 568
1615130 567
1615140 566
1615150 566
1615160 565
1615170 564
1615180 564
1615190 562
1615200 561
1615210 561
1615220 560
1615230 559
1615240 559
1615250 557
1615260 556
1615270 556
1615280 555
1615290 555
1615300 555
1615310 554
1615320 553
1615330 553
1615340 552
1615350 551
1615360 551
1615370 551
1615380 550
1615390 550
1615400 549
1615410 549
1615420 549
1615430 548
1615440 547
1615450 547
1615460 547
1615470 546
1615480 546
1615490 545
1615500 545
1615510 544
1615520 543
1615530 543
1615540 543
1615550 543
1615560 543
1615570 544
1615580 543
1615590 543
1615600 543
1615610 543
1615620 543
1615630 543
1615640 543
1615650 543
1615660 543
1615670 544
1615680 544
1615690 544
1615700 544
1615710 544
1615720 545
1615730 546
1615740 546
1615750 547
1615760 547
1615770 547
1615780 548
1615790 549
1615800 549
1615810 549
1615820 550
1615830 550
1615840 550
1615850 551
1615860 551
1615870 552
1615880 552
1615890 552
1615900 553
1615910 553
1615920 553
1615930 553
1615940 554
1615950 554
1615960 555
1615970 556
1615980 556
1615990 556
1616000 556
1616010 556
1616020 557
1616030 557
1616040 557
1616050 558
1616060 558
1616070 558
1616080 558
1616090 558
1616100 558
1616110 558
1616120 558
1616130 558
1616140 558
1616150 558
1616160 558
1616170 557
1616180 555
1616190 555
1616200 552
1616210 550
1616220 550
1616230 549
1616240 550
1616250 550
1616260 551
1616270 553
1616280 553
1616290 555
1616300 559
1616310 559
1616320 562
1616330 564
1616340 564
1616350 566
1616360 569
1616370 569
1616380 572
1616390 573
1616400 573
1616410 574
1616420 576
1616430 576
1616440 577
1616450 579
1616460 579
1616470 580
1616480 582
1616490 582
1616500 584
1616510 586
1616520 586
1616530 588
1616540 590
1616550 590
1616560 592
1616570 594
1616580 594
1616590 595
1616600 597
1616610 597
1616620 599
1616630 602
1616640 602
1616650 604
1616660 606
1616670 606
1616680 608
1616690 610
1616700 610
1616710 612
1616720 615
1616730 615
1616740 616
1616750 617
1616760 617
1616770 618
1616780 618
1616790 618
1616800 619
1616810 620
1616820 620
1616830 620
1616840 620
1616850 620
1616860 620
1616870 620
1616880 620
1616890 620
1616900 620
1616910 620
1616920 620
1616930 619
1616940 619
1616950 617
1616960 616
1616970 616
1616980 614
1616990 612
1617000 612
1617010 610
1617020 608
1617030 608
1617040 605
1617050 602
1617060 602
1617070 600
1617080 597
1617090 597
1617100 593
1617110 590
1617120 590
1617130 588
1617140 584
1617150 584
1617160 583
1617170 581
1617180 581
1617190 580
1617200 579
1617210 581
1617220 581
1617230 582
1617240 582
1617250 582
1617260 582
1617270 582
1617280 582
1617290 583
1617300 583
1617310 582
1617320 583
1617330 583
1617340 583
1617350 583
1617360 583
1617370 583
1617380 584
1617390 584
1617400 584
1617410 584
1617420 584
1617430 584
1617440 584
1617450 584
1617460 584
1617470 584
1617480 584
1617490 584
1617500 584
1617510 585
1617520 585
1617530 585
1617540 586
1617550 586
1617560 586
1617570 586
1617580 587
1617590 587
1617600 587
1617610 587
1617620 587
1617630 588
1617640 588
1617650 588
1617660 589
1617670 589
1617680 589
1617690 590
1617700 590
1617710 590
1617720 590
1617730 590
1617740 590
1617750 591
1617760 590
1617770 590
1617780 590
1617790 589
1617800 589
1617810 587
1617820 586
1617830 586
1617840 584
1617850 582
1617860 582
1617870 581
1617880 579
1617890 579
1617900 577
1617910 575
1617920 575
1617930 573
1617940 571
1617950 571
1617960 569
1617970 567
1617980 567
1617990 565
1618000 563
1618010 563
1618020 561
1618030 559
1618040 559
1618050 557
1618060 555
1618070 555
1618080 554
1618090 552
1618100 552
1618110 549
1618120 547
1618130 547
1618140 544
1618150 542
1618160 542
1618170 539
1618180 536
1618190 537
1618200 535
1618210 534
1618220 534
1618230 533
1618240 531
1618250 531
1618260 529
1618270 528
1618280 528
1618290 526
1618300 523
1618310 523
1618320 520
1618330 517
1618340 517
1618350 512
1618360 508
1618370 508
1618380 504
1618390 502
1618400 502
1618410 499
1618420 497
1618430 497
1618440 494
1618450 492
1618460 492
1618470 491
1618480 490
1618490 490
1618500 489
1618510 489
1618520 489
1618530 490
1618540 493
1618550 493
1618560 496
1618570 499
1618580 499
1618590 501
1618600 502
1618610 502
1618620 502
1618630 502
1618640 502
1618650 502
1618660 500
1618670 500
1618680 499
1618690 497
1618700 497
1618710 494
1618720 492
1618730 492
1618740 490
1618750 487
1618760 487
1618770 484
1618780 481
1618790 481
1618800 478
1618810 474
1618820 474
1618830 469
1618840 463
1618850 463
1618860 457
1618870 451
1618880 451
1618890 444
1618900 438
1618910 438
1618920 433
1618930 430
1618940 430
1618950 430
1618960 430
1618970 430
1618980 431
1618990 431
1619000 431
1619010 431
1619020 432
1619030 432
1619040 432
1619050 433
1619060 433
1619070 435
1619080 436
1619090 436
1619100 437
1619110 439
1619120 439
1619130 440
1619140 442
1619150 442
1619160 442
1619170 442
1619180 442
1619190 450
1619200 454
1619210 454
1619220 457
1619230 460
1619240 460
1619250 462
1619260 465
1619270 465
1619280 467
1619290 469
1619300 469
1619310 471
1619320 472
1619330 472
1619340 474
1619350 475
1619360 475
1619370 477
1619380 478
1619390 478
1619400 480
1619410 482
1619420 482
1619430 484
1619440 486
1619450 486
1619460 487
1619470 487
1619480 487
1619490 488
1619500 488
1619510 489
1619520 489
1619530 489
1619540 490
1619550 490
1619560 490
1619570 490
1619580 490
1619590 490
1619600 490
1619610 490
1619620 490
1619630 490
1619640 490
1619650 490
1619660 491
1619670 490
1619680 490
1619690 490
1619700 489
1619710 489
1619720 489
1619730 489
1619740 489
1619750 488
1619760 488
1619770 488
1619780 488
1619790 487
1619800 487
1619810 487
1619820 486
1619830 486
1619840 484
1619850 481
1619860 481
1619870 478
1619880 476
1619890 476
1619900 475
1619910 474
1619920 474
1619930 475
1619940 476
1619950 476
1619960 478
1619970 480
1619980 480
1619990 482
