1600000 680
1600010 680
1600020 682
1600030 683
1600040 683
1600050 685
1600060 687
1600070 687
1600080 688
1600090 689
1600100 689
1600110 689
1600120 689
1600130 689
1600140 689
1600150 689
1600160 689
1600170 688
1600180 687
1600190 687
1600200 686
1600210 684
1600220 684
1600230 682
1600240 681
1600250 681
1600260 679
1600270 677
1600280 677
1600290 676
1600300 675
1600310 675
1600320 674
1600330 672
1600340 672
1600350 671
1600360 670
1600370 670
1600380 669
1600390 668
1600400 668
1600410 667
1600420 667
1600430 667
1600440 666
1600450 665
1600460 665
1600470 664
1600480 663
1600490 663
1600500 662
1600510 661
1600520 661
1600530 660
1600540 659
1600550 659
1600560 658
1600570 657
1600580 657
1600590 656
1600600 655
1600610 655
1600620 655
1600630 654
1600640 654
1600650 653
1600660 652
1600670 652
1600680 652
1600690 651
1600700 651
1600710 651
1600720 650
1600730 650
1600740 648
1600750 648
1600760 648
1600770 647
1600780 646
1600790 646
1600800 645
1600810 645
1600820 645
1600830 644
1600840 643
1600850 643
1600860 643
1600870 642
1600880 642
1600890 642
1600900 642
1600910 642
1600920 642
1600930 642
1600940 642
1600950 641
1600960 641
1600970 641
1600980 641
1600990 639
1601000 639
1601010 638
1601020 638
1601030 638
1601040 638
1601050 638
1601060 638
1601070 638
1601080 638
1601090 638
1601100 637
1601110 637
1601120 637
1601130 636
1601140 635
1601150 635
1601160 635
1601170 634
1601180 634
1601190 633
1601200 633
1601210 633
1601220 632
1601230 632
1601240 631
1601250 630
1601260 630
1601270 629
1601280 628
1601290 628
1601300 627
1601310 627
1601320 627
1601330 625
1601340 623
1601350 623
1601360 620
1601370 615
1601380 615
1601390 611
1601400 607
1601410 607
1601420 604
1601430 601
1601440 601
1601450 599
1601460 597
1601470 597
1601480 596
1601490 594
1601500 594
1601510 592
1601520 590
1601530 590
1601540 588
1601550 586
1601560 586
1601570 584
1601580 582
1601590 582
1601600 580
1601610 577
1601620 577
1601630 575
1601640 572
1601650 572
1601660 569
1601670 567
1601680 567
1601690 565
1601700 564
1601710 564
1601720 563
1601730 562
1601740 562
1601750 561
1601760 561
1601770 561
1601780 562
1601790 563
1601800 563
1601810 563
1601820 564
1601830 564
1601840 564
1601850 564
1601860 564
1601870 564
1601880 564
1601890 564
1601900 565
1601910 566
1601920 566
1601930 567
1601940 569
1601950 569
1601960 570
1601970 570
1601980 570
1601990 571
1602000 571
1602010 571
1602020 572
1602030 573
1602040 573
1602050 573
1602060 574
1602070 574
1602080 575
1602090 576
1602100 576
1602110 576
1602120 577
1602130 577
1602140 578
1602150 578
1602160 578
1602170 579
1602180 579
1602190 579
1602200 578
1602210 577
1602220 577
1602230 577
1602240 575
1602250 575
1602260 573
1602270 569
1602280 569
1602290 565
1602300 560
1602310 560
1602320 555
1602330 550
1602340 550
1602350 545
1602360 541
1602370 541
1602380 536
1602390 532
1602400 532
1602410 528
1602420 526
1602430 526
1602440 522
1602450 521
1602460 521
1602470 523
1602480 526
1602490 526
1602500 527
1602510 529
1602520 529
1602530 528
1602540 525
1602550 525
1602560 519
1602570 512
1602580 512
1602590 505
1602600 500
1602610 500
1602620 497
1602630 493
1602640 493
1602650 490
1602660 489
1602670 489
1602680 488
1602690 487
1602700 487
1602710 490
1602720 494
1602730 494
1602740 494
1602750 492
1602760 492
1602770 489
1602780 486
1602790 486
1602800 484
1602810 488
1602820 488
1602830 491
1602840 495
1602850 495
1602860 500
1602870 505
1602880 505
1602890 509
1602900 513
1602910 513
1602920 517
1602930 522
1602940 522
1602950 525
1602960 528
1602970 528
1602980 531
1602990 533
1603000 533
1603010 536
1603020 538
1603030 538
1603040 540
1603050 542
1603060 542
1603070 543
1603080 544
1603090 544
1603100 544
1603110 545
1603120 545
1603130 545
1603140 545
1603150 545
1603160 546
1603170 546
1603180 546
1603190 546
1603200 546
1603210 545
1603220 545
1603230 545
1603240 545
1603250 545
1603260 545
1603270 545
1603280 545
1603290 545
1603300 545
1603310 544
1603320 544
1603330 544
1603340 544
1603350 544
1603360 543
1603370 543
1603380 543
1603390 542
1603400 541
1603410 541
1603420 540
1603430 540
1603440 540
1603450 539
1603460 538
1603470 538
1603480 538
1603490 536
1603500 536
1603510 535
1603520 535
1603530 535
1603540 534
1603550 534
1603560 534
1603570 534
1603580 534
1603590 534
1603600 534
1603610 535
1603620 535
1603630 536
1603640 537
1603650 537
1603660 538
1603670 539
1603680 539
1603690 541
1603700 541
1603710 541
1603720 542
1603730 543
1603740 543
1603750 543
1603760 544
1603770 544
1603780 544
1603790 544
1603800 544
1603810 545
1603820 546
1603830 546
1603840 546
1603850 546
1603860 546
1603870 546
1603880 546
1603890 546
1603900 546
1603910 546
1603920 546
1603930 546
1603940 546
1603950 546
1603960 546
1603970 546
1603980 546
1603990 546
1604000 546
1604010 546
1604020 546
1604030 546
1604040 546
1604050 546
1604060 546
1604070 546
1604080 546
1604090 546
1604100 546
1604110 546
1604120 546
1604130 546
1604140 546
1604150 546
1604160 546
1604170 546
1604180 546
1604190 546
1604200 546
1604210 547
1604220 547
1604230 547
1604240 547
1604250 547
1604260 547
1604270 547
1604280 547
1604290 547
1604300 547
1604310 547
1604320 547
1604330 547
1604340 547
1604350 547
1604360 548
1604370 548
1604380 548
1604390 548
1604400 548
1604410 549
1604420 550
1604430 550
1604440 550
1604450 551
1604460 551
1604470 552
1604480 552
1604490 552
1604500 552
1604510 551
1604520 551
1604530 550
1604540 550
1604550 550
1604560 550
1604570 550
1604580 550
1604590 549
1604600 548
1604610 548
1604620 547
1604630 546
1604640 546
1604650 546
1604660 545
1604670 545
1604680 543
1604690 542
1604700 542
1604710 541
1604720 539
1604730 539
1604740 536
1604750 534
1604760 534
1604770 532
1604780 530
1604790 530
1604800 527
1604810 526
1604820 526
1604830 526
1604840 526
1604850 526
1604860 526
1604870 526
1604880 526
1604890 526
1604900 526
1604910 526
1604920 526
1604930 525
1604940 525
1604950 525
1604960 525
1604970 525
1604980 526
1604990 528
1605000 528
1605010 530
1605020 531
1605030 531
1605040 532
1605050 532
1605060 534
1605070 535
1605080 535
1605090 536
1605100 538
1605110 538
1605120 539
1605130 539
1605140 539
1605150 540
1605160 541
1605170 541
1605180 541
1605190 541
1605200 541
1605210 542
1605220 542
1605230 542
1605240 543
1605250 544
1605260 544
1605270 544
1605280 545
1605290 545
1605300 546
1605310 546
1605320 546
1605330 546
1605340 546
1605350 546
1605360 546
1605370 546
1605380 546
1605390 545
1605400 545
1605410 545
1605420 545
1605430 545
1605440 545
1605450 544
1605460 544
1605470 544
1605480 543
1605490 543
1605500 543
1605510 543
1605520 543
1605530 543
1605540 542
1605550 542
1605560 542
1605570 541
1605580 541
1605590 541
1605600 540
1605610 540
1605620 540
1605630 539
1605640 538
1605650 538
1605660 537
1605670 537
1605680 536
1605690 534
1605700 531
1605710 531
1605720 528
1605730 525
1605740 525
1605750 523
1605760 521
1605770 521
1605780 515
1605790 508
1605800 508
1605810 503
1605820 500
1605830 500
1605840 497
1605850 499
1605860 499
1605870 503
1605880 508
1605890 508
1605900 512
1605910 516
1605920 516
1605930 519
1605940 521
1605950 521
1605960 523
1605970 525
1605980 525
1605990 526
1606000 527
1606010 527
1606020 527
1606030 528
1606040 528
1606050 529
1606060 529
1606070 529
1606080 529
1606090 530
1606100 530
1606110 531
1606120 531
1606130 531
1606140 532
1606150 532
1606160 532
1606170 533
1606180 533
1606190 533
1606200 534
1606210 534
1606220 534
1606230 534
1606240 535
1606250 535
1606260 535
1606270 536
1606280 536
1606290 537
1606300 538
1606310 538
1606320 539
1606330 540
1606340 540
1606350 541
1606360 542
1606370 542
1606380 543
1606390 544
1606400 544
1606410 544
1606420 545
1606430 545
1606440 546
1606450 547
1606460 547
1606470 548
1606480 549
1606490 549
1606500 549
1606510 550
1606520 550
1606530 551
1606540 552
1606550 552
1606560 553
1606570 553
1606580 553
1606590 554
1606600 554
1606610 554
1606620 555
1606630 555
1606640 555
1606650 555
1606660 555
1606670 555
1606680 556
1606690 556
1606700 556
1606710 556
1606720 557
1606730 557
1606740 558
1606750 559
1606760 559
1606770 559
1606780 558
1606790 558
1606800 559
1606810 559
1606820 559
1606830 559
1606840 559
1606850 559
1606860 559
1606870 559
1606880 559
1606890 559
1606900 559
1606910 559
1606920 559
1606930 559
1606940 559
1606950 559
1606960 559
1606970 559
1606980 559
1606990 559
1607000 559
1607010 559
1607020 559
1607030 559
1607040 559
1607050 559
1607060 559
1607070 558
1607080 558
1607090 558
1607100 557
1607110 557
1607120 557
1607130 556
1607140 556
1607150 554
1607160 551
1607170 551
1607180 548
1607190 546
1607200 546
1607210 545
1607220 545
1607230 545
1607240 545
1607250 546
1607260 546
1607270 550
1607280 552
1607290 552
1607300 554
1607310 555
1607320 555
1607330 556
1607340 557
1607350 557
1607360 558
1607370 559
1607380 559
1607390 560
1607400 561
1607410 561
1607420 563
1607430 564
1607440 564
1607450 565
1607460 566
1607470 566
1607480 566
1607490 567
1607500 567
1607510 567
1607520 568
1607530 568
1607540 568
1607550 569
1607560 569
1607570 570
1607580 570
1607590 570
1607600 571
1607610 572
1607620 572
1607630 573
1607640 574
1607650 574
1607660 575
1607670 577
1607680 577
1607690 577
1607700 579
1607710 579
1607720 579
1607730 580
1607740 580
1607750 580
1607760 580
1607770 580
1607780 580
1607790 580
1607800 580
1607810 580
1607820 580
1607830 580
1607840 581
1607850 580
1607860 580
1607870 580
1607880 580
1607890 580
1607900 580
1607910 580
1607920 580
1607930 579
1607940 580
1607950 580
1607960 580
1607970 580
1607980 580
1607990 580
1608000 580
1608010 580
1608020 580
1608030 581
1608040 581
1608050 581
1608060 581
1608070 581
1608080 581
1608090 581
1608100 581
1608110 581
1608120 581
1608130 581
1608140 581
1608150 580
1608160 580
1608170 580
1608180 580
1608190 580
1608200 580
1608210 580
1608220 580
1608230 580
1608240 580
1608250 580
1608260 580
1608270 578
1608280 578
1608290 578
1608300 578
1608310 578
1608320 578
1608330 578
1608340 578
1608350 578
1608360 578
1608370 578
1608380 578
1608390 578
1608400 578
1608410 577
1608420 577
1608430 577
1608440 577
1608450 577
1608460 577
1608470 577
1608480 576
1608490 576
1608500 576
1608510 576
1608520 576
1608530 575
1608540 575
1608550 575
1608560 575
1608570 574
1608580 574
1608590 574
1608600 574
1608610 574
1608620 573
1608630 573
1608640 573
1608650 572
1608660 572
1608670 572
1608680 571
1608690 571
1608700 571
1608710 570
1608720 570
1608730 570
1608740 569
1608750 568
1608760 568
1608770 568
1608780 567
1608790 567
1608800 566
1608810 565
1608820 565
1608830 564
1608840 563
1608850 563
1608860 561
1608870 560
1608880 560
1608890 558
1608900 558
1608910 557
1608920 555
1608930 555
1608940 554
1608950 553
1608960 553
1608970 552
1608980 550
1608990 550
1609000 548
1609010 546
1609020 546
1609030 544
1609040 543
1609050 543
1609060 544
1609070 545
1609080 545
1609090 548
1609100 552
1609110 552
1609120 556
1609130 559
1609140 559
1609150 563
1609160 564
1609170 564
1609180 564
1609190 565
1609200 565
1609210 565
1609220 564
1609230 564
1609240 564
1609250 564
1609260 564
1609270 563
1609280 563
1609290 563
1609300 562
1609310 562
1609320 562
1609330 562
1609340 562
1609350 562
1609360 562
1609370 562
1609380 562
1609390 562
1609400 562
1609410 562
1609420 562
1609430 562
1609440 562
1609450 562
1609460 562
1609470 562
1609480 561
1609490 560
1609500 560
1609510 560
1609520 559
1609530 559
1609540 558
1609550 557
1609560 557
1609570 556
1609580 556
1609590 556
1609600 555
1609610 553
1609620 553
1609630 552
1609640 551
1609650 551
1609660 550
1609670 549
1609680 549
1609690 549
1609700 548
1609710 548
1609720 548
1609730 547
1609740 547
1609750 546
1609760 546
1609770 546
1609780 545
1609790 544
1609800 544
1609810 543
1609820 542
1609830 542
1609840 541
1609850 541
1609860 541
1609870 540
1609880 538
1609890 538
1609900 537
1609910 535
1609920 535
1609930 534
1609940 533
1609950 533
1609960 532
1609970 532
1609980 532
1609990 531
1610000 530
1610010 530
1610020 529
1610030 528
1610040 528
1610050 527
1610060 525
1610070 525
1610080 524
1610090 521
1610100 521
1610110 519
1610120 516
1610130 516
1610140 514
1610150 510
1610160 510
1610170 507
1610180 504
1610190 504
1610200 500
1610210 497
1610220 497
1610230 493
1610240 492
1610250 492
1610260 493
1610270 493
1610280 493
1610290 493
1610300 495
1610310 495
1610320 497
1610330 498
1610340 498
1610350 501
1610360 504
1610370 504
1610380 506
1610390 508
1610400 508
1610410 509
1610420 510
1610430 510
1610440 510
1610450 510
1610460 510
1610470 509
1610480 506
1610490 506
1610500 502
1610510 497
1610520 497
1610530 494
1610540 491
1610550 491
1610560 490
1610570 488
1610580 488
1610590 487
1610600 484
1610610 484
1610620 482
1610630 480
1610640 480
1610650 480
1610660 480
1610670 480
1610680 479
1610690 479
1610700 479
1610710 481
1610720 481
1610730 481
1610740 479
1610750 476
1610760 476
1610770 475
1610780 476
1610790 476
1610800 477
1610810 477
1610820 480
1610830 484
1610840 484
1610850 487
1610860 489
1610870 489
1610880 491
1610890 491
1610900 491
1610910 491
1610920 491
1610930 491
1610940 494
1610950 493
1610960 493
1610970 492
1610980 490
1610990 490
1611000 489
1611010 488
1611020 488
1611030 487
1611040 486
1611050 486
1611060 484
1611070 483
1611080 483
1611090 482
1611100 480
1611110 480
1611120 478
1611130 474
1611140 474
1611150 470
1611160 466
1611170 466
1611180 461
1611190 457
1611200 457
1611210 454
1611220 454
1611230 454
1611240 453
1611250 453
1611260 453
1611270 454
1611280 456
1611290 456
1611300 459
1611310 460
1611320 460
1611330 462
1611340 465
1611350 465
1611360 469
1611370 473
1611380 473
1611390 477
1611400 482
1611410 482
1611420 487
1611430 493
1611440 493
1611450 500
1611460 508
1611470 508
1611480 513
1611490 518
1611500 518
1611510 522
1611520 525
1611530 525
1611540 528
1611550 531
1611560 531
1611570 535
1611580 539
1611590 539
1611600 544
1611610 548
1611620 548
1611630 554
1611640 559
1611650 559
1611660 564
1611670 569
1611680 569
1611690 574
1611700 580
1611710 580
1611720 586
1611730 591
1611740 591
1611750 597
1611760 602
1611770 602
1611780 606
1611790 610
1611800 610
1611810 613
1611820 616
1611830 616
1611840 619
1611850 621
1611860 621
1611870 622
1611880 622
1611890 622
1611900 622
1611910 621
1611920 621
1611930 620
1611940 619
1611950 619
1611960 620
1611970 619
1611980 619
1611990 619
1612000 618
1612010 618
1612020 618
1612030 617
1612040 617
1612050 616
1612060 615
1612070 615
1612080 615
1612090 614
1612100 614
1612110 614
1612120 613
1612130 613
1612140 612
1612150 612
1612160 612
1612170 612
1612180 611
1612190 611
1612200 611
1612210 610
1612220 610
1612230 610
1612240 609
1612250 609
1612260 609
1612270 609
1612280 609
1612290 608
1612300 608
1612310 608
1612320 608
1612330 607
1612340 607
1612350 607
1612360 606
1612370 606
1612380 606
1612390 605
1612400 605
1612410 604
1612420 603
1612430 603
1612440 602
1612450 601
1612460 601
1612470 600
1612480 598
1612490 598
1612500 596
1612510 594
1612520 594
1612530 592
1612540 590
1612550 590
1612560 589
1612570 586
1612580 586
1612590 584
1612600 582
1612610 582
1612620 580
1612630 578
1612640 578
1612650 576
1612660 573
1612670 573
1612680 571
1612690 569
1612700 569
1612710 566
1612720 566
1612730 564
1612740 562
1612750 562
1612760 559
1612770 557
1612780 557
1612790 556
1612800 555
1612810 555
1612820 553
1612830 552
1612840 552
1612850 551
1612860 549
1612870 549
1612880 548
1612890 547
1612900 547
1612910 547
1612920 546
1612930 546
1612940 545
1612950 546
1612960 546
1612970 546
1612980 548
1612990 548
1613000 549
1613010 549
1613020 549
1613030 550
1613040 551
1613050 551
1613060 551
1613070 551
1613080 551
1613090 552
1613100 552
1613110 552
1613120 552
1613130 553
1613140 553
1613150 553
1613160 554
1613170 554
1613180 555
1613190 555
1613200 555
1613210 555
1613220 556
1613230 556
1613240 557
1613250 557
1613260 557
1613270 557
1613280 558
1613290 558
1613300 558
1613310 558
1613320 558
1613330 558
1613340 558
1613350 558
1613360 559
1613370 560
1613380 560
1613390 560
1613400 560
1613410 560
1613420 561
1613430 561
1613440 561
1613450 561
1613460 561
1613470 561
1613480 562
1613490 562
1613500 562
1613510 562
1613520 562
1613530 562
1613540 563
1613550 563
1613560 563
1613570 563
1613580 563
1613590 563
1613600 564
1613610 564
1613620 564
1613630 564
1613640 565
1613650 565
1613660 565
1613670 565
1613680 565
1613690 566
1613700 566
1613710 566
1613720 566
1613730 566
1613740 566
1613750 566
1613760 567
1613770 567
1613780 567
1613790 567
1613800 567
1613810 567
1613820 567
1613830 567
1613840 567
1613850 567
1613860 567
1613870 567
1613880 568
1613890 568
1613900 568
1613910 568
1613920 568
1613930 568
1613940 568
1613950 568
1613960 568
1613970 568
1613980 568
1613990 569
1614000 569
1614010 569
1614020 569
1614030 568
1614040 568
1614050 566
1614060 565
1614070 565
1614080 565
1614090 566
1614100 566
1614110 567
1614120 569
1614130 569
1614140 570
1614150 571
1614160 571
1614170 573
1614180 573
1614190 573
1614200 574
1614210 574
1614220 574
1614230 574
1614240 574
1614250 574
1614260 574
1614270 574
1614280 574
1614290 574
1614300 574
1614310 574
1614320 573
1614330 573
1614340 573
1614350 573
1614360 573
1614370 573
1614380 573
1614390 573
1614400 573
1614410 573
1614420 574
1614430 574
1614440 574
1614450 575
1614460 575
1614470 577
1614480 577
1614490 577
1614500 578
1614510 579
1614520 579
1614530 580
1614540 581
1614550 581
1614560 583
1614570 584
1614580 584
1614590 585
1614600 585
1614610 586
1614620 587
1614630 587
1614640 589
1614650 590
1614660 590
1614670 591
1614680 592
1614690 592
1614700 593
1614710 594
1614720 594
1614730 595
1614740 596
1614750 596
1614760 597
1614770 598
1614780 598
1614790 599
1614800 600
1614810 600
1614820 601
1614830 602
1614840 602
1614850 604
1614860 605
1614870 605
1614880 607
1614890 609
1614900 609
1614910 610
1614920 612
1614930 612
1614940 614
1614950 615
1614960 615
1614970 616
1614980 617
1614990 618
1615000 618
1615010 618
1615020 618
1615030 619
1615040 619
1615050 619
1615060 619
1615070 619
1615080 619
1615090 619
1615100 619
1615110 619
1615120 619
1615130 619
1615140 619
1615150 619
1615160 619
1615170 619
1615180 619
1615190 618
1615200 618
1615210 618
1615220 618
1615230 618
1615240 618
1615250 618
1615260 618
1615270 618
1615280 618
1615290 618
1615300 618
1615310 618
1615320 618
1615330 618
1615340 618
1615350 618
1615360 618
1615370 617
1615380 617
1615390 617
1615400 616
1615410 616
1615420 616
1615430 616
1615440 616
1615450 615
1615460 615
1615470 615
1615480 614
1615490 614
1615500 614
1615510 613
1615520 613
1615530 613
1615540 612
1615550 612
1615560 612
1615570 612
1615580 611
1615590 611
1615600 610
1615610 610
1615620 610
1615630 609
1615640 609
1615650 609
1615660 608
1615670 608
1615680 608
1615690 608
1615700 608
1615710 608
1615720 608
1615730 608
1615740 608
1615750 608
1615760 607
1615770 607
1615780 607
1615790 607
1615800 607
1615810 607
1615820 607
1615830 607
1615840 607
1615850 607
1615860 607
1615870 607
1615880 607
1615890 607
1615900 606
1615910 605
1615920 605
1615930 604
1615940 603
1615950 603
1615960 603
1615970 603
1615980 603
1615990 604
1616000 604
1616010 604
1616020 605
1616030 606
1616040 606
1616050 608
1616060 609
1616070 609
1616080 610
1616090 612
1616100 612
1616110 613
1616120 614
1616130 614
1616140 615
1616150 615
1616160 615
1616170 616
1616180 617
1616190 617
1616200 617
1616210 618
1616220 618
1616230 619
1616240 620
1616250 620
1616260 621
1616270 622
1616280 622
1616290 623
1616300 624
1616310 624
1616320 625
1616330 627
1616340 627
1616350 630
1616360 632
1616370 632
1616380 635
1616390 638
1616400 638
1616410 641
1616420 644
1616430 644
1616440 646
1616450 648
1616460 648
1616470 651
1616480 652
1616490 652
1616500 654
1616510 654
1616520 656
1616530 657
1616540 657
1616550 657
1616560 657
1616570 657
1616580 656
1616590 654
1616600 654
1616610 652
1616620 650
1616630 650
1616640 648
1616650 646
1616660 646
1616670 645
1616680 643
1616690 643
1616700 642
1616710 641
1616720 641
1616730 640
1616740 638
1616750 638
1616760 637
1616770 636
1616780 636
1616790 635
1616800 633
1616810 633
1616820 632
1616830 631
1616840 631
1616850 630
1616860 629
1616870 629
1616880 628
1616890 627
1616900 627
1616910 626
1616920 626
1616930 626
1616940 625
1616950 625
1616960 625
1616970 622
1616980 621
1616990 621
1617000 619
1617010 618
1617020 618
1617030 617
1617040 615
1617050 615
1617060 614
1617070 613
1617080 613
1617090 613
1617100 612
1617110 612
1617120 610
1617130 609
1617140 609
1617150 608
1617160 607
1617170 607
1617180 606
1617190 604
1617200 604
1617210 603
1617220 602
1617230 602
1617240 601
1617250 600
1617260 600
1617270 599
1617280 599
1617290 599
1617300 599
1617310 599
1617320 599
1617330 598
1617340 598
1617350 598
1617360 598
1617370 599
1617380 599
1617390 599
1617400 598
1617410 598
1617420 598
1617430 597
1617440 597
1617450 596
1617460 596
1617470 596
1617480 594
1617490 593
1617500 593
1617510 592
1617520 591
1617530 591
1617540 590
1617550 589
1617560 589
1617570 588
1617580 586
1617590 586
1617600 585
1617610 584
1617620 584
1617630 583
1617640 581
1617650 581
1617660 580
1617670 579
1617680 579
1617690 578
1617700 577
1617710 577
1617720 576
1617730 575
1617740 575
1617750 574
1617760 573
1617770 573
1617780 572
1617790 572
1617800 572
1617810 571
1617820 570
1617830 570
1617840 570
1617850 569
1617860 569
1617870 569
1617880 568
1617890 568
1617900 567
1617910 566
1617920 566
1617930 565
1617940 565
1617950 563
1617960 562
1617970 561
1617980 561
1617990 559
1618000 558
1618010 558
1618020 557
1618030 556
1618040 556
1618050 554
1618060 553
1618070 553
1618080 551
1618090 550
1618100 550
1618110 548
1618120 546
1618130 546
1618140 544
1618150 542
1618160 542
1618170 541
1618180 539
1618190 539
1618200 538
1618210 537
1618220 537
1618230 535
1618240 534
1618250 534
1618260 533
1618270 532
1618280 532
1618290 531
1618300 530
1618310 530
1618320 528
1618330 528
1618340 528
1618350 528
1618360 526
1618370 526
1618380 525
1618390 523
1618400 523
1618410 522
1618420 522
1618430 521
1618440 520
1618450 520
1618460 520
1618470 520
1618480 520
1618490 519
1618500 519
1618510 519
1618520 518
1618530 517
1618540 517
1618550 516
1618560 515
1618570 515
1618580 514
1618590 512
1618600 512
1618610 511
1618620 509
1618630 509
1618640 507
1618650 505
1618660 505
1618670 502
1618680 499
1618690 499
1618700 495
1618710 492
1618720 492
1618730 487
1618740 483
1618750 483
1618760 478
1618770 473
1618780 473
1618790 467
1618800 461
1618810 461
1618820 454
1618830 448
1618840 448
1618850 441
1618860 437
1618870 437
1618880 436
1618890 435
1618900 435
1618910 434
1618920 435
1618930 435
1618940 436
1618950 436
1618960 436
1618970 438
1618980 439
1618990 439
1619000 440
1619010 445
1619020 445
1619030 453
1619040 458
1619050 458
1619060 463
1619070 468
1619080 468
1619090 473
1619100 477
1619110 477
1619120 482
1619130 485
1619140 485
1619150 486
1619160 486
1619170 486
1619180 486
1619190 488
1619200 488
1619210 490
1619220 493
1619230 493
1619240 496
1619250 498
1619260 498
1619270 501
1619280 503
1619290 503
1619300 506
1619310 508
1619320 508
1619330 510
1619340 512
1619350 512
1619360 514
1619370 516
1619380 516
1619390 517
1619400 519
1619410 519
1619420 520
1619430 521
1619440 521
1619450 523
1619460 524
1619470 524
1619480 525
1619490 526
1619500 526
1619510 527
1619520 527
1619530 527
1619540 528
1619550 528
1619560 528
1619570 528
1619580 528
1619590 528
1619600 527
1619610 526
1619620 526
1619630 525
1619640 525
1619650 525
1619660 524
1619670 523
1619680 523
1619690 522
1619700 520
1619710 520
1619720 519
1619730 518
1619740 518
1619750 517
1619760 516
1619770 516
1619780 515
1619790 515
1619800 515
1619810 514
1619820 513
1619830 513
1619840 512
1619850 512
1619860 512
1619870 511
1619880 510
1619890 511
1619900 510
1619910 509
1619920 509
1619930 508
1619940 507
1619950 507
1619960 506
1619970 505
1619980 505
1619990 504
