1600000 659
1600010 659
1600020 660
1600030 660
1600040 660
1600050 660
1600060 660
1600070 660
1600080 660
1600090 661
1600100 661
1600110 661
1600120 661
1600130 661
1600140 661
1600150 661
1600160 661
1600170 661
1600180 660
1600190 660
1600200 660
1600210 660
1600220 660
1600230 660
1600240 660
1600250 660
1600260 660
1600270 660
1600280 660
1600290 661
1600300 661
1600310 661
1600320 661
1600330 662
1600340 662
1600350 662
1600360 662
1600370 662
1600380 663
1600390 664
1600400 664
1600410 664
1600420 664
1600430 664
1600440 665
1600450 666
1600460 666
1600470 666
1600480 667
1600490 667
1600500 667
1600510 668
1600520 668
1600530 668
1600540 667
1600550 667
1600560 667
1600570 666
1600580 666
1600590 666
1600600 666
1600610 666
1600620 665
1600630 665
1600640 665
1600650 664
1600660 664
1600670 664
1600680 663
1600690 663
1600700 663
1600710 662
1600720 662
1600730 662
1600740 661
1600750 661
1600760 661
1600770 660
1600780 660
1600790 660
1600800 659
1600810 659
1600820 659
1600830 658
1600840 657
1600850 657
1600860 656
1600870 655
1600880 655
1600890 654
1600900 653
1600910 653
1600920 653
1600930 652
1600940 652
1600950 651
1600960 651
1600970 651
1600980 650
1600990 649
1601000 649
1601010 647
1601020 646
1601030 646
1601040 645
1601050 645
1601060 645
1601070 645
1601080 644
1601090 644
1601100 644
1601110 644
1601120 644
1601130 643
1601140 643
1601150 643
1601160 642
1601170 642
1601180 642
1601190 641
1601200 641
1601210 641
1601220 641
1601230 641
1601240 641
1601250 640
1601260 640
1601270 640
1601280 640
1601290 639
1601300 639
1601310 639
1601320 638
1601330 638
1601340 637
1601350 636
1601360 636
1601370 636
1601380 636
1601390 636
1601400 638
1601410 638
1601420 638
1601430 637
1601440 636
1601450 636
1601460 636
1601470 635
1601480 635
1601490 634
1601500 633
1601510 633
1601520 631
1601530 630
1601540 630
1601550 629
1601560 628
1601570 628
1601580 626
1601590 626
1601600 625
1601610 623
1601620 623
1601630 621
1601640 619
1601650 619
1601660 616
1601670 614
1601680 614
1601690 612
1601700 611
1601710 611
1601720 611
1601730 611
1601740 614
1601750 613
1601760 613
1601770 613
1601780 613
1601790 612
1601800 612
1601810 611
1601820 609
1601830 609
1601840 607
1601850 605
1601860 605
1601870 603
1601880 601
1601890 601
1601900 599
1601910 598
1601920 598
1601930 596
1601940 594
1601950 594
1601960 592
1601970 590
1601980 590
1601990 588
1602000 586
1602010 586
1602020 583
1602030 580
1602040 580
1602050 577
1602060 575
1602070 575
1602080 572
1602090 568
1602100 568
1602110 567
1602120 567
1602130 567
1602140 566
1602150 565
1602160 565
1602170 564
1602180 563
1602190 563
1602200 563
1602210 562
1602220 562
1602230 562
1602240 561
1602250 561
1602260 559
1602270 556
1602280 556
1602290 553
1602300 549
1602310 549
1602320 546
1602330 542
1602340 542
1602350 539
1602360 538
1602370 538
1602380 536
1602390 535
1602400 535
1602410 533
1602420 531
1602430 531
1602440 528
1602450 526
1602460 526
1602470 524
1602480 523
1602490 523
1602500 520
1602510 518
1602520 518
1602530 515
1602540 511
1602550 511
1602560 509
1602570 507
1602580 507
1602590 506
1602600 506
1602610 506
1602620 505
1602630 506
1602640 506
1602650 505
1602660 508
1602670 508
1602680 512
1602690 520
1602700 520
1602710 527
1602720 533
1602730 533
1602740 538
1602750 542
1602760 542
1602770 544
1602780 544
1602790 544
1602800 545
1602810 545
1602820 545
1602830 544
1602840 543
1602850 546
1602860 546
1602870 545
1602880 545
1602890 545
1602900 544
1602910 544
1602920 542
1602930 541
1602940 541
1602950 540
1602960 539
1602970 539
1602980 539
1602990 538
1603000 538
1603010 538
1603020 537
1603030 537
1603040 536
1603050 534
1603060 534
1603070 532
1603080 529
1603090 529
1603100 527
1603110 526
1603120 526
1603130 527
1603140 529
1603150 529
1603160 532
1603170 535
1603180 535
1603190 538
1603200 541
1603210 541
1603220 545
1603230 548
1603240 548
1603250 551
1603260 553
1603270 553
1603280 556
1603290 558
1603300 558
1603310 559
1603320 561
1603330 561
1603340 562
1603350 564
1603360 564
1603370 564
1603380 565
1603390 565
1603400 566
1603410 566
1603420 567
1603430 567
1603440 567
1603450 568
1603460 568
1603470 568
1603480 569
1603490 569
1603500 569
1603510 570
1603520 571
1603530 571
1603540 572
1603550 572
1603560 572
1603570 572
1603580 572
1603590 572
1603600 572
1603610 574
1603620 574
1603630 574
1603640 575
1603650 575
1603660 575
1603670 575
1603680 575
1603690 576
1603700 576
1603710 576
1603720 577
1603730 577
1603740 577
1603750 577
1603760 577
1603770 577
1603780 578
1603790 578
1603800 578
1603810 578
1603820 579
1603830 579
1603840 579
1603850 579
1603860 579
1603870 579
1603880 579
1603890 579
1603900 580
1603910 580
1603920 580
1603930 580
1603940 580
1603950 580
1603960 581
1603970 581
1603980 581
1603990 581
1604000 582
1604010 582
1604020 582
1604030 583
1604040 583
1604050 583
1604060 584
1604070 584
1604080 584
1604090 585
1604100 585
1604110 585
1604120 586
1604130 586
1604140 586
1604150 586
1604160 586
1604170 587
1604180 587
1604190 587
1604200 587
1604210 587
1604220 587
1604230 588
1604240 588
1604250 588
1604260 588
1604270 588
1604280 588
1604290 589
1604300 589
1604310 589
1604320 589
1604330 589
1604340 589
1604350 589
1604360 589
1604370 589
1604380 590
1604390 590
1604400 590
1604410 590
1604420 590
1604430 590
1604440 589
1604450 589
1604460 589
1604470 589
1604480 589
1604490 589
1604500 589
1604510 589
1604520 589
1604530 589
1604540 589
1604550 589
1604560 589
1604570 589
1604580 589
1604590 589
1604600 589
1604610 589
1604620 588
1604630 588
1604640 588
1604650 588
1604660 588
1604670 588
1604680 587
1604690 587
1604700 587
1604710 586
1604720 585
1604730 585
1604740 585
1604750 584
1604760 584
1604770 584
1604780 583
1604790 583
1604800 582
1604810 582
1604820 582
1604830 581
1604840 580
1604850 580
1604860 579
1604870 578
1604880 578
1604890 577
1604900 576
1604910 576
1604920 575
1604930 574
1604940 574
1604950 573
1604960 572
1604970 572
1604980 571
1604990 570
1605000 570
1605010 569
1605020 568
1605030 567
1605040 566
1605050 566
1605060 566
1605070 565
1605080 564
1605090 564
1605100 563
1605110 562
1605120 562
1605130 561
1605140 560
1605150 560
1605160 560
1605170 558
1605180 558
1605190 557
1605200 555
1605210 555
1605220 554
1605230 554
1605240 552
1605250 551
1605260 551
1605270 551
1605280 551
1605290 551
1605300 551
1605310 552
1605320 552
1605330 553
1605340 554
1605350 554
1605360 555
1605370 555
1605380 555
1605390 552
1605400 550
1605410 550
1605420 548
1605430 546
1605440 546
1605450 545
1605460 545
1605470 545
1605480 545
1605490 546
1605500 546
1605510 549
1605520 552
1605530 552
1605540 556
1605550 558
1605560 558
1605570 561
1605580 563
1605590 563
1605600 564
1605610 566
1605620 566
1605630 567
1605640 568
1605650 568
1605660 568
1605670 569
1605680 569
1605690 569
1605700 570
1605710 570
1605720 570
1605730 571
1605740 571
1605750 572
1605760 572
1605770 572
1605780 572
1605790 574
1605800 574
1605810 574
1605820 574
1605830 574
1605840 575
1605850 575
1605860 575
1605870 576
1605880 576
1605890 576
1605900 577
1605910 578
1605920 578
1605930 579
1605940 578
1605950 578
1605960 578
1605970 578
1605980 578
1605990 578
1606000 579
1606010 579
1606020 579
1606030 580
1606040 580
1606050 581
1606060 581
1606070 581
1606080 582
1606090 583
1606100 584
1606110 584
1606120 585
1606130 585
1606140 585
1606150 586
1606160 586
1606170 586
1606180 587
1606190 587
1606200 587
1606210 587
1606220 587
1606230 588
1606240 588
1606250 588
1606260 588
1606270 589
1606280 589
1606290 589
1606300 590
1606310 590
1606320 590
1606330 590
1606340 590
1606350 591
1606360 591
1606370 591
1606380 591
1606390 591
1606400 591
1606410 592
1606420 592
1606430 592
1606440 592
1606450 592
1606460 592
1606470 593
1606480 592
1606490 592
1606500 591
1606510 588
1606520 588
1606530 586
1606540 585
1606550 585
1606560 585
1606570 585
1606580 585
1606590 585
1606600 586
1606610 586
1606620 588
1606630 589
1606640 589
1606650 592
1606660 595
1606670 595
1606680 597
1606690 599
1606700 599
1606710 601
1606720 603
1606730 603
1606740 605
1606750 607
1606760 607
1606770 609
1606780 611
1606790 611
1606800 613
1606810 615
1606820 615
1606830 616
1606840 617
1606850 617
1606860 619
1606870 621
1606880 621
1606890 622
1606900 622
1606910 622
1606920 623
1606930 624
1606940 624
1606950 625
1606960 626
1606970 626
1606980 627
1606990 627
1607000 627
1607010 628
1607020 629
1607030 629
1607040 629
1607050 629
1607060 630
1607070 630
1607080 630
1607090 631
1607100 631
1607110 631
1607120 632
1607130 632
1607140 632
1607150 633
1607160 633
1607170 636
1607180 637
1607190 638
1607200 638
1607210 638
1607220 639
1607230 639
1607240 639
1607250 639
1607260 639
1607270 639
1607280 639
1607290 639
1607300 639
1607310 640
1607320 640
1607330 640
1607340 640
1607350 640
1607360 641
1607370 641
1607380 641
1607390 642
1607400 643
1607410 643
1607420 643
1607430 644
1607440 644
1607450 644
1607460 644
1607470 644
1607480 644
1607490 644
1607500 644
1607510 644
1607520 644
1607530 644
1607540 644
1607550 643
1607560 643
1607570 643
1607580 642
1607590 642
1607600 642
1607610 642
1607620 642
1607630 641
1607640 640
1607650 640
1607660 640
1607670 639
1607680 639
1607690 639
1607700 638
1607710 638
1607720 638
1607730 637
1607740 637
1607750 637
1607760 637
1607770 637
1607780 636
1607790 635
1607800 635
1607810 635
1607820 634
1607830 634
1607840 633
1607850 633
1607860 633
1607870 633
1607880 632
1607890 632
1607900 630
1607910 629
1607920 629
1607930 627
1607940 626
1607950 626
1607960 625
1607970 623
1607980 623
1607990 622
1608000 621
1608010 621
1608020 620
1608030 619
1608040 619
1608050 617
1608060 616
1608070 616
1608080 615
1608090 613
1608100 613
1608110 612
1608120 611
1608130 611
1608140 609
1608150 608
1608160 608
1608170 606
1608180 605
1608190 605
1608200 604
1608210 603
1608220 603
1608230 600
1608240 599
1608250 599
1608260 598
1608270 597
1608280 597
1608290 595
1608300 594
1608310 594
1608320 593
1608330 592
1608340 592
1608350 591
1608360 590
1608370 590
1608380 589
1608390 588
1608400 588
1608410 587
1608420 586
1608430 586
1608440 585
1608450 585
1608460 585
1608470 584
1608480 583
1608490 583
1608500 582
1608510 581
1608520 581
1608530 579
1608540 578
1608550 578
1608560 576
1608570 574
1608580 574
1608590 573
1608600 573
1608610 573
1608620 573
1608630 573
1608640 573
1608650 574
1608660 575
1608670 575
1608680 576
1608690 577
1608700 577
1608710 578
1608720 578
1608730 578
1608740 578
1608750 578
1608760 578
1608770 579
1608780 579
1608790 579
1608800 579
1608810 579
1608820 579
1608830 579
1608840 579
1608850 579
1608860 579
1608870 579
1608880 579
1608890 579
1608900 579
1608910 580
1608920 579
1608930 579
1608940 579
1608950 579
1608960 579
1608970 579
1608980 577
1608990 577
1609000 577
1609010 576
1609020 576
1609030 575
1609040 574
1609050 574
1609060 573
1609070 573
1609080 573
1609090 572
1609100 571
1609110 571
1609120 570
1609130 570
1609140 570
1609150 570
1609160 569
1609170 569
1609180 569
1609190 568
1609200 568
1609210 567
1609220 567
1609230 567
1609240 566
1609250 566
1609260 566
1609270 566
1609280 565
1609290 565
1609300 565
1609310 564
1609320 564
1609330 564
1609340 564
1609350 564
1609360 563
1609370 563
1609380 563
1609390 562
1609400 562
1609410 562
1609420 561
1609430 560
1609440 560
1609450 560
1609460 560
1609470 560
1609480 559
1609490 558
1609500 558
1609510 558
1609520 558
1609530 558
1609540 558
1609550 558
1609560 558
1609570 558
1609580 558
1609590 558
1609600 557
1609610 557
1609620 557
1609630 557
1609640 556
1609650 556
1609660 555
1609670 554
1609680 554
1609690 554
1609700 553
1609710 553
1609720 552
1609730 551
1609740 551
1609750 550
1609760 549
1609770 549
1609780 548
1609790 547
1609800 547
1609810 546
1609820 545
1609830 545
1609840 544
1609850 543
1609860 543
1609870 542
1609880 541
1609890 541
1609900 539
1609910 538
1609920 538
1609930 536
1609940 534
1609950 534
1609960 533
1609970 529
1609980 529
1609990 527
1610000 525
1610010 525
1610020 525
1610030 525
1610040 525
1610050 526
1610060 526
1610070 526
1610080 528
1610090 531
1610100 531
1610110 533
1610120 535
1610130 535
1610140 539
1610150 541
1610160 541
1610170 545
1610180 547
1610190 547
1610200 549
1610210 551
1610220 551
1610230 552
1610240 554
1610250 554
1610260 555
1610270 556
1610280 556
1610290 557
1610300 558
1610310 559
1610320 560
1610330 561
1610340 561
1610350 562
1610360 563
1610370 563
1610380 563
1610390 564
1610400 564
1610410 564
1610420 564
1610430 564
1610440 565
1610450 565
1610460 565
1610470 565
1610480 566
1610490 566
1610500 566
1610510 567
1610520 567
1610530 567
1610540 568
1610550 568
1610560 568
1610570 569
1610580 569
1610590 569
1610600 570
1610610 570
1610620 570
1610630 571
1610640 571
1610650 572
1610660 572
1610670 572
1610680 572
1610690 573
1610700 573
1610710 573
1610720 573
1610730 572
1610740 572
1610750 572
1610760 572
1610770 571
1610780 571
1610790 570
1610800 570
1610810 570
1610820 569
1610830 568
1610840 568
1610850 567
1610860 566
1610870 566
1610880 564
1610890 561
1610900 561
1610910 559
1610920 555
1610930 555
1610940 552
1610950 550
1610960 550
1610970 545
1610980 540
1610990 540
1611000 535
1611010 533
1611020 533
1611030 529
1611040 518
1611050 518
1611060 511
1611070 506
1611080 506
1611090 501
1611100 498
1611110 498
1611120 494
1611130 489
1611140 489
1611150 484
1611160 478
1611170 478
1611180 472
1611190 470
1611200 470
1611210 469
1611220 470
1611230 470
1611240 471
1611250 472
1611260 472
1611270 472
1611280 473
1611290 473
1611300 474
1611310 475
1611320 475
1611330 476
1611340 476
1611350 476
1611360 477
1611370 479
1611380 479
1611390 481
1611400 482
1611410 482
1611420 484
1611430 486
1611440 486
1611450 488
1611460 491
1611470 491
1611480 494
1611490 498
1611500 498
1611510 502
1611520 507
1611530 507
1611540 513
1611550 519
1611560 519
1611570 525
1611580 530
1611590 530
1611600 535
1611610 537
1611620 537
1611630 539
1611640 539
1611650 539
1611660 539
1611670 539
1611680 539
1611690 538
1611700 538
1611710 538
1611720 538
1611730 538
1611740 538
1611750 539
1611760 539
1611770 539
1611780 540
1611790 540
1611800 540
1611810 541
1611820 542
1611830 542
1611840 544
1611850 547
1611860 547
1611870 548
1611880 549
1611890 549
1611900 550
1611910 551
1611920 551
1611930 552
1611940 553
1611950 553
1611960 554
1611970 554
1611980 554
1611990 554
1612000 554
1612010 554
1612020 553
1612030 553
1612040 553
1612050 553
1612060 553
1612070 553
1612080 552
1612090 552
1612100 552
1612110 551
1612120 550
1612130 550
1612140 550
1612150 549
1612160 549
1612170 548
1612180 547
1612190 547
1612200 547
1612210 546
1612220 546
1612230 546
1612240 545
1612250 545
1612260 544
1612270 543
1612280 543
1612290 543
1612300 542
1612310 542
1612320 540
1612330 539
1612340 539
1612350 538
1612360 537
1612370 535
1612380 535
1612390 535
1612400 535
1612410 536
1612420 538
1612430 538
1612440 541
1612450 543
1612460 543
1612470 545
1612480 547
1612490 547
1612500 548
1612510 550
1612520 550
1612530 552
1612540 552
1612550 554
1612560 555
1612570 555
1612580 556
1612590 556
1612600 556
1612610 557
1612620 558
1612630 558
1612640 559
1612650 561
1612660 561
1612670 562
1612680 563
1612690 563
1612700 564
1612710 566
1612720 566
1612730 567
1612740 568
1612750 568
1612760 569
1612770 570
1612780 570
1612790 571
1612800 572
1612810 572
1612820 573
1612830 573
1612840 573
1612850 574
1612860 575
1612870 575
1612880 576
1612890 577
1612900 577
1612910 579
1612920 579
1612930 579
1612940 580
1612950 581
1612960 581
1612970 582
1612980 583
1612990 583
1613000 584
1613010 585
1613020 585
1613030 586
1613040 587
1613050 587
1613060 588
1613070 589
1613080 589
1613090 591
1613100 592
1613110 592
1613120 593
1613130 593
1613140 593
1613150 594
1613160 595
1613170 595
1613180 596
1613190 597
1613200 597
1613210 598
1613220 598
1613230 598
1613240 599
1613250 600
1613260 600
1613270 600
1613280 601
1613290 601
1613300 601
1613310 602
1613320 602
1613330 602
1613340 602
1613350 602
1613360 603
1613370 603
1613380 604
1613390 604
1613400 604
1613410 604
1613420 605
1613430 605
1613440 605
1613450 605
1613460 605
1613470 605
1613480 605
1613490 605
1613500 605
1613510 605
1613520 605
1613530 605
1613540 605
1613550 605
1613560 605
1613570 605
1613580 605
1613590 605
1613600 605
1613610 604
1613620 604
1613630 604
1613640 604
1613650 604
1613660 604
1613670 604
1613680 604
1613690 603
1613700 604
1613710 604
1613720 605
1613730 605
1613740 605
1613750 605
1613760 604
1613770 604
1613780 604
1613790 604
1613800 604
1613810 604
1613820 604
1613830 604
1613840 604
1613850 604
1613860 604
1613870 604
1613880 604
1613890 604
1613900 604
1613910 604
1613920 604
1613930 604
1613940 604
1613950 604
1613960 604
1613970 604
1613980 604
1613990 604
1614000 603
1614010 603
1614020 603
1614030 603
1614040 603
1614050 602
1614060 602
1614070 602
1614080 601
1614090 600
1614100 600
1614110 598
1614120 596
1614130 596
1614140 595
1614150 594
1614160 594
1614170 594
1614180 594
1614190 594
1614200 594
1614210 594
1614220 594
1614230 594
1614240 594
1614250 594
1614260 595
1614270 596
1614280 596
1614290 599
1614300 602
1614310 602
1614320 604
1614330 606
1614340 606
1614350 609
1614360 609
1614370 611
1614380 613
1614390 612
1614400 614
1614410 616
1614420 616
1614430 618
1614440 621
1614450 621
1614460 623
1614470 625
1614480 625
1614490 627
1614500 629
1614510 629
1614520 632
1614530 634
1614540 634
1614550 637
1614560 639
1614570 639
1614580 641
1614590 644
1614600 644
1614610 646
1614620 649
1614630 649
1614640 651
1614650 653
1614660 653
1614670 656
1614680 658
1614690 658
1614700 659
1614710 659
1614720 659
1614730 658
1614740 658
1614750 658
1614760 657
1614770 657
1614780 657
1614790 657
1614800 657
1614810 657
1614820 656
1614830 656
1614840 656
1614850 655
1614860 655
1614870 655
1614880 654
1614890 654
1614900 654
1614910 653
1614920 653
1614930 653
1614940 652
1614950 652
1614960 652
1614970 653
1614980 653
1614990 653
1615000 653
1615010 654
1615020 654
1615030 654
1615040 655
1615050 655
1615060 655
1615070 655
1615080 655
1615090 655
1615100 654
1615110 654
1615120 655
1615130 655
1615140 655
1615150 656
1615160 657
1615170 657
1615180 658
1615190 659
1615200 659
1615210 659
1615220 659
1615230 659
1615240 659
1615250 659
1615260 659
1615270 659
1615280 659
1615290 659
1615300 659
1615310 659
1615320 659
1615330 660
1615340 661
1615350 661
1615360 662
1615370 664
1615380 664
1615390 663
1615400 662
1615410 662
1615420 662
1615430 663
1615440 663
1615450 665
1615460 666
1615470 666
1615480 667
1615490 668
1615500 668
1615510 670
1615520 672
1615530 672
1615540 674
1615550 676
1615560 676
1615570 678
1615580 680
1615590 680
1615600 682
1615610 684
1615620 684
1615630 686
1615640 688
1615650 688
1615660 689
1615670 691
1615680 691
1615690 693
1615700 694
1615710 694
1615720 696
1615730 697
1615740 697
1615750 698
1615760 699
1615770 699
1615780 700
1615790 700
1615800 700
1615810 701
1615820 701
1615830 701
1615840 701
1615850 700
1615860 700
1615870 700
1615880 699
1615890 699
1615900 698
1615910 696
1615920 696
1615930 695
1615940 695
1615950 695
1615960 694
1615970 694
1615980 694
1615990 694
1616000 694
1616010 694
1616020 693
1616030 693
1616040 693
1616050 693
1616060 693
1616070 693
1616080 693
1616090 692
1616100 692
1616110 691
1616120 690
1616130 690
1616140 688
1616150 686
1616160 686
1616170 684
1616180 684
1616190 682
1616200 681
1616210 681
1616220 679
1616230 677
1616240 677
1616250 675
1616260 674
1616270 674
1616280 672
1616290 671
1616300 671
1616310 669
1616320 666
1616330 666
1616340 662
1616350 658
1616360 658
1616370 652
1616380 645
1616390 645
1616400 643
1616410 640
1616420 640
1616430 638
1616440 635
1616450 635
1616460 632
1616470 630
1616480 630
1616490 629
1616500 627
1616510 627
1616520 626
1616530 623
1616540 623
1616550 621
1616560 619
1616570 619
1616580 618
1616590 617
1616600 617
1616610 615
1616620 614
1616630 614
1616640 613
1616650 612
1616660 612
1616670 611
1616680 610
1616690 610
1616700 609
1616710 609
1616720 609
1616730 608
1616740 608
1616750 608
1616760 608
1616770 608
1616780 608
1616790 607
1616800 607
1616810 607
1616820 607
1616830 607
1616840 607
1616850 606
1616860 605
1616870 605
1616880 604
1616890 602
1616900 602
1616910 600
1616920 598
1616930 598
1616940 596
1616950 594
1616960 594
1616970 591
1616980 589
1616990 589
1617000 586
1617010 584
1617020 584
1617030 582
1617040 580
1617050 580
1617060 578
1617070 576
1617080 576
1617090 574
1617100 573
1617110 573
1617120 571
1617130 569
1617140 569
1617150 567
1617160 566
1617170 566
1617180 564
1617190 562
1617200 562
1617210 560
1617220 559
1617230 559
1617240 557
1617250 555
1617260 555
1617270 554
1617280 552
1617290 552
1617300 551
1617310 549
1617320 549
1617330 547
1617340 545
1617350 545
1617360 541
1617370 540
1617380 540
1617390 538
1617400 537
1617410 537
1617420 535
1617430 533
1617440 533
1617450 530
1617460 529
1617470 529
1617480 527
1617490 525
1617500 525
1617510 524
1617520 522
1617530 522
1617540 521
1617550 519
1617560 519
1617570 518
1617580 518
1617590 518
1617600 519
1617610 521
1617620 521
1617630 522
1617640 522
1617650 522
1617660 522
1617670 521
1617680 521
1617690 521
1617700 521
1617710 521
1617720 520
1617730 520
1617740 520
1617750 520
1617760 519
1617770 519
1617780 518
1617790 516
1617800 516
1617810 514
1617820 511
1617830 511
1617840 508
1617850 504
1617860 504
1617870 502
1617880 499
1617890 499
1617900 496
1617910 492
1617920 492
1617930 487
1617940 482
1617950 482
1617960 478
1617970 475
1617980 475
1617990 472
1618000 472
1618010 468
1618020 463
1618030 463
1618040 459
1618050 456
1618060 456
1618070 453
1618080 450
1618090 450
1618100 449
1618110 447
1618120 447
1618130 446
1618140 445
1618150 445
1618160 444
1618170 442
1618180 442
1618190 442
1618200 441
1618210 441
1618220 440
1618230 439
1618240 439
1618250 439
1618260 442
1618270 442
1618280 447
1618290 448
1618300 448
1618310 444
1618320 441
1618330 441
1618340 442
1618350 445
1618360 445
1618370 451
1618380 456
1618390 456
1618400 462
1618410 467
1618420 467
1618430 472
1618440 476
1618450 476
1618460 481
1618470 485
1618480 485
1618490 488
1618500 491
1618510 491
1618520 494
1618530 497
1618540 497
1618550 501
1618560 505
1618570 505
1618580 508
1618590 511
1618600 511
1618610 513
1618620 516
1618630 516
1618640 518
1618650 520
1618660 520
1618670 522
1618680 524
1618690 524
1618700 526
1618710 527
1618720 527
1618730 526
1618740 525
1618750 525
1618760 524
1618770 522
1618780 522
1618790 519
1618800 520
1618810 520
1618820 522
1618830 524
1618840 524
1618850 527
1618860 530
1618870 530
1618880 532
1618890 535
1618900 535
1618910 538
1618920 541
1618930 541
1618940 543
1618950 546
1618960 546
1618970 548
1618980 550
1618990 550
1619000 552
1619010 554
1619020 554
1619030 557
1619040 559
1619050 559
1619060 561
1619070 563
1619080 563
1619090 564
1619100 566
1619110 566
1619120 567
1619130 567
1619140 567
1619150 567
1619160 567
1619170 567
1619180 566
1619190 566
1619200 566
1619210 566
1619220 565
1619230 565
1619240 565
1619250 565
1619260 565
1619270 565
1619280 565
1619290 565
1619300 565
1619310 566
1619320 566
1619330 565
1619340 565
1619350 565
1619360 565
1619370 565
1619380 565
1619390 565
1619400 564
1619410 564
1619420 563
1619430 563
1619440 563
1619450 562
1619460 562
1619470 562
1619480 561
1619490 561
1619500 561
1619510 560
1619520 559
1619530 559
1619540 559
1619550 558
1619560 558
1619570 558
1619580 557
1619590 557
1619600 556
1619610 555
1619620 555
1619630 554
1619640 553
1619650 553
1619660 552
1619670 551
1619680 551
1619690 549
1619700 548
1619710 548
1619720 547
1619730 545
1619740 545
1619750 544
1619760 542
1619770 542
1619780 540
1619790 539
1619800 539
1619810 537
1619820 537
1619830 536
1619840 534
1619850 534
1619860 532
1619870 530
1619880 530
1619890 528
1619900 527
1619910 527
1619920 525
1619930 524
1619940 524
1619950 522
1619960 521
1619970 521
1619980 519
1619990 518
