1600000 692
1600010 692
1600020 693
1600030 693
1600040 693
1600050 694
1600060 694
1600070 694
1600080 695
1600090 695
1600100 695
1600110 695
1600120 694
1600130 694
1600140 692
1600150 691
1600160 691
1600170 690
1600180 689
1600190 689
1600200 688
1600210 688
1600220 688
1600230 689
1600240 690
1600250 690
1600260 691
1600270 691
1600280 691
1600290 692
1600300 692
1600310 692
1600320 693
1600330 693
1600340 693
1600350 694
1600360 695
1600370 695
1600380 696
1600390 696
1600400 696
1600410 697
1600420 698
1600430 698
1600440 699
1600450 699
1600460 699
1600470 700
1600480 701
1600490 701
1600500 701
1600510 702
1600520 702
1600530 702
1600540 703
1600550 703
1600560 703
1600570 704
1600580 704
1600590 704
1600600 705
1600610 705
1600620 708
1600630 708
1600640 708
1600650 709
1600660 710
1600670 710
1600680 711
1600690 711
1600700 712
1600710 713
1600720 713
1600730 714
1600740 715
1600750 715
1600760 716
1600770 717
1600780 717
1600790 718
1600800 719
1600810 719
1600820 720
1600830 722
1600840 722
1600850 723
1600860 724
1600870 724
1600880 725
1600890 727
1600900 727
1600910 728
1600920 729
1600930 729
1600940 730
1600950 731
1600960 731
1600970 733
1600980 735
1600990 735
1601000 736
1601010 738
1601020 738
1601030 739
1601040 740
1601050 740
1601060 741
1601070 743
1601080 743
1601090 744
1601100 745
1601110 745
1601120 746
1601130 747
1601140 747
1601150 748
1601160 748
1601170 748
1601180 748
1601190 748
1601200 748
1601210 749
1601220 750
1601230 750
1601240 751
1601250 752
1601260 752
1601270 754
1601280 755
1601290 755
1601300 756
1601310 758
1601320 758
1601330 760
1601340 761
1601350 761
1601360 763
1601370 764
1601380 764
1601390 767
1601400 770
1601410 770
1601420 773
1601430 777
1601440 777
1601450 779
1601460 782
1601470 782
1601480 784
1601490 786
1601500 786
1601510 788
1601520 786
1601530 786
1601540 781
1601550 775
1601560 775
1601570 769
1601580 764
1601590 764
1601600 760
1601610 757
1601620 757
1601630 752
1601640 747
1601650 747
1601660 741
1601670 735
1601680 735
1601690 730
1601700 727
1601710 727
1601720 723
1601730 721
1601740 721
1601750 718
1601760 715
1601770 715
1601780 713
1601790 711
1601800 711
1601810 709
1601820 708
1601830 708
1601840 706
1601850 705
1601860 705
1601870 703
1601880 702
1601890 702
1601900 701
1601910 699
1601920 699
1601930 696
1601940 697
1601950 697
1601960 699
1601970 703
1601980 703
1601990 707
1602000 711
1602010 711
1602020 714
1602030 714
1602040 714
1602050 713
1602060 712
1602070 712
1602080 712
1602090 711
1602100 711
1602110 712
1602120 713
1602130 713
1602140 714
1602150 714
1602160 715
1602170 717
1602180 717
1602190 718
1602200 720
1602210 720
1602220 721
1602230 721
1602240 721
1602250 720
1602260 717
1602270 717
1602280 714
1602290 711
1602300 711
1602310 709
1602320 710
1602330 710
1602340 713
1602350 717
1602360 717
1602370 721
1602380 725
1602390 725
1602400 729
1602410 734
1602420 734
1602430 738
1602440 742
1602450 742
1602460 746
1602470 748
1602480 748
1602490 749
1602500 750
1602510 750
1602520 752
1602530 753
1602540 753
1602550 754
1602560 756
1602570 756
1602580 758
1602590 760
1602600 760
1602610 762
1602620 765
1602630 765
1602640 769
1602650 772
1602660 772
1602670 774
1602680 776
1602690 776
1602700 777
1602710 779
1602720 779
1602730 781
1602740 784
1602750 784
1602760 786
1602770 788
1602780 788
1602790 789
1602800 790
1602810 790
1602820 791
1602830 792
1602840 792
1602850 794
1602860 795
1602870 795
1602880 796
1602890 797
1602900 797
1602910 798
1602920 798
1602930 798
1602940 799
1602950 800
1602960 800
1602970 802
1602980 802
1602990 802
1603000 804
1603010 805
1603020 805
1603030 808
1603040 808
1603050 808
1603060 809
1603070 809
1603080 809
1603090 809
1603100 809
1603110 809
1603120 809
1603130 809
1603140 809
1603150 809
1603160 809
1603170 809
1603180 809
1603190 810
1603200 810
1603210 810
1603220 810
1603230 810
1603240 809
1603250 810
1603260 810
1603270 810
1603280 809
1603290 809
1603300 809
1603310 808
1603320 808
1603330 807
1603340 805
1603350 805
1603360 804
1603370 803
1603380 803
1603390 802
1603400 801
1603410 801
1603420 799
1603430 798
1603440 798
1603450 798
1603460 798
1603470 798
1603480 798
1603490 796
1603500 796
1603510 794
1603520 792
1603530 792
1603540 790
1603550 788
1603560 788
1603570 785
1603580 783
1603590 783
1603600 780
1603610 780
1603620 777
1603630 774
1603640 774
1603650 772
1603660 769
1603670 769
1603680 766
1603690 763
1603700 763
1603710 760
1603720 755
1603730 755
1603740 750
1603750 745
1603760 745
1603770 742
1603780 740
1603790 740
1603800 737
1603810 735
1603820 735
1603830 731
1603840 727
1603850 727
1603860 724
1603870 721
1603880 721
1603890 720
1603900 718
1603910 718
1603920 717
1603930 715
1603940 714
1603950 712
1603960 710
1603970 710
1603980 708
1603990 706
1604000 706
1604010 705
1604020 703
1604030 703
1604040 701
1604050 700
1604060 700
1604070 698
1604080 696
1604090 696
1604100 695
1604110 694
1604120 694
1604130 692
1604140 689
1604150 689
1604160 687
1604170 685
1604180 685
1604190 685
1604200 684
1604210 684
1604220 684
1604230 683
1604240 683
1604250 683
1604260 684
1604270 684
1604280 685
1604290 687
1604300 687
1604310 688
1604320 690
1604330 690
1604340 692
1604350 692
1604360 692
1604370 691
1604380 691
1604390 691
1604400 691
1604410 694
1604420 694
1604430 697
1604440 700
1604450 700
1604460 703
1604470 705
1604480 705
1604490 708
1604500 711
1604510 711
1604520 714
1604530 715
1604540 715
1604550 717
1604560 719
1604570 719
1604580 721
1604590 723
1604600 723
1604610 724
1604620 724
1604630 724
1604640 725
1604650 726
1604660 726
1604670 728
1604680 729
1604690 729
1604700 730
1604710 730
1604720 730
1604730 730
1604740 729
1604750 729
1604760 729
1604770 729
1604780 729
1604790 729
1604800 731
1604810 731
1604820 732
1604830 734
1604840 734
1604850 734
1604860 732
1604870 732
1604880 731
1604890 729
1604900 729
1604910 728
1604920 726
1604930 726
1604940 724
1604950 721
1604960 721
1604970 718
1604980 716
1604990 716
1605000 714
1605010 712
1605020 712
1605030 708
1605040 705
1605050 705
1605060 701
1605070 698
1605080 698
1605090 695
1605100 695
1605110 691
1605120 688
1605130 688
1605140 685
1605150 681
1605160 681
1605170 678
1605180 674
1605190 674
1605200 670
1605210 669
1605220 669
1605230 667
1605240 665
1605250 665
1605260 664
1605270 663
1605280 663
1605290 662
1605300 661
1605310 661
1605320 660
1605330 658
1605340 658
1605350 658
1605360 658
1605370 658
1605380 657
1605390 656
1605400 656
1605410 655
1605420 653
1605430 653
1605440 653
1605450 652
1605460 652
1605470 652
1605480 652
1605490 652
1605500 652
1605510 651
1605520 651
1605530 650
1605540 649
1605550 649
1605560 648
1605570 647
1605580 647
1605590 646
1605600 645
1605610 645
1605620 644
1605630 643
1605640 643
1605650 641
1605660 640
1605670 640
1605680 640
1605690 639
1605700 639
1605710 638
1605720 637
1605730 637
1605740 637
1605750 638
1605760 638
1605770 637
1605780 637
1605790 637
1605800 636
1605810 635
1605820 635
1605830 635
1605840 635
1605850 635
1605860 634
1605870 634
1605880 634
1605890 633
1605900 633
1605910 633
1605920 633
1605930 632
1605940 632
1605950 632
1605960 631
1605970 631
1605980 630
1605990 630
1606000 630
1606010 630
1606020 631
1606030 631
1606040 631
1606050 631
1606060 631
1606070 630
1606080 629
1606090 629
1606100 630
1606110 628
1606120 628
1606130 626
1606140 623
1606150 623
1606160 620
1606170 616
1606180 616
1606190 614
1606200 611
1606210 611
1606220 605
1606230 602
1606240 602
1606250 601
1606260 599
1606270 599
1606280 599
1606290 601
1606300 601
1606310 605
1606320 606
1606330 606
1606340 607
1606350 608
1606360 608
1606370 609
1606380 610
1606390 610
1606400 610
1606410 611
1606420 611
1606430 612
1606440 612
1606450 612
1606460 611
1606470 609
1606480 609
1606490 608
1606500 606
1606510 606
1606520 603
1606530 600
1606540 600
1606550 598
1606560 598
1606570 596
1606580 594
1606590 594
1606600 592
1606610 590
1606620 590
1606630 587
1606640 583
1606650 583
1606660 579
1606670 575
1606680 575
1606690 568
1606700 562
1606710 562
1606720 557
1606730 553
1606740 553
1606750 551
1606760 550
1606770 550
1606780 549
1606790 549
1606800 549
1606810 552
1606820 555
1606830 555
1606840 558
1606850 560
1606860 560
1606870 563
1606880 564
1606890 564
1606900 566
1606910 567
1606920 567
1606930 568
1606940 569
1606950 569
1606960 569
1606970 570
1606980 570
1606990 570
1607000 571
1607010 571
1607020 571
1607030 571
1607040 571
1607050 570
1607060 570
1607070 570
1607080 570
1607090 570
1607100 570
1607110 569
1607120 568
1607130 568
1607140 568
1607150 567
1607160 567
1607170 568
1607180 567
1607190 567
1607200 565
1607210 564
1607220 564
1607230 563
1607240 562
1607250 562
1607260 561
1607270 560
1607280 560
1607290 560
1607300 558
1607310 558
1607320 557
1607330 556
1607340 556
1607350 555
1607360 553
1607370 553
1607380 552
1607390 550
1607400 550
1607410 548
1607420 546
1607430 546
1607440 545
1607450 543
1607460 543
1607470 542
1607480 541
1607490 541
1607500 539
1607510 538
1607520 538
1607530 536
1607540 535
1607550 535
1607560 534
1607570 533
1607580 533
1607590 533
1607600 532
1607610 532
1607620 532
1607630 532
1607640 532
1607650 532
1607660 532
1607670 532
1607680 531
1607690 531
1607700 531
1607710 530
1607720 529
1607730 529
1607740 528
1607750 528
1607760 528
1607770 527
1607780 525
1607790 525
1607800 524
1607810 524
1607820 524
1607830 524
1607840 523
1607850 523
1607860 522
1607870 521
1607880 521
1607890 518
1607900 516
1607910 516
1607920 515
1607930 514
1607940 514
1607950 514
1607960 513
1607970 513
1607980 512
1607990 511
1608000 511
1608010 511
1608020 510
1608030 510
1608040 509
1608050 509
1608060 508
1608070 508
1608080 508
1608090 507
1608100 506
1608110 506
1608120 506
1608130 505
1608140 505
1608150 505
1608160 505
1608170 505
1608180 505
1608190 505
1608200 505
1608210 505
1608220 505
1608230 505
1608240 503
1608250 502
1608260 502
1608270 501
1608280 501
1608290 501
1608300 501
1608310 501
1608320 501
1608330 500
1608340 501
1608350 501
1608360 501
1608370 500
1608380 500
1608390 500
1608400 500
1608410 500
1608420 500
1608430 500
1608440 500
1608450 501
1608460 502
1608470 502
1608480 504
1608490 506
1608500 506
1608510 510
1608520 513
1608530 513
1608540 516
1608550 519
1608560 519
1608570 523
1608580 526
1608590 526
1608600 529
1608610 532
1608620 532
1608630 535
1608640 537
1608650 537
1608660 540
1608670 542
1608680 542
1608690 544
1608700 546
1608710 546
1608720 548
1608730 550
1608740 550
1608750 552
1608760 554
1608770 554
1608780 556
1608790 557
1608800 557
1608810 559
1608820 561
1608830 561
1608840 563
1608850 565
1608860 565
1608870 567
1608880 569
1608890 569
1608900 570
1608910 571
1608920 571
1608930 572
1608940 574
1608950 574
1608960 575
1608970 576
1608980 576
1608990 577
1609000 577
1609010 577
1609020 577
1609030 577
1609040 577
1609050 576
1609060 576
1609070 576
1609080 575
1609090 575
1609100 575
1609110 574
1609120 573
1609130 573
1609140 571
1609150 568
1609160 568
1609170 566
1609180 564
1609190 564
1609200 562
1609210 560
1609220 560
1609230 558
1609240 556
1609250 556
1609260 555
1609270 554
1609280 558
1609290 556
1609300 554
1609310 554
1609320 553
1609330 552
1609340 552
1609350 552
1609360 551
1609370 551
1609380 550
1609390 550
1609400 550
1609410 551
1609420 551
1609430 551
1609440 552
1609450 553
1609460 553
1609470 554
1609480 557
1609490 557
1609500 558
1609510 558
1609520 560
1609530 562
1609540 562
1609550 564
1609560 566
1609570 566
1609580 568
1609590 570
1609600 570
1609610 571
1609620 573
1609630 573
1609640 574
1609650 576
1609660 576
1609670 578
1609680 580
1609690 580
1609700 582
1609710 584
1609720 584
1609730 586
1609740 588
1609750 588
1609760 590
1609770 592
1609780 592
1609790 593
1609800 595
1609810 595
1609820 596
1609830 598
1609840 598
1609850 599
1609860 600
1609870 600
1609880 601
1609890 603
1609900 603
1609910 604
1609920 604
1609930 604
1609940 605
1609950 605
1609960 605
1609970 605
1609980 606
1609990 606
1610000 606
1610010 606
1610020 606
1610030 606
1610040 607
1610050 607
1610060 607
1610070 607
1610080 607
1610090 608
1610100 608
1610110 608
1610120 608
1610130 608
1610140 608
1610150 609
1610160 609
1610170 609
1610180 609
1610190 610
1610200 610
1610210 610
1610220 610
1610230 610
1610240 610
1610250 611
1610260 611
1610270 611
1610280 611
1610290 611
1610300 611
1610310 611
1610320 612
1610330 612
1610340 612
1610350 612
1610360 613
1610370 613
1610380 613
1610390 613
1610400 613
1610410 613
1610420 613
1610430 613
1610440 613
1610450 613
1610460 614
1610470 614
1610480 614
1610490 614
1610500 614
1610510 615
1610520 615
1610530 615
1610540 615
1610550 616
1610560 616
1610570 616
1610580 617
1610590 617
1610600 618
1610610 619
1610620 619
1610630 620
1610640 620
1610650 620
1610660 621
1610670 622
1610680 622
1610690 624
1610700 625
1610710 625
1610720 627
1610730 628
1610740 628
1610750 630
1610760 630
1610770 630
1610780 630
1610790 631
1610800 631
1610810 632
1610820 633
1610830 633
1610840 634
1610850 634
1610860 634
1610870 633
1610880 632
1610890 632
1610900 631
1610910 631
1610920 631
1610930 630
1610940 629
1610950 629
1610960 629
1610970 629
1610980 628
1610990 628
1611000 628
1611010 627
1611020 627
1611030 627
1611040 627
1611050 626
1611060 626
1611070 626
1611080 624
1611090 624
1611100 623
1611110 623
1611120 623
1611130 622
1611140 621
1611150 621
1611160 621
1611170 620
1611180 620
1611190 619
1611200 618
1611210 618
1611220 617
1611230 616
1611240 616
1611250 614
1611260 613
1611270 613
1611280 611
1611290 609
1611300 609
1611310 608
1611320 607
1611330 607
1611340 607
1611350 608
1611360 608
1611370 608
1611380 607
1611390 607
1611400 607
1611410 606
1611420 606
1611430 606
1611440 605
1611450 605
1611460 605
1611470 604
1611480 604
1611490 604
1611500 603
1611510 603
1611520 603
1611530 602
1611540 602
1611550 601
1611560 601
1611570 601
1611580 601
1611590 600
1611600 600
1611610 600
1611620 600
1611630 600
1611640 599
1611650 598
1611660 598
1611670 598
1611680 597
1611690 597
1611700 597
1611710 596
1611720 596
1611730 596
1611740 595
1611750 595
1611760 594
1611770 594
1611780 594
1611790 593
1611800 593
1611810 593
1611820 593
1611830 592
1611840 592
1611850 592
1611860 592
1611870 592
1611880 591
1611890 590
1611900 590
1611910 589
1611920 589
1611930 589
1611940 588
1611950 587
1611960 587
1611970 587
1611980 586
1611990 586
1612000 585
1612010 585
1612020 585
1612030 584
1612040 583
1612050 583
1612060 582
1612070 581
1612080 581
1612090 580
1612100 578
1612110 578
1612120 577
1612130 575
1612140 575
1612150 573
1612160 571
1612170 571
1612180 570
1612190 570
1612200 570
1612210 571
1612220 570
1612230 570
1612240 569
1612250 568
1612260 568
1612270 567
1612280 567
1612290 567
1612300 568
1612310 568
1612320 568
1612330 568
1612340 568
1612350 568
1612360 569
1612370 571
1612380 571
1612390 571
1612400 571
1612410 571
1612420 571
1612430 571
1612440 572
1612450 572
1612460 572
1612470 572
1612480 573
1612490 573
1612500 573
1612510 573
1612520 573
1612530 573
1612540 573
1612550 573
1612560 572
1612570 572
1612580 572
1612590 572
1612600 571
1612610 571
1612620 571
1612630 571
1612640 571
1612650 571
1612660 571
1612670 571
1612680 571
1612690 571
1612700 571
1612710 571
1612720 571
1612730 571
1612740 570
1612750 570
1612760 570
1612770 569
1612780 568
1612790 568
1612800 568
1612810 567
1612820 567
1612830 566
1612840 565
1612850 565
1612860 565
1612870 564
1612880 564
1612890 564
1612900 563
1612910 563
1612920 562
1612930 561
1612940 561
1612950 560
1612960 559
1612970 559
1612980 559
1612990 558
1613000 558
1613010 557
1613020 557
1613030 557
1613040 556
1613050 555
1613060 555
1613070 555
1613080 554
1613090 554
1613100 554
1613110 552
1613120 552
1613130 552
1613140 552
1613150 552
1613160 552
1613170 551
1613180 551
1613190 551
1613200 550
1613210 550
1613220 550
1613230 550
1613240 550
1613250 549
1613260 548
1613270 548
1613280 548
1613290 548
1613300 548
1613310 547
1613320 547
1613330 547
1613340 546
1613350 546
1613360 546
1613370 546
1613380 545
1613390 545
1613400 545
1613410 545
1613420 545
1613430 544
1613440 544
1613450 544
1613460 544
1613470 544
1613480 544
1613490 543
1613500 543
1613510 543
1613520 543
1613530 543
1613540 543
1613550 542
1613560 542
1613570 542
1613580 542
1613590 542
1613600 542
1613610 542
1613620 541
1613630 541
1613640 541
1613650 541
1613660 541
1613670 541
1613680 540
1613690 540
1613700 540
1613710 540
1613720 540
1613730 540
1613740 539
1613750 539
1613760 539
1613770 539
1613780 539
1613790 539
1613800 539
1613810 539
1613820 539
1613830 539
1613840 539
1613850 538
1613860 538
1613870 538
1613880 538
1613890 538
1613900 538
1613910 538
1613920 538
1613930 538
1613940 538
1613950 538
1613960 538
1613970 537
1613980 537
1613990 537
1614000 536
1614010 536
1614020 536
1614030 535
1614040 535
1614050 533
1614060 531
1614070 531
1614080 530
1614090 529
1614100 529
1614110 528
1614120 526
1614130 526
1614140 526
1614150 525
1614160 525
1614170 525
1614180 524
1614190 524
1614200 523
1614210 523
1614220 523
1614230 523
1614240 523
1614250 523
1614260 524
1614270 525
1614280 525
1614290 526
1614300 527
1614310 527
1614320 528
1614330 529
1614340 529
1614350 529
1614360 530
1614370 530
1614380 530
1614390 530
1614400 530
1614410 531
1614420 531
1614430 531
1614440 531
1614450 531
1614460 531
1614470 530
1614480 530
1614490 530
1614500 530
1614510 530
1614520 530
1614530 530
1614540 529
1614550 529
1614560 529
1614570 529
1614580 529
1614590 529
1614600 529
1614610 529
1614620 529
1614630 529
1614640 529
1614650 528
1614660 528
1614670 528
1614680 527
1614690 527
1614700 527
1614710 526
1614720 525
1614730 525
1614740 525
1614750 523
1614760 523
1614770 522
1614780 520
1614790 520
1614800 519
1614810 517
1614820 517
1614830 515
1614840 512
1614850 512
1614860 510
1614870 507
1614880 507
1614890 505
1614900 503
1614910 503
1614920 500
1614930 497
1614940 497
1614950 498
1614960 498
1614970 498
1614980 498
1614990 498
1615000 498
1615010 498
1615020 498
1615030 498
1615040 499
1615050 499
1615060 499
1615070 499
1615080 500
1615090 500
1615100 500
1615110 499
1615120 499
1615130 499
1615140 498
1615150 498
1615160 496
1615170 494
1615180 494
1615190 491
1615200 489
1615210 489
1615220 487
1615230 486
1615240 486
1615250 486
1615260 486
1615270 486
1615280 486
1615290 486
1615300 486
1615310 486
1615320 486
1615330 486
1615340 485
1615350 485
1615360 485
1615370 485
1615380 485
1615390 487
1615400 487
1615410 487
1615420 488
1615430 490
1615440 490
1615450 492
1615460 494
1615470 494
1615480 495
1615490 496
1615500 496
1615510 497
1615520 497
1615530 497
1615540 497
1615550 497
1615560 497
1615570 497
1615580 497
1615590 497
1615600 496
1615610 495
1615620 495
1615630 495
1615640 495
1615650 495
1615660 495
1615670 496
1615680 496
1615690 497
1615700 498
1615710 498
1615720 500
1615730 502
1615740 502
1615750 504
1615760 505
1615770 505
1615780 507
1615790 508
1615800 508
1615810 508
1615820 506
1615830 506
1615840 502
1615850 499
1615860 499
1615870 496
1615880 496
1615890 496
1615900 497
1615910 499
1615920 499
1615930 501
1615940 502
1615950 502
1615960 503
1615970 502
1615980 502
1615990 502
1616000 501
1616010 501
1616020 499
1616030 497
1616040 497
1616050 494
1616060 491
1616070 491
1616080 490
1616090 489
1616100 489
1616110 488
1616120 487
1616130 487
1616140 487
1616150 489
1616160 489
1616170 493
1616180 497
1616190 497
1616200 499
1616210 500
1616220 500
1616230 501
1616240 502
1616250 502
1616260 503
1616270 504
1616280 504
1616290 504
1616300 505
1616310 505
1616320 505
1616330 506
1616340 506
1616350 506
1616360 507
1616370 507
1616380 508
1616390 509
1616400 509
1616410 510
1616420 511
1616430 511
1616440 512
1616450 513
1616460 513
1616470 514
1616480 515
1616490 515
1616500 516
1616510 518
1616520 518
1616530 519
1616540 521
1616550 521
1616560 523
1616570 524
1616580 524
1616590 524
1616600 524
1616610 524
1616620 524
1616630 525
1616640 525
1616650 524
1616660 524
1616670 524
1616680 523
1616690 522
1616700 522
1616710 521
1616720 519
1616730 519
1616740 518
1616750 517
1616760 517
1616770 516
1616780 515
1616790 515
1616800 515
1616810 515
1616820 514
1616830 513
1616840 513
1616850 512
1616860 511
1616870 511
1616880 510
1616890 510
1616900 510
1616910 509
1616920 508
1616930 508
1616940 508
1616950 507
1616960 507
1616970 507
1616980 506
1616990 506
1617000 506
1617010 506
1617020 506
1617030 505
1617040 505
1617050 505
1617060 504
1617070 501
1617080 501
1617090 498
1617100 496
1617110 496
1617120 494
1617130 493
1617140 493
1617150 492
1617160 491
1617170 491
1617180 490
1617190 490
1617200 490
1617210 489
1617220 488
1617230 488
1617240 488
1617250 487
1617260 487
1617270 487
1617280 487
1617290 487
1617300 486
1617310 486
1617320 486
1617330 486
1617340 486
1617350 486
1617360 486
1617370 487
1617380 487
1617390 487
1617400 487
1617410 487
1617420 487
1617430 487
1617440 487
1617450 487
1617460 487
1617470 487
1617480 487
1617490 487
1617500 487
1617510 487
1617520 486
1617530 486
1617540 485
1617550 485
1617560 485
1617570 484
1617580 483
1617590 483
1617600 483
1617610 482
1617620 482
1617630 481
1617640 481
1617650 481
1617660 480
1617670 478
1617680 478
1617690 477
1617700 475
1617710 475
1617720 473
1617730 472
1617740 472
1617750 470
1617760 468
1617770 468
1617780 467
1617790 467
1617800 467
1617810 467
1617820 466
1617830 466
1617840 466
1617850 466
1617860 466
1617870 466
1617880 466
1617890 466
1617900 464
1617910 464
1617920 464
1617930 464
1617940 466
1617950 466
1617960 467
1617970 467
1617980 467
1617990 468
1618000 469
1618010 469
1618020 470
1618030 474
1618040 474
1618050 479
1618060 480
1618070 480
1618080 482
1618090 484
1618100 484
1618110 485
1618120 487
1618130 487
1618140 488
1618150 491
1618160 491
1618170 492
1618180 493
1618190 493
1618200 495
1618210 497
1618220 497
1618230 498
1618240 499
1618250 499
1618260 501
1618270 501
1618280 502
1618290 503
1618300 503
1618310 505
1618320 506
1618330 506
1618340 507
1618350 510
1618360 510
1618370 511
1618380 513
1618390 513
1618400 514
1618410 515
1618420 515
1618430 517
1618440 520
1618450 520
1618460 522
1618470 523
1618480 523
1618490 524
1618500 526
1618510 526
1618520 527
1618530 529
1618540 529
1618550 530
1618560 531
1618570 531
1618580 532
1618590 533
1618600 533
1618610 533
1618620 537
1618630 537
1618640 540
1618650 543
1618660 543
1618670 546
1618680 550
1618690 550
1618700 553
1618710 557
1618720 557
1618730 559
1618740 560
1618750 560
1618760 561
1618770 561
1618780 561
1618790 561
1618800 560
1618810 560
1618820 559
1618830 558
1618840 558
1618850 556
1618860 554
1618870 554
1618880 552
1618890 550
1618900 550
1618910 547
1618920 543
1618930 543
1618940 539
1618950 535
1618960 535
1618970 532
1618980 529
1618990 529
1619000 526
1619010 522
1619020 522
1619030 518
1619040 514
1619050 514
1619060 510
1619070 510
1619080 510
1619090 508
1619100 507
1619110 507
1619120 505
1619130 505
1619140 505
1619150 504
1619160 504
1619170 504
1619180 503
1619190 502
1619200 502
1619210 501
1619220 500
1619230 500
1619240 500
1619250 500
1619260 500
1619270 500
1619280 500
1619290 500
1619300 500
1619310 501
1619320 501
1619330 501
1619340 500
1619350 500
1619360 500
1619370 500
1619380 500
1619390 500
1619400 500
1619410 500
1619420 500
1619430 501
1619440 501
1619450 501
1619460 501
1619470 501
1619480 501
1619490 501
1619500 501
1619510 501
1619520 501
1619530 501
1619540 502
1619550 502
1619560 502
1619570 502
1619580 502
1619590 502
1619600 502
1619610 503
1619620 503
1619630 504
1619640 507
1619650 507
1619660 509
1619670 513
1619680 513
1619690 514
1619700 515
1619710 515
1619720 518
1619730 518
1619740 524
1619750 531
1619760 531
1619770 536
1619780 540
1619790 540
1619800 543
1619810 542
1619820 542
1619830 540
1619840 537
1619850 537
1619860 535
1619870 533
1619880 533
1619890 532
1619900 533
1619910 533
1619920 535
1619930 538
1619940 538
1619950 540
1619960 542
1619970 542
1619980 545
1619990 549
