1600000 819
1600010 819
1600020 821
1600030 823
1600040 823
1600050 824
1600060 824
1600070 825
1600080 826
1600090 826
1600100 827
1600110 829
1600120 829
1600130 830
1600140 831
1600150 831
1600160 833
1600170 834
1600180 834
1600190 835
1600200 836
1600210 836
1600220 838
1600230 839
1600240 839
1600250 839
1600260 839
1600270 839
1600280 839
1600290 840
1600300 840
1600310 840
1600320 840
1600330 840
1600340 841
1600350 841
1600360 841
1600370 841
1600380 842
1600390 842
1600400 842
1600410 842
1600420 842
1600430 842
1600440 843
1600450 843
1600460 843
1600470 844
1600480 844
1600490 844
1600500 844
1600510 844
1600520 844
1600530 844
1600540 844
1600550 845
1600560 845
1600570 845
1600580 845
1600590 845
1600600 845
1600610 845
1600620 846
1600630 846
1600640 846
1600650 846
1600660 846
1600670 846
1600680 846
1600690 846
1600700 846
1600710 846
1600720 846
1600730 846
1600740 846
1600750 846
1600760 846
1600770 846
1600780 846
1600790 846
1600800 846
1600810 846
1600820 845
1600830 845
1600840 845
1600850 845
1600860 845
1600870 844
1600880 843
1600890 843
1600900 843
1600910 843
1600920 842
1600930 842
1600940 841
1600950 840
1600960 840
1600970 839
1600980 839
1600990 839
1601000 839
1601010 839
1601020 839
1601030 839
1601040 839
1601050 839
1601060 837
1601070 836
1601080 836
1601090 835
1601100 834
1601110 834
1601120 833
1601130 833
1601140 833
1601150 831
1601160 830
1601170 830
1601180 828
1601190 828
1601200 828
1601210 826
1601220 824
1601230 824
1601240 823
1601250 822
1601260 822
1601270 821
1601280 819
1601290 819
1601300 819
1601310 818
1601320 818
1601330 817
1601340 815
1601350 815
1601360 815
1601370 815
1601380 815
1601390 813
1601400 813
1601410 812
1601420 811
1601430 811
1601440 810
1601450 809
1601460 809
1601470 808
1601480 807
1601490 807
1601500 806
1601510 806
1601520 806
1601530 806
1601540 805
1601550 805
1601560 804
1601570 802
1601580 802
1601590 802
1601600 801
1601610 801
1601620 800
1601630 800
1601640 800
1601650 799
1601660 798
1601670 798
1601680 797
1601690 797
1601700 797
1601710 797
1601720 797
1601730 797
1601740 796
1601750 796
1601760 796
1601770 795
1601780 795
1601790 795
1601800 794
1601810 794
1601820 794
1601830 794
1601840 793
1601850 793
1601860 793
1601870 793
1601880 793
1601890 792
1601900 792
1601910 792
1601920 792
1601930 792
1601940 792
1601950 792
1601960 792
1601970 792
1601980 791
1601990 791
1602000 791
1602010 791
1602020 791
1602030 791
1602040 791
1602050 791
1602060 791
1602070 790
1602080 790
1602090 790
1602100 790
1602110 790
1602120 790
1602130 790
1602140 790
1602150 790
1602160 790
1602170 790
1602180 790
1602190 789
1602200 789
1602210 789
1602220 789
1602230 789
1602240 789
1602250 789
1602260 789
1602270 789
1602280 788
1602290 788
1602300 788
1602310 788
1602320 788
1602330 788
1602340 788
1602350 788
1602360 788
1602370 788
1602380 788
1602390 788
1602400 787
1602410 787
1602420 787
1602430 787
1602440 787
1602450 787
1602460 787
1602470 787
1602480 787
1602490 786
1602500 786
1602510 786
1602520 786
1602530 786
1602540 786
1602550 786
1602560 785
1602570 785
1602580 785
1602590 785
1602600 785
1602610 785
1602620 784
1602630 784
1602640 784
1602650 784
1602660 784
1602670 783
1602680 783
1602690 783
1602700 783
1602710 783
1602720 783
1602730 782
1602740 782
1602750 782
1602760 782
1602770 782
1602780 782
1602790 782
1602800 782
1602810 782
1602820 781
1602830 781
1602840 781
1602850 781
1602860 781
1602870 781
1602880 781
1602890 781
1602900 781
1602910 781
1602920 781
1602930 781
1602940 781
1602950 781
1602960 781
1602970 781
1602980 781
1602990 781
1603000 781
1603010 781
1603020 782
1603030 782
1603040 782
1603050 782
1603060 782
1603070 782
1603080 782
1603090 784
1603100 784
1603110 784
1603120 784
1603130 784
1603140 784
1603150 785
1603160 785
1603170 785
1603180 786
1603190 786
1603200 787
1603210 787
1603220 787
1603230 788
1603240 788
1603250 788
1603260 788
1603270 788
1603280 788
1603290 788
1603300 787
1603310 787
1603320 787
1603330 786
1603340 786
1603350 786
1603360 785
1603370 785
1603380 785
1603390 784
1603400 784
1603410 784
1603420 783
1603430 783
1603440 783
1603450 784
1603460 784
1603470 783
1603480 783
1603490 783
1603500 782
1603510 781
1603520 781
1603530 781
1603540 781
1603550 781
1603560 780
1603570 779
1603580 779
1603590 779
1603600 779
1603610 779
1603620 777
1603630 777
1603640 777
1603650 776
1603660 775
1603670 775
1603680 775
1603690 774
1603700 774
1603710 773
1603720 772
1603730 772
1603740 770
1603750 769
1603760 769
1603770 768
1603780 767
1603790 767
1603800 766
1603810 765
1603820 765
1603830 764
1603840 763
1603850 763
1603860 763
1603870 762
1603880 762
1603890 761
1603900 758
1603910 758
1603920 754
1603930 749
1603940 749
1603950 745
1603960 742
1603970 742
1603980 739
1603990 739
1604000 737
1604010 735
1604020 735
1604030 732
1604040 729
1604050 729
1604060 727
1604070 727
1604080 727
1604090 727
1604100 727
1604110 727
1604120 726
1604130 725
1604140 725
1604150 724
1604160 722
1604170 722
1604180 726
1604190 724
1604200 724
1604210 722
1604220 720
1604230 720
1604240 720
1604250 719
1604260 719
1604270 718
1604280 716
1604290 716
1604300 715
1604310 713
1604320 713
1604330 710
1604340 708
1604350 708
1604360 706
1604370 704
1604380 704
1604390 702
1604400 700
1604410 700
1604420 696
1604430 693
1604440 693
1604450 690
1604460 688
1604470 688
1604480 684
1604490 679
1604500 679
1604510 673
1604520 668
1604530 668
1604540 665
1604550 664
1604560 664
1604570 662
1604580 661
1604590 661
1604600 659
1604610 657
1604620 657
1604630 657
1604640 656
1604650 656
1604660 656
1604670 656
1604680 656
1604690 656
1604700 657
1604710 657
1604720 657
1604730 658
1604740 658
1604750 658
1604760 658
1604770 658
1604780 658
1604790 658
1604800 658
1604810 658
1604820 658
1604830 658
1604840 658
1604850 658
1604860 658
1604870 658
1604880 658
1604890 658
1604900 658
1604910 658
1604920 658
1604930 659
1604940 658
1604950 658
1604960 658
1604970 658
1604980 658
1604990 659
1605000 659
1605010 659
1605020 659
1605030 660
1605040 660
1605050 660
1605060 660
1605070 660
1605080 660
1605090 660
1605100 660
1605110 660
1605120 660
1605130 660
1605140 660
1605150 660
1605160 660
1605170 659
1605180 660
1605190 660
1605200 660
1605210 660
1605220 660
1605230 660
1605240 659
1605250 659
1605260 655
1605270 653
1605280 653
1605290 652
1605300 652
1605310 650
1605320 650
1605330 650
1605340 649
1605350 647
1605360 647
1605370 646
1605380 644
1605390 644
1605400 642
1605410 640
1605420 640
1605430 638
1605440 636
1605450 636
1605460 635
1605470 634
1605480 634
1605490 633
1605500 632
1605510 632
1605520 630
1605530 629
1605540 629
1605550 627
1605560 626
1605570 626
1605580 625
1605590 623
1605600 623
1605610 622
1605620 621
1605630 621
1605640 620
1605650 619
1605660 619
1605670 617
1605680 616
1605690 616
1605700 615
1605710 614
1605720 614
1605730 612
1605740 611
1605750 611
1605760 610
1605770 609
1605780 609
1605790 608
1605800 607
1605810 607
1605820 607
1605830 605
1605840 605
1605850 604
1605860 603
1605870 603
1605880 601
1605890 600
1605900 600
1605910 600
1605920 599
1605930 599
1605940 598
1605950 596
1605960 596
1605970 594
1605980 593
1605990 593
1606000 593
1606010 592
1606020 592
1606030 591
1606040 590
1606050 590
1606060 589
1606070 587
1606080 587
1606090 586
1606100 585
1606110 585
1606120 583
1606130 581
1606140 581
1606150 580
1606160 578
1606170 578
1606180 577
1606190 574
1606200 574
1606210 572
1606220 571
1606230 571
1606240 569
1606250 568
1606260 568
1606270 566
1606280 564
1606290 564
1606300 563
1606310 561
1606320 561
1606330 558
1606340 555
1606350 555
1606360 553
1606370 552
1606380 552
1606390 550
1606400 548
1606410 548
1606420 546
1606430 545
1606440 545
1606450 543
1606460 541
1606470 541
1606480 539
1606490 538
1606500 538
1606510 536
1606520 534
1606530 534
1606540 532
1606550 532
1606560 532
1606570 532
1606580 531
1606590 531
1606600 531
1606610 531
1606620 531
1606630 532
1606640 532
1606650 534
1606660 537
1606670 537
1606680 539
1606690 542
1606700 542
1606710 545
1606720 548
1606730 548
1606740 550
1606750 553
1606760 553
1606770 556
1606780 558
1606790 558
1606800 561
1606810 562
1606820 562
1606830 564
1606840 565
1606850 565
1606860 568
1606870 570
1606880 570
1606890 574
1606900 577
1606910 577
1606920 580
1606930 583
1606940 583
1606950 586
1606960 589
1606970 589
1606980 591
1606990 593
1607000 593
1607010 595
1607020 596
1607030 596
1607040 598
1607050 599
1607060 599
1607070 600
1607080 601
1607090 601
1607100 601
1607110 601
1607120 601
1607130 600
1607140 600
1607150 600
1607160 599
1607170 597
1607180 597
1607190 596
1607200 595
1607210 595
1607220 594
1607230 595
1607240 595
1607250 595
1607260 597
1607270 597
1607280 598
1607290 599
1607300 599
1607310 601
1607320 602
1607330 602
1607340 602
1607350 603
1607360 603
1607370 604
1607380 605
1607390 605
1607400 605
1607410 606
1607420 606
1607430 607
1607440 607
1607450 607
1607460 608
1607470 609
1607480 609
1607490 610
1607500 611
1607510 611
1607520 612
1607530 612
1607540 612
1607550 612
1607560 612
1607570 612
1607580 612
1607590 612
1607600 612
1607610 611
1607620 611
1607630 611
1607640 610
1607650 610
1607660 610
1607670 610
1607680 609
1607690 609
1607700 609
1607710 608
1607720 608
1607730 608
1607740 606
1607750 606
1607760 603
1607770 598
1607780 598
1607790 593
1607800 589
1607810 589
1607820 585
1607830 581
1607840 581
1607850 577
1607860 572
1607870 572
1607880 568
1607890 564
1607900 564
1607910 561
1607920 561
1607930 559
1607940 557
1607950 557
1607960 556
1607970 556
1607980 556
1607990 556
1608000 558
1608010 558
1608020 562
1608030 565
1608040 565
1608050 568
1608060 570
1608070 570
1608080 573
1608090 576
1608100 576
1608110 579
1608120 582
1608130 582
1608140 585
1608150 588
1608160 588
1608170 591
1608180 593
1608190 593
1608200 595
1608210 599
1608220 599
1608230 602
1608240 604
1608250 604
1608260 607
1608270 611
1608280 611
1608290 615
1608300 619
1608310 619
1608320 622
1608330 625
1608340 625
1608350 628
1608360 631
1608370 631
1608380 634
1608390 637
1608400 637
1608410 639
1608420 641
1608430 641
1608440 644
1608450 647
1608460 644
1608470 647
1608480 650
1608490 650
1608500 654
1608510 657
1608520 657
1608530 661
1608540 665
1608550 665
1608560 669
1608570 673
1608580 673
1608590 676
1608600 680
1608610 680
1608620 683
1608630 687
1608640 687
1608650 690
1608660 693
1608670 693
1608680 697
1608690 700
1608700 700
1608710 703
1608720 705
1608730 705
1608740 707
1608750 709
1608760 709
1608770 707
1608780 702
1608790 702
1608800 698
1608810 694
1608820 694
1608830 691
1608840 688
1608850 688
1608860 686
1608870 685
1608880 685
1608890 683
1608900 682
1608910 682
1608920 681
1608930 680
1608940 680
1608950 680
1608960 680
1608970 680
1608980 680
1608990 680
1609000 680
1609010 680
1609020 680
1609030 680
1609040 680
1609050 680
1609060 680
1609070 680
1609080 681
1609090 681
1609100 681
1609110 682
1609120 682
1609130 682
1609140 683
1609150 683
1609160 683
1609170 683
1609180 683
1609190 683
1609200 682
1609210 682
1609220 681
1609230 681
1609240 681
1609250 679
1609260 679
1609270 677
1609280 674
1609290 674
1609300 671
1609310 668
1609320 668
1609330 667
1609340 666
1609350 666
1609360 666
1609370 665
1609380 665
1609390 665
1609400 665
1609410 665
1609420 666
1609430 666
1609440 666
1609450 667
1609460 669
1609470 669
1609480 670
1609490 670
1609500 670
1609510 667
1609520 666
1609530 666
1609540 665
1609550 664
1609560 664
1609570 663
1609580 662
1609590 662
1609600 662
1609610 661
1609620 661
1609630 660
1609640 660
1609650 660
1609660 659
1609670 658
1609680 658
1609690 657
1609700 656
1609710 656
1609720 655
1609730 654
1609740 654
1609750 653
1609760 652
1609770 652
1609780 651
1609790 649
1609800 649
1609810 648
1609820 647
1609830 647
1609840 646
1609850 644
1609860 644
1609870 643
1609880 642
1609890 642
1609900 641
1609910 640
1609920 640
1609930 639
1609940 638
1609950 638
1609960 637
1609970 637
1609980 637
1609990 636
1610000 635
1610010 635
1610020 635
1610030 635
1610040 635
1610050 634
1610060 634
1610070 634
1610080 634
1610090 633
1610100 633
1610110 633
1610120 633
1610130 633
1610140 633
1610150 633
1610160 633
1610170 633
1610180 633
1610190 633
1610200 633
1610210 632
1610220 632
1610230 632
1610240 632
1610250 632
1610260 632
1610270 632
1610280 632
1610290 632
1610300 632
1610310 632
1610320 632
1610330 632
1610340 632
1610350 632
1610360 632
1610370 632
1610380 632
1610390 632
1610400 632
1610410 632
1610420 632
1610430 632
1610440 632
1610450 632
1610460 632
1610470 632
1610480 632
1610490 632
1610500 632
1610510 632
1610520 632
1610530 633
1610540 633
1610550 633
1610560 634
1610570 634
1610580 635
1610590 636
1610600 636
1610610 636
1610620 636
1610630 636
1610640 637
1610650 637
1610660 637
1610670 638
1610680 638
1610690 638
1610700 638
1610710 639
1610720 639
1610730 640
1610740 640
1610750 640
1610760 640
1610770 640
1610780 640
1610790 641
1610800 641
1610810 641
1610820 641
1610830 641
1610840 641
1610850 641
1610860 642
1610870 642
1610880 641
1610890 641
1610900 641
1610910 640
1610920 639
1610930 639
1610940 638
1610950 638
1610960 638
1610970 637
1610980 637
1610990 637
1611000 636
1611010 636
1611020 636
1611030 636
1611040 635
1611050 635
1611060 635
1611070 634
1611080 634
1611090 633
1611100 632
1611110 632
1611120 631
1611130 630
1611140 630
1611150 629
1611160 629
1611170 629
1611180 628
1611190 627
1611200 627
1611210 627
1611220 626
1611230 626
1611240 626
1611250 625
1611260 625
1611270 625
1611280 625
1611290 625
1611300 624
1611310 623
1611320 623
1611330 623
1611340 623
1611350 623
1611360 622
1611370 622
1611380 622
1611390 622
1611400 621
1611410 621
1611420 621
1611430 621
1611440 621
1611450 620
1611460 620
1611470 620
1611480 620
1611490 619
1611500 619
1611510 619
1611520 618
1611530 618
1611540 618
1611550 617
1611560 617
1611570 617
1611580 615
1611590 615
1611600 615
1611610 614
1611620 614
1611630 614
1611640 613
1611650 613
1611660 613
1611670 612
1611680 612
1611690 612
1611700 611
1611710 611
1611720 610
1611730 610
1611740 610
1611750 609
1611760 609
1611770 609
1611780 609
1611790 608
1611800 608
1611810 608
1611820 607
1611830 607
1611840 607
1611850 607
1611860 606
1611870 606
1611880 606
1611890 606
1611900 605
1611910 605
1611920 605
1611930 605
1611940 605
1611950 604
1611960 603
1611970 603
1611980 603
1611990 602
1612000 602
1612010 602
1612020 601
1612030 601
1612040 601
1612050 600
1612060 600
1612070 600
1612080 599
1612090 599
1612100 598
1612110 598
1612120 598
1612130 597
1612140 596
1612150 596
1612160 595
1612170 594
1612180 594
1612190 593
1612200 593
1612210 593
1612220 594
1612230 596
1612240 596
1612250 596
1612260 596
1612270 596
1612280 596
1612290 596
1612300 596
1612310 595
1612320 595
1612330 595
1612340 595
1612350 594
1612360 594
1612370 594
1612380 593
1612390 593
1612400 593
1612410 592
1612420 592
1612430 592
1612440 591
1612450 591
1612460 591
1612470 591
1612480 591
1612490 591
1612500 590
1612510 590
1612520 589
1612530 588
1612540 588
1612550 587
1612560 587
1612570 587
1612580 586
1612590 584
1612600 583
1612610 581
1612620 579
1612630 579
1612640 577
1612650 574
1612660 574
1612670 572
1612680 569
1612690 569
1612700 567
1612710 565
1612720 565
1612730 562
1612740 558
1612750 558
1612760 555
1612770 552
1612780 552
1612790 550
1612800 547
1612810 547
1612820 545
1612830 543
1612840 543
1612850 541
1612860 540
1612870 540
1612880 539
1612890 537
1612900 537
1612910 536
1612920 535
1612930 535
1612940 535
1612950 533
1612960 533
1612970 533
1612980 532
1612990 532
1613000 531
1613010 530
1613020 530
1613030 528
1613040 528
1613050 528
1613060 527
1613070 527
1613080 527
1613090 526
1613100 526
1613110 526
1613120 525
1613130 525
1613140 525
1613150 524
1613160 524
1613170 524
1613180 523
1613190 523
1613200 523
1613210 522
1613220 522
1613230 521
1613240 521
1613250 521
1613260 520
1613270 520
1613280 520
1613290 519
1613300 519
1613310 519
1613320 518
1613330 517
1613340 517
1613350 517
1613360 516
1613370 516
1613380 516
1613390 515
1613400 515
1613410 515
1613420 515
1613430 515
1613440 515
1613450 514
1613460 514
1613470 514
1613480 513
1613490 513
1613500 513
1613510 513
1613520 513
1613530 512
1613540 512
1613550 512
1613560 512
1613570 512
1613580 512
1613590 511
1613600 511
1613610 511
1613620 511
1613630 511
1613640 511
1613650 510
1613660 510
1613670 510
1613680 510
1613690 510
1613700 510
1613710 509
1613720 508
1613730 508
1613740 507
1613750 507
1613760 507
1613770 510
1613780 513
1613790 513
1613800 511
1613810 507
1613820 507
1613830 506
1613840 507
1613850 507
1613860 508
1613870 510
1613880 510
1613890 511
1613900 512
1613910 512
1613920 513
1613930 514
1613940 514
1613950 516
1613960 518
1613970 518
1613980 519
1613990 521
1614000 521
1614010 522
1614020 523
1614030 523
1614040 525
1614050 525
1614060 525
1614070 526
1614080 526
1614090 526
1614100 526
1614110 526
1614120 526
1614130 527
1614140 528
1614150 528
1614160 528
1614170 529
1614180 529
1614190 529
1614200 529
1614210 529
1614220 530
1614230 529
1614240 529
1614250 530
1614260 529
1614270 529
1614280 529
1614290 529
1614300 529
1614310 529
1614320 528
1614330 528
1614340 528
1614350 527
1614360 527
1614370 527
1614380 524
1614390 524
1614400 519
1614410 519
1614420 519
1614430 523
1614440 523
1614450 524
1614460 524
1614470 524
1614480 525
1614490 525
1614500 525
1614510 525
1614520 525
1614530 525
1614540 525
1614550 525
1614560 525
1614570 525
1614580 525
1614590 525
1614600 525
1614610 525
1614620 525
1614630 525
1614640 524
1614650 524
1614660 524
1614670 525
1614680 525
1614690 525
1614700 525
1614710 525
1614720 525
1614730 525
1614740 525
1614750 525
1614760 524
1614770 524
1614780 524
1614790 524
1614800 524
1614810 523
1614820 523
1614830 523
1614840 522
1614850 522
1614860 522
1614870 522
1614880 521
1614890 521
1614900 521
1614910 520
1614920 520
1614930 520
1614940 520
1614950 520
1614960 519
1614970 519
1614980 519
1614990 518
1615000 518
1615010 518
1615020 517
1615030 517
1615040 517
1615050 517
1615060 516
1615070 516
1615080 516
1615090 515
1615100 515
1615110 515
1615120 514
1615130 514
1615140 514
1615150 513
1615160 513
1615170 513
1615180 512
1615190 512
1615200 511
1615210 511
1615220 511
1615230 510
1615240 510
1615250 510
1615260 509
1615270 509
1615280 509
1615290 508
1615300 508
1615310 508
1615320 507
1615330 506
1615340 506
1615350 505
1615360 504
1615370 504
1615380 504
1615390 503
1615400 503
1615410 502
1615420 501
1615430 501
1615440 500
1615450 498
1615460 498
1615470 497
1615480 497
1615490 497
1615500 496
1615510 496
1615520 496
1615530 495
1615540 495
1615550 495
1615560 494
1615570 494
1615580 494
1615590 492
1615600 489
1615610 489
1615620 486
1615630 482
1615640 482
1615650 479
1615660 478
1615670 478
1615680 477
1615690 477
1615700 477
1615710 477
1615720 477
1615730 477
1615740 477
1615750 477
1615760 477
1615770 477
1615780 477
1615790 477
1615800 478
1615810 478
1615820 478
1615830 478
1615840 478
1615850 478
1615860 478
1615870 478
1615880 478
1615890 478
1615900 478
1615910 478
1615920 479
1615930 479
1615940 479
1615950 479
1615960 479
1615970 480
1615980 480
1615990 480
1616000 481
1616010 482
1616020 482
1616030 483
1616040 485
1616050 485
1616060 486
1616070 488
1616080 488
1616090 489
1616100 491
1616110 491
1616120 492
1616130 493
1616140 493
1616150 494
1616160 494
1616170 494
1616180 496
1616190 499
1616200 499
1616210 503
1616220 507
1616230 507
1616240 511
1616250 515
1616260 515
1616270 516
1616280 519
1616290 519
1616300 522
1616310 524
1616320 524
1616330 527
1616340 530
1616350 530
1616360 533
1616370 535
1616380 535
1616390 537
1616400 539
1616410 539
1616420 541
1616430 542
1616440 542
1616450 543
1616460 544
1616470 544
1616480 544
1616490 544
1616500 544
1616510 544
1616520 544
1616530 544
1616540 544
1616550 544
1616560 544
1616570 544
1616580 543
1616590 543
1616600 543
1616610 544
1616620 544
1616630 543
1616640 543
1616650 543
1616660 543
1616670 543
1616680 543
1616690 543
1616700 541
1616710 541
1616720 536
1616730 531
1616740 531
1616750 527
1616760 521
1616770 521
1616780 513
1616790 507
1616800 507
1616810 505
1616820 505
1616830 505
1616840 505
1616850 506
1616860 506
1616870 511
1616880 516
1616890 516
1616900 521
1616910 523
1616920 523
1616930 527
1616940 531
1616950 531
1616960 533
1616970 534
1616980 534
1616990 534
1617000 535
1617010 535
1617020 535
1617030 536
1617040 536
1617050 538
1617060 538
1617070 538
1617080 539
1617090 539
1617100 540
1617110 540
1617120 540
1617130 541
1617140 542
1617150 542
1617160 543
1617170 544
1617180 544
1617190 545
1617200 546
1617210 546
1617220 547
1617230 549
1617240 549
1617250 551
1617260 551
1617270 551
1617280 552
1617290 553
1617300 553
1617310 553
1617320 554
1617330 554
1617340 556
1617350 559
1617360 559
1617370 561
1617380 563
1617390 563
1617400 565
1617410 567
1617420 567
1617430 568
1617440 570
1617450 570
1617460 571
1617470 571
1617480 571
1617490 572
1617500 573
1617510 573
1617520 573
1617530 574
1617540 574
1617550 576
1617560 577
1617570 577
1617580 578
1617590 580
1617600 580
1617610 580
1617620 581
1617630 581
1617640 581
1617650 582
1617660 582
1617670 582
1617680 583
1617690 583
1617700 584
1617710 585
1617720 585
1617730 585
1617740 586
1617750 586
1617760 587
1617770 588
1617780 588
1617790 588
1617800 589
1617810 589
1617820 589
1617830 590
1617840 590
1617850 591
1617860 591
1617870 591
1617880 592
1617890 593
1617900 593
1617910 593
1617920 594
1617930 594
1617940 594
1617950 595
1617960 595
1617970 595
1617980 596
1617990 596
1618000 596
1618010 597
1618020 597
1618030 598
1618040 598
1618050 598
1618060 599
1618070 600
1618080 600
1618090 600
1618100 601
1618110 601
1618120 602
1618130 603
1618140 603
1618150 603
1618160 604
1618170 604
1618180 603
1618190 603
1618200 603
1618210 603
1618220 603
1618230 603
1618240 603
1618250 603
1618260 603
1618270 603
1618280 603
1618290 603
1618300 603
1618310 603
1618320 603
1618330 603
1618340 603
1618350 603
1618360 602
1618370 602
1618380 602
1618390 602
1618400 602
1618410 602
1618420 602
1618430 602
1618440 602
1618450 602
1618460 602
1618470 602
1618480 602
1618490 602
1618500 602
1618510 601
1618520 601
1618530 601
1618540 601
1618550 601
1618560 601
1618570 601
1618580 601
1618590 601
1618600 601
1618610 601
1618620 600
1618630 600
1618640 600
1618650 599
1618660 599
1618670 599
1618680 599
1618690 599
1618700 599
1618710 599
1618720 598
1618730 598
1618740 598
1618750 598
1618760 598
1618770 598
1618780 597
1618790 597
1618800 597
1618810 597
1618820 597
1618830 597
1618840 596
1618850 596
1618860 596
1618870 595
1618880 595
1618890 594
1618900 593
1618910 593
1618920 592
1618930 590
1618940 590
1618950 589
1618960 587
1618970 587
1618980 586
1618990 585
1619000 585
1619010 586
1619020 586
1619030 586
1619040 586
1619050 586
1619060 586
1619070 587
1619080 587
1619090 587
1619100 587
1619110 588
1619120 588
1619130 588
1619140 588
1619150 588
1619160 588
1619170 589
1619180 589
1619190 589
1619200 590
1619210 590
1619220 591
1619230 593
1619240 593
1619250 594
1619260 596
1619270 596
1619280 597
1619290 598
1619300 598
1619310 600
1619320 601
1619330 601
1619340 602
1619350 604
1619360 604
1619370 605
1619380 607
1619390 607
1619400 608
1619410 609
1619420 609
1619430 609
1619440 610
1619450 610
1619460 610
1619470 610
1619480 610
1619490 611
1619500 611
1619510 611
1619520 612
1619530 611
1619540 611
1619550 612
1619560 612
1619570 612
1619580 613
1619590 613
1619600 613
1619610 613
1619620 614
1619630 614
1619640 614
1619650 614
1619660 614
1619670 615
1619680 615
1619690 615
1619700 616
1619710 616
1619720 616
1619730 617
1619740 617
1619750 618
1619760 618
1619770 618
1619780 619
1619790 619
1619800 619
1619810 620
1619820 620
1619830 620
1619840 621
1619850 621
1619860 621
1619870 622
1619880 623
1619890 623
1619900 623
1619910 624
1619920 624
1619930 624
1619940 625
1619950 625
1619960 626
1619970 627
1619980 627
1619990 628
