1600000 809
1600010 811
1600020 811
1600030 812
1600040 813
1600050 813
1600060 814
1600070 815
1600080 815
1600090 816
1600100 817
1600110 817
1600120 818
1600130 819
1600140 819
1600150 819
1600160 820
1600170 820
1600180 821
1600190 823
1600200 823
1600210 824
1600220 825
1600230 825
1600240 826
1600250 827
1600260 827
1600270 828
1600280 829
1600290 829
1600300 830
1600310 831
1600320 831
1600330 832
1600340 834
1600350 834
1600360 835
1600370 836
1600380 836
1600390 837
1600400 836
1600410 836
1600420 836
1600430 835
1600440 835
1600450 834
1600460 833
1600470 833
1600480 832
1600490 831
1600500 831
1600510 830
1600520 830
1600530 830
1600540 829
1600550 828
1600560 828
1600570 828
1600580 828
1600590 828
1600600 828
1600610 828
1600620 828
1600630 828
1600640 828
1600650 828
1600660 828
1600670 828
1600680 828
1600690 828
1600700 829
1600710 829
1600720 829
1600730 829
1600740 828
1600750 828
1600760 828
1600770 828
1600780 828
1600790 828
1600800 828
1600810 828
1600820 828
1600830 828
1600840 828
1600850 828
1600860 827
1600870 827
1600880 827
1600890 827
1600900 826
1600910 826
1600920 826
1600930 825
1600940 825
1600950 824
1600960 823
1600970 823
1600980 823
1600990 822
1601000 822
1601010 821
1601020 821
1601030 821
1601040 820
1601050 819
1601060 819
1601070 819
1601080 818
1601090 818
1601100 817
1601110 816
1601120 816
1601130 815
1601140 814
1601150 814
1601160 813
1601170 812
1601180 812
1601190 811
1601200 810
1601210 810
1601220 809
1601230 808
1601240 808
1601250 807
1601260 806
1601270 806
1601280 805
1601290 802
1601300 802
1601310 801
1601320 801
1601330 801
1601340 801
1601350 801
1601360 801
1601370 799
1601380 798
1601390 798
1601400 797
1601410 797
1601420 797
1601430 796
1601440 796
1601450 796
1601460 795
1601470 795
1601480 795
1601490 794
1601500 793
1601510 793
1601520 793
1601530 793
1601540 793
1601550 792
1601560 792
1601570 792
1601580 791
1601590 791
1601600 791
1601610 790
1601620 789
1601630 789
1601640 789
1601650 788
1601660 788
1601670 788
1601680 788
1601690 788
1601700 787
1601710 786
1601720 786
1601730 786
1601740 786
1601750 786
1601760 786
1601770 786
1601780 786
1601790 786
1601800 786
1601810 786
1601820 786
1601830 786
1601840 786
1601850 786
1601860 786
1601870 786
1601880 786
1601890 786
1601900 786
1601910 786
1601920 787
1601930 787
1601940 787
1601950 787
1601960 787
1601970 788
1601980 788
1601990 788
1602000 789
1602010 790
1602020 790
1602030 790
1602040 790
1602050 791
1602060 791
1602070 791
1602080 792
1602090 793
1602100 793
1602110 795
1602120 795
1602130 795
1602140 796
1602150 796
1602160 796
1602170 797
1602180 798
1602190 798
1602200 798
1602210 799
1602220 799
1602230 800
1602240 801
1602250 801
1602260 802
1602270 804
1602280 804
1602290 805
1602300 805
1602310 805
1602320 806
1602330 807
1602340 807
1602350 808
1602360 809
1602370 809
1602380 810
1602390 811
1602400 811
1602410 812
1602420 813
1602430 813
1602440 813
1602450 814
1602460 814
1602470 815
1602480 815
1602490 815
1602500 814
1602510 814
1602520 814
1602530 811
1602540 809
1602550 809
1602560 808
1602570 805
1602580 805
1602590 804
1602600 803
1602610 803
1602620 802
1602630 801
1602640 801
1602650 800
1602660 800
1602670 800
1602680 800
1602690 799
1602700 799
1602710 798
1602720 798
1602730 798
1602740 797
1602750 796
1602760 796
1602770 795
1602780 794
1602790 794
1602800 793
1602810 792
1602820 792
1602830 791
1602840 791
1602850 791
1602860 790
1602870 790
1602880 790
1602890 790
1602900 789
1602910 789
1602920 789
1602930 789
1602940 789
1602950 789
1602960 788
1602970 788
1602980 788
1602990 787
1603000 787
1603010 784
1603020 782
1603030 782
1603040 781
1603050 780
1603060 780
1603070 779
1603080 778
1603090 778
1603100 776
1603110 775
1603120 775
1603130 774
1603140 772
1603150 772
1603160 771
1603170 769
1603180 769
1603190 768
1603200 767
1603210 767
1603220 765
1603230 764
1603240 764
1603250 763
1603260 762
1603270 762
1603280 761
1603290 760
1603300 760
1603310 759
1603320 759
1603330 758
1603340 757
1603350 757
1603360 756
1603370 755
1603380 755
1603390 754
1603400 753
1603410 753
1603420 752
1603430 751
1603440 751
1603450 750
1603460 749
1603470 749
1603480 748
1603490 747
1603500 747
1603510 746
1603520 744
1603530 744
1603540 744
1603550 742
1603560 742
1603570 741
1603580 741
1603590 741
1603600 740
1603610 739
1603620 739
1603630 738
1603640 737
1603650 737
1603660 737
1603670 737
1603680 737
1603690 737
1603700 737
1603710 737
1603720 733
1603730 732
1603740 732
1603750 732
1603760 732
1603770 732
1603780 732
1603790 731
1603800 731
1603810 730
1603820 730
1603830 730
1603840 729
1603850 729
1603860 729
1603870 728
1603880 727
1603890 727
1603900 726
1603910 725
1603920 725
1603930 723
1603940 721
1603950 721
1603960 717
1603970 713
1603980 713
1603990 708
1604000 704
1604010 704
1604020 701
1604030 698
1604040 698
1604050 695
1604060 693
1604070 693
1604080 691
1604090 689
1604100 689
1604110 687
1604120 685
1604130 685
1604140 683
1604150 682
1604160 682
1604170 680
1604180 679
1604190 679
1604200 677
1604210 675
1604220 675
1604230 674
1604240 673
1604250 673
1604260 671
1604270 670
1604280 670
1604290 668
1604300 667
1604310 667
1604320 665
1604330 664
1604340 664
1604350 663
1604360 662
1604370 662
1604380 661
1604390 660
1604400 660
1604410 659
1604420 658
1604430 658
1604440 657
1604450 655
1604460 655
1604470 654
1604480 653
1604490 653
1604500 652
1604510 651
1604520 651
1604530 649
1604540 648
1604550 648
1604560 646
1604570 644
1604580 644
1604590 643
1604600 643
1604610 641
1604620 639
1604630 639
1604640 638
1604650 637
1604660 637
1604670 635
1604680 634
1604690 634
1604700 633
1604710 631
1604720 631
1604730 630
1604740 629
1604750 629
1604760 627
1604770 626
1604780 626
1604790 624
1604800 623
1604810 622
1604820 621
1604830 620
1604840 620
1604850 618
1604860 617
1604870 617
1604880 615
1604890 614
1604900 614
1604910 613
1604920 612
1604930 612
1604940 611
1604950 610
1604960 610
1604970 609
1604980 608
1604990 608
1605000 607
1605010 607
1605020 607
1605030 607
1605040 607
1605050 607
1605060 607
1605070 606
1605080 606
1605090 605
1605100 605
1605110 605
1605120 605
1605130 605
1605140 605
1605150 605
1605160 606
1605170 606
1605180 607
1605190 608
1605200 608
1605210 610
1605220 612
1605230 612
1605240 614
1605250 616
1605260 616
1605270 616
1605280 617
1605290 617
1605300 618
1605310 619
1605320 619
1605330 619
1605340 620
1605350 620
1605360 621
1605370 621
1605380 621
1605390 622
1605400 623
1605410 623
1605420 624
1605430 624
1605440 624
1605450 624
1605460 624
1605470 624
1605480 622
1605490 621
1605500 621
1605510 619
1605520 617
1605530 617
1605540 615
1605550 613
1605560 613
1605570 611
1605580 608
1605590 608
1605600 607
1605610 605
1605620 605
1605630 603
1605640 601
1605650 601
1605660 599
1605670 597
1605680 597
1605690 596
1605700 594
1605710 594
1605720 592
1605730 589
1605740 589
1605750 587
1605760 583
1605770 583
1605780 581
1605790 578
1605800 578
1605810 576
1605820 575
1605830 575
1605840 573
1605850 571
1605860 571
1605870 570
1605880 567
1605890 565
1605900 562
1605910 562
1605920 560
1605930 556
1605940 556
1605950 554
1605960 552
1605970 552
1605980 550
1605990 548
1606000 548
1606010 546
1606020 546
1606030 546
1606040 547
1606050 548
1606060 548
1606070 549
1606080 550
1606090 550
1606100 551
1606110 553
1606120 553
1606130 556
1606140 559
1606150 559
1606160 563
1606170 566
1606180 566
1606190 569
1606200 572
1606210 572
1606220 574
1606230 576
1606240 576
1606250 577
1606260 579
1606270 579
1606280 580
1606290 582
1606300 582
1606310 585
1606320 588
1606330 588
1606340 591
1606350 593
1606360 593
1606370 597
1606380 600
1606390 600
1606400 602
1606410 605
1606420 605
1606430 607
1606440 609
1606450 609
1606460 612
1606470 614
1606480 614
1606490 617
1606500 621
1606510 621
1606520 625
1606530 629
1606540 629
1606550 632
1606560 635
1606570 635
1606580 638
1606590 640
1606600 640
1606610 644
1606620 646
1606630 646
1606640 649
1606650 650
1606660 650
1606670 651
1606680 653
1606690 653
1606700 654
1606710 656
1606720 656
1606730 657
1606740 658
1606750 658
1606760 659
1606770 660
1606780 660
1606790 660
1606800 661
1606810 661
1606820 661
1606830 662
1606840 662
1606850 662
1606860 662
1606870 662
1606880 663
1606890 663
1606900 663
1606910 662
1606920 660
1606930 660
1606940 657
1606950 655
1606960 655
1606970 652
1606980 650
1606990 650
1607000 648
1607010 646
1607020 646
1607030 644
1607040 643
1607050 643
1607060 642
1607070 642
1607080 642
1607090 643
1607100 643
1607110 643
1607120 643
1607130 643
1607140 643
1607150 644
1607160 644
1607170 644
1607180 644
1607190 644
1607200 644
1607210 644
1607220 644
1607230 644
1607240 644
1607250 644
1607260 644
1607270 645
1607280 645
1607290 646
1607300 648
1607310 648
1607320 649
1607330 650
1607340 650
1607350 650
1607360 649
1607370 649
1607380 648
1607390 646
1607400 646
1607410 644
1607420 641
1607430 641
1607440 639
1607450 636
1607460 636
1607470 633
1607480 630
1607490 630
1607500 627
1607510 624
1607520 624
1607530 621
1607540 619
1607550 619
1607560 617
1607570 614
1607580 614
1607590 612
1607600 609
1607610 609
1607620 605
1607630 601
1607640 601
1607650 597
1607660 593
1607670 593
1607680 590
1607690 588
1607700 588
1607710 585
1607720 583
1607730 583
1607740 580
1607750 579
1607760 579
1607770 577
1607780 574
1607790 574
1607800 572
1607810 571
1607820 571
1607830 569
1607840 568
1607850 568
1607860 568
1607870 567
1607880 567
1607890 566
1607900 565
1607910 565
1607920 564
1607930 564
1607940 564
1607950 563
1607960 563
1607970 563
1607980 563
1607990 563
1608000 563
1608010 564
1608020 564
1608030 564
1608040 566
1608050 569
1608060 569
1608070 572
1608080 574
1608090 574
1608100 576
1608110 578
1608120 578
1608130 580
1608140 583
1608150 583
1608160 585
1608170 587
1608180 587
1608190 589
1608200 591
1608210 591
1608220 593
1608230 595
1608240 595
1608250 598
1608260 600
1608270 600
1608280 602
1608290 605
1608300 605
1608310 608
1608320 610
1608330 610
1608340 613
1608350 617
1608360 617
1608370 619
1608380 623
1608390 623
1608400 626
1608410 628
1608420 628
1608430 631
1608440 633
1608450 633
1608460 634
1608470 636
1608480 636
1608490 637
1608500 637
1608510 638
1608520 639
1608530 639
1608540 639
1608550 639
1608560 639
1608570 640
1608580 640
1608590 640
1608600 640
1608610 640
1608620 640
1608630 641
1608640 641
1608650 641
1608660 641
1608670 641
1608680 641
1608690 641
1608700 641
1608710 641
1608720 641
1608730 640
1608740 640
1608750 640
1608760 640
1608770 640
1608780 640
1608790 640
1608800 640
1608810 640
1608820 640
1608830 640
1608840 640
1608850 640
1608860 640
1608870 640
1608880 640
1608890 640
1608900 640
1608910 640
1608920 640
1608930 639
1608940 639
1608950 639
1608960 638
1608970 637
1608980 637
1608990 636
1609000 636
1609010 636
1609020 635
1609030 634
1609040 634
1609050 633
1609060 632
1609070 630
1609080 629
1609090 628
1609100 628
1609110 626
1609120 625
1609130 625
1609140 623
1609150 621
1609160 621
1609170 619
1609180 617
1609190 617
1609200 616
1609210 614
1609220 614
1609230 613
1609240 612
1609250 612
1609260 611
1609270 612
1609280 612
1609290 614
1609300 616
1609310 616
1609320 618
1609330 620
1609340 620
1609350 622
1609360 625
1609370 625
1609380 628
1609390 630
1609400 630
1609410 633
1609420 636
1609430 636
1609440 639
1609450 641
1609460 641
1609470 643
1609480 645
1609490 645
1609500 648
1609510 650
1609520 650
1609530 653
1609540 655
1609550 655
1609560 657
1609570 659
1609580 659
1609590 661
1609600 662
1609610 662
1609620 664
1609630 665
1609640 665
1609650 666
1609660 667
1609670 667
1609680 668
1609690 669
1609700 669
1609710 671
1609720 673
1609730 673
1609740 674
1609750 675
1609760 675
1609770 676
1609780 676
1609790 680
1609800 683
1609810 683
1609820 685
1609830 687
1609840 687
1609850 689
1609860 691
1609870 691
1609880 692
1609890 692
1609900 692
1609910 694
1609920 694
1609930 694
1609940 695
1609950 696
1609960 696
1609970 695
1609980 694
1609990 694
1610000 693
1610010 692
1610020 692
1610030 690
1610040 689
1610050 689
1610060 688
1610070 686
1610080 686
1610090 685
1610100 684
1610110 684
1610120 683
1610130 683
1610140 683
1610150 683
1610160 682
1610170 682
1610180 682
1610190 682
1610200 682
1610210 682
1610220 682
1610230 682
1610240 681
1610250 681
1610260 681
1610270 681
1610280 680
1610290 680
1610300 679
1610310 679
1610320 679
1610330 678
1610340 677
1610350 677
1610360 676
1610370 675
1610380 675
1610390 674
1610400 673
1610410 673
1610420 672
1610430 671
1610440 671
1610450 670
1610460 669
1610470 669
1610480 668
1610490 668
1610500 668
1610510 667
1610520 666
1610530 666
1610540 665
1610550 663
1610560 663
1610570 662
1610580 661
1610590 661
1610600 660
1610610 660
1610620 660
1610630 659
1610640 659
1610650 659
1610660 658
1610670 658
1610680 658
1610690 658
1610700 658
1610710 658
1610720 658
1610730 658
1610740 658
1610750 658
1610760 658
1610770 658
1610780 658
1610790 658
1610800 658
1610810 658
1610820 658
1610830 658
1610840 658
1610850 658
1610860 658
1610870 658
1610880 657
1610890 657
1610900 656
1610910 655
1610920 655
1610930 654
1610940 653
1610950 653
1610960 652
1610970 650
1610980 650
1610990 649
1611000 648
1611010 648
1611020 647
1611030 646
1611040 646
1611050 645
1611060 645
1611070 644
1611080 643
1611090 643
1611100 642
1611110 641
1611120 641
1611130 640
1611140 639
1611150 639
1611160 638
1611170 637
1611180 637
1611190 636
1611200 635
1611210 635
1611220 634
1611230 633
1611240 633
1611250 633
1611260 632
1611270 632
1611280 632
1611290 631
1611300 631
1611310 631
1611320 630
1611330 630
1611340 630
1611350 630
1611360 630
1611370 629
1611380 629
1611390 629
1611400 629
1611410 628
1611420 628
1611430 628
1611440 628
1611450 628
1611460 628
1611470 628
1611480 628
1611490 629
1611500 631
1611510 631
1611520 632
1611530 633
1611540 633
1611550 633
1611560 632
1611570 632
1611580 630
1611590 628
1611600 628
1611610 627
1611620 627
1611630 627
1611640 626
1611650 625
1611660 625
1611670 624
1611680 623
1611690 623
1611700 623
1611710 622
1611720 622
1611730 621
1611740 620
1611750 620
1611760 619
1611770 618
1611780 618
1611790 617
1611800 616
1611810 616
1611820 614
1611830 613
1611840 613
1611850 612
1611860 610
1611870 610
1611880 609
1611890 608
1611900 608
1611910 607
1611920 607
1611930 607
1611940 606
1611950 606
1611960 606
1611970 606
1611980 606
1611990 606
1612000 607
1612010 607
1612020 607
1612030 607
1612040 607
1612050 607
1612060 607
1612070 607
1612080 607
1612090 608
1612100 608
1612110 608
1612120 608
1612130 609
1612140 609
1612150 609
1612160 609
1612170 609
1612180 609
1612190 610
1612200 610
1612210 610
1612220 611
1612230 611
1612240 611
1612250 610
1612260 610
1612270 610
1612280 609
1612290 609
1612300 609
1612310 609
1612320 609
1612330 608
1612340 608
1612350 608
1612360 607
1612370 607
1612380 607
1612390 606
1612400 606
1612410 606
1612420 605
1612430 605
1612440 605
1612450 604
1612460 604
1612470 603
1612480 602
1612490 602
1612500 601
1612510 600
1612520 600
1612530 598
1612540 596
1612550 596
1612560 594
1612570 592
1612580 592
1612590 587
1612600 580
1612610 580
1612620 575
1612630 572
1612640 572
1612650 569
1612660 567
1612670 567
1612680 564
1612690 561
1612700 561
1612710 557
1612720 553
1612730 553
1612740 550
1612750 548
1612760 548
1612770 546
1612780 544
1612790 544
1612800 541
1612810 539
1612820 539
1612830 537
1612840 536
1612850 536
1612860 535
1612870 533
1612880 533
1612890 532
1612900 531
1612910 531
1612920 531
1612930 532
1612940 532
1612950 533
1612960 533
1612970 533
1612980 533
1612990 533
1613000 533
1613010 532
1613020 532
1613030 532
1613040 532
1613050 531
1613060 531
1613070 530
1613080 529
1613090 529
1613100 528
1613110 527
1613120 527
1613130 527
1613140 526
1613150 526
1613160 526
1613170 525
1613180 525
1613190 524
1613200 523
1613210 523
1613220 523
1613230 522
1613240 522
1613250 522
1613260 521
1613270 521
1613280 521
1613290 520
1613300 520
1613310 520
1613320 519
1613330 519
1613340 519
1613350 518
1613360 518
1613370 518
1613380 517
1613390 517
1613400 516
1613410 516
1613420 516
1613430 515
1613440 515
1613450 515
1613460 515
1613470 515
1613480 515
1613490 515
1613500 515
1613510 515
1613520 514
1613530 514
1613540 514
1613550 514
1613560 514
1613570 514
1613580 513
1613590 513
1613600 513
1613610 513
1613620 513
1613630 513
1613640 512
1613650 512
1613660 512
1613670 511
1613680 511
1613690 511
1613700 512
1613710 512
1613720 512
1613730 514
1613740 514
1613750 515
1613760 515
1613770 515
1613780 516
1613790 516
1613800 516
1613810 517
1613820 517
1613830 517
1613840 518
1613850 518
1613860 518
1613870 519
1613880 518
1613890 518
1613900 518
1613910 517
1613920 517
1613930 517
1613940 518
1613950 518
1613960 518
1613970 518
1613980 518
1613990 518
1614000 518
1614010 518
1614020 519
1614030 519
1614040 519
1614050 520
1614060 521
1614070 521
1614080 521
1614090 522
1614100 522
1614110 523
1614120 523
1614130 523
1614140 524
1614150 525
1614160 525
1614170 526
1614180 526
1614190 526
1614200 527
1614210 528
1614220 528
1614230 527
1614240 527
1614250 527
1614260 528
1614270 528
1614280 528
1614290 528
1614300 529
1614310 529
1614320 530
1614330 530
1614340 530
1614350 529
1614360 529
1614370 529
1614380 530
1614390 529
1614400 529
1614410 530
1614420 530
1614430 530
1614440 529
1614450 529
1614460 529
1614470 529
1614480 529
1614490 529
1614500 529
1614510 529
1614520 529
1614530 529
1614540 529
1614550 529
1614560 528
1614570 529
1614580 529
1614590 528
1614600 528
1614610 528
1614620 528
1614630 528
1614640 528
1614650 527
1614660 526
1614670 526
1614680 526
1614690 526
1614700 526
1614710 526
1614720 525
1614730 525
1614740 525
1614750 525
1614760 525
1614770 525
1614780 525
1614790 525
1614800 525
1614810 525
1614820 525
1614830 525
1614840 525
1614850 525
1614860 525
1614870 525
1614880 525
1614890 525
1614900 525
1614910 525
1614920 525
1614930 525
1614940 525
1614950 525
1614960 525
1614970 525
1614980 526
1614990 526
1615000 526
1615010 526
1615020 526
1615030 526
1615040 526
1615050 526
1615060 526
1615070 526
1615080 526
1615090 526
1615100 526
1615110 526
1615120 527
1615130 527
1615140 527
1615150 527
1615160 527
1615170 527
1615180 527
1615190 528
1615200 528
1615210 528
1615220 528
1615230 528
1615240 527
1615250 527
1615260 527
1615270 527
1615280 527
1615290 527
1615300 527
1615310 526
1615320 526
1615330 526
1615340 526
1615350 526
1615360 525
1615370 525
1615380 525
1615390 524
1615400 524
1615410 524
1615420 524
1615430 523
1615440 523
1615450 523
1615460 522
1615470 522
1615480 521
1615490 520
1615500 520
1615510 519
1615520 518
1615530 518
1615540 516
1615550 514
1615560 514
1615570 511
1615580 508
1615590 508
1615600 504
1615610 500
1615620 500
1615630 495
1615640 489
1615650 489
1615660 484
1615670 483
1615680 483
1615690 483
1615700 482
1615710 482
1615720 482
1615730 481
1615740 481
1615750 482
1615760 482
1615770 482
1615780 482
1615790 482
1615800 482
1615810 482
1615820 482
1615830 482
1615840 482
1615850 481
1615860 481
1615870 481
1615880 481
1615890 481
1615900 481
1615910 481
1615920 481
1615930 482
1615940 482
1615950 482
1615960 482
1615970 483
1615980 483
1615990 485
1616000 489
1616010 489
1616020 493
1616030 497
1616040 497
1616050 499
1616060 503
1616070 503
1616080 506
1616090 511
1616100 511
1616110 514
1616120 515
1616130 515
1616140 517
1616150 518
1616160 518
1616170 520
1616180 521
1616190 521
1616200 523
1616210 523
1616220 525
1616230 526
1616240 526
1616250 528
1616260 529
1616270 529
1616280 531
1616290 532
1616300 532
1616310 535
1616320 536
1616330 536
1616340 539
1616350 542
1616360 542
1616370 545
1616380 547
1616390 547
1616400 549
1616410 551
1616420 551
1616430 552
1616440 552
1616450 552
1616460 553
1616470 552
1616480 552
1616490 549
1616500 544
1616510 544
1616520 537
1616530 533
1616540 533
1616550 532
1616560 532
1616570 532
1616580 532
1616590 532
1616600 532
1616610 533
1616620 536
1616630 536
1616640 538
1616650 540
1616660 540
1616670 541
1616680 542
1616690 542
1616700 543
1616710 543
1616720 543
1616730 544
1616740 544
1616750 544
1616760 544
1616770 545
1616780 545
1616790 545
1616800 545
1616810 545
1616820 544
1616830 542
1616840 542
1616850 540
1616860 537
1616870 537
1616880 537
1616890 537
1616900 537
1616910 537
1616920 537
1616930 537
1616940 538
1616950 539
1616960 539
1616970 540
1616980 541
1616990 541
1617000 542
1617010 543
1617020 543
1617030 544
1617040 544
1617050 544
1617060 546
1617070 547
1617080 547
1617090 547
1617100 548
1617110 548
1617120 548
1617130 549
1617140 549
1617150 549
1617160 550
1617170 550
1617180 550
1617190 551
1617200 551
1617210 552
1617220 553
1617230 553
1617240 554
1617250 555
1617260 555
1617270 556
1617280 558
1617290 558
1617300 559
1617310 560
1617320 560
1617330 561
1617340 561
1617350 561
1617360 562
1617370 562
1617380 562
1617390 563
1617400 564
1617410 564
1617420 565
1617430 566
1617440 566
1617450 567
1617460 568
1617470 568
1617480 569
1617490 569
1617500 570
1617510 572
1617520 572
1617530 573
1617540 574
1617550 574
1617560 574
1617570 575
1617580 575
1617590 577
1617600 578
1617610 578
1617620 578
1617630 579
1617640 579
1617650 580
1617660 580
1617670 580
1617680 581
1617690 582
1617700 582
1617710 582
1617720 582
1617730 582
1617740 583
1617750 583
1617760 583
1617770 583
1617780 584
1617790 584
1617800 584
1617810 585
1617820 585
1617830 585
1617840 584
1617850 584
1617860 584
1617870 584
1617880 584
1617890 584
1617900 584
1617910 584
1617920 584
1617930 584
1617940 584
1617950 583
1617960 583
1617970 583
1617980 583
1617990 583
1618000 583
1618010 582
1618020 582
1618030 582
1618040 581
1618050 581
1618060 581
1618070 581
1618080 580
1618090 580
1618100 580
1618110 579
1618120 579
1618130 579
1618140 578
1618150 578
1618160 577
1618170 576
1618180 576
1618190 576
1618200 575
1618210 575
1618220 575
1618230 575
1618240 575
1618250 576
1618260 576
1618270 576
1618280 575
1618290 575
1618300 575
1618310 575
1618320 575
1618330 575
1618340 575
1618350 575
1618360 575
1618370 576
1618380 576
1618390 576
1618400 576
1618410 576
1618420 576
1618430 577
1618440 576
1618450 576
1618460 576
1618470 576
1618480 576
1618490 576
1618500 576
1618510 576
1618520 576
1618530 575
1618540 575
1618550 575
1618560 575
1618570 575
1618580 575
1618590 574
1618600 574
1618610 574
1618620 574
1618630 574
1618640 574
1618650 574
1618660 574
1618670 574
1618680 574
1618690 574
1618700 574
1618710 574
1618720 574
1618730 574
1618740 574
1618750 574
1618760 574
1618770 574
1618780 574
1618790 574
1618800 574
1618810 574
1618820 574
1618830 574
1618840 574
1618850 575
1618860 575
1618870 574
1618880 573
1618890 573
1618900 569
1618910 566
1618920 566
1618930 564
1618940 563
1618950 563
1618960 563
1618970 563
1618980 563
1618990 564
1619000 564
1619010 564
1619020 564
1619030 563
1619040 563
1619050 564
1619060 566
1619070 566
1619080 569
1619090 571
1619100 571
1619110 573
1619120 576
1619130 577
1619140 580
1619150 583
1619160 583
1619170 588
1619180 590
1619190 590
1619200 594
1619210 597
1619220 597
1619230 601
1619240 604
1619250 604
1619260 608
1619270 609
1619280 609
1619290 609
1619300 608
1619310 608
1619320 608
1619330 607
1619340 607
1619350 607
1619360 607
1619370 607
1619380 606
1619390 606
1619400 606
1619410 605
1619420 605
1619430 605
1619440 604
1619450 604
1619460 604
1619470 603
1619480 603
1619490 603
1619500 602
1619510 602
1619520 602
1619530 601
1619540 601
1619550 601
1619560 601
1619570 600
1619580 600
1619590 600
1619600 600
1619610 600
1619620 600
1619630 600
1619640 600
1619650 600
1619660 600
1619670 600
1619680 600
1619690 601
1619700 601
1619710 601
1619720 600
1619730 600
1619740 600
1619750 599
1619760 599
1619770 599
1619780 598
1619790 598
1619800 598
1619810 597
1619820 597
1619830 597
1619840 597
1619850 597
1619860 597
1619870 597
1619880 597
1619890 596
1619900 596
1619910 596
1619920 595
1619930 594
1619940 594
1619950 594
1619960 593
1619970 593
1619980 593
1619990 593
