1600000 794
1600010 794
1600020 794
1600030 794
1600040 794
1600050 794
1600060 794
1600070 793
1600080 793
1600090 793
1600100 793
1600110 793
1600120 792
1600130 792
1600140 792
1600150 792
1600160 792
1600170 792
1600180 791
1600190 791
1600200 791
1600210 790
1600220 790
1600230 790
1600240 789
1600250 788
1600260 788
1600270 787
1600280 787
1600290 787
1600300 788
1600310 789
1600320 789
1600330 790
1600340 790
1600350 790
1600360 790
1600370 791
1600380 791
1600390 792
1600400 793
1600410 793
1600420 794
1600430 795
1600440 795
1600450 796
1600460 797
1600470 797
1600480 798
1600490 798
1600500 798
1600510 799
1600520 800
1600530 800
1600540 801
1600550 802
1600560 802
1600570 803
1600580 804
1600590 804
1600600 806
1600610 806
1600620 807
1600630 809
1600640 809
1600650 810
1600660 811
1600670 811
1600680 813
1600690 815
1600700 815
1600710 818
1600720 821
1600730 821
1600740 823
1600750 824
1600760 824
1600770 827
1600780 829
1600790 829
1600800 832
1600810 834
1600820 834
1600830 835
1600840 836
1600850 836
1600860 837
1600870 838
1600880 838
1600890 840
1600900 842
1600910 842
1600920 845
1600930 846
1600940 846
1600950 847
1600960 848
1600970 848
1600980 848
1600990 847
1601000 847
1601010 846
1601020 845
1601030 845
1601040 845
1601050 844
1601060 844
1601070 843
1601080 842
1601090 842
1601100 840
1601110 838
1601120 838
1601130 836
1601140 834
1601150 834
1601160 832
1601170 831
1601180 831
1601190 829
1601200 829
1601210 829
1601220 828
1601230 827
1601240 827
1601250 827
1601260 826
1601270 826
1601280 826
1601290 826
1601300 826
1601310 826
1601320 825
1601330 825
1601340 825
1601350 825
1601360 825
1601370 825
1601380 825
1601390 825
1601400 825
1601410 825
1601420 825
1601430 824
1601440 824
1601450 824
1601460 825
1601470 825
1601480 825
1601490 825
1601500 825
1601510 825
1601520 825
1601530 826
1601540 826
1601550 826
1601560 826
1601570 826
1601580 826
1601590 827
1601600 827
1601610 827
1601620 828
1601630 828
1601640 829
1601650 830
1601660 830
1601670 830
1601680 831
1601690 831
1601700 832
1601710 832
1601720 832
1601730 833
1601740 834
1601750 834
1601760 835
1601770 835
1601780 835
1601790 836
1601800 837
1601810 837
1601820 837
1601830 837
1601840 838
1601850 839
1601860 839
1601870 840
1601880 840
1601890 840
1601900 841
1601910 841
1601920 841
1601930 842
1601940 842
1601950 842
1601960 843
1601970 844
1601980 844
1601990 844
1602000 844
1602010 844
1602020 844
1602030 844
1602040 844
1602050 844
1602060 843
1602070 843
1602080 843
1602090 843
1602100 843
1602110 843
1602120 842
1602130 842
1602140 842
1602150 842
1602160 842
1602170 843
1602180 843
1602190 843
1602200 843
1602210 843
1602220 843
1602230 843
1602240 843
1602250 843
1602260 843
1602270 843
1602280 843
1602290 843
1602300 843
1602310 843
1602320 843
1602330 843
1602340 843
1602350 842
1602360 841
1602370 841
1602380 840
1602390 840
1602400 840
1602410 839
1602420 838
1602430 838
1602440 838
1602450 837
1602460 837
1602470 837
1602480 837
1602490 837
1602500 836
1602510 835
1602520 835
1602530 835
1602540 834
1602550 834
1602560 833
1602570 832
1602580 832
1602590 831
1602600 830
1602610 830
1602620 830
1602630 830
1602640 830
1602650 829
1602660 829
1602670 829
1602680 828
1602690 828
1602700 828
1602710 827
1602720 827
1602730 827
1602740 826
1602750 825
1602760 825
1602770 824
1602780 822
1602790 822
1602800 821
1602810 820
1602820 820
1602830 819
1602840 819
1602850 819
1602860 820
1602870 820
1602880 820
1602890 820
1602900 821
1602910 821
1602920 822
1602930 823
1602940 823
1602950 824
1602960 825
1602970 825
1602980 827
1602990 827
1603000 827
1603010 828
1603020 827
1603030 827
1603040 826
1603050 826
1603060 825
1603070 824
1603080 824
1603090 822
1603100 821
1603110 821
1603120 819
1603130 818
1603140 818
1603150 816
1603160 814
1603170 814
1603180 812
1603190 810
1603200 810
1603210 808
1603220 806
1603230 806
1603240 805
1603250 803
1603260 803
1603270 802
1603280 801
1603290 801
1603300 800
1603310 798
1603320 798
1603330 797
1603340 796
1603350 796
1603360 794
1603370 793
1603380 793
1603390 791
1603400 790
1603410 790
1603420 789
1603430 787
1603440 787
1603450 786
1603460 785
1603470 785
1603480 783
1603490 782
1603500 782
1603510 780
1603520 779
1603530 779
1603540 778
1603550 776
1603560 776
1603570 775
1603580 774
1603590 774
1603600 773
1603610 772
1603620 772
1603630 773
1603640 772
1603650 772
1603660 771
1603670 771
1603680 771
1603690 771
1603700 771
1603710 771
1603720 771
1603730 771
1603740 771
1603750 771
1603760 771
1603770 771
1603780 770
1603790 770
1603800 770
1603810 770
1603820 770
1603830 770
1603840 770
1603850 770
1603860 770
1603870 769
1603880 768
1603890 768
1603900 767
1603910 766
1603920 766
1603930 765
1603940 764
1603950 764
1603960 763
1603970 762
1603980 762
1603990 761
1604000 760
1604010 760
1604020 759
1604030 758
1604040 758
1604050 758
1604060 757
1604070 757
1604080 756
1604090 754
1604100 754
1604110 753
1604120 750
1604130 750
1604140 748
1604150 744
1604160 744
1604170 742
1604180 740
1604190 740
1604200 737
1604210 735
1604220 735
1604230 731
1604240 731
1604250 728
1604260 724
1604270 724
1604280 719
1604290 715
1604300 715
1604310 711
1604320 708
1604330 708
1604340 706
1604350 705
1604360 705
1604370 703
1604380 700
1604390 700
1604400 698
1604410 695
1604420 695
1604430 693
1604440 690
1604450 690
1604460 687
1604470 682
1604480 682
1604490 678
1604500 673
1604510 673
1604520 669
1604530 666
1604540 666
1604550 663
1604560 660
1604570 660
1604580 657
1604590 654
1604600 654
1604610 651
1604620 649
1604630 649
1604640 647
1604650 644
1604660 644
1604670 642
1604680 640
1604690 640
1604700 638
1604710 635
1604720 635
1604730 633
1604740 631
1604750 631
1604760 629
1604770 627
1604780 627
1604790 625
1604800 623
1604810 623
1604820 621
1604830 619
1604840 619
1604850 617
1604860 614
1604870 614
1604880 612
1604890 609
1604900 609
1604910 607
1604920 605
1604930 605
1604940 604
1604950 603
1604960 603
1604970 602
1604980 601
1604990 601
1605000 601
1605010 602
1605020 602
1605030 602
1605040 605
1605050 605
1605060 609
1605070 612
1605080 612
1605090 616
1605100 620
1605110 620
1605120 626
1605130 629
1605140 629
1605150 632
1605160 636
1605170 636
1605180 640
1605190 643
1605200 643
1605210 646
1605220 649
1605230 649
1605240 655
1605250 657
1605260 657
1605270 660
1605280 664
1605290 664
1605300 668
1605310 672
1605320 672
1605330 674
1605340 675
1605350 675
1605360 677
1605370 679
1605380 679
1605390 681
1605400 684
1605410 684
1605420 686
1605430 689
1605440 689
1605450 691
1605460 691
1605470 694
1605480 696
1605490 696
1605500 698
1605510 701
1605520 701
1605530 704
1605540 707
1605550 707
1605560 711
1605570 713
1605580 713
1605590 716
1605600 719
1605610 719
1605620 722
1605630 724
1605640 724
1605650 727
1605660 729
1605670 729
1605680 731
1605690 732
1605700 732
1605710 733
1605720 734
1605730 734
1605740 735
1605750 734
1605760 734
1605770 734
1605780 733
1605790 733
1605800 732
1605810 730
1605820 730
1605830 728
1605840 725
1605850 725
1605860 722
1605870 720
1605880 720
1605890 718
1605900 715
1605910 715
1605920 713
1605930 711
1605940 711
1605950 709
1605960 707
1605970 707
1605980 705
1605990 703
1606000 703
1606010 701
1606020 699
1606030 699
1606040 697
1606050 695
1606060 695
1606070 694
1606080 692
1606090 692
1606100 690
1606110 688
1606120 688
1606130 686
1606140 684
1606150 684
1606160 683
1606170 683
1606180 683
1606190 681
1606200 680
1606210 680
1606220 679
1606230 677
1606240 677
1606250 677
1606260 675
1606270 675
1606280 674
1606290 673
1606300 673
1606310 672
1606320 671
1606330 671
1606340 670
1606350 669
1606360 669
1606370 668
1606380 667
1606390 667
1606400 666
1606410 665
1606420 665
1606430 664
1606440 663
1606450 663
1606460 662
1606470 661
1606480 661
1606490 660
1606500 659
1606510 659
1606520 658
1606530 657
1606540 657
1606550 656
1606560 655
1606570 655
1606580 654
1606590 654
1606600 654
1606610 653
1606620 652
1606630 652
1606640 651
1606650 651
1606660 650
1606670 649
1606680 649
1606690 649
1606700 648
1606710 648
1606720 648
1606730 648
1606740 648
1606750 648
1606760 648
1606770 648
1606780 648
1606790 648
1606800 648
1606810 648
1606820 648
1606830 648
1606840 648
1606850 648
1606860 648
1606870 648
1606880 648
1606890 648
1606900 648
1606910 648
1606920 648
1606930 648
1606940 648
1606950 648
1606960 648
1606970 648
1606980 648
1606990 648
1607000 648
1607010 648
1607020 649
1607030 649
1607040 649
1607050 648
1607060 648
1607070 648
1607080 648
1607090 648
1607100 648
1607110 648
1607120 648
1607130 648
1607140 648
1607150 647
1607160 647
1607170 647
1607180 647
1607190 647
1607200 647
1607210 647
1607220 647
1607230 647
1607240 647
1607250 647
1607260 647
1607270 647
1607280 647
1607290 647
1607300 647
1607310 647
1607320 647
1607330 647
1607340 647
1607350 647
1607360 647
1607370 647
1607380 645
1607390 645
1607400 645
1607410 645
1607420 646
1607430 646
1607440 646
1607450 647
1607460 647
1607470 647
1607480 648
1607490 648
1607500 649
1607510 649
1607520 649
1607530 650
1607540 650
1607550 650
1607560 650
1607570 651
1607580 651
1607590 652
1607600 653
1607610 653
1607620 655
1607630 656
1607640 656
1607650 657
1607660 659
1607670 659
1607680 661
1607690 663
1607700 663
1607710 666
1607720 668
1607730 668
1607740 671
1607750 674
1607760 674
1607770 678
1607780 682
1607790 682
1607800 683
1607810 682
1607820 682
1607830 678
1607840 674
1607850 674
1607860 669
1607870 669
1607880 665
1607890 659
1607900 659
1607910 654
1607920 649
1607930 649
1607940 643
1607950 639
1607960 639
1607970 634
1607980 630
1607990 630
1608000 625
1608010 621
1608020 621
1608030 618
1608040 616
1608050 616
1608060 613
1608070 610
1608080 610
1608090 608
1608100 606
1608110 606
1608120 604
1608130 603
1608140 603
1608150 601
1608160 600
1608170 600
1608180 599
1608190 598
1608200 598
1608210 597
1608220 597
1608230 597
1608240 597
1608250 596
1608260 596
1608270 597
1608280 600
1608290 600
1608300 605
1608310 610
1608320 610
1608330 615
1608340 619
1608350 619
1608360 622
1608370 624
1608380 624
1608390 625
1608400 626
1608410 626
1608420 626
1608430 626
1608440 628
1608450 627
1608460 626
1608470 626
1608480 625
1608490 625
1608500 625
1608510 624
1608520 624
1608530 624
1608540 624
1608550 624
1608560 624
1608570 623
1608580 623
1608590 623
1608600 624
1608610 624
1608620 624
1608630 625
1608640 626
1608650 626
1608660 628
1608670 630
1608680 630
1608690 630
1608700 631
1608710 631
1608720 631
1608730 631
1608740 631
1608750 630
1608760 630
1608770 630
1608780 629
1608790 629
1608800 629
1608810 629
1608820 628
1608830 628
1608840 628
1608850 628
1608860 628
1608870 629
1608880 629
1608890 629
1608900 629
1608910 630
1608920 630
1608930 630
1608940 630
1608950 630
1608960 631
1608970 631
1608980 631
1608990 632
1609000 632
1609010 632
1609020 633
1609030 633
1609040 633
1609050 633
1609060 633
1609070 634
1609080 634
1609090 634
1609100 635
1609110 635
1609120 635
1609130 635
1609140 636
1609150 636
1609160 636
1609170 636
1609180 636
1609190 636
1609200 637
1609210 637
1609220 638
1609230 639
1609240 639
1609250 639
1609260 640
1609270 640
1609280 641
1609290 642
1609300 642
1609310 642
1609320 643
1609330 643
1609340 644
1609350 645
1609360 645
1609370 646
1609380 648
1609390 648
1609400 650
1609410 651
1609420 651
1609430 653
1609440 654
1609450 654
1609460 655
1609470 656
1609480 656
1609490 657
1609500 658
1609510 658
1609520 659
1609530 659
1609540 659
1609550 660
1609560 661
1609570 661
1609580 662
1609590 663
1609600 663
1609610 665
1609620 666
1609630 666
1609640 667
1609650 667
1609660 667
1609670 668
1609680 669
1609690 669
1609700 670
1609710 670
1609720 670
1609730 671
1609740 672
1609750 672
1609760 672
1609770 673
1609780 673
1609790 673
1609800 674
1609810 674
1609820 674
1609830 675
1609840 675
1609850 675
1609860 675
1609870 675
1609880 675
1609890 676
1609900 676
1609910 676
1609920 675
1609930 675
1609940 675
1609950 675
1609960 675
1609970 674
1609980 674
1609990 674
1610000 674
1610010 674
1610020 674
1610030 674
1610040 674
1610050 674
1610060 674
1610070 674
1610080 674
1610090 673
1610100 673
1610110 673
1610120 673
1610130 673
1610140 673
1610150 672
1610160 672
1610170 672
1610180 671
1610190 671
1610200 671
1610210 670
1610220 670
1610230 670
1610240 670
1610250 669
1610260 669
1610270 669
1610280 669
1610290 669
1610300 668
1610310 668
1610320 668
1610330 668
1610340 668
1610350 668
1610360 667
1610370 667
1610380 667
1610390 667
1610400 667
1610410 667
1610420 666
1610430 666
1610440 666
1610450 665
1610460 665
1610470 665
1610480 665
1610490 665
1610500 664
1610510 664
1610520 664
1610530 664
1610540 663
1610550 663
1610560 662
1610570 662
1610580 662
1610590 661
1610600 660
1610610 660
1610620 659
1610630 659
1610640 659
1610650 658
1610660 657
1610670 657
1610680 656
1610690 656
1610700 656
1610710 655
1610720 654
1610730 654
1610740 653
1610750 652
1610760 652
1610770 652
1610780 651
1610790 651
1610800 650
1610810 649
1610820 649
1610830 649
1610840 648
1610850 648
1610860 648
1610870 647
1610880 647
1610890 646
1610900 645
1610910 645
1610920 644
1610930 643
1610940 643
1610950 643
1610960 642
1610970 642
1610980 641
1610990 640
1611000 640
1611010 640
1611020 639
1611030 639
1611040 637
1611050 635
1611060 635
1611070 635
1611080 635
1611090 635
1611100 635
1611110 634
1611120 634
1611130 634
1611140 633
1611150 633
1611160 632
1611170 631
1611180 631
1611190 630
1611200 628
1611210 628
1611220 627
1611230 626
1611240 626
1611250 625
1611260 624
1611270 624
1611280 624
1611290 623
1611300 623
1611310 622
1611320 621
1611330 621
1611340 620
1611350 620
1611360 620
1611370 619
1611380 618
1611390 618
1611400 618
1611410 617
1611420 617
1611430 617
1611440 617
1611450 617
1611460 616
1611470 616
1611480 616
1611490 616
1611500 616
1611510 616
1611520 616
1611530 616
1611540 615
1611550 615
1611560 613
1611570 613
1611580 612
1611590 612
1611600 612
1611610 611
1611620 611
1611630 611
1611640 610
1611650 610
1611660 609
1611670 608
1611680 608
1611690 608
1611700 607
1611710 607
1611720 606
1611730 605
1611740 605
1611750 604
1611760 603
1611770 603
1611780 602
1611790 601
1611800 601
1611810 600
1611820 598
1611830 598
1611840 597
1611850 596
1611860 596
1611870 594
1611880 593
1611890 593
1611900 592
1611910 591
1611920 591
1611930 589
1611940 588
1611950 588
1611960 587
1611970 586
1611980 586
1611990 585
1612000 584
1612010 584
1612020 583
1612030 582
1612040 582
1612050 581
1612060 580
1612070 580
1612080 579
1612090 578
1612100 578
1612110 577
1612120 576
1612130 576
1612140 575
1612150 574
1612160 574
1612170 573
1612180 572
1612190 572
1612200 571
1612210 570
1612220 570
1612230 569
1612240 568
1612250 568
1612260 567
1612270 566
1612280 566
1612290 565
1612300 564
1612310 564
1612320 563
1612330 562
1612340 562
1612350 561
1612360 561
1612370 561
1612380 560
1612390 560
1612400 560
1612410 559
1612420 559
1612430 559
1612440 558
1612450 558
1612460 558
1612470 558
1612480 557
1612490 557
1612500 557
1612510 556
1612520 556
1612530 556
1612540 556
1612550 556
1612560 555
1612570 555
1612580 554
1612590 554
1612600 555
1612610 555
1612620 554
1612630 555
1612640 555
1612650 553
1612660 547
1612670 547
1612680 541
1612690 541
1612700 542
1612710 548
1612720 548
1612730 552
1612740 553
1612750 553
1612760 553
1612770 553
1612780 553
1612790 553
1612800 553
1612810 553
1612820 553
1612830 553
1612840 553
1612850 553
1612860 553
1612870 553
1612880 553
1612890 553
1612900 553
1612910 553
1612920 553
1612930 553
1612940 553
1612950 553
1612960 553
1612970 553
1612980 552
1612990 552
1613000 552
1613010 552
1613020 552
1613030 552
1613040 552
1613050 552
1613060 552
1613070 552
1613080 552
1613090 552
1613100 552
1613110 552
1613120 553
1613130 552
1613140 552
1613150 552
1613160 552
1613170 552
1613180 552
1613190 552
1613200 552
1613210 552
1613220 552
1613230 552
1613240 552
1613250 552
1613260 552
1613270 552
1613280 552
1613290 552
1613300 552
1613310 553
1613320 553
1613330 553
1613340 553
1613350 553
1613360 553
1613370 553
1613380 553
1613390 553
1613400 554
1613410 554
1613420 554
1613430 554
1613440 554
1613450 554
1613460 554
1613470 554
1613480 554
1613490 554
1613500 554
1613510 553
1613520 553
1613530 553
1613540 553
1613550 553
1613560 553
1613570 553
1613580 553
1613590 552
1613600 552
1613610 551
1613620 551
1613630 551
1613640 551
1613650 551
1613660 551
1613670 550
1613680 550
1613690 549
1613700 549
1613710 549
1613720 549
1613730 549
1613740 549
1613750 549
1613760 548
1613770 548
1613780 548
1613790 548
1613800 548
1613810 548
1613820 547
1613830 547
1613840 547
1613850 547
1613860 547
1613870 547
1613880 547
1613890 546
1613900 546
1613910 546
1613920 546
1613930 546
1613940 546
1613950 545
1613960 545
1613970 545
1613980 545
1613990 544
1614000 544
1614010 544
1614020 543
1614030 543
1614040 543
1614050 542
1614060 542
1614070 542
1614080 542
1614090 542
1614100 541
1614110 541
1614120 541
1614130 540
1614140 540
1614150 540
1614160 540
1614170 539
1614180 539
1614190 539
1614200 539
1614210 539
1614220 538
1614230 538
1614240 538
1614250 537
1614260 537
1614270 537
1614280 536
1614290 534
1614300 534
1614310 532
1614320 529
1614330 529
1614340 529
1614350 529
1614360 529
1614370 529
1614380 529
1614390 529
1614400 529
1614410 529
1614420 529
1614430 529
1614440 530
1614450 530
1614460 530
1614470 531
1614480 531
1614490 531
1614500 531
1614510 531
1614520 531
1614530 531
1614540 531
1614550 530
1614560 530
1614570 530
1614580 528
1614590 525
1614600 522
1614610 516
1614620 514
1614630 514
1614640 515
1614650 515
1614660 515
1614670 514
1614680 514
1614690 514
1614700 514
1614710 514
1614720 514
1614730 515
1614740 515
1614750 515
1614760 515
1614770 515
1614780 515
1614790 515
1614800 515
1614810 515
1614820 515
1614830 515
1614840 515
1614850 515
1614860 515
1614870 515
1614880 516
1614890 516
1614900 516
1614910 516
1614920 517
1614930 517
1614940 517
1614950 517
1614960 517
1614970 517
1614980 518
1614990 518
1615000 519
1615010 521
1615020 521
1615030 522
1615040 523
1615050 523
1615060 525
1615070 527
1615080 527
1615090 529
1615100 529
1615110 531
1615120 533
1615130 533
1615140 535
1615150 536
1615160 536
1615170 536
1615180 536
1615190 536
1615200 537
1615210 537
1615220 537
1615230 538
1615240 539
1615250 539
1615260 540
1615270 541
1615280 541
1615290 542
1615300 543
1615310 543
1615320 543
1615330 543
1615340 543
1615350 543
1615360 543
1615370 543
1615380 543
1615390 543
1615400 543
1615410 544
1615420 544
1615430 544
1615440 545
1615450 545
1615460 545
1615470 546
1615480 547
1615490 547
1615500 548
1615510 549
1615520 549
1615530 551
1615540 552
1615550 552
1615560 553
1615570 554
1615580 554
1615590 555
1615600 557
1615610 557
1615620 558
1615630 558
1615640 558
1615650 558
1615660 559
1615670 559
1615680 560
1615690 561
1615700 561
1615710 561
1615720 561
1615730 561
1615740 562
1615750 563
1615760 563
1615770 565
1615780 565
1615790 565
1615800 566
1615810 567
1615820 567
1615830 568
1615840 568
1615850 568
1615860 569
1615870 569
1615880 569
1615890 569
1615900 569
1615910 569
1615920 569
1615930 569
1615940 569
1615950 569
1615960 569
1615970 569
1615980 570
1615990 570
1616000 570
1616010 570
1616020 571
1616030 571
1616040 571
1616050 571
1616060 571
1616070 572
1616080 572
1616090 572
1616100 573
1616110 573
1616120 573
1616130 574
1616140 574
1616150 574
1616160 574
1616170 575
1616180 575
1616190 575
1616200 575
1616210 575
1616220 575
1616230 574
1616240 574
1616250 574
1616260 573
1616270 573
1616280 572
1616290 572
1616300 570
1616310 570
1616320 570
1616330 570
1616340 571
1616350 571
1616360 572
1616370 573
1616380 573
1616390 574
1616400 575
1616410 575
1616420 576
1616430 578
1616440 578
1616450 579
1616460 581
1616470 581
1616480 582
1616490 584
1616500 584
1616510 585
1616520 587
1616530 587
1616540 588
1616550 589
1616560 589
1616570 591
1616580 593
1616590 593
1616600 595
1616610 597
1616620 597
1616630 600
1616640 603
1616650 603
1616660 605
1616670 608
1616680 608
1616690 610
1616700 613
1616710 613
1616720 616
1616730 619
1616740 619
1616750 622
1616760 626
1616770 626
1616780 629
1616790 632
1616800 632
1616810 635
1616820 637
1616830 637
1616840 640
1616850 642
1616860 642
1616870 644
1616880 646
1616890 646
1616900 648
1616910 650
1616920 650
1616930 652
1616940 654
1616950 654
1616960 657
1616970 659
1616980 659
1616990 662
1617000 665
1617010 665
1617020 666
1617030 669
1617040 669
1617050 671
1617060 674
1617070 674
1617080 677
1617090 679
1617100 679
1617110 680
1617120 681
1617130 681
1617140 681
1617150 681
1617160 681
1617170 680
1617180 679
1617190 679
1617200 678
1617210 676
1617220 676
1617230 675
1617240 674
1617250 674
1617260 673
1617270 673
1617280 673
1617290 673
1617300 674
1617310 674
1617320 674
1617330 675
1617340 675
1617350 676
1617360 677
1617370 677
1617380 678
1617390 679
1617400 679
1617410 680
1617420 681
1617430 681
1617440 682
1617450 682
1617460 682
1617470 683
1617480 683
1617490 683
1617500 682
1617510 682
1617520 682
1617530 681
1617540 681
1617550 680
1617560 678
1617570 682
1617580 679
1617590 676
1617600 676
1617610 674
1617620 673
1617630 673
1617640 675
1617650 678
1617660 678
1617670 680
1617680 682
1617690 682
1617700 684
1617710 686
1617720 686
1617730 688
1617740 689
1617750 689
1617760 690
1617770 691
1617780 691
1617790 692
1617800 693
1617810 693
1617820 695
1617830 697
1617840 697
1617850 698
1617860 700
1617870 700
1617880 702
1617890 703
1617900 703
1617910 705
1617920 706
1617930 706
1617940 708
1617950 709
1617960 709
1617970 711
1617980 712
1617990 712
1618000 713
1618010 714
1618020 714
1618030 714
1618040 715
1618050 715
1618060 716
1618070 716
1618080 716
1618090 716
1618100 716
1618110 716
1618120 716
1618130 715
1618140 715
1618150 714
1618160 713
1618170 713
1618180 711
1618190 710
1618200 710
1618210 709
1618220 707
1618230 707
1618240 705
1618250 704
1618260 704
1618270 702
1618280 699
1618290 699
1618300 696
1618310 693
1618320 693
1618330 691
1618340 688
1618350 688
1618360 686
1618370 684
1618380 684
1618390 682
1618400 679
1618410 679
1618420 676
1618430 674
1618440 674
1618450 675
1618460 677
1618470 677
1618480 681
1618490 685
1618500 685
1618510 689
1618520 691
1618530 691
1618540 693
1618550 697
1618560 697
1618570 699
1618580 701
1618590 701
1618600 703
1618610 705
1618620 705
1618630 707
1618640 708
1618650 708
1618660 710
1618670 711
1618680 711
1618690 712
1618700 712
1618710 714
1618720 715
1618730 715
1618740 716
1618750 717
1618760 717
1618770 719
1618780 721
1618790 721
1618800 722
1618810 723
1618820 723
1618830 725
1618840 727
1618850 727
1618860 730
1618870 732
1618880 732
1618890 733
1618900 733
1618910 733
1618920 733
1618930 734
1618940 734
1618950 734
1618960 735
1618970 735
1618980 735
1618990 735
1619000 735
1619010 735
1619020 733
1619030 733
1619040 732
1619050 730
1619060 730
1619070 728
1619080 727
1619090 727
1619100 724
1619110 721
1619120 721
1619130 719
1619140 718
1619150 718
1619160 718
1619170 717
1619180 717
1619190 717
1619200 716
1619210 716
1619220 715
1619230 714
1619240 714
1619250 713
1619260 711
1619270 711
1619280 710
1619290 709
1619300 709
1619310 708
1619320 706
1619330 706
1619340 705
1619350 704
1619360 704
1619370 703
1619380 702
1619390 702
1619400 701
1619410 699
1619420 699
1619430 698
1619440 696
1619450 696
1619460 694
1619470 693
1619480 693
1619490 691
1619500 689
1619510 689
1619520 689
1619530 686
1619540 686
1619550 682
1619560 678
1619570 678
1619580 674
1619590 670
1619600 670
1619610 667
1619620 663
1619630 663
1619640 659
1619650 656
1619660 656
1619670 653
1619680 651
1619690 651
1619700 649
1619710 649
1619720 649
1619730 650
1619740 652
1619750 652
1619760 653
1619770 654
1619780 654
1619790 654
1619800 653
1619810 653
1619820 652
1619830 652
1619840 652
1619850 651
1619860 650
1619870 650
1619880 649
1619890 648
1619900 648
1619910 646
1619920 646
1619930 644
1619940 642
1619950 642
1619960 641
1619970 639
1619980 639
1619990 635
