1600000 773
1600010 772
1600020 772
1600030 771
1600040 770
1600050 770
1600060 768
1600070 767
1600080 767
1600090 765
1600100 763
1600110 763
1600120 762
1600130 760
1600140 760
1600150 757
1600160 755
1600170 755
1600180 753
1600190 751
1600200 751
1600210 750
1600220 749
1600230 749
1600240 748
1600250 747
1600260 747
1600270 746
1600280 746
1600290 746
1600300 745
1600310 744
1600320 744
1600330 744
1600340 745
1600350 745
1600360 745
1600370 746
1600380 746
1600390 747
1600400 748
1600410 748
1600420 749
1600430 750
1600440 750
1600450 750
1600460 751
1600470 751
1600480 752
1600490 753
1600500 753
1600510 754
1600520 754
1600530 755
1600540 756
1600550 756
1600560 757
1600570 758
1600580 758
1600590 759
1600600 760
1600610 760
1600620 761
1600630 762
1600640 762
1600650 764
1600660 765
1600670 765
1600680 766
1600690 767
1600700 767
1600710 769
1600720 770
1600730 770
1600740 771
1600750 772
1600760 772
1600770 773
1600780 774
1600790 774
1600800 776
1600810 777
1600820 777
1600830 779
1600840 781
1600850 781
1600860 783
1600870 784
1600880 784
1600890 786
1600900 787
1600910 787
1600920 788
1600930 789
1600940 789
1600950 791
1600960 792
1600970 792
1600980 794
1600990 795
1601000 795
1601010 796
1601020 797
1601030 797
1601040 797
1601050 797
1601060 797
1601070 796
1601080 796
1601090 796
1601100 795
1601110 794
1601120 794
1601130 793
1601140 792
1601150 792
1601160 791
1601170 791
1601180 791
1601190 789
1601200 788
1601210 788
1601220 787
1601230 785
1601240 785
1601250 784
1601260 783
1601270 783
1601280 781
1601290 779
1601300 779
1601310 777
1601320 775
1601330 775
1601340 774
1601350 772
1601360 772
1601370 770
1601380 768
1601390 768
1601400 767
1601410 766
1601420 766
1601430 765
1601440 763
1601450 763
1601460 762
1601470 761
1601480 761
1601490 760
1601500 759
1601510 759
1601520 758
1601530 756
1601540 756
1601550 754
1601560 753
1601570 753
1601580 752
1601590 751
1601600 751
1601610 750
1601620 750
1601630 750
1601640 749
1601650 748
1601660 748
1601670 747
1601680 747
1601690 746
1601700 745
1601710 745
1601720 744
1601730 743
1601740 743
1601750 742
1601760 741
1601770 741
1601780 740
1601790 738
1601800 738
1601810 737
1601820 736
1601830 736
1601840 735
1601850 734
1601860 734
1601870 734
1601880 733
1601890 733
1601900 733
1601910 732
1601920 732
1601930 732
1601940 732
1601950 732
1601960 732
1601970 732
1601980 732
1601990 731
1602000 731
1602010 731
1602020 730
1602030 730
1602040 730
1602050 730
1602060 728
1602070 728
1602080 728
1602090 728
1602100 728
1602110 727
1602120 726
1602130 726
1602140 725
1602150 725
1602160 725
1602170 725
1602180 725
1602190 725
1602200 725
1602210 726
1602220 726
1602230 727
1602240 728
1602250 728
1602260 728
1602270 728
1602280 728
1602290 729
1602300 729
1602310 729
1602320 730
1602330 730
1602340 730
1602350 731
1602360 732
1602370 732
1602380 733
1602390 734
1602400 734
1602410 735
1602420 737
1602430 737
1602440 739
1602450 741
1602460 741
1602470 743
1602480 744
1602490 744
1602500 745
1602510 745
1602520 745
1602530 746
1602540 745
1602550 745
1602560 745
1602570 745
1602580 745
1602590 744
1602600 743
1602610 743
1602620 743
1602630 741
1602640 741
1602650 740
1602660 739
1602670 739
1602680 738
1602690 737
1602700 737
1602710 735
1602720 733
1602730 733
1602740 732
1602750 731
1602760 731
1602770 730
1602780 730
1602790 730
1602800 729
1602810 729
1602820 728
1602830 728
1602840 728
1602850 727
1602860 726
1602870 726
1602880 726
1602890 725
1602900 725
1602910 725
1602920 724
1602930 724
1602940 723
1602950 723
1602960 723
1602970 723
1602980 722
1602990 722
1603000 722
1603010 721
1603020 721
1603030 721
1603040 720
1603050 720
1603060 720
1603070 720
1603080 720
1603090 720
1603100 720
1603110 720
1603120 721
1603130 721
1603140 721
1603150 720
1603160 719
1603170 717
1603180 717
1603190 716
1603200 716
1603210 715
1603220 715
1603230 715
1603240 714
1603250 713
1603260 713
1603270 712
1603280 711
1603290 711
1603300 709
1603310 708
1603320 708
1603330 706
1603340 703
1603350 703
1603360 700
1603370 697
1603380 697
1603390 695
1603400 691
1603410 691
1603420 687
1603430 685
1603440 685
1603450 683
1603460 681
1603470 681
1603480 679
1603490 677
1603500 677
1603510 675
1603520 674
1603530 674
1603540 671
1603550 669
1603560 669
1603570 667
1603580 665
1603590 665
1603600 663
1603610 661
1603620 661
1603630 658
1603640 658
1603650 658
1603660 660
1603670 660
1603680 660
1603690 661
1603700 662
1603710 662
1603720 662
1603730 663
1603740 663
1603750 665
1603760 666
1603770 666
1603780 667
1603790 668
1603800 668
1603810 669
1603820 670
1603830 670
1603840 671
1603850 673
1603860 673
1603870 674
1603880 675
1603890 675
1603900 676
1603910 677
1603920 677
1603930 679
1603940 679
1603950 680
1603960 681
1603970 681
1603980 682
1603990 684
1604000 684
1604010 685
1604020 687
1604030 687
1604040 688
1604050 690
1604060 690
1604070 692
1604080 694
1604090 694
1604100 696
1604110 697
1604120 697
1604130 699
1604140 701
1604150 701
1604160 703
1604170 705
1604180 705
1604190 707
1604200 710
1604210 710
1604220 712
1604230 715
1604240 715
1604250 717
1604260 720
1604270 720
1604280 722
1604290 724
1604300 724
1604310 727
1604320 729
1604330 729
1604340 731
1604350 733
1604360 733
1604370 735
1604380 737
1604390 737
1604400 738
1604410 741
1604420 741
1604430 743
1604440 746
1604450 746
1604460 749
1604470 753
1604480 753
1604490 756
1604500 758
1604510 758
1604520 761
1604530 764
1604540 764
1604550 767
1604560 769
1604570 769
1604580 770
1604590 772
1604600 772
1604610 774
1604620 775
1604630 775
1604640 776
1604650 776
1604660 776
1604670 777
1604680 777
1604690 777
1604700 777
1604710 777
1604720 777
1604730 777
1604740 778
1604750 778
1604760 778
1604770 777
1604780 777
1604790 776
1604800 775
1604810 775
1604820 775
1604830 775
1604840 775
1604850 775
1604860 775
1604870 775
1604880 774
1604890 774
1604900 774
1604910 774
1604920 774
1604930 774
1604940 774
1604950 774
1604960 774
1604970 774
1604980 774
1604990 774
1605000 774
1605010 774
1605020 774
1605030 774
1605040 774
1605050 774
1605060 774
1605070 773
1605080 773
1605090 773
1605100 773
1605110 773
1605120 772
1605130 772
1605140 772
1605150 771
1605160 771
1605170 770
1605180 769
1605190 769
1605200 768
1605210 766
1605220 766
1605230 765
1605240 763
1605250 763
1605260 762
1605270 762
1605280 762
1605290 761
1605300 761
1605310 761
1605320 761
1605330 761
1605340 763
1605350 763
1605360 763
1605370 763
1605380 762
1605390 761
1605400 761
1605410 761
1605420 760
1605430 760
1605440 760
1605450 760
1605460 760
1605470 759
1605480 758
1605490 758
1605500 758
1605510 757
1605520 757
1605530 757
1605540 757
1605550 757
1605560 757
1605570 757
1605580 757
1605590 756
1605600 756
1605610 756
1605620 755
1605630 754
1605640 754
1605650 753
1605660 751
1605670 751
1605680 750
1605690 749
1605700 749
1605710 747
1605720 746
1605730 746
1605740 744
1605750 742
1605760 742
1605770 741
1605780 740
1605790 740
1605800 739
1605810 737
1605820 737
1605830 736
1605840 734
1605850 734
1605860 733
1605870 732
1605880 732
1605890 730
1605900 729
1605910 729
1605920 728
1605930 726
1605940 726
1605950 724
1605960 723
1605970 723
1605980 721
1605990 719
1606000 719
1606010 718
1606020 716
1606030 716
1606040 713
1606050 710
1606060 710
1606070 706
1606080 702
1606090 702
1606100 699
1606110 697
1606120 697
1606130 695
1606140 693
1606150 693
1606160 691
1606170 690
1606180 690
1606190 689
1606200 687
1606210 687
1606220 686
1606230 686
1606240 684
1606250 683
1606260 683
1606270 683
1606280 683
1606290 683
1606300 685
1606310 686
1606320 686
1606330 689
1606340 690
1606350 690
1606360 692
1606370 693
1606380 693
1606390 693
1606400 694
1606410 694
1606420 692
1606430 693
1606440 693
1606450 693
1606460 693
1606470 693
1606480 692
1606490 692
1606500 692
1606510 692
1606520 691
1606530 691
1606540 690
1606550 689
1606560 689
1606570 688
1606580 687
1606590 687
1606600 686
1606610 684
1606620 684
1606630 683
1606640 682
1606650 682
1606660 680
1606670 678
1606680 678
1606690 676
1606700 673
1606710 673
1606720 671
1606730 669
1606740 669
1606750 668
1606760 666
1606770 666
1606780 665
1606790 664
1606800 664
1606810 663
1606820 661
1606830 661
1606840 659
1606850 656
1606860 656
1606870 654
1606880 654
1606890 654
1606900 654
1606910 654
1606920 654
1606930 655
1606940 656
1606950 656
1606960 657
1606970 659
1606980 659
1606990 660
1607000 661
1607010 661
1607020 663
1607030 664
1607040 664
1607050 665
1607060 667
1607070 667
1607080 668
1607090 669
1607100 669
1607110 670
1607120 671
1607130 671
1607140 672
1607150 672
1607160 672
1607170 672
1607180 672
1607190 672
1607200 672
1607210 670
1607220 670
1607230 669
1607240 668
1607250 668
1607260 667
1607270 666
1607280 666
1607290 665
1607300 665
1607310 665
1607320 666
1607330 668
1607340 668
1607350 670
1607360 670
1607370 672
1607380 673
1607390 673
1607400 675
1607410 677
1607420 677
1607430 680
1607440 682
1607450 682
1607460 684
1607470 687
1607480 686
1607490 688
1607500 690
1607510 690
1607520 691
1607530 693
1607540 693
1607550 694
1607560 695
1607570 695
1607580 697
1607590 698
1607600 698
1607610 700
1607620 701
1607630 701
1607640 702
1607650 703
1607660 703
1607670 704
1607680 704
1607690 704
1607700 704
1607710 705
1607720 705
1607730 705
1607740 705
1607750 705
1607760 705
1607770 704
1607780 704
1607790 703
1607800 702
1607810 702
1607820 701
1607830 701
1607840 701
1607850 700
1607860 699
1607870 699
1607880 698
1607890 697
1607900 697
1607910 697
1607920 696
1607930 696
1607940 695
1607950 695
1607960 695
1607970 694
1607980 694
1607990 694
1608000 693
1608010 692
1608020 692
1608030 691
1608040 690
1608050 690
1608060 689
1608070 688
1608080 688
1608090 687
1608100 686
1608110 686
1608120 685
1608130 684
1608140 684
1608150 683
1608160 682
1608170 682
1608180 680
1608190 679
1608200 679
1608210 678
1608220 676
1608230 676
1608240 675
1608250 674
1608260 674
1608270 673
1608280 672
1608290 672
1608300 672
1608310 671
1608320 671
1608330 669
1608340 669
1608350 669
1608360 668
1608370 668
1608380 668
1608390 667
1608400 666
1608410 666
1608420 665
1608430 664
1608440 664
1608450 664
1608460 663
1608470 663
1608480 663
1608490 663
1608500 662
1608510 662
1608520 662
1608530 662
1608540 663
1608550 663
1608560 661
1608570 660
1608580 660
1608590 659
1608600 658
1608610 658
1608620 657
1608630 656
1608640 656
1608650 655
1608660 654
1608670 654
1608680 653
1608690 652
1608700 652
1608710 650
1608720 649
1608730 649
1608740 647
1608750 645
1608760 645
1608770 643
1608780 641
1608790 641
1608800 640
1608810 639
1608820 639
1608830 638
1608840 637
1608850 637
1608860 637
1608870 636
1608880 636
1608890 635
1608900 635
1608910 635
1608920 634
1608930 634
1608940 634
1608950 633
1608960 633
1608970 633
1608980 633
1608990 633
1609000 633
1609010 632
1609020 632
1609030 632
1609040 631
1609050 631
1609060 631
1609070 631
1609080 630
1609090 630
1609100 630
1609110 630
1609120 630
1609130 630
1609140 629
1609150 629
1609160 629
1609170 629
1609180 629
1609190 629
1609200 629
1609210 629
1609220 628
1609230 628
1609240 628
1609250 628
1609260 628
1609270 628
1609280 628
1609290 627
1609300 627
1609310 627
1609320 627
1609330 627
1609340 626
1609350 626
1609360 626
1609370 626
1609380 626
1609390 626
1609400 625
1609410 625
1609420 625
1609430 625
1609440 625
1609450 625
1609460 625
1609470 625
1609480 625
1609490 625
1609500 625
1609510 625
1609520 624
1609530 623
1609540 623
1609550 623
1609560 622
1609570 622
1609580 622
1609590 620
1609600 620
1609610 620
1609620 620
1609630 619
1609640 618
1609650 618
1609660 618
1609670 617
1609680 617
1609690 616
1609700 614
1609710 614
1609720 613
1609730 612
1609740 612
1609750 611
1609760 610
1609770 610
1609780 609
1609790 610
1609800 610
1609810 610
1609820 609
1609830 609
1609840 609
1609850 608
1609860 608
1609870 608
1609880 609
1609890 609
1609900 609
1609910 608
1609920 608
1609930 607
1609940 606
1609950 606
1609960 606
1609970 605
1609980 605
1609990 605
1610000 604
1610010 604
1610020 604
1610030 604
1610040 604
1610050 603
1610060 602
1610070 602
1610080 602
1610090 601
1610100 601
1610110 600
1610120 599
1610130 599
1610140 598
1610150 598
1610160 598
1610170 597
1610180 596
1610190 596
1610200 595
1610210 594
1610220 594
1610230 593
1610240 592
1610250 592
1610260 591
1610270 590
1610280 590
1610290 589
1610300 588
1610310 588
1610320 586
1610330 585
1610340 585
1610350 584
1610360 583
1610370 583
1610380 582
1610390 581
1610400 581
1610410 580
1610420 580
1610430 580
1610440 579
1610450 579
1610460 579
1610470 579
1610480 578
1610490 578
1610500 577
1610510 577
1610520 577
1610530 576
1610540 575
1610550 575
1610560 575
1610570 575
1610580 575
1610590 575
1610600 574
1610610 574
1610620 575
1610630 575
1610640 575
1610650 575
1610660 575
1610670 575
1610680 574
1610690 574
1610700 574
1610710 574
1610720 574
1610730 574
1610740 574
1610750 574
1610760 573
1610770 573
1610780 573
1610790 573
1610800 573
1610810 573
1610820 574
1610830 574
1610840 574
1610850 574
1610860 574
1610870 574
1610880 574
1610890 573
1610900 573
1610910 573
1610920 573
1610930 573
1610940 572
1610950 572
1610960 572
1610970 571
1610980 571
1610990 571
1611000 571
1611010 570
1611020 570
1611030 570
1611040 569
1611050 569
1611060 569
1611070 569
1611080 569
1611090 569
1611100 568
1611110 568
1611120 567
1611130 565
1611140 565
1611150 564
1611160 564
1611170 564
1611180 566
1611190 568
1611200 568
1611210 568
1611220 568
1611230 568
1611240 568
1611250 568
1611260 568
1611270 568
1611280 567
1611290 567
1611300 567
1611310 566
1611320 566
1611330 566
1611340 565
1611350 565
1611360 564
1611370 564
1611380 564
1611390 563
1611400 562
1611410 562
1611420 561
1611430 558
1611440 558
1611450 558
1611460 557
1611470 557
1611480 557
1611490 557
1611500 557
1611510 556
1611520 555
1611530 555
1611540 555
1611550 556
1611560 556
1611570 556
1611580 558
1611590 558
1611600 559
1611610 559
1611620 559
1611630 559
1611640 559
1611650 557
1611660 557
1611670 557
1611680 557
1611690 557
1611700 557
1611710 557
1611720 557
1611730 559
1611740 559
1611750 559
1611760 559
1611770 559
1611780 559
1611790 559
1611800 559
1611810 559
1611820 558
1611830 558
1611840 556
1611850 555
1611860 555
1611870 555
1611880 555
1611890 555
1611900 554
1611910 554
1611920 554
1611930 554
1611940 554
1611950 554
1611960 554
1611970 554
1611980 554
1611990 554
1612000 554
1612010 554
1612020 554
1612030 554
1612040 554
1612050 554
1612060 554
1612070 553
1612080 553
1612090 553
1612100 553
1612110 553
1612120 553
1612130 553
1612140 553
1612150 553
1612160 553
1612170 553
1612180 553
1612190 553
1612200 553
1612210 553
1612220 553
1612230 552
1612240 552
1612250 552
1612260 552
1612270 552
1612280 552
1612290 552
1612300 552
1612310 552
1612320 552
1612330 552
1612340 552
1612350 552
1612360 552
1612370 552
1612380 552
1612390 552
1612400 552
1612410 552
1612420 552
1612430 553
1612440 554
1612450 554
1612460 554
1612470 554
1612480 554
1612490 554
1612500 554
1612510 554
1612520 555
1612530 555
1612540 555
1612550 555
1612560 556
1612570 556
1612580 556
1612590 557
1612600 557
1612610 557
1612620 557
1612630 557
1612640 556
1612650 557
1612660 557
1612670 557
1612680 556
1612690 556
1612700 556
1612710 556
1612720 556
1612730 556
1612740 556
1612750 556
1612760 555
1612770 555
1612780 555
1612790 554
1612800 554
1612810 554
1612820 554
1612830 554
1612840 554
1612850 554
1612860 557
1612870 557
1612880 557
1612890 559
1612900 559
1612910 558
1612920 557
1612930 557
1612940 556
1612950 555
1612960 555
1612970 555
1612980 553
1612990 553
1613000 551
1613010 550
1613020 550
1613030 549
1613040 549
1613050 548
1613060 548
1613070 548
1613080 548
1613090 548
1613100 548
1613110 548
1613120 548
1613130 548
1613140 548
1613150 548
1613160 548
1613170 549
1613180 548
1613190 548
1613200 547
1613210 546
1613220 546
1613230 545
1613240 544
1613250 544
1613260 544
1613270 544
1613280 544
1613290 543
1613300 543
1613310 543
1613320 543
1613330 544
1613340 544
1613350 547
1613360 549
1613370 549
1613380 550
1613390 551
1613400 551
1613410 551
1613420 551
1613430 551
1613440 551
1613450 551
1613460 551
1613470 551
1613480 551
1613490 551
1613500 552
1613510 552
1613520 552
1613530 552
1613540 552
1613550 552
1613560 552
1613570 552
1613580 552
1613590 552
1613600 552
1613610 552
1613620 553
1613630 553
1613640 553
1613650 553
1613660 553
1613670 553
1613680 553
1613690 554
1613700 554
1613710 554
1613720 554
1613730 554
1613740 554
1613750 552
1613760 552
1613770 550
1613780 553
1613790 553
1613800 555
1613810 556
1613820 556
1613830 555
1613840 555
1613850 555
1613860 556
1613870 557
1613880 557
1613890 558
1613900 558
1613910 558
1613920 558
1613930 558
1613940 558
1613950 558
1613960 558
1613970 558
1613980 558
1613990 558
1614000 558
1614010 558
1614020 558
1614030 558
1614040 557
1614050 557
1614060 557
1614070 557
1614080 558
1614090 558
1614100 558
1614110 558
1614120 558
1614130 558
1614140 558
1614150 558
1614160 558
1614170 558
1614180 559
1614190 559
1614200 559
1614210 559
1614220 559
1614230 559
1614240 560
1614250 560
1614260 560
1614270 560
1614280 560
1614290 560
1614300 560
1614310 560
1614320 560
1614330 561
1614340 561
1614350 561
1614360 560
1614370 560
1614380 560
1614390 560
1614400 561
1614410 561
1614420 561
1614430 561
1614440 561
1614450 560
1614460 560
1614470 560
1614480 560
1614490 560
1614500 560
1614510 561
1614520 561
1614530 561
1614540 561
1614550 561
1614560 561
1614570 561
1614580 561
1614590 561
1614600 560
1614610 558
1614620 558
1614630 557
1614640 557
1614650 557
1614660 554
1614670 553
1614680 553
1614690 553
1614700 554
1614710 554
1614720 554
1614730 554
1614740 554
1614750 555
1614760 555
1614770 555
1614780 555
1614790 555
1614800 555
1614810 554
1614820 553
1614830 553
1614840 552
1614850 547
1614860 547
1614870 545
1614880 544
1614890 544
1614900 543
1614910 542
1614920 542
1614930 540
1614940 540
1614950 540
1614960 540
1614970 541
1614980 541
1614990 541
1615000 540
1615010 540
1615020 539
1615030 539
1615040 539
1615050 538
1615060 537
1615070 537
1615080 537
1615090 538
1615100 538
1615110 538
1615120 538
1615130 538
1615140 538
1615150 538
1615160 538
1615170 538
1615180 538
1615190 538
1615200 538
1615210 540
1615220 540
1615230 544
1615240 547
1615250 547
1615260 548
1615270 548
1615280 548
1615290 551
1615300 551
1615310 552
1615320 553
1615330 553
1615340 554
1615350 555
1615360 555
1615370 556
1615380 558
1615390 558
1615400 559
1615410 560
1615420 560
1615430 560
1615440 560
1615450 560
1615460 561
1615470 562
1615480 562
1615490 563
1615500 565
1615510 565
1615520 567
1615530 568
1615540 568
1615550 570
1615560 572
1615570 572
1615580 574
1615590 575
1615600 575
1615610 577
1615620 578
1615630 578
1615640 579
1615650 581
1615660 581
1615670 582
1615680 583
1615690 582
1615700 583
1615710 584
1615720 584
1615730 586
1615740 587
1615750 587
1615760 588
1615770 590
1615780 590
1615790 591
1615800 592
1615810 592
1615820 594
1615830 595
1615840 595
1615850 597
1615860 598
1615870 598
1615880 599
1615890 601
1615900 601
1615910 602
1615920 603
1615930 603
1615940 604
1615950 606
1615960 606
1615970 607
1615980 608
1615990 608
1616000 609
1616010 611
1616020 611
1616030 612
1616040 614
1616050 614
1616060 616
1616070 617
1616080 617
1616090 619
1616100 621
1616110 621
1616120 622
1616130 625
1616140 625
1616150 627
1616160 629
1616170 629
1616180 630
1616190 630
1616200 630
1616210 631
1616220 632
1616230 632
1616240 633
1616250 633
1616260 633
1616270 634
1616280 633
1616290 633
1616300 632
1616310 631
1616320 631
1616330 630
1616340 630
1616350 630
1616360 632
1616370 635
1616380 635
1616390 640
1616400 642
1616410 642
1616420 645
1616430 645
1616440 648
1616450 650
1616460 650
1616470 653
1616480 656
1616490 656
1616500 658
1616510 661
1616520 661
1616530 664
1616540 667
1616550 667
1616560 670
1616570 673
1616580 673
1616590 676
1616600 678
1616610 678
1616620 679
1616630 679
1616640 679
1616650 679
1616660 680
1616670 680
1616680 679
1616690 680
1616700 680
1616710 681
1616720 682
1616730 682
1616740 683
1616750 683
1616760 683
1616770 684
1616780 685
1616790 685
1616800 685
1616810 686
1616820 686
1616830 686
1616840 687
1616850 687
1616860 687
1616870 688
1616880 688
1616890 689
1616900 689
1616910 689
1616920 690
1616930 691
1616940 691
1616950 691
1616960 691
1616970 691
1616980 691
1616990 691
1617000 691
1617010 692
1617020 692
1617030 692
1617040 693
1617050 693
1617060 693
1617070 694
1617080 695
1617090 695
1617100 697
1617110 699
1617120 699
1617130 701
1617140 702
1617150 702
1617160 702
1617170 703
1617180 703
1617190 703
1617200 704
1617210 704
1617220 704
1617230 706
1617240 706
1617250 706
1617260 706
1617270 706
1617280 706
1617290 706
1617300 706
1617310 706
1617320 706
1617330 706
1617340 706
1617350 704
1617360 704
1617370 702
1617380 703
1617390 703
1617400 704
1617410 704
1617420 704
1617430 705
1617440 705
1617450 705
1617460 706
1617470 707
1617480 707
1617490 708
1617500 709
1617510 709
1617520 710
1617530 711
1617540 711
1617550 712
1617560 712
1617570 713
1617580 714
1617590 714
1617600 715
1617610 716
1617620 716
1617630 717
1617640 718
1617650 718
1617660 719
1617670 721
1617680 721
1617690 722
1617700 723
1617710 723
1617720 724
1617730 725
1617740 725
1617750 726
1617760 727
1617770 727
1617780 728
1617790 730
1617800 730
1617810 731
1617820 733
1617830 733
1617840 734
1617850 735
1617860 735
1617870 736
1617880 737
1617890 737
1617900 738
1617910 739
1617920 739
1617930 740
1617940 740
1617950 740
1617960 741
1617970 741
1617980 741
1617990 742
1618000 743
1618010 743
1618020 743
1618030 743
1618040 743
1618050 743
1618060 744
1618070 744
1618080 744
1618090 744
1618100 744
1618110 745
1618120 745
1618130 745
1618140 745
1618150 744
1618160 744
1618170 744
1618180 744
1618190 744
1618200 743
1618210 743
1618220 743
1618230 742
1618240 742
1618250 742
1618260 741
1618270 740
1618280 740
1618290 739
1618300 739
1618310 739
1618320 738
1618330 737
1618340 737
1618350 736
1618360 736
1618370 736
1618380 735
1618390 734
1618400 734
1618410 733
1618420 732
1618430 732
1618440 732
1618450 731
1618460 731
1618470 730
1618480 729
1618490 729
1618500 729
1618510 728
1618520 728
1618530 728
1618540 727
1618550 727
1618560 726
1618570 726
1618580 726
1618590 725
1618600 725
1618610 725
1618620 724
1618630 724
1618640 723
1618650 722
1618660 721
1618670 721
1618680 721
1618690 721
1618700 720
1618710 719
1618720 719
1618730 718
1618740 717
1618750 717
1618760 717
1618770 716
1618780 716
1618790 714
1618800 712
1618810 712
1618820 709
1618830 708
1618840 708
1618850 707
1618860 707
1618870 707
1618880 707
1618890 708
1618900 708
1618910 709
1618920 710
1618930 710
1618940 711
1618950 711
1618960 711
1618970 711
1618980 712
1618990 712
1619000 712
1619010 711
1619020 711
1619030 711
1619040 711
1619050 711
1619060 712
1619070 712
1619080 712
1619090 711
1619100 711
1619110 711
1619120 710
1619130 709
1619140 709
1619150 709
1619160 708
1619170 708
1619180 707
1619190 706
1619200 706
1619210 705
1619220 703
1619230 703
1619240 701
1619250 699
1619260 699
1619270 696
1619280 693
1619290 693
1619300 690
1619310 687
1619320 687
1619330 685
1619340 682
1619350 682
1619360 679
1619370 676
1619380 676
1619390 673
1619400 670
1619410 670
1619420 667
1619430 664
1619440 664
1619450 661
1619460 658
1619470 658
1619480 655
1619490 652
1619500 652
1619510 649
1619520 646
1619530 646
1619540 642
1619550 639
1619560 639
1619570 635
1619580 630
1619590 630
1619600 626
1619610 621
1619620 621
1619630 616
1619640 612
1619650 612
1619660 608
1619670 605
1619680 605
1619690 602
1619700 600
1619710 600
1619720 598
1619730 596
1619740 596
1619750 595
1619760 594
1619770 594
1619780 593
1619790 592
1619800 592
1619810 591
1619820 591
1619830 591
1619840 591
1619850 591
1619860 589
1619870 588
1619880 588
1619890 587
1619900 585
1619910 585
1619920 584
1619930 584
1619940 584
1619950 584
1619960 585
1619970 585
1619980 586
1619990 588
