1600000 734
1600010 734
1600020 733
1600030 733
1600040 733
1600050 732
1600060 732
1600070 731
1600080 730
1600090 730
1600100 728
1600110 728
1600120 728
1600130 727
1600140 727
1600150 727
1600160 727
1600170 727
1600180 727
1600190 728
1600200 728
1600210 728
1600220 728
1600230 729
1600240 729
1600250 730
1600260 731
1600270 731
1600280 731
1600290 732
1600300 732
1600310 733
1600320 734
1600330 734
1600340 735
1600350 736
1600360 736
1600370 737
1600380 738
1600390 738
1600400 739
1600410 740
1600420 740
1600430 741
1600440 742
1600450 742
1600460 743
1600470 744
1600480 744
1600490 745
1600500 746
1600510 746
1600520 747
1600530 748
1600540 748
1600550 749
1600560 750
1600570 750
1600580 751
1600590 752
1600600 752
1600610 753
1600620 754
1600630 754
1600640 755
1600650 756
1600660 756
1600670 757
1600680 759
1600690 759
1600700 760
1600710 761
1600720 761
1600730 762
1600740 763
1600750 763
1600760 765
1600770 766
1600780 766
1600790 766
1600800 768
1600810 768
1600820 769
1600830 770
1600840 770
1600850 771
1600860 771
1600870 773
1600880 775
1600890 775
1600900 777
1600910 779
1600920 779
1600930 782
1600940 783
1600950 783
1600960 784
1600970 784
1600980 784
1600990 784
1601000 784
1601010 784
1601020 784
1601030 784
1601040 784
1601050 785
1601060 785
1601070 785
1601080 785
1601090 786
1601100 786
1601110 786
1601120 786
1601130 786
1601140 786
1601150 787
1601160 787
1601170 787
1601180 787
1601190 787
1601200 787
1601210 787
1601220 787
1601230 787
1601240 787
1601250 787
1601260 786
1601270 786
1601280 786
1601290 785
1601300 785
1601310 785
1601320 784
1601330 783
1601340 783
1601350 783
1601360 782
1601370 782
1601380 781
1601390 780
1601400 780
1601410 779
1601420 778
1601430 778
1601440 777
1601450 776
1601460 776
1601470 775
1601480 773
1601490 773
1601500 770
1601510 767
1601520 767
1601530 763
1601540 760
1601550 760
1601560 758
1601570 757
1601580 757
1601590 756
1601600 755
1601610 755
1601620 753
1601630 752
1601640 752
1601650 750
1601660 749
1601670 749
1601680 747
1601690 746
1601700 746
1601710 745
1601720 743
1601730 743
1601740 742
1601750 739
1601760 739
1601770 736
1601780 734
1601790 734
1601800 732
1601810 731
1601820 731
1601830 730
1601840 730
1601850 730
1601860 729
1601870 728
1601880 728
1601890 728
1601900 728
1601910 728
1601920 728
1601930 727
1601940 727
1601950 727
1601960 727
1601970 727
1601980 726
1601990 726
1602000 726
1602010 725
1602020 725
1602030 725
1602040 724
1602050 724
1602060 723
1602070 723
1602080 723
1602090 722
1602100 722
1602110 722
1602120 721
1602130 721
1602140 721
1602150 720
1602160 720
1602170 720
1602180 719
1602190 718
1602200 718
1602210 718
1602220 717
1602230 717
1602240 715
1602250 714
1602260 714
1602270 713
1602280 712
1602290 712
1602300 712
1602310 712
1602320 712
1602330 712
1602340 711
1602350 711
1602360 709
1602370 708
1602380 708
1602390 707
1602400 707
1602410 707
1602420 708
1602430 709
1602440 709
1602450 710
1602460 711
1602470 711
1602480 712
1602490 714
1602500 714
1602510 715
1602520 717
1602530 717
1602540 718
1602550 718
1602560 718
1602570 718
1602580 717
1602590 717
1602600 716
1602610 716
1602620 716
1602630 715
1602640 714
1602650 714
1602660 713
1602670 712
1602680 712
1602690 711
1602700 710
1602710 710
1602720 709
1602730 708
1602740 708
1602750 707
1602760 706
1602770 706
1602780 704
1602790 703
1602800 703
1602810 702
1602820 701
1602830 701
1602840 700
1602850 699
1602860 699
1602870 698
1602880 698
1602890 698
1602900 697
1602910 696
1602920 696
1602930 695
1602940 695
1602950 695
1602960 694
1602970 693
1602980 693
1602990 692
1603000 691
1603010 691
1603020 691
1603030 690
1603040 690
1603050 689
1603060 689
1603070 689
1603080 688
1603090 688
1603100 688
1603110 688
1603120 688
1603130 687
1603140 687
1603150 687
1603160 684
1603170 681
1603180 681
1603190 680
1603200 680
1603210 680
1603220 684
1603230 687
1603240 687
1603250 688
1603260 689
1603270 689
1603280 690
1603290 691
1603300 691
1603310 691
1603320 692
1603330 692
1603340 693
1603350 694
1603360 694
1603370 695
1603380 695
1603390 695
1603400 696
1603410 697
1603420 697
1603430 697
1603440 698
1603450 698
1603460 699
1603470 699
1603480 699
1603490 700
1603500 701
1603510 701
1603520 701
1603530 702
1603540 702
1603550 703
1603560 703
1603570 703
1603580 704
1603590 705
1603600 705
1603610 706
1603620 707
1603630 707
1603640 709
1603650 710
1603660 710
1603670 712
1603680 713
1603690 713
1603700 715
1603710 716
1603720 716
1603730 718
1603740 719
1603750 719
1603760 721
1603770 723
1603780 723
1603790 724
1603800 726
1603810 726
1603820 728
1603830 729
1603840 729
1603850 730
1603860 732
1603870 733
1603880 734
1603890 736
1603900 736
1603910 738
1603920 741
1603930 741
1603940 744
1603950 747
1603960 747
1603970 749
1603980 752
1603990 752
1604000 754
1604010 757
1604020 757
1604030 759
1604040 762
1604050 762
1604060 764
1604070 766
1604080 766
1604090 769
1604100 771
1604110 771
1604120 772
1604130 774
1604140 774
1604150 776
1604160 778
1604170 778
1604180 779
1604190 780
1604200 780
1604210 782
1604220 782
1604230 783
1604240 783
1604250 783
1604260 782
1604270 781
1604280 781
1604290 780
1604300 779
1604310 779
1604320 778
1604330 777
1604340 777
1604350 776
1604360 775
1604370 775
1604380 773
1604390 773
1604400 773
1604410 771
1604420 770
1604430 770
1604440 769
1604450 768
1604460 768
1604470 766
1604480 765
1604490 765
1604500 764
1604510 762
1604520 762
1604530 761
1604540 760
1604550 760
1604560 759
1604570 758
1604580 758
1604590 757
1604600 756
1604610 756
1604620 755
1604630 753
1604640 753
1604650 752
1604660 751
1604670 751
1604680 751
1604690 750
1604700 750
1604710 750
1604720 750
1604730 750
1604740 750
1604750 750
1604760 750
1604770 749
1604780 749
1604790 749
1604800 749
1604810 749
1604820 749
1604830 749
1604840 750
1604850 750
1604860 750
1604870 750
1604880 750
1604890 750
1604900 751
1604910 751
1604920 751
1604930 751
1604940 751
1604950 752
1604960 751
1604970 751
1604980 752
1604990 752
1605000 752
1605010 753
1605020 753
1605030 753
1605040 753
1605050 754
1605060 754
1605070 754
1605080 755
1605090 755
1605100 755
1605110 756
1605120 756
1605130 756
1605140 757
1605150 757
1605160 757
1605170 758
1605180 758
1605190 759
1605200 759
1605210 759
1605220 760
1605230 760
1605240 760
1605250 761
1605260 762
1605270 762
1605280 762
1605290 763
1605300 763
1605310 764
1605320 765
1605330 765
1605340 765
1605350 765
1605360 766
1605370 767
1605380 767
1605390 768
1605400 770
1605410 770
1605420 771
1605430 774
1605440 774
1605450 775
1605460 777
1605470 777
1605480 779
1605490 781
1605500 781
1605510 783
1605520 785
1605530 785
1605540 788
1605550 790
1605560 790
1605570 791
1605580 791
1605590 791
1605600 792
1605610 793
1605620 793
1605630 793
1605640 793
1605650 793
1605660 792
1605670 791
1605680 791
1605690 790
1605700 787
1605710 787
1605720 784
1605730 780
1605740 780
1605750 775
1605760 770
1605770 770
1605780 764
1605790 761
1605800 761
1605810 760
1605820 758
1605830 758
1605840 757
1605850 755
1605860 755
1605870 754
1605880 752
1605890 752
1605900 750
1605910 749
1605920 749
1605930 749
1605940 748
1605950 748
1605960 748
1605970 747
1605980 747
1605990 746
1606000 746
1606010 746
1606020 746
1606030 746
1606040 750
1606050 751
1606060 753
1606070 753
1606080 754
1606090 756
1606100 756
1606110 757
1606120 758
1606130 758
1606140 758
1606150 759
1606160 759
1606170 758
1606180 758
1606190 758
1606200 757
1606210 756
1606220 756
1606230 755
1606240 755
1606250 755
1606260 753
1606270 752
1606280 752
1606290 750
1606300 748
1606310 748
1606320 746
1606330 743
1606340 743
1606350 741
1606360 739
1606370 739
1606380 736
1606390 734
1606400 734
1606410 732
1606420 729
1606430 729
1606440 727
1606450 727
1606460 725
1606470 724
1606480 724
1606490 722
1606500 720
1606510 720
1606520 719
1606530 716
1606540 716
1606550 713
1606560 710
1606570 710
1606580 708
1606590 706
1606600 706
1606610 703
1606620 701
1606630 701
1606640 700
1606650 700
1606660 700
1606670 701
1606680 702
1606690 702
1606700 704
1606710 706
1606720 706
1606730 708
1606740 710
1606750 710
1606760 711
1606770 712
1606780 712
1606790 712
1606800 713
1606810 713
1606820 713
1606830 713
1606840 713
1606850 713
1606860 713
1606870 713
1606880 713
1606890 713
1606900 713
1606910 713
1606920 714
1606930 714
1606940 714
1606950 714
1606960 714
1606970 715
1606980 715
1606990 715
1607000 716
1607010 716
1607020 716
1607030 715
1607040 715
1607050 715
1607060 715
1607070 715
1607080 715
1607090 714
1607100 714
1607110 716
1607120 716
1607130 715
1607140 715
1607150 715
1607160 715
1607170 715
1607180 715
1607190 715
1607200 715
1607210 715
1607220 715
1607230 715
1607240 714
1607250 714
1607260 714
1607270 714
1607280 714
1607290 714
1607300 715
1607310 715
1607320 715
1607330 715
1607340 715
1607350 715
1607360 715
1607370 715
1607380 715
1607390 715
1607400 715
1607410 715
1607420 716
1607430 716
1607440 716
1607450 717
1607460 718
1607470 718
1607480 719
1607490 719
1607500 719
1607510 721
1607520 722
1607530 722
1607540 723
1607550 724
1607560 724
1607570 724
1607580 724
1607590 723
1607600 724
1607610 724
1607620 725
1607630 726
1607640 726
1607650 728
1607660 729
1607670 729
1607680 729
1607690 728
1607700 728
1607710 727
1607720 726
1607730 726
1607740 725
1607750 723
1607760 723
1607770 721
1607780 718
1607790 718
1607800 717
1607810 715
1607820 715
1607830 714
1607840 712
1607850 712
1607860 711
1607870 709
1607880 709
1607890 707
1607900 705
1607910 705
1607920 704
1607930 702
1607940 702
1607950 701
1607960 699
1607970 699
1607980 697
1607990 696
1608000 696
1608010 695
1608020 694
1608030 694
1608040 693
1608050 692
1608060 692
1608070 690
1608080 688
1608090 688
1608100 687
1608110 686
1608120 686
1608130 684
1608140 683
1608150 683
1608160 682
1608170 681
1608180 681
1608190 680
1608200 678
1608210 678
1608220 676
1608230 675
1608240 675
1608250 674
1608260 674
1608270 674
1608280 673
1608290 672
1608300 672
1608310 671
1608320 670
1608330 670
1608340 669
1608350 669
1608360 669
1608370 668
1608380 667
1608390 667
1608400 666
1608410 665
1608420 665
1608430 664
1608440 664
1608450 664
1608460 663
1608470 663
1608480 663
1608490 663
1608500 662
1608510 662
1608520 662
1608530 661
1608540 661
1608550 661
1608560 661
1608570 661
1608580 660
1608590 660
1608600 660
1608610 659
1608620 659
1608630 659
1608640 659
1608650 658
1608660 658
1608670 658
1608680 657
1608690 657
1608700 657
1608710 657
1608720 657
1608730 657
1608740 657
1608750 656
1608760 657
1608770 657
1608780 657
1608790 657
1608800 657
1608810 657
1608820 657
1608830 657
1608840 656
1608850 655
1608860 655
1608870 654
1608880 652
1608890 652
1608900 651
1608910 649
1608920 649
1608930 648
1608940 647
1608950 647
1608960 646
1608970 645
1608980 645
1608990 644
1609000 642
1609010 642
1609020 641
1609030 640
1609040 640
1609050 639
1609060 638
1609070 638
1609080 638
1609090 637
1609100 637
1609110 635
1609120 635
1609130 635
1609140 634
1609150 633
1609160 633
1609170 632
1609180 631
1609190 631
1609200 630
1609210 629
1609220 629
1609230 628
1609240 627
1609250 627
1609260 627
1609270 627
1609280 627
1609290 626
1609300 626
1609310 626
1609320 625
1609330 625
1609340 625
1609350 625
1609360 625
1609370 625
1609380 625
1609390 625
1609400 625
1609410 625
1609420 626
1609430 626
1609440 626
1609450 626
1609460 626
1609470 627
1609480 628
1609490 628
1609500 628
1609510 628
1609520 628
1609530 627
1609540 627
1609550 627
1609560 626
1609570 625
1609580 625
1609590 625
1609600 624
1609610 624
1609620 624
1609630 623
1609640 623
1609650 623
1609660 622
1609670 622
1609680 622
1609690 622
1609700 622
1609710 622
1609720 622
1609730 622
1609740 622
1609750 622
1609760 622
1609770 621
1609780 621
1609790 621
1609800 620
1609810 620
1609820 619
1609830 617
1609840 617
1609850 615
1609860 613
1609870 613
1609880 611
1609890 609
1609900 609
1609910 607
1609920 605
1609930 605
1609940 603
1609950 602
1609960 602
1609970 600
1609980 598
1609990 598
1610000 596
1610010 594
1610020 594
1610030 593
1610040 592
1610050 592
1610060 591
1610070 590
1610080 590
1610090 588
1610100 587
1610110 587
1610120 586
1610130 584
1610140 584
1610150 583
1610160 581
1610170 581
1610180 580
1610190 579
1610200 579
1610210 576
1610220 573
1610230 573
1610240 572
1610250 572
1610260 573
1610270 572
1610280 571
1610290 571
1610300 570
1610310 569
1610320 569
1610330 567
1610340 566
1610350 566
1610360 565
1610370 565
1610380 565
1610390 564
1610400 563
1610410 563
1610420 562
1610430 560
1610440 560
1610450 559
1610460 557
1610470 557
1610480 555
1610490 555
1610500 555
1610510 556
1610520 556
1610530 556
1610540 555
1610550 555
1610560 555
1610570 555
1610580 557
1610590 557
1610600 559
1610610 563
1610620 563
1610630 566
1610640 569
1610650 569
1610660 571
1610670 573
1610680 573
1610690 574
1610700 575
1610710 575
1610720 575
1610730 577
1610740 577
1610750 578
1610760 580
1610770 580
1610780 581
1610790 582
1610800 582
1610810 582
1610820 583
1610830 583
1610840 583
1610850 583
1610860 583
1610870 583
1610880 582
1610890 582
1610900 581
1610910 581
1610920 581
1610930 580
1610940 580
1610950 579
1610960 578
1610970 578
1610980 577
1610990 576
1611000 576
1611010 575
1611020 574
1611030 574
1611040 573
1611050 572
1611060 572
1611070 572
1611080 571
1611090 571
1611100 571
1611110 570
1611120 570
1611130 570
1611140 569
1611150 569
1611160 568
1611170 568
1611180 568
1611190 567
1611200 567
1611210 567
1611220 567
1611230 566
1611240 566
1611250 566
1611260 566
1611270 566
1611280 566
1611290 567
1611300 567
1611310 567
1611320 567
1611330 567
1611340 566
1611350 566
1611360 566
1611370 567
1611380 568
1611390 568
1611400 568
1611410 569
1611420 569
1611430 569
1611440 570
1611450 570
1611460 569
1611470 569
1611480 569
1611490 569
1611500 569
1611510 569
1611520 568
1611530 568
1611540 568
1611550 567
1611560 567
1611570 567
1611580 566
1611590 565
1611600 565
1611610 564
1611620 564
1611630 564
1611640 564
1611650 565
1611660 565
1611670 565
1611680 565
1611690 565
1611700 564
1611710 563
1611720 563
1611730 562
1611740 560
1611750 560
1611760 559
1611770 559
1611780 559
1611790 559
1611800 560
1611810 560
1611820 562
1611830 564
1611840 564
1611850 565
1611860 565
1611870 565
1611880 566
1611890 566
1611900 566
1611910 567
1611920 568
1611930 568
1611940 569
1611950 569
1611960 569
1611970 570
1611980 571
1611990 571
1612000 572
1612010 573
1612020 573
1612030 574
1612040 574
1612050 575
1612060 577
1612070 577
1612080 578
1612090 579
1612100 579
1612110 580
1612120 581
1612130 581
1612140 581
1612150 581
1612160 581
1612170 581
1612180 580
1612190 580
1612200 579
1612210 579
1612220 579
1612230 579
1612240 578
1612250 578
1612260 578
1612270 578
1612280 578
1612290 578
1612300 578
1612310 578
1612320 579
1612330 579
1612340 579
1612350 580
1612360 580
1612370 580
1612380 580
1612390 580
1612400 580
1612410 580
1612420 580
1612430 580
1612440 579
1612450 579
1612460 579
1612470 578
1612480 578
1612490 578
1612500 578
1612510 577
1612520 577
1612530 577
1612540 577
1612550 577
1612560 577
1612570 577
1612580 577
1612590 576
1612600 575
1612610 575
1612620 575
1612630 575
1612640 575
1612650 575
1612660 574
1612670 574
1612680 574
1612690 574
1612700 574
1612710 573
1612720 573
1612730 573
1612740 573
1612750 573
1612760 573
1612770 572
1612780 572
1612790 572
1612800 571
1612810 570
1612820 570
1612830 570
1612840 569
1612850 569
1612860 568
1612870 568
1612880 568
1612890 568
1612900 568
1612910 568
1612920 568
1612930 568
1612940 568
1612950 568
1612960 567
1612970 567
1612980 567
1612990 567
1613000 567
1613010 567
1613020 567
1613030 567
1613040 568
1613050 568
1613060 568
1613070 567
1613080 567
1613090 567
1613100 567
1613110 567
1613120 567
1613130 567
1613140 567
1613150 567
1613160 568
1613170 568
1613180 568
1613190 569
1613200 569
1613210 569
1613220 569
1613230 569
1613240 569
1613250 569
1613260 569
1613270 569
1613280 569
1613290 569
1613300 569
1613310 569
1613320 569
1613330 570
1613340 570
1613350 570
1613360 570
1613370 570
1613380 570
1613390 570
1613400 571
1613410 571
1613420 571
1613430 571
1613440 571
1613450 571
1613460 571
1613470 571
1613480 571
1613490 571
1613500 571
1613510 572
1613520 572
1613530 572
1613540 572
1613550 572
1613560 572
1613570 572
1613580 572
1613590 572
1613600 572
1613610 572
1613620 572
1613630 572
1613640 572
1613650 572
1613660 572
1613670 572
1613680 572
1613690 572
1613700 571
1613710 571
1613720 571
1613730 570
1613740 570
1613750 570
1613760 569
1613770 569
1613780 569
1613790 569
1613800 569
1613810 569
1613820 569
1613830 569
1613840 569
1613850 568
1613860 568
1613870 568
1613880 568
1613890 568
1613900 568
1613910 568
1613920 568
1613930 568
1613940 568
1613950 568
1613960 568
1613970 568
1613980 568
1613990 568
1614000 567
1614010 567
1614020 567
1614030 567
1614040 567
1614050 567
1614060 566
1614070 566
1614080 566
1614090 566
1614100 566
1614110 565
1614120 565
1614130 565
1614140 563
1614150 561
1614160 561
1614170 562
1614180 563
1614190 563
1614200 563
1614210 563
1614220 563
1614230 562
1614240 562
1614250 562
1614260 562
1614270 562
1614280 561
1614290 561
1614300 561
1614310 560
1614320 560
1614330 560
1614340 559
1614350 558
1614360 558
1614370 558
1614380 557
1614390 557
1614400 557
1614410 556
1614420 556
1614430 556
1614440 555
1614450 555
1614460 556
1614470 555
1614480 555
1614490 555
1614500 555
1614510 555
1614520 554
1614530 554
1614540 554
1614550 554
1614560 554
1614570 554
1614580 554
1614590 554
1614600 554
1614610 553
1614620 553
1614630 553
1614640 552
1614650 552
1614660 552
1614670 552
1614680 551
1614690 551
1614700 551
1614710 550
1614720 550
1614730 549
1614740 549
1614750 549
1614760 548
1614770 548
1614780 548
1614790 546
1614800 542
1614810 542
1614820 540
1614830 538
1614840 538
1614850 538
1614860 539
1614870 539
1614880 539
1614890 539
1614900 539
1614910 539
1614920 539
1614930 539
1614940 539
1614950 539
1614960 539
1614970 540
1614980 542
1614990 542
1615000 546
1615010 548
1615020 548
1615030 550
1615040 551
1615050 551
1615060 552
1615070 552
1615080 552
1615090 553
1615100 554
1615110 554
1615120 555
1615130 555
1615140 555
1615150 556
1615160 557
1615170 557
1615180 558
1615190 558
1615200 558
1615210 559
1615220 560
1615230 560
1615240 560
1615250 560
1615260 560
1615270 561
1615280 561
1615290 561
1615300 561
1615310 562
1615320 562
1615330 562
1615340 564
1615350 564
1615360 564
1615370 565
1615380 565
1615390 565
1615400 565
1615410 565
1615420 565
1615430 565
1615440 565
1615450 566
1615460 566
1615470 566
1615480 566
1615490 566
1615500 566
1615510 566
1615520 566
1615530 565
1615540 564
1615550 564
1615560 562
1615570 560
1615580 560
1615590 559
1615600 559
1615610 559
1615620 559
1615630 560
1615640 560
1615650 565
1615660 569
1615670 569
1615680 573
1615690 575
1615700 575
1615710 578
1615720 580
1615730 580
1615740 582
1615750 584
1615760 584
1615770 586
1615780 588
1615790 588
1615800 589
1615810 590
1615820 590
1615830 591
1615840 593
1615850 593
1615860 594
1615870 595
1615880 595
1615890 596
1615900 597
1615910 597
1615920 598
1615930 599
1615940 599
1615950 600
1615960 601
1615970 601
1615980 602
1615990 603
1616000 603
1616010 604
1616020 605
1616030 605
1616040 606
1616050 608
1616060 608
1616070 609
1616080 610
1616090 610
1616100 612
1616110 613
1616120 613
1616130 614
1616140 615
1616150 615
1616160 615
1616170 616
1616180 616
1616190 616
1616200 617
1616210 617
1616220 617
1616230 618
1616240 618
1616250 619
1616260 619
1616270 619
1616280 620
1616290 621
1616300 621
1616310 622
1616320 623
1616330 623
1616340 622
1616350 624
1616360 624
1616370 624
1616380 625
1616390 625
1616400 626
1616410 627
1616420 627
1616430 628
1616440 629
1616450 629
1616460 630
1616470 631
1616480 631
1616490 632
1616500 632
1616510 634
1616520 635
1616530 635
1616540 636
1616550 638
1616560 638
1616570 639
1616580 640
1616590 640
1616600 641
1616610 642
1616620 642
1616630 643
1616640 644
1616650 644
1616660 645
1616670 646
1616680 646
1616690 647
1616700 649
1616710 649
1616720 650
1616730 652
1616740 652
1616750 654
1616760 657
1616770 657
1616780 659
1616790 661
1616800 661
1616810 663
1616820 665
1616830 665
1616840 668
1616850 670
1616860 670
1616870 672
1616880 674
1616890 674
1616900 676
1616910 679
1616920 679
1616930 681
1616940 683
1616950 683
1616960 686
1616970 688
1616980 688
1616990 691
1617000 694
1617010 694
1617020 696
1617030 697
1617040 697
1617050 699
1617060 700
1617070 700
1617080 701
1617090 702
1617100 702
1617110 703
1617120 704
1617130 704
1617140 706
1617150 707
1617160 707
1617170 708
1617180 709
1617190 709
1617200 710
1617210 711
1617220 711
1617230 713
1617240 714
1617250 714
1617260 715
1617270 717
1617280 717
1617290 718
1617300 718
1617310 718
1617320 719
1617330 720
1617340 720
1617350 720
1617360 720
1617370 720
1617380 721
1617390 721
1617400 721
1617410 722
1617420 722
1617430 722
1617440 723
1617450 724
1617460 724
1617470 724
1617480 725
1617490 725
1617500 725
1617510 725
1617520 725
1617530 724
1617540 724
1617550 724
1617560 724
1617570 724
1617580 724
1617590 724
1617600 724
1617610 724
1617620 725
1617630 725
1617640 725
1617650 725
1617660 725
1617670 726
1617680 726
1617690 726
1617700 726
1617710 726
1617720 726
1617730 727
1617740 727
1617750 727
1617760 727
1617770 727
1617780 727
1617790 727
1617800 727
1617810 727
1617820 727
1617830 727
1617840 727
1617850 727
1617860 727
1617870 727
1617880 727
1617890 727
1617900 727
1617910 727
1617920 727
1617930 727
1617940 727
1617950 727
1617960 727
1617970 727
1617980 727
1617990 727
1618000 727
1618010 727
1618020 727
1618030 728
1618040 728
1618050 728
1618060 728
1618070 728
1618080 728
1618090 728
1618100 728
1618110 728
1618120 728
1618130 728
1618140 728
1618150 729
1618160 729
1618170 729
1618180 729
1618190 729
1618200 729
1618210 729
1618220 729
1618230 729
1618240 729
1618250 729
1618260 729
1618270 730
1618280 730
1618290 730
1618300 730
1618310 730
1618320 730
1618330 730
1618340 730
1618350 730
1618360 730
1618370 730
1618380 730
1618390 730
1618400 730
1618410 730
1618420 731
1618430 731
1618440 731
1618450 731
1618460 731
1618470 731
1618480 731
1618490 730
1618500 730
1618510 729
1618520 728
1618530 728
1618540 726
1618550 725
1618560 725
1618570 724
1618580 722
1618590 722
1618600 721
1618610 719
1618620 719
1618630 717
1618640 715
1618650 715
1618660 713
1618670 711
1618680 711
1618690 709
1618700 706
1618710 706
1618720 703
1618730 703
1618740 700
1618750 696
1618760 696
1618770 692
1618780 689
1618790 689
1618800 687
1618810 685
1618820 685
1618830 682
1618840 679
1618850 679
1618860 676
1618870 673
1618880 673
1618890 670
1618900 668
1618910 668
1618920 666
1618930 662
1618940 662
1618950 658
1618960 655
1618970 655
1618980 652
1618990 651
1619000 651
1619010 648
1619020 646
1619030 646
1619040 645
1619050 644
1619060 644
1619070 642
1619080 641
1619090 641
1619100 637
1619110 633
1619120 633
1619130 628
1619140 622
1619150 622
1619160 619
1619170 616
1619180 616
1619190 614
1619200 611
1619210 611
1619220 609
1619230 607
1619240 607
1619250 606
1619260 606
1619270 607
1619280 608
1619290 609
1619300 609
1619310 609
1619320 609
1619330 609
1619340 610
1619350 610
1619360 610
1619370 609
1619380 609
1619390 609
1619400 608
1619410 608
1619420 608
1619430 607
1619440 607
1619450 607
1619460 606
1619470 605
1619480 605
1619490 604
1619500 604
1619510 604
1619520 602
1619530 600
1619540 600
1619550 598
1619560 596
1619570 596
1619580 594
1619590 593
1619600 593
1619610 592
1619620 591
1619630 591
1619640 591
1619650 591
1619660 591
1619670 591
1619680 591
1619690 591
1619700 591
1619710 591
1619720 591
1619730 591
1619740 591
1619750 591
1619760 592
1619770 593
1619780 593
1619790 595
1619800 596
1619810 596
1619820 600
1619830 600
1619840 603
1619850 607
1619860 607
1619870 611
1619880 614
1619890 614
1619900 617
1619910 620
1619920 620
1619930 622
1619940 625
1619950 625
1619960 627
1619970 629
1619980 629
1619990 632
