1600000 729
1600010 730
1600020 730
1600030 730
1600040 731
1600050 731
1600060 731
1600070 732
1600080 732
1600090 733
1600100 733
1600110 733
1600120 734
1600130 734
1600140 734
1600150 735
1600160 736
1600170 736
1600180 736
1600190 737
1600200 737
1600210 737
1600220 737
1600230 737
1600240 737
1600250 737
1600260 737
1600270 737
1600280 737
1600290 738
1600300 739
1600310 739
1600320 739
1600330 741
1600340 741
1600350 742
1600360 743
1600370 743
1600380 744
1600390 745
1600400 745
1600410 746
1600420 747
1600430 747
1600440 748
1600450 749
1600460 749
1600470 750
1600480 751
1600490 751
1600500 752
1600510 753
1600520 753
1600530 754
1600540 755
1600550 755
1600560 755
1600570 756
1600580 756
1600590 757
1600600 758
1600610 758
1600620 759
1600630 760
1600640 760
1600650 761
1600660 762
1600670 762
1600680 763
1600690 764
1600700 764
1600710 765
1600720 766
1600730 766
1600740 767
1600750 768
1600760 768
1600770 769
1600780 770
1600790 770
1600800 771
1600810 772
1600820 772
1600830 773
1600840 774
1600850 774
1600860 776
1600870 778
1600880 778
1600890 779
1600900 780
1600910 780
1600920 781
1600930 782
1600940 782
1600950 783
1600960 784
1600970 784
1600980 785
1600990 786
1601000 786
1601010 788
1601020 790
1601030 790
1601040 791
1601050 792
1601060 792
1601070 794
1601080 795
1601090 795
1601100 795
1601110 796
1601120 796
1601130 797
1601140 799
1601150 799
1601160 800
1601170 802
1601180 802
1601190 804
1601200 806
1601210 806
1601220 809
1601230 812
1601240 812
1601250 814
1601260 816
1601270 816
1601280 818
1601290 820
1601300 820
1601310 818
1601320 814
1601330 814
1601340 811
1601350 808
1601360 808
1601370 805
1601380 804
1601390 804
1601400 802
1601410 802
1601420 801
1601430 800
1601440 800
1601450 798
1601460 797
1601470 797
1601480 795
1601490 793
1601500 793
1601510 792
1601520 790
1601530 790
1601540 788
1601550 787
1601560 787
1601570 785
1601580 783
1601590 783
1601600 781
1601610 780
1601620 780
1601630 778
1601640 777
1601650 777
1601660 775
1601670 773
1601680 773
1601690 772
1601700 770
1601710 770
1601720 769
1601730 768
1601740 768
1601750 767
1601760 765
1601770 765
1601780 764
1601790 763
1601800 763
1601810 762
1601820 762
1601830 762
1601840 761
1601850 759
1601860 759
1601870 756
1601880 754
1601890 754
1601900 753
1601910 752
1601920 752
1601930 750
1601940 749
1601950 749
1601960 748
1601970 746
1601980 746
1601990 745
1602000 743
1602010 743
1602020 741
1602030 739
1602040 739
1602050 738
1602060 736
1602070 736
1602080 735
1602090 734
1602100 734
1602110 732
1602120 731
1602130 731
1602140 730
1602150 729
1602160 729
1602170 728
1602180 727
1602190 727
1602200 726
1602210 725
1602220 725
1602230 724
1602240 723
1602250 723
1602260 722
1602270 721
1602280 721
1602290 720
1602300 719
1602310 719
1602320 719
1602330 718
1602340 718
1602350 717
1602360 716
1602370 716
1602380 716
1602390 715
1602400 715
1602410 715
1602420 714
1602430 714
1602440 714
1602450 713
1602460 713
1602470 713
1602480 713
1602490 713
1602500 713
1602510 713
1602520 712
1602530 712
1602540 712
1602550 711
1602560 710
1602570 710
1602580 710
1602590 709
1602600 709
1602610 708
1602620 707
1602630 707
1602640 707
1602650 706
1602660 706
1602670 705
1602680 704
1602690 704
1602700 703
1602710 703
1602720 703
1602730 702
1602740 701
1602750 701
1602760 701
1602770 700
1602780 700
1602790 700
1602800 699
1602810 699
1602820 698
1602830 698
1602840 698
1602850 696
1602860 696
1602870 696
1602880 695
1602890 695
1602900 695
1602910 694
1602920 693
1602930 693
1602940 693
1602950 693
1602960 693
1602970 692
1602980 692
1602990 692
1603000 692
1603010 692
1603020 692
1603030 692
1603040 692
1603050 692
1603060 693
1603070 693
1603080 693
1603090 694
1603100 694
1603110 694
1603120 694
1603130 694
1603140 694
1603150 694
1603160 695
1603170 695
1603180 695
1603190 695
1603200 695
1603210 695
1603220 695
1603230 695
1603240 695
1603250 695
1603260 695
1603270 695
1603280 695
1603290 695
1603300 695
1603310 695
1603320 695
1603330 695
1603340 695
1603350 695
1603360 695
1603370 695
1603380 695
1603390 695
1603400 695
1603410 695
1603420 694
1603430 694
1603440 694
1603450 693
1603460 693
1603470 693
1603480 691
1603490 690
1603500 690
1603510 687
1603520 685
1603530 685
1603540 683
1603550 681
1603560 681
1603570 680
1603580 680
1603590 680
1603600 680
1603610 680
1603620 680
1603630 681
1603640 681
1603650 682
1603660 682
1603670 682
1603680 683
1603690 684
1603700 684
1603710 685
1603720 686
1603730 686
1603740 687
1603750 689
1603760 689
1603770 690
1603780 691
1603790 691
1603800 692
1603810 693
1603820 693
1603830 694
1603840 695
1603850 695
1603860 696
1603870 697
1603880 697
1603890 698
1603900 699
1603910 699
1603920 700
1603930 701
1603940 701
1603950 702
1603960 703
1603970 703
1603980 704
1603990 705
1604000 705
1604010 706
1604020 707
1604030 707
1604040 708
1604050 709
1604060 709
1604070 710
1604080 711
1604090 711
1604100 711
1604110 712
1604120 712
1604130 712
1604140 713
1604150 713
1604160 714
1604170 714
1604180 714
1604190 714
1604200 715
1604210 715
1604220 715
1604230 716
1604240 716
1604250 716
1604260 717
1604270 717
1604280 717
1604290 717
1604300 717
1604310 718
1604320 718
1604330 718
1604340 719
1604350 719
1604360 719
1604370 719
1604380 719
1604390 719
1604400 720
1604410 720
1604420 720
1604430 720
1604440 721
1604450 721
1604460 721
1604470 721
1604480 721
1604490 721
1604500 721
1604510 721
1604520 720
1604530 720
1604540 720
1604550 720
1604560 719
1604570 719
1604580 718
1604590 718
1604600 718
1604610 717
1604620 716
1604630 716
1604640 715
1604650 715
1604660 715
1604670 714
1604680 713
1604690 713
1604700 712
1604710 712
1604720 710
1604730 709
1604740 709
1604750 707
1604760 706
1604770 706
1604780 704
1604790 703
1604800 703
1604810 703
1604820 703
1604830 703
1604840 703
1604850 702
1604860 702
1604870 702
1604880 703
1604890 703
1604900 703
1604910 704
1604920 704
1604930 704
1604940 704
1604950 704
1604960 705
1604970 705
1604980 705
1604990 706
1605000 707
1605010 707
1605020 708
1605030 709
1605040 709
1605050 710
1605060 711
1605070 711
1605080 712
1605090 713
1605100 713
1605110 714
1605120 714
1605130 714
1605140 715
1605150 715
1605160 715
1605170 716
1605180 716
1605190 716
1605200 716
1605210 717
1605220 717
1605230 718
1605240 719
1605250 719
1605260 720
1605270 720
1605280 720
1605290 721
1605300 722
1605310 722
1605320 723
1605330 724
1605340 724
1605350 725
1605360 725
1605370 725
1605380 727
1605390 728
1605400 728
1605410 731
1605420 733
1605430 733
1605440 734
1605450 735
1605460 735
1605470 737
1605480 738
1605490 738
1605500 739
1605510 741
1605520 741
1605530 742
1605540 743
1605550 743
1605560 744
1605570 745
1605580 745
1605590 746
1605600 748
1605610 748
1605620 749
1605630 751
1605640 751
1605650 752
1605660 753
1605670 753
1605680 754
1605690 755
1605700 755
1605710 756
1605720 758
1605730 758
1605740 761
1605750 761
1605760 761
1605770 761
1605780 762
1605790 762
1605800 761
1605810 761
1605820 760
1605830 759
1605840 759
1605850 758
1605860 757
1605870 757
1605880 756
1605890 753
1605900 753
1605910 752
1605920 750
1605930 750
1605940 749
1605950 748
1605960 748
1605970 746
1605980 745
1605990 745
1606000 745
1606010 744
1606020 744
1606030 744
1606040 744
1606050 744
1606060 744
1606070 744
1606080 744
1606090 744
1606100 744
1606110 744
1606120 744
1606130 744
1606140 744
1606150 744
1606160 744
1606170 744
1606180 744
1606190 744
1606200 744
1606210 744
1606220 744
1606230 744
1606240 743
1606250 743
1606260 743
1606270 743
1606280 742
1606290 742
1606300 742
1606310 742
1606320 742
1606330 741
1606340 739
1606350 739
1606360 737
1606370 735
1606380 735
1606390 734
1606400 734
1606410 734
1606420 733
1606430 732
1606440 732
1606450 731
1606460 729
1606470 729
1606480 728
1606490 727
1606500 727
1606510 726
1606520 725
1606530 725
1606540 725
1606550 724
1606560 724
1606570 724
1606580 723
1606590 723
1606600 723
1606610 723
1606620 723
1606630 722
1606640 721
1606650 721
1606660 719
1606670 718
1606680 718
1606690 718
1606700 717
1606710 717
1606720 717
1606730 717
1606740 717
1606750 717
1606760 716
1606770 716
1606780 716
1606790 716
1606800 716
1606810 715
1606820 714
1606830 714
1606840 713
1606850 711
1606860 711
1606870 710
1606880 709
1606890 709
1606900 708
1606910 708
1606920 707
1606930 706
1606940 706
1606950 705
1606960 703
1606970 703
1606980 702
1606990 701
1607000 701
1607010 699
1607020 698
1607030 698
1607040 697
1607050 696
1607060 696
1607070 694
1607080 692
1607090 692
1607100 691
1607110 689
1607120 689
1607130 685
1607140 682
1607150 682
1607160 680
1607170 679
1607180 679
1607190 679
1607200 678
1607210 678
1607220 678
1607230 679
1607240 679
1607250 680
1607260 682
1607270 682
1607280 684
1607290 685
1607300 685
1607310 685
1607320 685
1607330 685
1607340 684
1607350 684
1607360 684
1607370 684
1607380 684
1607390 684
1607400 685
1607410 684
1607420 684
1607430 685
1607440 686
1607450 686
1607460 687
1607470 688
1607480 688
1607490 689
1607500 690
1607510 690
1607520 692
1607530 695
1607540 695
1607550 697
1607560 700
1607570 700
1607580 702
1607590 704
1607600 704
1607610 707
1607620 711
1607630 711
1607640 714
1607650 717
1607660 717
1607670 719
1607680 720
1607690 720
1607700 721
1607710 723
1607720 723
1607730 722
1607740 718
1607750 718
1607760 714
1607770 710
1607780 710
1607790 707
1607800 705
1607810 705
1607820 703
1607830 701
1607840 701
1607850 700
1607860 698
1607870 698
1607880 697
1607890 695
1607900 695
1607910 694
1607920 693
1607930 693
1607940 690
1607950 688
1607960 688
1607970 686
1607980 684
1607990 684
1608000 683
1608010 683
1608020 681
1608030 679
1608040 679
1608050 677
1608060 675
1608070 675
1608080 674
1608090 672
1608100 672
1608110 670
1608120 668
1608130 668
1608140 666
1608150 664
1608160 664
1608170 662
1608180 660
1608190 660
1608200 659
1608210 658
1608220 658
1608230 657
1608240 655
1608250 655
1608260 654
1608270 653
1608280 653
1608290 652
1608300 652
1608310 652
1608320 651
1608330 650
1608340 650
1608350 650
1608360 649
1608370 649
1608380 649
1608390 648
1608400 648
1608410 648
1608420 648
1608430 648
1608440 647
1608450 647
1608460 647
1608470 644
1608480 644
1608490 644
1608500 644
1608510 644
1608520 644
1608530 643
1608540 643
1608550 643
1608560 643
1608570 643
1608580 643
1608590 643
1608600 643
1608610 643
1608620 644
1608630 644
1608640 644
1608650 644
1608660 643
1608670 643
1608680 643
1608690 644
1608700 644
1608710 644
1608720 644
1608730 644
1608740 644
1608750 644
1608760 644
1608770 643
1608780 641
1608790 641
1608800 641
1608810 639
1608820 639
1608830 638
1608840 636
1608850 636
1608860 634
1608870 633
1608880 633
1608890 632
1608900 630
1608910 630
1608920 629
1608930 628
1608940 628
1608950 627
1608960 626
1608970 626
1608980 626
1608990 625
1609000 625
1609010 624
1609020 623
1609030 623
1609040 623
1609050 622
1609060 622
1609070 621
1609080 620
1609090 620
1609100 619
1609110 619
1609120 619
1609130 618
1609140 618
1609150 618
1609160 617
1609170 617
1609180 617
1609190 616
1609200 616
1609210 616
1609220 615
1609230 615
1609240 614
1609250 613
1609260 613
1609270 612
1609280 611
1609290 611
1609300 610
1609310 607
1609320 607
1609330 604
1609340 599
1609350 599
1609360 594
1609370 590
1609380 590
1609390 586
1609400 582
1609410 582
1609420 581
1609430 580
1609440 580
1609450 579
1609460 578
1609470 578
1609480 578
1609490 577
1609500 577
1609510 575
1609520 574
1609530 574
1609540 573
1609550 573
1609560 573
1609570 572
1609580 571
1609590 571
1609600 571
1609610 573
1609620 573
1609630 574
1609640 575
1609650 575
1609660 574
1609670 571
1609680 571
1609690 569
1609700 569
1609710 569
1609720 569
1609730 568
1609740 568
1609750 568
1609760 568
1609770 568
1609780 568
1609790 567
1609800 567
1609810 566
1609820 566
1609830 566
1609840 565
1609850 565
1609860 565
1609870 565
1609880 564
1609890 564
1609900 564
1609910 563
1609920 563
1609930 562
1609940 561
1609950 561
1609960 561
1609970 560
1609980 560
1609990 560
1610000 559
1610010 559
1610020 559
1610030 559
1610040 559
1610050 559
1610060 559
1610070 559
1610080 559
1610090 559
1610100 559
1610110 559
1610120 559
1610130 559
1610140 559
1610150 558
1610160 558
1610170 558
1610180 558
1610190 558
1610200 558
1610210 558
1610220 558
1610230 558
1610240 558
1610250 558
1610260 558
1610270 558
1610280 558
1610290 558
1610300 558
1610310 558
1610320 557
1610330 557
1610340 557
1610350 557
1610360 557
1610370 557
1610380 558
1610390 558
1610400 558
1610410 558
1610420 558
1610430 558
1610440 559
1610450 559
1610460 559
1610470 559
1610480 559
1610490 559
1610500 559
1610510 559
1610520 559
1610530 559
1610540 559
1610550 559
1610560 559
1610570 559
1610580 559
1610590 559
1610600 559
1610610 560
1610620 561
1610630 561
1610640 563
1610650 564
1610660 564
1610670 566
1610680 569
1610690 569
1610700 573
1610710 577
1610720 577
1610730 581
1610740 584
1610750 584
1610760 586
1610770 589
1610780 589
1610790 592
1610800 593
1610810 593
1610820 595
1610830 596
1610840 596
1610850 597
1610860 597
1610870 597
1610880 598
1610890 598
1610900 598
1610910 599
1610920 599
1610930 599
1610940 599
1610950 600
1610960 600
1610970 600
1610980 600
1610990 600
1611000 600
1611010 600
1611020 600
1611030 601
1611040 601
1611050 601
1611060 601
1611070 601
1611080 601
1611090 602
1611100 602
1611110 602
1611120 602
1611130 602
1611140 602
1611150 602
1611160 602
1611170 602
1611180 602
1611190 602
1611200 602
1611210 602
1611220 602
1611230 602
1611240 602
1611250 602
1611260 602
1611270 602
1611280 602
1611290 602
1611300 602
1611310 602
1611320 602
1611330 602
1611340 602
1611350 601
1611360 601
1611370 601
1611380 601
1611390 600
1611400 600
1611410 600
1611420 599
1611430 599
1611440 599
1611450 598
1611460 598
1611470 597
1611480 595
1611490 595
1611500 593
1611510 593
1611520 593
1611530 591
1611540 590
1611550 590
1611560 589
1611570 588
1611580 589
1611590 590
1611600 592
1611610 592
1611620 595
1611630 597
1611640 597
1611650 599
1611660 602
1611670 602
1611680 603
1611690 605
1611700 605
1611710 606
1611720 607
1611730 607
1611740 609
1611750 610
1611760 610
1611770 611
1611780 612
1611790 612
1611800 613
1611810 614
1611820 614
1611830 615
1611840 616
1611850 616
1611860 617
1611870 618
1611880 618
1611890 619
1611900 620
1611910 620
1611920 621
1611930 622
1611940 622
1611950 623
1611960 624
1611970 624
1611980 625
1611990 626
1612000 626
1612010 627
1612020 628
1612030 628
1612040 629
1612050 630
1612060 630
1612070 631
1612080 631
1612090 631
1612100 630
1612110 630
1612120 630
1612130 629
1612140 628
1612150 628
1612160 627
1612170 626
1612180 626
1612190 625
1612200 624
1612210 624
1612220 623
1612230 621
1612240 621
1612250 620
1612260 618
1612270 618
1612280 617
1612290 615
1612300 615
1612310 613
1612320 612
1612330 612
1612340 610
1612350 608
1612360 608
1612370 606
1612380 604
1612390 604
1612400 601
1612410 601
1612420 599
1612430 597
1612440 597
1612450 595
1612460 592
1612470 592
1612480 590
1612490 588
1612500 588
1612510 586
1612520 584
1612530 584
1612540 582
1612550 581
1612560 581
1612570 579
1612580 577
1612590 577
1612600 575
1612610 573
1612620 573
1612630 572
1612640 571
1612650 571
1612660 570
1612670 569
1612680 569
1612690 569
1612700 568
1612710 568
1612720 567
1612730 566
1612740 566
1612750 566
1612760 565
1612770 565
1612780 564
1612790 564
1612800 564
1612810 563
1612820 563
1612830 563
1612840 563
1612850 563
1612860 563
1612870 562
1612880 562
1612890 562
1612900 561
1612910 561
1612920 561
1612930 561
1612940 561
1612950 561
1612960 561
1612970 561
1612980 561
1612990 561
1613000 561
1613010 561
1613020 562
1613030 562
1613040 562
1613050 563
1613060 563
1613070 563
1613080 564
1613090 564
1613100 564
1613110 564
1613120 563
1613130 563
1613140 563
1613150 563
1613160 563
1613170 563
1613180 563
1613190 563
1613200 563
1613210 563
1613220 563
1613230 562
1613240 562
1613250 562
1613260 561
1613270 560
1613280 560
1613290 560
1613300 560
1613310 560
1613320 560
1613330 560
1613340 560
1613350 560
1613360 560
1613370 560
1613380 560
1613390 559
1613400 559
1613410 559
1613420 559
1613430 559
1613440 559
1613450 558
1613460 558
1613470 558
1613480 557
1613490 557
1613500 557
1613510 557
1613520 557
1613530 557
1613540 557
1613550 556
1613560 556
1613570 556
1613580 556
1613590 556
1613600 556
1613610 555
1613620 556
1613630 556
1613640 555
1613650 555
1613660 555
1613670 555
1613680 554
1613690 554
1613700 554
1613710 554
1613720 554
1613730 553
1613740 552
1613750 552
1613760 552
1613770 552
1613780 552
1613790 552
1613800 552
1613810 552
1613820 552
1613830 552
1613840 552
1613850 551
1613860 551
1613870 551
1613880 551
1613890 551
1613900 551
1613910 550
1613920 550
1613930 550
1613940 550
1613950 550
1613960 550
1613970 550
1613980 549
1613990 549
1614000 549
1614010 548
1614020 548
1614030 548
1614040 548
1614050 548
1614060 548
1614070 548
1614080 548
1614090 548
1614100 548
1614110 548
1614120 548
1614130 548
1614140 548
1614150 548
1614160 548
1614170 548
1614180 548
1614190 548
1614200 548
1614210 548
1614220 548
1614230 548
1614240 548
1614250 548
1614260 548
1614270 548
1614280 548
1614290 548
1614300 548
1614310 548
1614320 548
1614330 547
1614340 548
1614350 548
1614360 548
1614370 547
1614380 547
1614390 547
1614400 547
1614410 547
1614420 547
1614430 547
1614440 547
1614450 546
1614460 546
1614470 546
1614480 546
1614490 546
1614500 546
1614510 546
1614520 546
1614530 546
1614540 546
1614550 546
1614560 546
1614570 546
1614580 545
1614590 545
1614600 545
1614610 545
1614620 545
1614630 545
1614640 545
1614650 545
1614660 545
1614670 545
1614680 545
1614690 545
1614700 545
1614710 545
1614720 545
1614730 545
1614740 545
1614750 544
1614760 544
1614770 542
1614780 541
1614790 541
1614800 542
1614810 542
1614820 542
1614830 541
1614840 541
1614850 541
1614860 541
1614870 541
1614880 541
1614890 541
1614900 540
1614910 540
1614920 540
1614930 541
1614940 541
1614950 541
1614960 541
1614970 541
1614980 541
1614990 542
1615000 542
1615010 542
1615020 543
1615030 543
1615040 545
1615050 547
1615060 547
1615070 550
1615080 552
1615090 552
1615100 553
1615110 555
1615120 555
1615130 556
1615140 557
1615150 557
1615160 557
1615170 557
1615180 557
1615190 557
1615200 557
1615210 557
1615220 557
1615230 557
1615240 557
1615250 557
1615260 557
1615270 557
1615280 557
1615290 557
1615300 557
1615310 558
1615320 558
1615330 558
1615340 558
1615350 559
1615360 559
1615370 559
1615380 560
1615390 560
1615400 560
1615410 561
1615420 561
1615430 561
1615440 562
1615450 562
1615460 562
1615470 562
1615480 562
1615490 563
1615500 563
1615510 563
1615520 563
1615530 563
1615540 563
1615550 564
1615560 564
1615570 564
1615580 565
1615590 565
1615600 565
1615610 566
1615620 567
1615630 565
1615640 566
1615650 567
1615660 567
1615670 567
1615680 568
1615690 568
1615700 568
1615710 568
1615720 569
1615730 569
1615740 569
1615750 569
1615760 570
1615770 570
1615780 570
1615790 571
1615800 571
1615810 571
1615820 572
1615830 572
1615840 573
1615850 574
1615860 574
1615870 575
1615880 576
1615890 576
1615900 577
1615910 578
1615920 578
1615930 579
1615940 580
1615950 580
1615960 581
1615970 582
1615980 582
1615990 583
1616000 585
1616010 585
1616020 586
1616030 587
1616040 587
1616050 588
1616060 588
1616070 588
1616080 589
1616090 590
1616100 590
1616110 591
1616120 592
1616130 592
1616140 592
1616150 593
1616160 593
1616170 594
1616180 595
1616190 595
1616200 596
1616210 597
1616220 597
1616230 598
1616240 599
1616250 599
1616260 600
1616270 601
1616280 601
1616290 603
1616300 604
1616310 604
1616320 605
1616330 606
1616340 606
1616350 607
1616360 609
1616370 609
1616380 610
1616390 611
1616400 611
1616410 613
1616420 614
1616430 614
1616440 616
1616450 617
1616460 617
1616470 618
1616480 619
1616490 619
1616500 620
1616510 621
1616520 621
1616530 622
1616540 622
1616550 622
1616560 623
1616570 625
1616580 625
1616590 627
1616600 629
1616610 629
1616620 628
1616630 630
1616640 630
1616650 631
1616660 633
1616670 633
1616680 636
1616690 638
1616700 638
1616710 638
1616720 640
1616730 640
1616740 643
1616750 646
1616760 646
1616770 648
1616780 650
1616790 650
1616800 652
1616810 652
1616820 654
1616830 657
1616840 657
1616850 659
1616860 662
1616870 662
1616880 664
1616890 666
1616900 666
1616910 669
1616920 671
1616930 671
1616940 674
1616950 676
1616960 676
1616970 679
1616980 681
1616990 681
1617000 683
1617010 684
1617020 684
1617030 685
1617040 686
1617050 686
1617060 687
1617070 689
1617080 689
1617090 690
1617100 691
1617110 691
1617120 692
1617130 693
1617140 693
1617150 694
1617160 695
1617170 695
1617180 696
1617190 697
1617200 697
1617210 698
1617220 700
1617230 700
1617240 701
1617250 702
1617260 702
1617270 703
1617280 704
1617290 704
1617300 706
1617310 707
1617320 707
1617330 708
1617340 708
1617350 708
1617360 708
1617370 707
1617380 707
1617390 707
1617400 706
1617410 706
1617420 706
1617430 705
1617440 705
1617450 706
1617460 706
1617470 706
1617480 706
1617490 705
1617500 705
1617510 705
1617520 704
1617530 704
1617540 704
1617550 704
1617560 704
1617570 704
1617580 704
1617590 704
1617600 704
1617610 704
1617620 704
1617630 704
1617640 703
1617650 703
1617660 703
1617670 703
1617680 703
1617690 703
1617700 702
1617710 702
1617720 702
1617730 702
1617740 702
1617750 702
1617760 702
1617770 702
1617780 701
1617790 701
1617800 701
1617810 701
1617820 701
1617830 701
1617840 700
1617850 700
1617860 700
1617870 700
1617880 700
1617890 700
1617900 700
1617910 700
1617920 700
1617930 699
1617940 699
1617950 699
1617960 699
1617970 699
1617980 699
1617990 699
1618000 699
1618010 699
1618020 699
1618030 699
1618040 699
1618050 699
1618060 699
1618070 699
1618080 700
1618090 700
1618100 700
1618110 700
1618120 700
1618130 700
1618140 700
1618150 700
1618160 700
1618170 701
1618180 701
1618190 701
1618200 701
1618210 701
1618220 701
1618230 702
1618240 702
1618250 702
1618260 702
1618270 702
1618280 702
1618290 702
1618300 702
1618310 702
1618320 702
1618330 702
1618340 702
1618350 703
1618360 703
1618370 702
1618380 702
1618390 702
1618400 702
1618410 702
1618420 702
1618430 701
1618440 701
1618450 701
1618460 699
1618470 699
1618480 699
1618490 698
1618500 697
1618510 697
1618520 696
1618530 695
1618540 695
1618550 694
1618560 692
1618570 692
1618580 690
1618590 688
1618600 688
1618610 687
1618620 685
1618630 685
1618640 684
1618650 683
1618660 683
1618670 681
1618680 680
1618690 680
1618700 679
1618710 677
1618720 677
1618730 676
1618740 674
1618750 674
1618760 673
1618770 671
1618780 671
1618790 669
1618800 668
1618810 668
1618820 666
1618830 665
1618840 665
1618850 662
1618860 660
1618870 660
1618880 658
1618890 656
1618900 656
1618910 654
1618920 652
1618930 652
1618940 650
1618950 648
1618960 648
1618970 646
1618980 646
1618990 644
1619000 642
1619010 642
1619020 640
1619030 638
1619040 638
1619050 636
1619060 634
1619070 634
1619080 632
1619090 629
1619100 629
1619110 627
1619120 624
1619130 624
1619140 621
1619150 620
1619160 620
1619170 619
1619180 617
1619190 617
1619200 615
1619210 612
1619220 612
1619230 609
1619240 609
1619250 609
1619260 611
1619270 614
1619280 614
1619290 616
1619300 619
1619310 619
1619320 621
1619330 623
1619340 623
1619350 624
1619360 624
1619370 624
1619380 625
1619390 625
1619400 625
1619410 625
1619420 626
1619430 626
1619440 626
1619450 626
1619460 626
1619470 626
1619480 626
1619490 626
1619500 626
1619510 626
1619520 626
1619530 626
1619540 626
1619550 626
1619560 625
1619570 625
1619580 625
1619590 623
1619600 621
1619610 621
1619620 619
1619630 617
1619640 617
1619650 616
1619660 615
1619670 615
1619680 613
1619690 612
1619700 612
1619710 611
1619720 611
1619730 611
1619740 609
1619750 608
1619760 608
1619770 606
1619780 604
1619790 604
1619800 603
1619810 602
1619820 602
1619830 601
1619840 601
1619850 601
1619860 601
1619870 601
1619880 601
1619890 602
1619900 606
1619910 606
1619920 609
1619930 612
1619940 612
1619950 615
1619960 616
1619970 616
1619980 617
1619990 617
