1600000 697
1600010 696
1600020 696
1600030 696
1600040 696
1600050 695
1600060 695
1600070 694
1600080 693
1600090 693
1600100 693
1600110 692
1600120 692
1600130 692
1600140 693
1600150 693
1600160 694
1600170 694
1600180 694
1600190 695
1600200 695
1600210 695
1600220 696
1600230 696
1600240 696
1600250 696
1600260 697
1600270 697
1600280 697
1600290 697
1600300 697
1600310 697
1600320 697
1600330 697
1600340 698
1600350 698
1600360 698
1600370 698
1600380 698
1600390 698
1600400 698
1600410 698
1600420 698
1600430 698
1600440 698
1600450 698
1600460 698
1600470 698
1600480 698
1600490 698
1600500 698
1600510 698
1600520 698
1600530 698
1600540 698
1600550 698
1600560 698
1600570 698
1600580 697
1600590 697
1600600 697
1600610 697
1600620 697
1600630 697
1600640 696
1600650 696
1600660 696
1600670 696
1600680 696
1600690 696
1600700 696
1600710 696
1600720 696
1600730 696
1600740 696
1600750 695
1600760 695
1600770 695
1600780 695
1600790 695
1600800 695
1600810 695
1600820 695
1600830 695
1600840 695
1600850 695
1600860 695
1600870 695
1600880 695
1600890 695
1600900 695
1600910 695
1600920 695
1600930 695
1600940 694
1600950 694
1600960 694
1600970 694
1600980 694
1600990 694
1601000 694
1601010 694
1601020 693
1601030 693
1601040 693
1601050 693
1601060 693
1601070 693
1601080 693
1601090 693
1601100 693
1601110 693
1601120 692
1601130 692
1601140 692
1601150 692
1601160 692
1601170 692
1601180 692
1601190 692
1601200 692
1601210 691
1601220 691
1601230 691
1601240 691
1601250 691
1601260 691
1601270 691
1601280 691
1601290 690
1601300 690
1601310 690
1601320 690
1601330 690
1601340 690
1601350 689
1601360 689
1601370 689
1601380 689
1601390 689
1601400 689
1601410 689
1601420 689
1601430 689
1601440 689
1601450 689
1601460 689
1601470 689
1601480 689
1601490 689
1601500 689
1601510 689
1601520 689
1601530 689
1601540 689
1601550 689
1601560 689
1601570 689
1601580 689
1601590 689
1601600 689
1601610 689
1601620 689
1601630 689
1601640 688
1601650 688
1601660 688
1601670 687
1601680 686
1601690 686
1601700 684
1601710 681
1601720 681
1601730 679
1601740 676
1601750 676
1601760 673
1601770 670
1601780 670
1601790 667
1601800 665
1601810 665
1601820 662
1601830 661
1601840 661
1601850 661
1601860 661
1601870 661
1601880 661
1601890 661
1601900 661
1601910 662
1601920 662
1601930 662
1601940 662
1601950 663
1601960 663
1601970 664
1601980 666
1601990 666
1602000 669
1602010 671
1602020 671
1602030 674
1602040 675
1602050 675
1602060 676
1602070 678
1602080 678
1602090 679
1602100 680
1602110 680
1602120 682
1602130 683
1602140 683
1602150 684
1602160 686
1602170 686
1602180 687
1602190 689
1602200 689
1602210 689
1602220 690
1602230 690
1602240 690
1602250 690
1602260 690
1602270 690
1602280 690
1602290 690
1602300 690
1602310 689
1602320 689
1602330 689
1602340 689
1602350 689
1602360 689
1602370 690
1602380 690
1602390 690
1602400 691
1602410 691
1602420 692
1602430 692
1602440 692
1602450 694
1602460 696
1602470 696
1602480 698
1602490 699
1602500 699
1602510 699
1602520 699
1602530 700
1602540 700
1602550 700
1602560 699
1602570 699
1602580 699
1602590 699
1602600 698
1602610 698
1602620 698
1602630 698
1602640 698
1602650 697
1602660 697
1602670 697
1602680 697
1602690 697
1602700 697
1602710 697
1602720 697
1602730 697
1602740 697
1602750 697
1602760 697
1602770 696
1602780 696
1602790 696
1602800 697
1602810 697
1602820 697
1602830 697
1602840 697
1602850 697
1602860 697
1602870 697
1602880 697
1602890 697
1602900 697
1602910 697
1602920 698
1602930 698
1602940 698
1602950 698
1602960 698
1602970 698
1602980 698
1602990 699
1603000 699
1603010 699
1603020 699
1603030 699
1603040 699
1603050 700
1603060 700
1603070 700
1603080 700
1603090 700
1603100 700
1603110 701
1603120 701
1603130 701
1603140 701
1603150 701
1603160 702
1603170 702
1603180 702
1603190 702
1603200 703
1603210 703
1603220 703
1603230 704
1603240 704
1603250 705
1603260 706
1603270 706
1603280 706
1603290 706
1603300 706
1603310 707
1603320 707
1603330 707
1603340 707
1603350 708
1603360 708
1603370 708
1603380 709
1603390 709
1603400 709
1603410 710
1603420 710
1603430 711
1603440 712
1603450 712
1603460 713
1603470 713
1603480 713
1603490 713
1603500 712
1603510 712
1603520 712
1603530 712
1603540 712
1603550 710
1603560 710
1603570 709
1603580 709
1603590 709
1603600 708
1603610 707
1603620 707
1603630 707
1603640 707
1603650 707
1603660 706
1603670 706
1603680 706
1603690 705
1603700 704
1603710 704
1603720 704
1603730 704
1603740 704
1603750 703
1603760 703
1603770 703
1603780 703
1603790 702
1603800 702
1603810 702
1603820 702
1603830 702
1603840 701
1603850 701
1603860 701
1603870 701
1603880 701
1603890 701
1603900 701
1603910 701
1603920 701
1603930 700
1603940 700
1603950 700
1603960 699
1603970 698
1603980 698
1603990 698
1604000 697
1604010 697
1604020 696
1604030 695
1604040 695
1604050 695
1604060 694
1604070 694
1604080 694
1604090 693
1604100 693
1604110 692
1604120 692
1604130 692
1604140 691
1604150 690
1604160 690
1604170 689
1604180 689
1604190 689
1604200 688
1604210 687
1604220 687
1604230 687
1604240 686
1604250 686
1604260 685
1604270 685
1604280 685
1604290 684
1604300 683
1604310 683
1604320 682
1604330 681
1604340 681
1604350 680
1604360 679
1604370 679
1604380 678
1604390 677
1604400 677
1604410 675
1604420 674
1604430 674
1604440 674
1604450 673
1604460 673
1604470 673
1604480 672
1604490 672
1604500 671
1604510 671
1604520 671
1604530 670
1604540 670
1604550 669
1604560 668
1604570 668
1604580 667
1604590 667
1604600 667
1604610 666
1604620 665
1604630 665
1604640 665
1604650 665
1604660 665
1604670 664
1604680 663
1604690 663
1604700 663
1604710 662
1604720 662
1604730 662
1604740 661
1604750 661
1604760 661
1604770 661
1604780 661
1604790 660
1604800 660
1604810 660
1604820 660
1604830 660
1604840 660
1604850 659
1604860 659
1604870 659
1604880 659
1604890 659
1604900 659
1604910 658
1604920 658
1604930 658
1604940 658
1604950 658
1604960 658
1604970 657
1604980 657
1604990 657
1605000 657
1605010 656
1605020 656
1605030 656
1605040 655
1605050 655
1605060 655
1605070 655
1605080 655
1605090 654
1605100 654
1605110 654
1605120 653
1605130 653
1605140 653
1605150 652
1605160 652
1605170 652
1605180 651
1605190 650
1605200 650
1605210 649
1605220 647
1605230 647
1605240 646
1605250 645
1605260 645
1605270 642
1605280 641
1605290 641
1605300 640
1605310 640
1605320 640
1605330 640
1605340 640
1605350 640
1605360 641
1605370 643
1605380 643
1605390 644
1605400 645
1605410 645
1605420 646
1605430 647
1605440 647
1605450 648
1605460 648
1605470 648
1605480 648
1605490 648
1605500 648
1605510 647
1605520 647
1605530 647
1605540 645
1605550 645
1605560 644
1605570 641
1605580 641
1605590 640
1605600 641
1605610 641
1605620 643
1605630 644
1605640 644
1605650 645
1605660 646
1605670 646
1605680 647
1605690 647
1605700 647
1605710 648
1605720 649
1605730 649
1605740 650
1605750 650
1605760 650
1605770 651
1605780 651
1605790 651
1605800 652
1605810 652
1605820 652
1605830 653
1605840 654
1605850 654
1605860 654
1605870 655
1605880 655
1605890 655
1605900 656
1605910 656
1605920 657
1605930 657
1605940 657
1605950 658
1605960 659
1605970 659
1605980 659
1605990 660
1606000 660
1606010 661
1606020 661
1606030 661
1606040 662
1606050 662
1606060 662
1606070 663
1606080 663
1606090 663
1606100 664
1606110 664
1606120 664
1606130 665
1606140 666
1606150 666
1606160 666
1606170 667
1606180 667
1606190 668
1606200 668
1606210 668
1606220 669
1606230 670
1606240 670
1606250 670
1606260 671
1606270 671
1606280 672
1606290 672
1606300 672
1606310 673
1606320 673
1606330 673
1606340 674
1606350 674
1606360 674
1606370 674
1606380 675
1606390 675
1606400 675
1606410 675
1606420 675
1606430 675
1606440 675
1606450 675
1606460 675
1606470 675
1606480 675
1606490 675
1606500 675
1606510 675
1606520 675
1606530 675
1606540 675
1606550 675
1606560 675
1606570 675
1606580 675
1606590 675
1606600 675
1606610 674
1606620 674
1606630 673
1606640 671
1606650 671
1606660 669
1606670 666
1606680 666
1606690 664
1606700 664
1606710 664
1606720 664
1606730 664
1606740 664
1606750 665
1606760 667
1606770 667
1606780 668
1606790 670
1606800 670
1606810 671
1606820 672
1606830 672
1606840 672
1606850 674
1606860 674
1606870 675
1606880 676
1606890 676
1606900 677
1606910 678
1606920 678
1606930 679
1606940 680
1606950 680
1606960 681
1606970 682
1606980 682
1606990 682
1607000 683
1607010 683
1607020 682
1607030 682
1607040 682
1607050 681
1607060 680
1607070 680
1607080 680
1607090 679
1607100 679
1607110 678
1607120 678
1607130 678
1607140 677
1607150 677
1607160 677
1607170 676
1607180 676
1607190 676
1607200 676
1607210 675
1607220 675
1607230 675
1607240 675
1607250 675
1607260 674
1607270 674
1607280 674
1607290 673
1607300 673
1607310 673
1607320 673
1607330 672
1607340 672
1607350 672
1607360 672
1607370 672
1607380 672
1607390 671
1607400 671
1607410 671
1607420 671
1607430 671
1607440 672
1607450 672
1607460 672
1607470 672
1607480 672
1607490 672
1607500 673
1607510 673
1607520 673
1607530 674
1607540 674
1607550 674
1607560 675
1607570 675
1607580 675
1607590 675
1607600 675
1607610 676
1607620 676
1607630 676
1607640 677
1607650 677
1607660 677
1607670 677
1607680 677
1607690 677
1607700 677
1607710 678
1607720 678
1607730 678
1607740 678
1607750 678
1607760 678
1607770 679
1607780 679
1607790 679
1607800 679
1607810 679
1607820 679
1607830 679
1607840 679
1607850 680
1607860 679
1607870 679
1607880 679
1607890 680
1607900 680
1607910 680
1607920 680
1607930 680
1607940 680
1607950 680
1607960 680
1607970 680
1607980 679
1607990 679
1608000 679
1608010 679
1608020 679
1608030 679
1608040 679
1608050 679
1608060 679
1608070 679
1608080 679
1608090 679
1608100 679
1608110 679
1608120 679
1608130 679
1608140 679
1608150 678
1608160 678
1608170 678
1608180 678
1608190 677
1608200 677
1608210 677
1608220 677
1608230 677
1608240 676
1608250 676
1608260 676
1608270 675
1608280 675
1608290 675
1608300 674
1608310 673
1608320 673
1608330 673
1608340 672
1608350 672
1608360 672
1608370 671
1608380 671
1608390 670
1608400 670
1608410 670
1608420 669
1608430 669
1608440 669
1608450 668
1608460 667
1608470 667
1608480 667
1608490 666
1608500 666
1608510 665
1608520 665
1608530 664
1608540 663
1608550 663
1608560 663
1608570 662
1608580 662
1608590 661
1608600 659
1608610 659
1608620 657
1608630 654
1608640 654
1608650 652
1608660 649
1608670 649
1608680 646
1608690 643
1608700 643
1608710 640
1608720 638
1608730 638
1608740 636
1608750 634
1608760 634
1608770 631
1608780 628
1608790 628
1608800 624
1608810 620
1608820 620
1608830 617
1608840 615
1608850 615
1608860 613
1608870 610
1608880 610
1608890 608
1608900 606
1608910 606
1608920 604
1608930 603
1608940 603
1608950 602
1608960 600
1608970 600
1608980 599
1608990 597
1609000 597
1609010 596
1609020 596
1609030 596
1609040 595
1609050 593
1609060 593
1609070 592
1609080 591
1609090 591
1609100 589
1609110 590
1609120 590
1609130 591
1609140 591
1609150 591
1609160 592
1609170 595
1609180 595
1609190 600
1609200 605
1609210 605
1609220 610
1609230 615
1609240 615
1609250 620
1609260 624
1609270 624
1609280 628
1609290 631
1609300 631
1609310 634
1609320 636
1609330 636
1609340 639
1609350 642
1609360 642
1609370 643
1609380 645
1609390 645
1609400 647
1609410 649
1609420 649
1609430 650
1609440 652
1609450 652
1609460 653
1609470 655
1609480 655
1609490 656
1609500 657
1609510 657
1609520 658
1609530 658
1609540 658
1609550 659
1609560 659
1609570 660
1609580 661
1609590 661
1609600 662
1609610 663
1609620 663
1609630 663
1609640 664
1609650 664
1609660 664
1609670 665
1609680 665
1609690 665
1609700 666
1609710 666
1609720 666
1609730 667
1609740 667
1609750 668
1609760 668
1609770 668
1609780 669
1609790 669
1609800 669
1609810 670
1609820 670
1609830 670
1609840 670
1609850 671
1609860 671
1609870 671
1609880 671
1609890 671
1609900 672
1609910 672
1609920 672
1609930 673
1609940 673
1609950 673
1609960 675
1609970 675
1609980 675
1609990 676
1610000 677
1610010 677
1610020 678
1610030 679
1610040 679
1610050 679
1610060 680
1610070 680
1610080 681
1610090 681
1610100 681
1610110 682
1610120 682
1610130 682
1610140 683
1610150 683
1610160 683
1610170 684
1610180 684
1610190 684
1610200 684
1610210 684
1610220 684
1610230 685
1610240 685
1610250 685
1610260 685
1610270 685
1610280 685
1610290 686
1610300 686
1610310 686
1610320 687
1610330 687
1610340 687
1610350 687
1610360 688
1610370 688
1610380 688
1610390 689
1610400 689
1610410 690
1610420 690
1610430 690
1610440 691
1610450 691
1610460 691
1610470 691
1610480 692
1610490 692
1610500 692
1610510 692
1610520 692
1610530 693
1610540 693
1610550 693
1610560 693
1610570 693
1610580 694
1610590 694
1610600 694
1610610 695
1610620 695
1610630 695
1610640 695
1610650 695
1610660 695
1610670 695
1610680 695
1610690 695
1610700 695
1610710 696
1610720 696
1610730 696
1610740 697
1610750 697
1610760 698
1610770 699
1610780 699
1610790 700
1610800 700
1610810 700
1610820 701
1610830 701
1610840 701
1610850 702
1610860 702
1610870 702
1610880 703
1610890 703
1610900 703
1610910 704
1610920 704
1610930 704
1610940 704
1610950 704
1610960 704
1610970 704
1610980 704
1610990 703
1611000 703
1611010 703
1611020 703
1611030 703
1611040 703
1611050 703
1611060 703
1611070 703
1611080 703
1611090 703
1611100 703
1611110 703
1611120 703
1611130 703
1611140 703
1611150 703
1611160 703
1611170 703
1611180 703
1611190 703
1611200 703
1611210 703
1611220 703
1611230 703
1611240 703
1611250 703
1611260 703
1611270 703
1611280 704
1611290 704
1611300 704
1611310 704
1611320 704
1611330 704
1611340 704
1611350 704
1611360 704
1611370 704
1611380 704
1611390 704
1611400 704
1611410 704
1611420 704
1611430 704
1611440 704
1611450 705
1611460 705
1611470 705
1611480 705
1611490 705
1611500 705
1611510 705
1611520 705
1611530 705
1611540 705
1611550 705
1611560 705
1611570 705
1611580 705
1611590 705
1611600 705
1611610 705
1611620 705
1611630 705
1611640 705
1611650 705
1611660 704
1611670 704
1611680 704
1611690 704
1611700 704
1611710 704
1611720 704
1611730 704
1611740 704
1611750 704
1611760 704
1611770 704
1611780 704
1611790 704
1611800 704
1611810 704
1611820 704
1611830 704
1611840 704
1611850 704
1611860 704
1611870 704
1611880 704
1611890 703
1611900 703
1611910 703
1611920 703
1611930 703
1611940 703
1611950 703
1611960 703
1611970 703
1611980 703
1611990 703
1612000 703
1612010 703
1612020 702
1612030 702
1612040 703
1612050 703
1612060 703
1612070 703
1612080 703
1612090 703
1612100 703
1612110 703
1612120 703
1612130 703
1612140 703
1612150 703
1612160 703
1612170 703
1612180 703
1612190 703
1612200 703
1612210 703
1612220 703
1612230 703
1612240 703
1612250 703
1612260 703
1612270 703
1612280 703
1612290 703
1612300 703
1612310 704
1612320 704
1612330 704
1612340 704
1612350 704
1612360 704
1612370 704
1612380 705
1612390 705
1612400 705
1612410 705
1612420 705
1612430 706
1612440 706
1612450 706
1612460 707
1612470 707
1612480 707
1612490 708
1612500 708
1612510 709
1612520 710
1612530 710
1612540 711
1612550 712
1612560 712
1612570 713
1612580 715
1612590 715
1612600 717
1612610 719
1612620 719
1612630 721
1612640 722
1612650 722
1612660 724
1612670 725
1612680 725
1612690 726
1612700 727
1612710 727
1612720 727
1612730 727
1612740 727
1612750 728
1612760 728
1612770 728
1612780 728
1612790 728
1612800 728
1612810 728
1612820 727
1612830 727
1612840 726
1612850 725
1612860 725
1612870 723
1612880 721
1612890 721
1612900 720
1612910 719
1612920 719
1612930 718
1612940 716
1612950 716
1612960 715
1612970 715
1612980 715
1612990 714
1613000 712
1613010 712
1613020 708
1613030 702
1613040 703
1613050 698
1613060 694
1613070 694
1613080 691
1613090 689
1613100 689
1613110 687
1613120 685
1613130 685
1613140 684
1613150 682
1613160 682
1613170 680
1613180 677
1613190 677
1613200 673
1613210 670
1613220 670
1613230 667
1613240 665
1613250 665
1613260 663
1613270 662
1613280 662
1613290 662
1613300 664
1613310 664
1613320 666
1613330 666
1613340 666
1613350 667
1613360 666
1613370 666
1613380 665
1613390 664
1613400 664
1613410 662
1613420 660
1613430 660
1613440 660
1613450 661
1613460 661
1613470 662
1613480 663
1613490 663
1613500 663
1613510 663
1613520 663
1613530 663
1613540 663
1613550 662
1613560 661
1613570 661
1613580 661
1613590 661
1613600 661
1613610 660
1613620 659
1613630 659
1613640 657
1613650 656
1613660 656
1613670 655
1613680 654
1613690 654
1613700 654
1613710 654
1613720 654
1613730 654
1613740 653
1613750 653
1613760 652
1613770 652
1613780 652
1613790 652
1613800 652
1613810 652
1613820 652
1613830 651
1613840 651
1613850 650
1613860 649
1613870 649
1613880 649
1613890 649
1613900 649
1613910 648
1613920 647
1613930 647
1613940 645
1613950 644
1613960 644
1613970 642
1613980 641
1613990 641
1614000 640
1614010 638
1614020 638
1614030 635
1614040 632
1614050 631
1614060 627
1614070 624
1614080 624
1614090 624
1614100 624
1614110 624
1614120 625
1614130 626
1614140 626
1614150 629
1614160 633
1614170 633
1614180 633
1614190 630
1614200 630
1614210 635
1614220 636
1614230 636
1614240 635
1614250 634
1614260 634
1614270 632
1614280 631
1614290 631
1614300 629
1614310 627
1614320 627
1614330 625
1614340 623
1614350 623
1614360 623
1614370 623
1614380 623
1614390 624
1614400 624
1614410 624
1614420 625
1614430 626
1614440 626
1614450 627
1614460 629
1614470 629
1614480 630
1614490 630
1614500 630
1614510 631
1614520 631
1614530 632
1614540 632
1614550 632
1614560 632
1614570 633
1614580 633
1614590 633
1614600 633
1614610 633
1614620 634
1614630 634
1614640 634
1614650 634
1614660 634
1614670 634
1614680 635
1614690 636
1614700 636
1614710 636
1614720 638
1614730 638
1614740 638
1614750 639
1614760 639
1614770 639
1614780 641
1614790 641
1614800 642
1614810 643
1614820 643
1614830 644
1614840 645
1614850 645
1614860 646
1614870 647
1614880 647
1614890 647
1614900 648
1614910 648
1614920 648
1614930 648
1614940 648
1614950 648
1614960 648
1614970 648
1614980 648
1614990 648
1615000 648
1615010 648
1615020 648
1615030 648
1615040 647
1615050 645
1615060 645
1615070 644
1615080 643
1615090 643
1615100 641
1615110 638
1615120 638
1615130 634
1615140 631
1615150 631
1615160 628
1615170 625
1615180 625
1615190 621
1615200 617
1615210 617
1615220 613
1615230 610
1615240 610
1615250 607
1615260 604
1615270 604
1615280 600
1615290 598
1615300 598
1615310 596
1615320 594
1615330 594
1615340 591
1615350 589
1615360 589
1615370 588
1615380 587
1615390 587
1615400 587
1615410 586
1615420 586
1615430 586
1615440 586
1615450 586
1615460 586
1615470 586
1615480 586
1615490 586
1615500 586
1615510 586
1615520 585
1615530 585
1615540 586
1615550 588
1615560 588
1615570 589
1615580 588
1615590 588
1615600 589
1615610 591
1615620 591
1615630 594
1615640 597
1615650 597
1615660 601
1615670 605
1615680 605
1615690 607
1615700 608
1615710 608
1615720 609
1615730 609
1615740 609
1615750 610
1615760 608
1615770 608
1615780 606
1615790 603
1615800 603
1615810 600
1615820 603
1615830 603
1615840 608
1615850 613
1615860 613
1615870 616
1615880 619
1615890 619
1615900 622
1615910 625
1615920 625
1615930 627
1615940 628
1615950 628
1615960 628
1615970 629
1615980 629
1615990 630
1616000 632
1616010 632
1616020 633
1616030 634
1616040 634
1616050 636
1616060 637
1616070 637
1616080 637
1616090 638
1616100 638
1616110 639
1616120 640
1616130 640
1616140 641
1616150 643
1616160 643
1616170 643
1616180 644
1616190 644
1616200 645
1616210 647
1616220 647
1616230 648
1616240 649
1616250 649
1616260 650
1616270 651
1616280 651
1616290 653
1616300 654
1616310 654
1616320 655
1616330 655
1616340 655
1616350 652
1616360 648
1616370 648
1616380 644
1616390 646
1616400 646
1616410 650
1616420 653
1616430 653
1616440 656
1616450 659
1616460 659
1616470 663
1616480 663
1616490 667
1616500 670
1616510 670
1616520 674
1616530 677
1616540 677
1616550 679
1616560 682
1616570 682
1616580 684
1616590 686
1616600 686
1616610 689
1616620 691
1616630 691
1616640 692
1616650 694
1616660 694
1616670 695
1616680 695
1616690 695
1616700 695
1616710 695
1616720 695
1616730 695
1616740 694
1616750 694
1616760 692
1616770 691
1616780 691
1616790 690
1616800 690
1616810 690
1616820 689
1616830 688
1616840 688
1616850 687
1616860 686
1616870 686
1616880 686
1616890 686
1616900 686
1616910 685
1616920 685
1616930 685
1616940 685
1616950 684
1616960 684
1616970 684
1616980 684
1616990 684
1617000 684
1617010 684
1617020 684
1617030 684
1617040 684
1617050 684
1617060 684
1617070 684
1617080 684
1617090 684
1617100 684
1617110 684
1617120 684
1617130 684
1617140 684
1617150 684
1617160 685
1617170 685
1617180 685
1617190 684
1617200 684
1617210 684
1617220 684
1617230 684
1617240 684
1617250 684
1617260 684
1617270 684
1617280 685
1617290 685
1617300 685
1617310 685
1617320 685
1617330 686
1617340 687
1617350 687
1617360 687
1617370 687
1617380 687
1617390 687
1617400 687
1617410 687
1617420 688
1617430 688
1617440 688
1617450 689
1617460 689
1617470 689
1617480 690
1617490 690
1617500 690
1617510 690
1617520 690
1617530 690
1617540 691
1617550 691
1617560 691
1617570 692
1617580 692
1617590 691
1617600 691
1617610 691
1617620 691
1617630 691
1617640 691
1617650 691
1617660 691
1617670 691
1617680 691
1617690 690
1617700 690
1617710 690
1617720 690
1617730 690
1617740 689
1617750 688
1617760 688
1617770 687
1617780 687
1617790 687
1617800 687
1617810 688
1617820 688
1617830 688
1617840 689
1617850 689
1617860 689
1617870 689
1617880 689
1617890 689
1617900 688
1617910 688
1617920 688
1617930 688
1617940 688
1617950 688
1617960 687
1617970 687
1617980 687
1617990 687
1618000 687
1618010 688
1618020 689
1618030 689
1618040 690
1618050 690
1618060 690
1618070 690
1618080 690
1618090 690
1618100 690
1618110 690
1618120 690
1618130 690
1618140 689
1618150 689
1618160 689
1618170 688
1618180 688
1618190 688
1618200 688
1618210 688
1618220 688
1618230 688
1618240 688
1618250 689
1618260 692
1618270 692
1618280 694
1618290 694
1618300 694
1618310 694
1618320 694
1618330 694
1618340 695
1618350 695
1618360 695
1618370 695
1618380 696
1618390 696
1618400 696
1618410 697
1618420 697
1618430 697
1618440 697
1618450 697
1618460 698
1618470 698
1618480 698
1618490 698
1618500 698
1618510 699
1618520 699
1618530 699
1618540 699
1618550 699
1618560 699
1618570 700
1618580 700
1618590 700
1618600 700
1618610 701
1618620 701
1618630 701
1618640 701
1618650 701
1618660 702
1618670 702
1618680 702
1618690 702
1618700 702
1618710 702
1618720 702
1618730 703
1618740 703
1618750 703
1618760 703
1618770 703
1618780 704
1618790 704
1618800 704
1618810 705
1618820 705
1618830 705
1618840 706
1618850 706
1618860 706
1618870 706
1618880 707
1618890 707
1618900 708
1618910 708
1618920 708
1618930 709
1618940 710
1618950 710
1618960 711
1618970 711
1618980 711
1618990 712
1619000 713
1619010 713
1619020 715
1619030 716
1619040 716
1619050 717
1619060 718
1619070 718
1619080 719
1619090 720
1619100 720
1619110 720
1619120 720
1619130 720
1619140 719
1619150 718
1619160 718
1619170 718
1619180 716
1619190 716
1619200 715
1619210 714
1619220 714
1619230 714
1619240 715
1619250 715
1619260 716
1619270 716
1619280 716
1619290 717
1619300 718
1619310 718
1619320 720
1619330 721
1619340 721
1619350 722
1619360 724
1619370 724
1619380 725
1619390 726
1619400 726
1619410 727
1619420 728
1619430 728
1619440 729
1619450 730
1619460 730
1619470 732
1619480 732
1619490 733
1619500 734
1619510 734
1619520 735
1619530 736
1619540 736
1619550 738
1619560 740
1619570 740
1619580 741
1619590 743
1619600 743
1619610 744
1619620 746
1619630 746
1619640 747
1619650 748
1619660 748
1619670 749
1619680 750
1619690 750
1619700 751
1619710 752
1619720 752
1619730 754
1619740 755
1619750 755
1619760 756
1619770 758
1619780 758
1619790 759
1619800 760
1619810 760
1619820 762
1619830 763
1619840 763
1619850 765
1619860 766
1619870 766
1619880 768
1619890 770
1619900 770
1619910 771
1619920 773
1619930 773
1619940 775
1619950 777
1619960 778
1619970 780
1619980 782
1619990 782
