1600000 714
1600010 713
1600020 713
1600030 713
1600040 713
1600050 713
1600060 712
1600070 712
1600080 712
1600090 712
1600100 711
1600110 711
1600120 711
1600130 711
1600140 711
1600150 711
1600160 710
1600170 710
1600180 709
1600190 709
1600200 709
1600210 708
1600220 708
1600230 708
1600240 707
1600250 707
1600260 707
1600270 706
1600280 705
1600290 705
1600300 705
1600310 704
1600320 704
1600330 704
1600340 703
1600350 703
1600360 703
1600370 702
1600380 702
1600390 702
1600400 701
1600410 701
1600420 701
1600430 700
1600440 700
1600450 700
1600460 700
1600470 700
1600480 700
1600490 700
1600500 700
1600510 699
1600520 699
1600530 699
1600540 699
1600550 699
1600560 699
1600570 699
1600580 699
1600590 699
1600600 699
1600610 699
1600620 699
1600630 699
1600640 699
1600650 699
1600660 699
1600670 699
1600680 699
1600690 699
1600700 700
1600710 700
1600720 700
1600730 700
1600740 700
1600750 700
1600760 700
1600770 700
1600780 700
1600790 700
1600800 700
1600810 700
1600820 700
1600830 701
1600840 701
1600850 701
1600860 701
1600870 701
1600880 701
1600890 701
1600900 701
1600910 701
1600920 700
1600930 700
1600940 700
1600950 700
1600960 700
1600970 700
1600980 700
1600990 699
1601000 699
1601010 698
1601020 698
1601030 698
1601040 697
1601050 696
1601060 696
1601070 695
1601080 694
1601090 694
1601100 693
1601110 692
1601120 692
1601130 691
1601140 690
1601150 690
1601160 688
1601170 687
1601180 687
1601190 686
1601200 685
1601210 685
1601220 684
1601230 684
1601240 684
1601250 683
1601260 683
1601270 683
1601280 682
1601290 682
1601300 682
1601310 682
1601320 682
1601330 682
1601340 681
1601350 681
1601360 681
1601370 681
1601380 680
1601390 680
1601400 680
1601410 680
1601420 680
1601430 679
1601440 679
1601450 679
1601460 678
1601470 678
1601480 678
1601490 677
1601500 677
1601510 677
1601520 677
1601530 677
1601540 677
1601550 676
1601560 674
1601570 674
1601580 673
1601590 671
1601600 671
1601610 668
1601620 665
1601630 665
1601640 662
1601650 658
1601660 658
1601670 655
1601680 655
1601690 654
1601700 654
1601710 654
1601720 655
1601730 656
1601740 656
1601750 657
1601760 660
1601770 660
1601780 664
1601790 669
1601800 669
1601810 674
1601820 680
1601830 680
1601840 684
1601850 686
1601860 686
1601870 688
1601880 689
1601890 689
1601900 688
1601910 687
1601920 687
1601930 688
1601940 688
1601950 688
1601960 689
1601970 690
1601980 690
1601990 691
1602000 691
1602010 691
1602020 692
1602030 693
1602040 693
1602050 693
1602060 694
1602070 694
1602080 694
1602090 694
1602100 694
1602110 695
1602120 695
1602130 695
1602140 695
1602150 696
1602160 696
1602170 696
1602180 697
1602190 697
1602200 697
1602210 697
1602220 697
1602230 698
1602240 698
1602250 698
1602260 699
1602270 699
1602280 699
1602290 700
1602300 701
1602310 701
1602320 701
1602330 702
1602340 702
1602350 702
1602360 702
1602370 702
1602380 702
1602390 702
1602400 702
1602410 702
1602420 702
1602430 702
1602440 702
1602450 703
1602460 703
1602470 703
1602480 703
1602490 703
1602500 703
1602510 703
1602520 703
1602530 703
1602540 703
1602550 703
1602560 703
1602570 703
1602580 703
1602590 703
1602600 703
1602610 703
1602620 704
1602630 704
1602640 704
1602650 704
1602660 704
1602670 704
1602680 704
1602690 704
1602700 704
1602710 704
1602720 704
1602730 703
1602740 702
1602750 702
1602760 701
1602770 701
1602780 701
1602790 700
1602800 699
1602810 699
1602820 698
1602830 697
1602840 697
1602850 697
1602860 697
1602870 697
1602880 697
1602890 698
1602900 698
1602910 698
1602920 698
1602930 696
1602940 696
1602950 696
1602960 696
1602970 696
1602980 697
1602990 697
1603000 697
1603010 698
1603020 698
1603030 698
1603040 698
1603050 698
1603060 698
1603070 698
1603080 698
1603090 698
1603100 697
1603110 697
1603120 697
1603130 697
1603140 697
1603150 697
1603160 697
1603170 697
1603180 697
1603190 697
1603200 697
1603210 697
1603220 697
1603230 697
1603240 697
1603250 697
1603260 697
1603270 697
1603280 697
1603290 697
1603300 697
1603310 696
1603320 696
1603330 696
1603340 695
1603350 695
1603360 695
1603370 694
1603380 694
1603390 693
1603400 693
1603410 693
1603420 692
1603430 692
1603440 692
1603450 692
1603460 691
1603470 691
1603480 691
1603490 690
1603500 690
1603510 690
1603520 689
1603530 689
1603540 689
1603550 689
1603560 689
1603570 688
1603580 688
1603590 688
1603600 688
1603610 688
1603620 688
1603630 688
1603640 688
1603650 688
1603660 688
1603670 688
1603680 688
1603690 688
1603700 688
1603710 688
1603720 688
1603730 688
1603740 688
1603750 688
1603760 688
1603770 688
1603780 689
1603790 689
1603800 689
1603810 689
1603820 689
1603830 690
1603840 691
1603850 691
1603860 691
1603870 691
1603880 691
1603890 692
1603900 692
1603910 692
1603920 693
1603930 693
1603940 693
1603950 693
1603960 694
1603970 694
1603980 694
1603990 694
1604000 694
1604010 694
1604020 696
1604030 696
1604040 696
1604050 696
1604060 696
1604070 696
1604080 696
1604090 696
1604100 696
1604110 696
1604120 696
1604130 697
1604140 697
1604150 697
1604160 697
1604170 697
1604180 697
1604190 697
1604200 697
1604210 697
1604220 696
1604230 695
1604240 695
1604250 693
1604260 691
1604270 691
1604280 690
1604290 689
1604300 689
1604310 689
1604320 689
1604330 689
1604340 690
1604350 691
1604360 691
1604370 692
1604380 693
1604390 693
1604400 694
1604410 695
1604420 695
1604430 697
1604440 697
1604450 697
1604460 698
1604470 698
1604480 698
1604490 699
1604500 699
1604510 699
1604520 699
1604530 700
1604540 700
1604550 700
1604560 700
1604570 700
1604580 701
1604590 701
1604600 701
1604610 701
1604620 701
1604630 702
1604640 702
1604650 702
1604660 702
1604670 702
1604680 702
1604690 702
1604700 702
1604710 702
1604720 701
1604730 701
1604740 701
1604750 701
1604760 700
1604770 700
1604780 700
1604790 700
1604800 700
1604810 699
1604820 699
1604830 699
1604840 698
1604850 697
1604860 697
1604870 696
1604880 696
1604890 696
1604900 696
1604910 696
1604920 696
1604930 696
1604940 696
1604950 696
1604960 695
1604970 695
1604980 695
1604990 695
1605000 696
1605010 696
1605020 696
1605030 696
1605040 696
1605050 696
1605060 696
1605070 696
1605080 696
1605090 696
1605100 696
1605110 698
1605120 698
1605130 698
1605140 699
1605150 699
1605160 699
1605170 700
1605180 700
1605190 700
1605200 701
1605210 702
1605220 702
1605230 703
1605240 704
1605250 704
1605260 705
1605270 706
1605280 706
1605290 706
1605300 707
1605310 707
1605320 708
1605330 709
1605340 709
1605350 710
1605360 712
1605370 712
1605380 714
1605390 715
1605400 715
1605410 717
1605420 718
1605430 718
1605440 720
1605450 721
1605460 721
1605470 722
1605480 723
1605490 723
1605500 723
1605510 724
1605520 724
1605530 725
1605540 726
1605550 726
1605560 726
1605570 726
1605580 727
1605590 728
1605600 728
1605610 729
1605620 729
1605630 729
1605640 731
1605650 732
1605660 732
1605670 731
1605680 730
1605690 730
1605700 729
1605710 728
1605720 728
1605730 727
1605740 726
1605750 726
1605760 724
1605770 722
1605780 722
1605790 719
1605800 716
1605810 716
1605820 714
1605830 712
1605840 712
1605850 710
1605860 706
1605870 706
1605880 703
1605890 701
1605900 701
1605910 700
1605920 699
1605930 699
1605940 699
1605950 700
1605960 700
1605970 701
1605980 702
1605990 702
1606000 704
1606010 704
1606020 704
1606030 705
1606040 705
1606050 705
1606060 705
1606070 705
1606080 705
1606090 705
1606100 704
1606110 704
1606120 704
1606130 704
1606140 704
1606150 703
1606160 703
1606170 703
1606180 703
1606190 704
1606200 704
1606210 704
1606220 704
1606230 704
1606240 704
1606250 705
1606260 705
1606270 705
1606280 705
1606290 705
1606300 706
1606310 706
1606320 706
1606330 707
1606340 708
1606350 708
1606360 708
1606370 709
1606380 709
1606390 710
1606400 710
1606410 710
1606420 711
1606430 711
1606440 711
1606450 712
1606460 712
1606470 712
1606480 713
1606490 713
1606500 713
1606510 713
1606520 713
1606530 714
1606540 714
1606550 714
1606560 714
1606570 714
1606580 714
1606590 714
1606600 714
1606610 714
1606620 715
1606630 715
1606640 715
1606650 715
1606660 715
1606670 715
1606680 715
1606690 715
1606700 715
1606710 715
1606720 715
1606730 715
1606740 715
1606750 714
1606760 714
1606770 714
1606780 714
1606790 714
1606800 714
1606810 714
1606820 714
1606830 714
1606840 713
1606850 713
1606860 713
1606870 713
1606880 713
1606890 713
1606900 712
1606910 712
1606920 712
1606930 712
1606940 712
1606950 711
1606960 711
1606970 711
1606980 710
1606990 710
1607000 710
1607010 709
1607020 709
1607030 709
1607040 708
1607050 708
1607060 708
1607070 707
1607080 707
1607090 707
1607100 706
1607110 705
1607120 705
1607130 705
1607140 704
1607150 704
1607160 703
1607170 703
1607180 703
1607190 702
1607200 702
1607210 702
1607220 701
1607230 701
1607240 701
1607250 701
1607260 701
1607270 701
1607280 700
1607290 700
1607300 700
1607310 699
1607320 698
1607330 698
1607340 698
1607350 697
1607360 697
1607370 696
1607380 696
1607390 696
1607400 695
1607410 695
1607420 695
1607430 694
1607440 693
1607450 693
1607460 693
1607470 692
1607480 692
1607490 692
1607500 692
1607510 691
1607520 691
1607530 691
1607540 690
1607550 690
1607560 690
1607570 689
1607580 689
1607590 689
1607600 688
1607610 688
1607620 688
1607630 687
1607640 687
1607650 687
1607660 687
1607670 687
1607680 687
1607690 686
1607700 686
1607710 686
1607720 685
1607730 683
1607740 683
1607750 681
1607760 680
1607770 680
1607780 678
1607790 676
1607800 676
1607810 671
1607820 667
1607830 667
1607840 664
1607850 662
1607860 662
1607870 662
1607880 664
1607890 664
1607900 666
1607910 668
1607920 668
1607930 667
1607940 665
1607950 665
1607960 663
1607970 661
1607980 661
1607990 659
1608000 657
1608010 657
1608020 655
1608030 653
1608040 653
1608050 651
1608060 649
1608070 649
1608080 646
1608090 644
1608100 644
1608110 641
1608120 636
1608130 636
1608140 633
1608150 631
1608160 631
1608170 630
1608180 629
1608190 629
1608200 628
1608210 627
1608220 627
1608230 626
1608240 625
1608250 625
1608260 624
1608270 623
1608280 623
1608290 622
1608300 621
1608310 622
1608320 620
1608330 619
1608340 619
1608350 617
1608360 616
1608370 616
1608380 615
1608390 614
1608400 614
1608410 615
1608420 619
1608430 619
1608440 625
1608450 625
1608460 623
1608470 617
1608480 617
1608490 613
1608500 610
1608510 610
1608520 608
1608530 608
1608540 608
1608550 607
1608560 606
1608570 606
1608580 606
1608590 605
1608600 605
1608610 604
1608620 604
1608630 604
1608640 603
1608650 603
1608660 603
1608670 602
1608680 601
1608690 601
1608700 601
1608710 601
1608720 601
1608730 600
1608740 600
1608750 600
1608760 599
1608770 599
1608780 599
1608790 599
1608800 599
1608810 599
1608820 599
1608830 599
1608840 599
1608850 600
1608860 601
1608870 601
1608880 603
1608890 607
1608900 607
1608910 612
1608920 618
1608930 618
1608940 623
1608950 628
1608960 628
1608970 632
1608980 635
1608990 635
1609000 636
1609010 638
1609020 638
1609030 641
1609040 644
1609050 644
1609060 647
1609070 650
1609080 650
1609090 652
1609100 655
1609110 655
1609120 658
1609130 661
1609140 661
1609150 664
1609160 666
1609170 666
1609180 668
1609190 669
1609200 669
1609210 671
1609220 672
1609230 672
1609240 673
1609250 675
1609260 675
1609270 676
1609280 677
1609290 677
1609300 679
1609310 680
1609320 680
1609330 681
1609340 683
1609350 683
1609360 684
1609370 685
1609380 685
1609390 686
1609400 686
1609410 686
1609420 687
1609430 687
1609440 687
1609450 687
1609460 687
1609470 687
1609480 687
1609490 687
1609500 687
1609510 688
1609520 688
1609530 688
1609540 688
1609550 688
1609560 688
1609570 688
1609580 688
1609590 688
1609600 688
1609610 688
1609620 688
1609630 688
1609640 688
1609650 689
1609660 689
1609670 689
1609680 689
1609690 690
1609700 690
1609710 690
1609720 690
1609730 690
1609740 691
1609750 692
1609760 692
1609770 692
1609780 692
1609790 692
1609800 692
1609810 692
1609820 692
1609830 692
1609840 692
1609850 692
1609860 692
1609870 692
1609880 692
1609890 692
1609900 692
1609910 692
1609920 691
1609930 691
1609940 691
1609950 690
1609960 690
1609970 690
1609980 689
1609990 689
1610000 689
1610010 688
1610020 688
1610030 688
1610040 687
1610050 686
1610060 686
1610070 686
1610080 686
1610090 686
1610100 685
1610110 685
1610120 685
1610130 684
1610140 684
1610150 684
1610160 683
1610170 683
1610180 683
1610190 682
1610200 682
1610210 682
1610220 681
1610230 681
1610240 681
1610250 680
1610260 680
1610270 680
1610280 679
1610290 679
1610300 679
1610310 678
1610320 678
1610330 678
1610340 678
1610350 677
1610360 677
1610370 677
1610380 677
1610390 677
1610400 676
1610410 676
1610420 675
1610430 675
1610440 675
1610450 675
1610460 675
1610470 675
1610480 675
1610490 674
1610500 674
1610510 674
1610520 674
1610530 674
1610540 675
1610550 675
1610560 675
1610570 676
1610580 676
1610590 676
1610600 677
1610610 677
1610620 677
1610630 678
1610640 679
1610650 679
1610660 680
1610670 681
1610680 681
1610690 681
1610700 682
1610710 682
1610720 682
1610730 682
1610740 682
1610750 683
1610760 683
1610770 683
1610780 683
1610790 683
1610800 683
1610810 684
1610820 684
1610830 684
1610840 684
1610850 685
1610860 685
1610870 686
1610880 685
1610890 685
1610900 685
1610910 685
1610920 685
1610930 685
1610940 684
1610950 684
1610960 684
1610970 684
1610980 684
1610990 684
1611000 684
1611010 684
1611020 684
1611030 685
1611040 685
1611050 685
1611060 685
1611070 685
1611080 685
1611090 685
1611100 685
1611110 685
1611120 685
1611130 685
1611140 685
1611150 685
1611160 685
1611170 685
1611180 685
1611190 685
1611200 685
1611210 686
1611220 686
1611230 686
1611240 686
1611250 686
1611260 686
1611270 686
1611280 686
1611290 686
1611300 687
1611310 687
1611320 687
1611330 687
1611340 687
1611350 687
1611360 687
1611370 687
1611380 688
1611390 688
1611400 688
1611410 688
1611420 688
1611430 688
1611440 689
1611450 689
1611460 689
1611470 689
1611480 689
1611490 689
1611500 690
1611510 690
1611520 690
1611530 690
1611540 690
1611550 690
1611560 690
1611570 690
1611580 691
1611590 691
1611600 691
1611610 691
1611620 691
1611630 691
1611640 691
1611650 691
1611660 691
1611670 691
1611680 692
1611690 692
1611700 692
1611710 692
1611720 692
1611730 692
1611740 692
1611750 692
1611760 692
1611770 692
1611780 692
1611790 692
1611800 692
1611810 692
1611820 692
1611830 692
1611840 692
1611850 692
1611860 692
1611870 692
1611880 693
1611890 693
1611900 693
1611910 693
1611920 693
1611930 693
1611940 693
1611950 693
1611960 693
1611970 693
1611980 693
1611990 693
1612000 693
1612010 693
1612020 693
1612030 693
1612040 693
1612050 693
1612060 693
1612070 693
1612080 693
1612090 693
1612100 693
1612110 693
1612120 693
1612130 693
1612140 693
1612150 693
1612160 693
1612170 693
1612180 693
1612190 693
1612200 693
1612210 693
1612220 693
1612230 693
1612240 693
1612250 693
1612260 693
1612270 693
1612280 693
1612290 693
1612300 693
1612310 693
1612320 693
1612330 693
1612340 693
1612350 693
1612360 693
1612370 693
1612380 693
1612390 693
1612400 693
1612410 693
1612420 693
1612430 693
1612440 693
1612450 693
1612460 693
1612470 693
1612480 693
1612490 693
1612500 694
1612510 694
1612520 694
1612530 693
1612540 693
1612550 693
1612560 693
1612570 693
1612580 693
1612590 693
1612600 693
1612610 693
1612620 694
1612630 694
1612640 694
1612650 694
1612660 694
1612670 694
1612680 694
1612690 694
1612700 694
1612710 694
1612720 694
1612730 694
1612740 694
1612750 694
1612760 694
1612770 694
1612780 694
1612790 694
1612800 694
1612810 694
1612820 694
1612830 694
1612840 694
1612850 694
1612860 695
1612870 694
1612880 694
1612890 694
1612900 694
1612910 694
1612920 695
1612930 695
1612940 695
1612950 695
1612960 695
1612970 695
1612980 695
1612990 695
1613000 695
1613010 695
1613020 695
1613030 695
1613040 695
1613050 695
1613060 695
1613070 695
1613080 695
1613090 695
1613100 695
1613110 695
1613120 695
1613130 695
1613140 695
1613150 695
1613160 695
1613170 695
1613180 695
1613190 695
1613200 695
1613210 695
1613220 695
1613230 695
1613240 695
1613250 695
1613260 695
1613270 695
1613280 695
1613290 695
1613300 695
1613310 695
1613320 695
1613330 695
1613340 695
1613350 695
1613360 695
1613370 696
1613380 696
1613390 696
1613400 695
1613410 695
1613420 695
1613430 695
1613440 695
1613450 695
1613460 695
1613470 695
1613480 694
1613490 694
1613500 694
1613510 694
1613520 694
1613530 694
1613540 693
1613550 693
1613560 693
1613570 693
1613580 693
1613590 693
1613600 693
1613610 693
1613620 693
1613630 692
1613640 692
1613650 692
1613660 692
1613670 692
1613680 692
1613690 691
1613700 691
1613710 691
1613720 691
1613730 691
1613740 691
1613750 690
1613760 690
1613770 690
1613780 690
1613790 690
1613800 690
1613810 689
1613820 689
1613830 689
1613840 689
1613850 688
1613860 688
1613870 688
1613880 688
1613890 688
1613900 687
1613910 687
1613920 687
1613930 687
1613940 686
1613950 686
1613960 686
1613970 686
1613980 686
1613990 685
1614000 685
1614010 685
1614020 684
1614030 683
1614040 683
1614050 683
1614060 682
1614070 682
1614080 681
1614090 681
1614100 681
1614110 680
1614120 679
1614130 679
1614140 678
1614150 676
1614160 676
1614170 674
1614180 673
1614190 673
1614200 671
1614210 670
1614220 670
1614230 670
1614240 670
1614250 669
1614260 669
1614270 669
1614280 669
1614290 668
1614300 668
1614310 668
1614320 667
1614330 667
1614340 666
1614350 666
1614360 666
1614370 665
1614380 664
1614390 664
1614400 664
1614410 663
1614420 663
1614430 662
1614440 662
1614450 662
1614460 661
1614470 660
1614480 660
1614490 659
1614500 659
1614510 659
1614520 658
1614530 657
1614540 657
1614550 656
1614560 655
1614570 655
1614580 655
1614590 654
1614600 654
1614610 653
1614620 652
1614630 652
1614640 651
1614650 650
1614660 650
1614670 649
1614680 647
1614690 647
1614700 646
1614710 644
1614720 644
1614730 641
1614740 638
1614750 638
1614760 636
1614770 634
1614780 634
1614790 633
1614800 631
1614810 631
1614820 629
1614830 628
1614840 628
1614850 627
1614860 626
1614870 626
1614880 624
1614890 623
1614900 623
1614910 622
1614920 621
1614930 621
1614940 621
1614950 620
1614960 620
1614970 619
1614980 618
1614990 618
1615000 617
1615010 616
1615020 616
1615030 614
1615040 613
1615050 613
1615060 612
1615070 611
1615080 611
1615090 610
1615100 611
1615110 611
1615120 611
1615130 611
1615140 611
1615150 611
1615160 612
1615170 612
1615180 612
1615190 612
1615200 612
1615210 612
1615220 612
1615230 612
1615240 613
1615250 613
1615260 613
1615270 616
1615280 616
1615290 617
1615300 616
1615310 616
1615320 619
1615330 623
1615340 623
1615350 628
1615360 632
1615370 632
1615380 636
1615390 639
1615400 639
1615410 641
1615420 643
1615430 643
1615440 644
1615450 645
1615460 645
1615470 645
1615480 646
1615490 647
1615500 648
1615510 648
1615520 648
1615530 649
1615540 649
1615550 649
1615560 650
1615570 651
1615580 651
1615590 651
1615600 652
1615610 652
1615620 653
1615630 654
1615640 654
1615650 656
1615660 658
1615670 658
1615680 659
1615690 661
1615700 661
1615710 662
1615720 662
1615730 662
1615740 662
1615750 661
1615760 661
1615770 661
1615780 661
1615790 661
1615800 662
1615810 662
1615820 662
1615830 662
1615840 663
1615850 663
1615860 663
1615870 664
1615880 664
1615890 664
1615900 665
1615910 665
1615920 666
1615930 667
1615940 667
1615950 668
1615960 669
1615970 669
1615980 669
1615990 670
1616000 670
1616010 670
1616020 670
1616030 670
1616040 670
1616050 669
1616060 669
1616070 669
1616080 669
1616090 669
1616100 667
1616110 665
1616120 665
1616130 661
1616140 656
1616150 656
1616160 654
1616170 654
1616180 655
1616190 658
1616200 658
1616210 661
1616220 663
1616230 663
1616240 664
1616250 665
1616260 665
1616270 666
1616280 668
1616290 668
1616300 669
1616310 671
1616320 671
1616330 673
1616340 675
1616350 675
1616360 677
1616370 679
1616380 679
1616390 680
1616400 682
1616410 682
1616420 683
1616430 685
1616440 685
1616450 687
1616460 688
1616470 688
1616480 688
1616490 689
1616500 689
1616510 691
1616520 692
1616530 692
1616540 693
1616550 694
1616560 694
1616570 696
1616580 698
1616590 698
1616600 699
1616610 700
1616620 700
1616630 700
1616640 701
1616650 701
1616660 702
1616670 703
1616680 703
1616690 703
1616700 704
1616710 704
1616720 705
1616730 705
1616740 705
1616750 706
1616760 707
1616770 707
1616780 707
1616790 708
1616800 708
1616810 708
1616820 709
1616830 709
1616840 709
1616850 709
1616860 709
1616870 710
1616880 710
1616890 710
1616900 710
1616910 710
1616920 710
1616930 710
1616940 710
1616950 710
1616960 709
1616970 709
1616980 709
1616990 708
1617000 707
1617010 707
1617020 706
1617030 705
1617040 705
1617050 705
1617060 704
1617070 704
1617080 703
1617090 702
1617100 702
1617110 701
1617120 701
1617130 701
1617140 700
1617150 700
1617160 699
1617170 698
1617180 698
1617190 697
1617200 696
1617210 696
1617220 695
1617230 694
1617240 694
1617250 693
1617260 692
1617270 692
1617280 692
1617290 691
1617300 691
1617310 690
1617320 690
1617330 690
1617340 689
1617350 688
1617360 688
1617370 687
1617380 686
1617390 686
1617400 686
1617410 685
1617420 685
1617430 685
1617440 685
1617450 685
1617460 684
1617470 685
1617480 685
1617490 685
1617500 685
1617510 685
1617520 685
1617530 685
1617540 685
1617550 686
1617560 686
1617570 686
1617580 687
1617590 688
1617600 688
1617610 688
1617620 688
1617630 688
1617640 689
1617650 689
1617660 689
1617670 689
1617680 689
1617690 689
1617700 690
1617710 691
1617720 691
1617730 691
1617740 691
1617750 691
1617760 691
1617770 692
1617780 692
1617790 692
1617800 692
1617810 692
1617820 693
1617830 693
1617840 693
1617850 694
1617860 694
1617870 694
1617880 695
1617890 695
1617900 695
1617910 696
1617920 696
1617930 696
1617940 697
1617950 699
1617960 699
1617970 700
1617980 701
1617990 701
1618000 702
1618010 702
1618020 702
1618030 704
1618040 706
1618050 706
1618060 707
1618070 709
1618080 709
1618090 709
1618100 709
1618110 710
1618120 711
1618130 711
1618140 712
1618150 713
1618160 713
1618170 714
1618180 714
1618190 714
1618200 716
1618210 717
1618220 717
1618230 718
1618240 719
1618250 719
1618260 720
1618270 720
1618280 720
1618290 722
1618300 724
1618310 724
1618320 725
1618330 726
1618340 726
1618350 727
1618360 727
1618370 727
1618380 727
1618390 727
1618400 727
1618410 727
1618420 728
1618430 728
1618440 733
1618450 735
1618460 735
1618470 738
1618480 739
1618490 739
1618500 740
1618510 741
1618520 741
1618530 743
1618540 744
1618550 744
1618560 746
1618570 748
1618580 748
1618590 749
1618600 750
1618610 750
1618620 751
1618630 752
1618640 752
1618650 753
1618660 755
1618670 755
1618680 757
1618690 759
1618700 759
1618710 761
1618720 762
1618730 762
1618740 764
1618750 765
1618760 765
1618770 766
1618780 767
1618790 767
1618800 770
1618810 771
1618820 771
1618830 773
1618840 774
1618850 774
1618860 776
1618870 778
1618880 778
1618890 780
1618900 781
1618910 781
1618920 782
1618930 783
1618940 783
1618950 784
1618960 785
1618970 785
1618980 787
1618990 788
1619000 788
1619010 789
1619020 791
1619030 791
1619040 792
1619050 794
1619060 794
1619070 795
1619080 795
1619090 796
1619100 797
1619110 797
1619120 798
1619130 799
1619140 799
1619150 801
1619160 802
1619170 802
1619180 803
1619190 805
1619200 805
1619210 807
1619220 808
1619230 808
1619240 810
1619250 812
1619260 812
1619270 814
1619280 816
1619290 816
1619300 818
1619310 820
1619320 820
1619330 822
1619340 824
1619350 824
1619360 826
1619370 828
1619380 828
1619390 830
1619400 832
1619410 833
1619420 834
1619430 836
1619440 836
1619450 837
1619460 838
1619470 838
1619480 839
1619490 840
1619500 840
1619510 841
1619520 843
1619530 843
1619540 844
1619550 845
1619560 845
1619570 846
1619580 846
1619590 846
1619600 846
1619610 846
1619620 846
1619630 846
1619640 846
1619650 846
1619660 846
1619670 845
1619680 845
1619690 845
1619700 843
1619710 843
1619720 841
1619730 839
1619740 839
1619750 837
1619760 835
1619770 835
1619780 834
1619790 833
1619800 833
1619810 833
1619820 832
1619830 832
1619840 832
1619850 831
1619860 831
1619870 831
1619880 831
1619890 831
1619900 831
1619910 831
1619920 831
1619930 831
1619940 831
1619950 831
1619960 832
1619970 832
1619980 832
1619990 833
