1600000 716
1600010 715
1600020 715
1600030 715
1600040 714
1600050 714
1600060 714
1600070 713
1600080 713
1600090 713
1600100 713
1600110 712
1600120 712
1600130 712
1600140 711
1600150 711
1600160 711
1600170 711
1600180 711
1600190 711
1600200 711
1600210 711
1600220 711
1600230 711
1600240 711
1600250 711
1600260 711
1600270 711
1600280 710
1600290 710
1600300 710
1600310 710
1600320 710
1600330 711
1600340 711
1600350 711
1600360 711
1600370 711
1600380 711
1600390 710
1600400 710
1600410 710
1600420 710
1600430 710
1600440 710
1600450 710
1600460 710
1600470 710
1600480 710
1600490 710
1600500 710
1600510 709
1600520 709
1600530 709
1600540 709
1600550 709
1600560 709
1600570 708
1600580 708
1600590 708
1600600 708
1600610 708
1600620 708
1600630 708
1600640 707
1600650 707
1600660 707
1600670 707
1600680 707
1600690 707
1600700 706
1600710 706
1600720 706
1600730 706
1600740 706
1600750 706
1600760 705
1600770 705
1600780 705
1600790 705
1600800 705
1600810 705
1600820 704
1600830 704
1600840 704
1600850 704
1600860 704
1600870 704
1600880 704
1600890 704
1600900 703
1600910 703
1600920 703
1600930 702
1600940 701
1600950 701
1600960 701
1600970 700
1600980 700
1600990 699
1601000 699
1601010 699
1601020 698
1601030 697
1601040 697
1601050 696
1601060 696
1601070 696
1601080 695
1601090 694
1601100 694
1601110 694
1601120 694
1601130 694
1601140 694
1601150 694
1601160 694
1601170 694
1601180 694
1601190 693
1601200 693
1601210 693
1601220 692
1601230 692
1601240 692
1601250 692
1601260 691
1601270 691
1601280 691
1601290 690
1601300 690
1601310 690
1601320 689
1601330 689
1601340 689
1601350 689
1601360 689
1601370 689
1601380 689
1601390 689
1601400 689
1601410 688
1601420 688
1601430 688
1601440 687
1601450 687
1601460 687
1601470 687
1601480 687
1601490 686
1601500 686
1601510 686
1601520 685
1601530 685
1601540 685
1601550 684
1601560 683
1601570 683
1601580 683
1601590 682
1601600 682
1601610 681
1601620 680
1601630 680
1601640 679
1601650 677
1601660 677
1601670 675
1601680 673
1601690 673
1601700 671
1601710 670
1601720 670
1601730 669
1601740 668
1601750 668
1601760 668
1601770 667
1601780 667
1601790 666
1601800 665
1601810 665
1601820 664
1601830 663
1601840 663
1601850 662
1601860 661
1601870 661
1601880 660
1601890 659
1601900 659
1601910 657
1601920 655
1601930 655
1601940 652
1601950 650
1601960 651
1601970 649
1601980 648
1601990 648
1602000 648
1602010 648
1602020 648
1602030 648
1602040 648
1602050 648
1602060 647
1602070 647
1602080 647
1602090 647
1602100 647
1602110 647
1602120 647
1602130 647
1602140 647
1602150 646
1602160 646
1602170 646
1602180 646
1602190 646
1602200 645
1602210 645
1602220 645
1602230 645
1602240 645
1602250 645
1602260 644
1602270 643
1602280 643
1602290 642
1602300 641
1602310 641
1602320 640
1602330 639
1602340 639
1602350 639
1602360 638
1602370 638
1602380 638
1602390 637
1602400 637
1602410 637
1602420 637
1602430 637
1602440 637
1602450 637
1602460 637
1602470 637
1602480 637
1602490 637
1602500 637
1602510 637
1602520 637
1602530 637
1602540 637
1602550 637
1602560 639
1602570 641
1602580 641
1602590 643
1602600 645
1602610 645
1602620 647
1602630 648
1602640 648
1602650 649
1602660 650
1602670 650
1602680 652
1602690 655
1602700 655
1602710 657
1602720 659
1602730 659
1602740 661
1602750 663
1602760 663
1602770 665
1602780 666
1602790 666
1602800 668
1602810 669
1602820 669
1602830 671
1602840 672
1602850 672
1602860 673
1602870 674
1602880 674
1602890 676
1602900 677
1602910 677
1602920 678
1602930 679
1602940 679
1602950 679
1602960 680
1602970 680
1602980 681
1602990 682
1603000 682
1603010 684
1603020 684
1603030 686
1603040 687
1603050 687
1603060 688
1603070 689
1603080 689
1603090 690
1603100 690
1603110 690
1603120 691
1603130 691
1603140 691
1603150 692
1603160 692
1603170 692
1603180 692
1603190 693
1603200 693
1603210 693
1603220 693
1603230 693
1603240 693
1603250 693
1603260 693
1603270 693
1603280 693
1603290 693
1603300 693
1603310 693
1603320 693
1603330 693
1603340 693
1603350 693
1603360 692
1603370 692
1603380 692
1603390 691
1603400 691
1603410 691
1603420 690
1603430 690
1603440 690
1603450 690
1603460 689
1603470 689
1603480 689
1603490 689
1603500 689
1603510 689
1603520 689
1603530 689
1603540 688
1603550 688
1603560 688
1603570 688
1603580 688
1603590 688
1603600 688
1603610 688
1603620 688
1603630 688
1603640 688
1603650 688
1603660 687
1603670 687
1603680 687
1603690 687
1603700 687
1603710 687
1603720 686
1603730 686
1603740 686
1603750 686
1603760 686
1603770 686
1603780 685
1603790 685
1603800 685
1603810 684
1603820 684
1603830 684
1603840 683
1603850 682
1603860 682
1603870 682
1603880 681
1603890 681
1603900 681
1603910 681
1603920 681
1603930 680
1603940 680
1603950 680
1603960 679
1603970 679
1603980 679
1603990 678
1604000 678
1604010 678
1604020 678
1604030 678
1604040 679
1604050 679
1604060 679
1604070 680
1604080 681
1604090 681
1604100 682
1604110 683
1604120 683
1604130 683
1604140 684
1604150 684
1604160 685
1604170 686
1604180 686
1604190 687
1604200 688
1604210 688
1604220 689
1604230 690
1604240 690
1604250 691
1604260 692
1604270 692
1604280 693
1604290 695
1604300 695
1604310 696
1604320 697
1604330 697
1604340 698
1604350 700
1604360 700
1604370 701
1604380 703
1604390 703
1604400 704
1604410 705
1604420 705
1604430 707
1604440 708
1604450 708
1604460 710
1604470 711
1604480 711
1604490 712
1604500 713
1604510 713
1604520 714
1604530 714
1604540 714
1604550 715
1604560 716
1604570 716
1604580 716
1604590 716
1604600 716
1604610 717
1604620 717
1604630 717
1604640 717
1604650 717
1604660 717
1604670 717
1604680 717
1604690 717
1604700 717
1604710 718
1604720 718
1604730 718
1604740 719
1604750 719
1604760 720
1604770 721
1604780 721
1604790 722
1604800 722
1604810 722
1604820 723
1604830 723
1604840 723
1604850 723
1604860 723
1604870 724
1604880 724
1604890 724
1604900 725
1604910 725
1604920 725
1604930 726
1604940 727
1604950 727
1604960 727
1604970 727
1604980 727
1604990 728
1605000 728
1605010 728
1605020 728
1605030 728
1605040 728
1605050 728
1605060 728
1605070 728
1605080 728
1605090 728
1605100 728
1605110 728
1605120 728
1605130 728
1605140 728
1605150 728
1605160 728
1605170 728
1605180 727
1605190 727
1605200 727
1605210 726
1605220 726
1605230 726
1605240 725
1605250 725
1605260 724
1605270 724
1605280 724
1605290 722
1605300 720
1605310 720
1605320 719
1605330 718
1605340 718
1605350 716
1605360 715
1605370 715
1605380 714
1605390 714
1605400 714
1605410 712
1605420 711
1605430 711
1605440 709
1605450 708
1605460 708
1605470 707
1605480 707
1605490 707
1605500 707
1605510 706
1605520 706
1605530 706
1605540 705
1605550 705
1605560 704
1605570 703
1605580 703
1605590 701
1605600 699
1605610 699
1605620 697
1605630 695
1605640 695
1605650 694
1605660 694
1605670 694
1605680 695
1605690 696
1605700 696
1605710 698
1605720 701
1605730 701
1605740 704
1605750 706
1605760 706
1605770 707
1605780 706
1605790 706
1605800 706
1605810 706
1605820 705
1605830 705
1605840 705
1605850 703
1605860 702
1605870 702
1605880 701
1605890 699
1605900 699
1605910 698
1605920 697
1605930 697
1605940 696
1605950 695
1605960 695
1605970 694
1605980 693
1605990 693
1606000 692
1606010 691
1606020 691
1606030 691
1606040 691
1606050 691
1606060 691
1606070 691
1606080 691
1606090 691
1606100 691
1606110 691
1606120 691
1606130 691
1606140 691
1606150 691
1606160 690
1606170 690
1606180 690
1606190 690
1606200 690
1606210 689
1606220 689
1606230 689
1606240 689
1606250 689
1606260 689
1606270 688
1606280 688
1606290 688
1606300 688
1606310 688
1606320 688
1606330 687
1606340 687
1606350 687
1606360 687
1606370 686
1606380 686
1606390 686
1606400 685
1606410 685
1606420 685
1606430 684
1606440 684
1606450 684
1606460 684
1606470 684
1606480 683
1606490 682
1606500 682
1606510 682
1606520 681
1606530 681
1606540 680
1606550 680
1606560 680
1606570 679
1606580 678
1606590 678
1606600 678
1606610 678
1606620 678
1606630 677
1606640 677
1606650 677
1606660 676
1606670 675
1606680 675
1606690 674
1606700 674
1606710 674
1606720 673
1606730 673
1606740 673
1606750 672
1606760 672
1606770 671
1606780 671
1606790 671
1606800 670
1606810 670
1606820 670
1606830 669
1606840 668
1606850 668
1606860 668
1606870 668
1606880 668
1606890 667
1606900 666
1606910 666
1606920 666
1606930 665
1606940 665
1606950 665
1606960 665
1606970 665
1606980 664
1606990 664
1607000 664
1607010 663
1607020 662
1607030 662
1607040 662
1607050 662
1607060 662
1607070 661
1607080 661
1607090 661
1607100 660
1607110 660
1607120 660
1607130 659
1607140 658
1607150 658
1607160 658
1607170 657
1607180 657
1607190 656
1607200 655
1607210 655
1607220 654
1607230 653
1607240 653
1607250 653
1607260 653
1607270 653
1607280 653
1607290 653
1607300 653
1607310 653
1607320 654
1607330 654
1607340 653
1607350 653
1607360 653
1607370 653
1607380 652
1607390 652
1607400 650
1607410 649
1607420 649
1607430 649
1607440 648
1607450 648
1607460 647
1607470 646
1607480 646
1607490 647
1607500 646
1607510 646
1607520 646
1607530 648
1607540 648
1607550 649
1607560 650
1607570 650
1607580 651
1607590 652
1607600 652
1607610 652
1607620 652
1607630 652
1607640 652
1607650 652
1607660 651
1607670 651
1607680 651
1607690 651
1607700 650
1607710 650
1607720 650
1607730 650
1607740 650
1607750 650
1607760 650
1607770 650
1607780 650
1607790 651
1607800 651
1607810 651
1607820 651
1607830 651
1607840 651
1607850 651
1607860 651
1607870 651
1607880 651
1607890 651
1607900 651
1607910 652
1607920 652
1607930 651
1607940 651
1607950 651
1607960 651
1607970 650
1607980 650
1607990 650
1608000 650
1608010 650
1608020 649
1608030 646
1608040 646
1608050 642
1608060 640
1608070 640
1608080 638
1608090 637
1608100 637
1608110 636
1608120 637
1608130 637
1608140 638
1608150 640
1608160 640
1608170 642
1608180 645
1608190 645
1608200 648
1608210 649
1608220 649
1608230 651
1608240 652
1608250 652
1608260 654
1608270 654
1608280 654
1608290 655
1608300 656
1608310 656
1608320 656
1608330 656
1608340 656
1608350 656
1608360 654
1608370 654
1608380 651
1608390 647
1608400 647
1608410 644
1608420 642
1608430 642
1608440 642
1608450 643
1608460 643
1608470 645
1608480 647
1608490 647
1608500 649
1608510 652
1608520 652
1608530 655
1608540 658
1608550 658
1608560 661
1608570 661
1608580 663
1608590 664
1608600 664
1608610 665
1608620 665
1608630 665
1608640 665
1608650 665
1608660 665
1608670 665
1608680 665
1608690 665
1608700 665
1608710 665
1608720 665
1608730 665
1608740 665
1608750 665
1608760 664
1608770 664
1608780 664
1608790 664
1608800 664
1608810 664
1608820 664
1608830 664
1608840 664
1608850 664
1608860 664
1608870 664
1608880 664
1608890 664
1608900 664
1608910 664
1608920 664
1608930 664
1608940 664
1608950 663
1608960 663
1608970 663
1608980 663
1608990 663
1609000 663
1609010 663
1609020 663
1609030 664
1609040 665
1609050 665
1609060 665
1609070 666
1609080 666
1609090 667
1609100 668
1609110 668
1609120 668
1609130 669
1609140 669
1609150 669
1609160 669
1609170 669
1609180 669
1609190 669
1609200 669
1609210 669
1609220 669
1609230 669
1609240 669
1609250 669
1609260 669
1609270 669
1609280 670
1609290 670
1609300 670
1609310 670
1609320 670
1609330 670
1609340 670
1609350 670
1609360 669
1609370 669
1609380 669
1609390 669
1609400 669
1609410 669
1609420 668
1609430 667
1609440 667
1609450 666
1609460 665
1609470 665
1609480 664
1609490 664
1609500 662
1609510 660
1609520 660
1609530 656
1609540 652
1609550 652
1609560 648
1609570 644
1609580 644
1609590 641
1609600 639
1609610 639
1609620 637
1609630 635
1609640 635
1609650 633
1609660 631
1609670 631
1609680 629
1609690 628
1609700 628
1609710 628
1609720 628
1609730 628
1609740 628
1609750 629
1609760 629
1609770 630
1609780 630
1609790 630
1609800 631
1609810 633
1609820 633
1609830 634
1609840 635
1609850 635
1609860 637
1609870 638
1609880 638
1609890 640
1609900 642
1609910 642
1609920 644
1609930 648
1609940 648
1609950 651
1609960 655
1609970 655
1609980 660
1609990 664
1610000 664
1610010 668
1610020 671
1610030 671
1610040 674
1610050 676
1610060 676
1610070 677
1610080 678
1610090 678
1610100 680
1610110 681
1610120 681
1610130 682
1610140 683
1610150 683
1610160 684
1610170 684
1610180 684
1610190 685
1610200 685
1610210 685
1610220 685
1610230 685
1610240 685
1610250 684
1610260 684
1610270 684
1610280 684
1610290 684
1610300 684
1610310 683
1610320 683
1610330 683
1610340 682
1610350 681
1610360 681
1610370 681
1610380 680
1610390 680
1610400 680
1610410 680
1610420 679
1610430 678
1610440 678
1610450 677
1610460 676
1610470 676
1610480 676
1610490 675
1610500 675
1610510 674
1610520 673
1610530 673
1610540 672
1610550 672
1610560 672
1610570 670
1610580 668
1610590 668
1610600 666
1610610 665
1610620 665
1610630 663
1610640 661
1610650 661
1610660 660
1610670 660
1610680 660
1610690 660
1610700 660
1610710 660
1610720 659
1610730 658
1610740 658
1610750 658
1610760 658
1610770 658
1610780 658
1610790 657
1610800 657
1610810 657
1610820 656
1610830 656
1610840 656
1610850 656
1610860 656
1610870 657
1610880 657
1610890 657
1610900 657
1610910 657
1610920 657
1610930 657
1610940 657
1610950 657
1610960 657
1610970 658
1610980 658
1610990 658
1611000 658
1611010 658
1611020 658
1611030 659
1611040 659
1611050 659
1611060 659
1611070 659
1611080 660
1611090 660
1611100 660
1611110 660
1611120 661
1611130 661
1611140 662
1611150 662
1611160 662
1611170 663
1611180 664
1611190 664
1611200 665
1611210 665
1611220 665
1611230 666
1611240 667
1611250 667
1611260 667
1611270 668
1611280 668
1611290 669
1611300 670
1611310 670
1611320 671
1611330 671
1611340 672
1611350 673
1611360 673
1611370 673
1611380 674
1611390 674
1611400 674
1611410 674
1611420 674
1611430 675
1611440 675
1611450 675
1611460 675
1611470 675
1611480 675
1611490 675
1611500 676
1611510 676
1611520 676
1611530 676
1611540 676
1611550 676
1611560 676
1611570 676
1611580 676
1611590 676
1611600 676
1611610 676
1611620 676
1611630 676
1611640 676
1611650 676
1611660 676
1611670 677
1611680 677
1611690 677
1611700 677
1611710 677
1611720 677
1611730 677
1611740 677
1611750 677
1611760 677
1611770 678
1611780 678
1611790 678
1611800 678
1611810 678
1611820 678
1611830 677
1611840 677
1611850 677
1611860 677
1611870 677
1611880 677
1611890 677
1611900 677
1611910 677
1611920 676
1611930 676
1611940 676
1611950 676
1611960 676
1611970 676
1611980 676
1611990 676
1612000 676
1612010 676
1612020 676
1612030 676
1612040 676
1612050 676
1612060 676
1612070 676
1612080 676
1612090 677
1612100 677
1612110 677
1612120 677
1612130 677
1612140 677
1612150 678
1612160 678
1612170 678
1612180 678
1612190 678
1612200 678
1612210 678
1612220 678
1612230 678
1612240 678
1612250 679
1612260 679
1612270 679
1612280 679
1612290 679
1612300 679
1612310 679
1612320 679
1612330 680
1612340 680
1612350 680
1612360 680
1612370 680
1612380 681
1612390 681
1612400 681
1612410 681
1612420 681
1612430 681
1612440 682
1612450 682
1612460 682
1612470 682
1612480 682
1612490 682
1612500 682
1612510 682
1612520 682
1612530 683
1612540 684
1612550 684
1612560 683
1612570 683
1612580 683
1612590 682
1612600 682
1612610 682
1612620 682
1612630 681
1612640 681
1612650 681
1612660 681
1612670 681
1612680 681
1612690 680
1612700 680
1612710 680
1612720 680
1612730 680
1612740 679
1612750 679
1612760 679
1612770 678
1612780 678
1612790 678
1612800 676
1612810 673
1612820 673
1612830 669
1612840 665
1612850 665
1612860 660
1612870 657
1612880 657
1612890 653
1612900 650
1612910 650
1612920 649
1612930 648
1612940 648
1612950 648
1612960 648
1612970 648
1612980 648
1612990 648
1613000 648
1613010 648
1613020 648
1613030 648
1613040 650
1613050 653
1613060 653
1613070 657
1613080 661
1613090 661
1613100 665
1613110 669
1613120 669
1613130 672
1613140 673
1613150 673
1613160 673
1613170 673
1613180 673
1613190 674
1613200 674
1613210 676
1613220 677
1613230 677
1613240 678
1613250 679
1613260 679
1613270 680
1613280 680
1613290 680
1613300 681
1613310 681
1613320 681
1613330 681
1613340 681
1613350 681
1613360 681
1613370 681
1613380 681
1613390 681
1613400 681
1613410 681
1613420 681
1613430 681
1613440 681
1613450 680
1613460 679
1613470 679
1613480 679
1613490 678
1613500 678
1613510 677
1613520 676
1613530 676
1613540 675
1613550 674
1613560 674
1613570 672
1613580 669
1613590 669
1613600 667
1613610 666
1613620 668
1613630 667
1613640 667
1613650 667
1613660 668
1613670 671
1613680 671
1613690 673
1613700 674
1613710 674
1613720 675
1613730 676
1613740 676
1613750 677
1613760 677
1613770 677
1613780 678
1613790 679
1613800 679
1613810 679
1613820 679
1613830 679
1613840 679
1613850 679
1613860 679
1613870 679
1613880 678
1613890 678
1613900 677
1613910 677
1613920 677
1613930 676
1613940 676
1613950 676
1613960 676
1613970 675
1613980 675
1613990 675
1614000 675
1614010 675
1614020 676
1614030 675
1614040 675
1614050 675
1614060 674
1614070 674
1614080 674
1614090 674
1614100 674
1614110 674
1614120 674
1614130 674
1614140 674
1614150 674
1614160 673
1614170 673
1614180 673
1614190 673
1614200 673
1614210 673
1614220 673
1614230 673
1614240 673
1614250 672
1614260 672
1614270 672
1614280 672
1614290 672
1614300 672
1614310 671
1614320 671
1614330 671
1614340 671
1614350 671
1614360 671
1614370 671
1614380 671
1614390 671
1614400 670
1614410 670
1614420 670
1614430 670
1614440 670
1614450 670
1614460 670
1614470 670
1614480 670
1614490 670
1614500 669
1614510 669
1614520 669
1614530 670
1614540 670
1614550 670
1614560 670
1614570 670
1614580 669
1614590 669
1614600 669
1614610 669
1614620 669
1614630 669
1614640 669
1614650 669
1614660 669
1614670 669
1614680 670
1614690 670
1614700 670
1614710 670
1614720 670
1614730 670
1614740 670
1614750 670
1614760 670
1614770 670
1614780 670
1614790 670
1614800 671
1614810 671
1614820 671
1614830 671
1614840 671
1614850 671
1614860 671
1614870 671
1614880 671
1614890 672
1614900 672
1614910 672
1614920 672
1614930 672
1614940 672
1614950 672
1614960 672
1614970 673
1614980 673
1614990 673
1615000 673
1615010 673
1615020 673
1615030 673
1615040 673
1615050 673
1615060 673
1615070 673
1615080 673
1615090 673
1615100 673
1615110 673
1615120 673
1615130 673
1615140 673
1615150 673
1615160 673
1615170 673
1615180 673
1615190 673
1615200 673
1615210 672
1615220 672
1615230 672
1615240 672
1615250 672
1615260 672
1615270 672
1615280 672
1615290 671
1615300 671
1615310 671
1615320 671
1615330 670
1615340 670
1615350 669
1615360 669
1615370 669
1615380 668
1615390 667
1615400 667
1615410 666
1615420 665
1615430 665
1615440 663
1615450 661
1615460 661
1615470 660
1615480 659
1615490 659
1615500 658
1615510 657
1615520 657
1615530 656
1615540 655
1615550 655
1615560 655
1615570 654
1615580 654
1615590 654
1615600 653
1615610 653
1615620 652
1615630 652
1615640 652
1615650 652
1615660 651
1615670 651
1615680 651
1615690 652
1615700 652
1615710 653
1615720 656
1615730 656
1615740 660
1615750 663
1615760 663
1615770 666
1615780 668
1615790 668
1615800 670
1615810 672
1615820 672
1615830 673
1615840 675
1615850 675
1615860 676
1615870 676
1615880 676
1615890 676
1615900 676
1615910 676
1615920 677
1615930 677
1615940 677
1615950 677
1615960 677
1615970 676
1615980 676
1615990 676
1616000 675
1616010 675
1616020 675
1616030 674
1616040 674
1616050 674
1616060 674
1616070 673
1616080 673
1616090 673
1616100 673
1616110 673
1616120 672
1616130 672
1616140 672
1616150 672
1616160 671
1616170 671
1616180 670
1616190 667
1616200 667
1616210 665
1616220 663
1616230 663
1616240 662
1616250 663
1616260 663
1616270 664
1616280 665
1616290 665
1616300 666
1616310 668
1616320 668
1616330 671
1616340 672
1616350 672
1616360 673
1616370 674
1616380 674
1616390 675
1616400 676
1616410 676
1616420 676
1616430 677
1616440 677
1616450 677
1616460 678
1616470 678
1616480 678
1616490 679
1616500 679
1616510 679
1616520 680
1616530 680
1616540 680
1616550 681
1616560 681
1616570 681
1616580 682
1616590 682
1616600 683
1616610 683
1616620 683
1616630 684
1616640 685
1616650 685
1616660 686
1616670 687
1616680 687
1616690 688
1616700 689
1616710 689
1616720 690
1616730 690
1616740 690
1616750 690
1616760 690
1616770 690
1616780 691
1616790 691
1616800 691
1616810 692
1616820 692
1616830 692
1616840 693
1616850 693
1616860 693
1616870 693
1616880 693
1616890 693
1616900 695
1616910 695
1616920 697
1616930 698
1616940 698
1616950 700
1616960 701
1616970 701
1616980 703
1616990 704
1617000 704
1617010 705
1617020 706
1617030 706
1617040 707
1617050 708
1617060 708
1617070 709
1617080 711
1617090 711
1617100 712
1617110 713
1617120 713
1617130 714
1617140 715
1617150 715
1617160 716
1617170 718
1617180 718
1617190 719
1617200 720
1617210 720
1617220 722
1617230 723
1617240 723
1617250 724
1617260 726
1617270 726
1617280 727
1617290 728
1617300 728
1617310 730
1617320 731
1617330 731
1617340 733
1617350 734
1617360 734
1617370 735
1617380 737
1617390 737
1617400 738
1617410 740
1617420 740
1617430 741
1617440 743
1617450 743
1617460 744
1617470 746
1617480 746
1617490 747
1617500 749
1617510 749
1617520 750
1617530 752
1617540 752
1617550 753
1617560 755
1617570 755
1617580 756
1617590 758
1617600 758
1617610 759
1617620 761
1617630 761
1617640 762
1617650 764
1617660 764
1617670 766
1617680 767
1617690 767
1617700 769
1617710 770
1617720 770
1617730 772
1617740 774
1617750 774
1617760 775
1617770 776
1617780 776
1617790 778
1617800 778
1617810 779
1617820 781
1617830 781
1617840 783
1617850 784
1617860 784
1617870 786
1617880 788
1617890 788
1617900 790
1617910 791
1617920 791
1617930 793
1617940 795
1617950 795
1617960 797
1617970 800
1617980 800
1617990 802
1618000 805
1618010 805
1618020 807
1618030 810
1618040 810
1618050 813
1618060 815
1618070 815
1618080 818
1618090 822
1618100 822
1618110 826
1618120 829
1618130 829
1618140 832
1618150 834
1618160 834
1618170 836
1618180 838
1618190 838
1618200 838
1618210 839
1618220 839
1618230 840
1618240 842
1618250 842
1618260 843
1618270 843
1618280 843
1618290 844
1618300 845
1618310 845
1618320 845
1618330 846
1618340 846
1618350 846
1618360 845
1618370 845
1618380 845
1618390 844
1618400 844
1618410 843
1618420 842
1618430 842
1618440 841
1618450 840
1618460 840
1618470 839
1618480 839
1618490 839
1618500 838
1618510 838
1618520 838
1618530 838
1618540 838
1618550 838
1618560 838
1618570 837
1618580 840
1618590 839
1618600 838
1618610 838
1618620 837
1618630 837
1618640 837
1618650 835
1618660 834
1618670 834
1618680 832
1618690 830
1618700 830
1618710 827
1618720 827
1618730 825
1618740 822
1618750 822
1618760 820
1618770 818
1618780 818
1618790 817
1618800 816
1618810 816
1618820 816
1618830 815
1618840 815
1618850 815
1618860 814
1618870 814
1618880 814
1618890 814
1618900 814
1618910 814
1618920 815
1618930 815
1618940 815
1618950 815
1618960 815
1618970 816
1618980 817
1618990 817
1619000 818
1619010 818
1619020 818
1619030 819
1619040 820
1619050 820
1619060 821
1619070 823
1619080 823
1619090 824
1619100 826
1619110 826
1619120 827
1619130 828
1619140 828
1619150 830
1619160 831
1619170 831
1619180 832
1619190 833
1619200 833
1619210 834
1619220 835
1619230 835
1619240 836
1619250 837
1619260 837
1619270 838
1619280 838
1619290 838
1619300 839
1619310 840
1619320 840
1619330 841
1619340 841
1619350 841
1619360 842
1619370 842
1619380 842
1619390 843
1619400 845
1619410 845
1619420 846
1619430 846
1619440 846
1619450 847
1619460 846
1619470 846
1619480 846
1619490 846
1619500 846
1619510 845
1619520 845
1619530 845
1619540 844
1619550 843
1619560 843
1619570 843
1619580 842
1619590 842
1619600 841
1619610 840
1619620 840
1619630 839
1619640 839
1619650 838
1619660 837
1619670 837
1619680 836
1619690 835
1619700 835
1619710 834
1619720 833
1619730 833
1619740 831
1619750 830
1619760 830
1619770 829
1619780 827
1619790 827
1619800 826
1619810 824
1619820 824
1619830 822
1619840 821
1619850 821
1619860 819
1619870 818
1619880 818
1619890 816
1619900 814
1619910 814
1619920 811
1619930 809
1619940 809
1619950 806
1619960 804
1619970 804
1619980 801
1619990 799
