1600000 668
1600010 668
1600020 669
1600030 669
1600040 670
1600050 671
1600060 671
1600070 671
1600080 672
1600090 672
1600100 673
1600110 674
1600120 674
1600130 675
1600140 675
1600150 675
1600160 677
1600170 678
1600180 678
1600190 679
1600200 681
1600210 681
1600220 683
1600230 685
1600240 685
1600250 687
1600260 691
1600270 691
1600280 695
1600290 697
1600300 697
1600310 699
1600320 700
1600330 700
1600340 700
1600350 700
1600360 700
1600370 701
1600380 701
1600390 701
1600400 701
1600410 701
1600420 701
1600430 702
1600440 703
1600450 703
1600460 703
1600470 703
1600480 703
1600490 703
1600500 703
1600510 703
1600520 703
1600530 702
1600540 702
1600550 700
1600560 699
1600570 699
1600580 699
1600590 698
1600600 698
1600610 697
1600620 696
1600630 697
1600640 696
1600650 695
1600660 695
1600670 695
1600680 695
1600690 694
1600700 694
1600710 694
1600720 692
1600730 691
1600740 691
1600750 689
1600760 687
1600770 687
1600780 686
1600790 684
1600800 684
1600810 682
1600820 680
1600830 680
1600840 678
1600850 676
1600860 676
1600870 674
1600880 673
1600890 673
1600900 672
1600910 671
1600920 671
1600930 669
1600940 667
1600950 667
1600960 666
1600970 665
1600980 665
1600990 663
1601000 661
1601010 661
1601020 660
1601030 657
1601040 657
1601050 654
1601060 652
1601070 652
1601080 650
1601090 650
1601100 650
1601110 649
1601120 648
1601130 648
1601140 647
1601150 647
1601160 647
1601170 647
1601180 647
1601190 647
1601200 648
1601210 648
1601220 648
1601230 648
1601240 648
1601250 648
1601260 648
1601270 648
1601280 648
1601290 648
1601300 648
1601310 648
1601320 648
1601330 648
1601340 648
1601350 648
1601360 648
1601370 648
1601380 648
1601390 648
1601400 648
1601410 648
1601420 647
1601430 647
1601440 647
1601450 647
1601460 647
1601470 647
1601480 647
1601490 647
1601500 647
1601510 646
1601520 646
1601530 646
1601540 646
1601550 646
1601560 646
1601570 646
1601580 646
1601590 646
1601600 646
1601610 645
1601620 645
1601630 645
1601640 645
1601650 645
1601660 645
1601670 645
1601680 644
1601690 644
1601700 644
1601710 644
1601720 644
1601730 644
1601740 643
1601750 643
1601760 643
1601770 642
1601780 642
1601790 642
1601800 642
1601810 642
1601820 642
1601830 642
1601840 642
1601850 642
1601860 642
1601870 642
1601880 641
1601890 640
1601900 640
1601910 640
1601920 639
1601930 639
1601940 639
1601950 638
1601960 638
1601970 637
1601980 637
1601990 637
1602000 636
1602010 636
1602020 636
1602030 635
1602040 634
1602050 634
1602060 634
1602070 632
1602080 632
1602090 631
1602100 629
1602110 629
1602120 627
1602130 625
1602140 625
1602150 623
1602160 622
1602170 622
1602180 621
1602190 619
1602200 619
1602210 618
1602220 616
1602230 616
1602240 614
1602250 612
1602260 612
1602270 610
1602280 608
1602290 608
1602300 607
1602310 606
1602320 606
1602330 604
1602340 603
1602350 603
1602360 601
1602370 600
1602380 600
1602390 600
1602400 600
1602410 599
1602420 598
1602430 598
1602440 597
1602450 598
1602460 598
1602470 598
1602480 598
1602490 598
1602500 598
1602510 598
1602520 598
1602530 600
1602540 601
1602550 601
1602560 602
1602570 603
1602580 603
1602590 604
1602600 605
1602610 605
1602620 607
1602630 608
1602640 608
1602650 610
1602660 612
1602670 612
1602680 613
1602690 615
1602700 615
1602710 616
1602720 618
1602730 618
1602740 620
1602750 622
1602760 622
1602770 624
1602780 626
1602790 626
1602800 628
1602810 628
1602820 628
1602830 630
1602840 631
1602850 631
1602860 634
1602870 634
1602880 634
1602890 635
1602900 636
1602910 636
1602920 637
1602930 638
1602940 638
1602950 639
1602960 640
1602970 640
1602980 641
1602990 641
1603000 641
1603010 642
1603020 643
1603030 643
1603040 644
1603050 644
1603060 644
1603070 645
1603080 646
1603090 646
1603100 647
1603110 648
1603120 648
1603130 649
1603140 649
1603150 649
1603160 650
1603170 650
1603180 650
1603190 650
1603200 651
1603210 651
1603220 651
1603230 651
1603240 651
1603250 651
1603260 651
1603270 651
1603280 652
1603290 652
1603300 652
1603310 652
1603320 652
1603330 652
1603340 653
1603350 653
1603360 653
1603370 653
1603380 653
1603390 654
1603400 654
1603410 654
1603420 654
1603430 654
1603440 654
1603450 654
1603460 654
1603470 654
1603480 655
1603490 654
1603500 654
1603510 655
1603520 655
1603530 655
1603540 655
1603550 655
1603560 655
1603570 656
1603580 656
1603590 656
1603600 656
1603610 656
1603620 656
1603630 656
1603640 657
1603650 657
1603660 657
1603670 658
1603680 658
1603690 658
1603700 658
1603710 658
1603720 659
1603730 659
1603740 659
1603750 659
1603760 659
1603770 659
1603780 659
1603790 660
1603800 660
1603810 660
1603820 660
1603830 660
1603840 660
1603850 661
1603860 661
1603870 661
1603880 661
1603890 661
1603900 661
1603910 662
1603920 662
1603930 662
1603940 662
1603950 662
1603960 663
1603970 663
1603980 663
1603990 663
1604000 664
1604010 664
1604020 664
1604030 664
1604040 664
1604050 665
1604060 665
1604070 665
1604080 665
1604090 665
1604100 666
1604110 666
1604120 666
1604130 667
1604140 667
1604150 667
1604160 667
1604170 668
1604180 668
1604190 668
1604200 669
1604210 669
1604220 669
1604230 670
1604240 670
1604250 670
1604260 671
1604270 671
1604280 671
1604290 672
1604300 672
1604310 672
1604320 673
1604330 673
1604340 674
1604350 675
1604360 675
1604370 675
1604380 676
1604390 676
1604400 677
1604410 677
1604420 677
1604430 678
1604440 679
1604450 679
1604460 680
1604470 681
1604480 681
1604490 682
1604500 683
1604510 683
1604520 684
1604530 685
1604540 685
1604550 686
1604560 687
1604570 687
1604580 688
1604590 690
1604600 690
1604610 691
1604620 692
1604630 692
1604640 693
1604650 693
1604660 693
1604670 694
1604680 695
1604690 695
1604700 696
1604710 696
1604720 696
1604730 696
1604740 697
1604750 697
1604760 697
1604770 698
1604780 698
1604790 698
1604800 699
1604810 699
1604820 699
1604830 699
1604840 699
1604850 700
1604860 700
1604870 700
1604880 700
1604890 701
1604900 701
1604910 701
1604920 701
1604930 702
1604940 702
1604950 702
1604960 703
1604970 704
1604980 704
1604990 705
1605000 706
1605010 706
1605020 707
1605030 708
1605040 709
1605050 710
1605060 712
1605070 712
1605080 714
1605090 714
1605100 714
1605110 715
1605120 716
1605130 716
1605140 718
1605150 721
1605160 721
1605170 723
1605180 725
1605190 725
1605200 726
1605210 728
1605220 728
1605230 729
1605240 730
1605250 730
1605260 732
1605270 734
1605280 734
1605290 735
1605300 737
1605310 737
1605320 738
1605330 739
1605340 739
1605350 739
1605360 740
1605370 740
1605380 741
1605390 742
1605400 742
1605410 742
1605420 742
1605430 742
1605440 742
1605450 742
1605460 742
1605470 741
1605480 741
1605490 741
1605500 741
1605510 740
1605520 740
1605530 740
1605540 740
1605550 740
1605560 741
1605570 740
1605580 740
1605590 739
1605600 739
1605610 739
1605620 738
1605630 737
1605640 737
1605650 736
1605660 736
1605670 736
1605680 735
1605690 734
1605700 734
1605710 734
1605720 733
1605730 733
1605740 732
1605750 732
1605760 732
1605770 731
1605780 731
1605790 730
1605800 729
1605810 729
1605820 728
1605830 728
1605840 728
1605850 727
1605860 726
1605870 726
1605880 726
1605890 725
1605900 725
1605910 724
1605920 723
1605930 723
1605940 722
1605950 722
1605960 722
1605970 722
1605980 721
1605990 721
1606000 720
1606010 719
1606020 719
1606030 719
1606040 718
1606050 718
1606060 717
1606070 717
1606080 717
1606090 716
1606100 715
1606110 715
1606120 715
1606130 714
1606140 714
1606150 714
1606160 713
1606170 713
1606180 712
1606190 712
1606200 712
1606210 711
1606220 710
1606230 710
1606240 710
1606250 709
1606260 709
1606270 708
1606280 708
1606290 708
1606300 707
1606310 707
1606320 707
1606330 706
1606340 706
1606350 706
1606360 705
1606370 704
1606380 704
1606390 703
1606400 702
1606410 702
1606420 702
1606430 701
1606440 701
1606450 700
1606460 699
1606470 699
1606480 698
1606490 697
1606500 697
1606510 695
1606520 694
1606530 694
1606540 693
1606550 692
1606560 692
1606570 691
1606580 690
1606590 690
1606600 690
1606610 689
1606620 689
1606630 689
1606640 689
1606650 689
1606660 688
1606670 688
1606680 687
1606690 685
1606700 685
1606710 684
1606720 682
1606730 682
1606740 681
1606750 680
1606760 680
1606770 679
1606780 678
1606790 678
1606800 677
1606810 676
1606820 676
1606830 675
1606840 673
1606850 673
1606860 671
1606870 669
1606880 669
1606890 667
1606900 666
1606910 666
1606920 665
1606930 665
1606940 665
1606950 664
1606960 664
1606970 664
1606980 664
1606990 664
1607000 664
1607010 665
1607020 666
1607030 666
1607040 667
1607050 669
1607060 669
1607070 671
1607080 671
1607090 671
1607100 671
1607110 671
1607120 671
1607130 671
1607140 671
1607150 671
1607160 671
1607170 670
1607180 670
1607190 669
1607200 669
1607210 669
1607220 668
1607230 667
1607240 667
1607250 667
1607260 666
1607270 666
1607280 666
1607290 665
1607300 665
1607310 665
1607320 664
1607330 664
1607340 664
1607350 664
1607360 664
1607370 664
1607380 663
1607390 663
1607400 663
1607410 663
1607420 663
1607430 663
1607440 663
1607450 663
1607460 663
1607470 663
1607480 662
1607490 662
1607500 662
1607510 662
1607520 662
1607530 662
1607540 662
1607550 662
1607560 662
1607570 662
1607580 662
1607590 662
1607600 662
1607610 661
1607620 661
1607630 661
1607640 660
1607650 660
1607660 660
1607670 660
1607680 660
1607690 660
1607700 660
1607710 660
1607720 660
1607730 660
1607740 660
1607750 660
1607760 660
1607770 660
1607780 660
1607790 660
1607800 660
1607810 660
1607820 660
1607830 660
1607840 661
1607850 661
1607860 661
1607870 661
1607880 661
1607890 661
1607900 661
1607910 661
1607920 661
1607930 661
1607940 661
1607950 661
1607960 661
1607970 661
1607980 661
1607990 661
1608000 661
1608010 661
1608020 661
1608030 661
1608040 661
1608050 661
1608060 661
1608070 661
1608080 661
1608090 661
1608100 661
1608110 662
1608120 662
1608130 662
1608140 663
1608150 664
1608160 664
1608170 664
1608180 665
1608190 665
1608200 666
1608210 667
1608220 667
1608230 667
1608240 668
1608250 668
1608260 668
1608270 669
1608280 669
1608290 670
1608300 670
1608310 670
1608320 670
1608330 670
1608340 671
1608350 671
1608360 671
1608370 671
1608380 672
1608390 672
1608400 673
1608410 673
1608420 673
1608430 673
1608440 674
1608450 674
1608460 674
1608470 675
1608480 675
1608490 675
1608500 676
1608510 676
1608520 676
1608530 677
1608540 677
1608550 677
1608560 677
1608570 677
1608580 677
1608590 677
1608600 677
1608610 677
1608620 677
1608630 677
1608640 676
1608650 676
1608660 676
1608670 675
1608680 674
1608690 674
1608700 673
1608710 672
1608720 672
1608730 671
1608740 671
1608750 671
1608760 672
1608770 674
1608780 674
1608790 677
1608800 679
1608810 679
1608820 680
1608830 680
1608840 680
1608850 680
1608860 681
1608870 681
1608880 681
1608890 682
1608900 682
1608910 682
1608920 682
1608930 682
1608940 683
1608950 684
1608960 684
1608970 685
1608980 686
1608990 686
1609000 686
1609010 687
1609020 687
1609030 688
1609040 689
1609050 689
1609060 690
1609070 691
1609080 691
1609090 692
1609100 693
1609110 693
1609120 694
1609130 695
1609140 695
1609150 697
1609160 697
1609170 698
1609180 699
1609190 699
1609200 700
1609210 701
1609220 701
1609230 703
1609240 704
1609250 704
1609260 705
1609270 706
1609280 706
1609290 708
1609300 709
1609310 710
1609320 711
1609330 712
1609340 712
1609350 713
1609360 714
1609370 714
1609380 715
1609390 716
1609400 716
1609410 717
1609420 718
1609430 718
1609440 720
1609450 720
1609460 720
1609470 720
1609480 721
1609490 721
1609500 721
1609510 722
1609520 722
1609530 722
1609540 723
1609550 723
1609560 724
1609570 724
1609580 724
1609590 725
1609600 725
1609610 725
1609620 726
1609630 726
1609640 726
1609650 727
1609660 727
1609670 727
1609680 727
1609690 728
1609700 728
1609710 728
1609720 728
1609730 728
1609740 728
1609750 728
1609760 728
1609770 728
1609780 728
1609790 728
1609800 729
1609810 729
1609820 729
1609830 729
1609840 729
1609850 729
1609860 728
1609870 728
1609880 728
1609890 728
1609900 727
1609910 727
1609920 727
1609930 726
1609940 726
1609950 726
1609960 725
1609970 725
1609980 725
1609990 724
1610000 724
1610010 724
1610020 724
1610030 723
1610040 722
1610050 722
1610060 722
1610070 721
1610080 721
1610090 721
1610100 720
1610110 720
1610120 719
1610130 718
1610140 718
1610150 717
1610160 717
1610170 717
1610180 716
1610190 715
1610200 715
1610210 714
1610220 713
1610230 713
1610240 713
1610250 712
1610260 712
1610270 711
1610280 710
1610290 710
1610300 710
1610310 709
1610320 709
1610330 708
1610340 708
1610350 707
1610360 707
1610370 706
1610380 706
1610390 706
1610400 705
1610410 705
1610420 705
1610430 704
1610440 704
1610450 703
1610460 703
1610470 703
1610480 702
1610490 702
1610500 702
1610510 702
1610520 701
1610530 701
1610540 701
1610550 700
1610560 700
1610570 700
1610580 699
1610590 699
1610600 699
1610610 698
1610620 698
1610630 698
1610640 697
1610650 697
1610660 697
1610670 697
1610680 697
1610690 697
1610700 696
1610710 696
1610720 696
1610730 696
1610740 696
1610750 696
1610760 695
1610770 695
1610780 695
1610790 694
1610800 694
1610810 693
1610820 692
1610830 692
1610840 691
1610850 691
1610860 691
1610870 690
1610880 690
1610890 690
1610900 689
1610910 689
1610920 689
1610930 688
1610940 688
1610950 688
1610960 687
1610970 687
1610980 687
1610990 687
1611000 687
1611010 687
1611020 688
1611030 688
1611040 689
1611050 689
1611060 689
1611070 689
1611080 689
1611090 689
1611100 689
1611110 689
1611120 689
1611130 689
1611140 688
1611150 688
1611160 688
1611170 688
1611180 688
1611190 687
1611200 686
1611210 686
1611220 685
1611230 685
1611240 685
1611250 684
1611260 684
1611270 684
1611280 684
1611290 684
1611300 684
1611310 683
1611320 684
1611330 684
1611340 684
1611350 684
1611360 684
1611370 684
1611380 685
1611390 685
1611400 686
1611410 688
1611420 688
1611430 689
1611440 689
1611450 689
1611460 690
1611470 691
1611480 691
1611490 691
1611500 691
1611510 691
1611520 691
1611530 691
1611540 691
1611550 690
1611560 690
1611570 690
1611580 690
1611590 690
1611600 690
1611610 690
1611620 690
1611630 690
1611640 690
1611650 690
1611660 690
1611670 690
1611680 690
1611690 690
1611700 689
1611710 689
1611720 689
1611730 688
1611740 688
1611750 688
1611760 688
1611770 688
1611780 688
1611790 688
1611800 688
1611810 688
1611820 688
1611830 688
1611840 688
1611850 688
1611860 688
1611870 688
1611880 687
1611890 687
1611900 687
1611910 687
1611920 687
1611930 687
1611940 686
1611950 686
1611960 686
1611970 686
1611980 686
1611990 686
1612000 685
1612010 685
1612020 685
1612030 685
1612040 685
1612050 686
1612060 686
1612070 686
1612080 686
1612090 686
1612100 686
1612110 687
1612120 687
1612130 687
1612140 688
1612150 688
1612160 688
1612170 688
1612180 689
1612190 689
1612200 689
1612210 689
1612220 689
1612230 689
1612240 689
1612250 689
1612260 689
1612270 688
1612280 688
1612290 688
1612300 688
1612310 688
1612320 688
1612330 688
1612340 688
1612350 688
1612360 688
1612370 688
1612380 687
1612390 687
1612400 687
1612410 688
1612420 687
1612430 687
1612440 687
1612450 687
1612460 687
1612470 686
1612480 686
1612490 686
1612500 686
1612510 686
1612520 686
1612530 685
1612540 685
1612550 685
1612560 685
1612570 685
1612580 685
1612590 685
1612600 685
1612610 685
1612620 684
1612630 684
1612640 684
1612650 684
1612660 684
1612670 684
1612680 684
1612690 684
1612700 684
1612710 684
1612720 684
1612730 684
1612740 684
1612750 684
1612760 684
1612770 684
1612780 684
1612790 683
1612800 683
1612810 683
1612820 683
1612830 683
1612840 683
1612850 683
1612860 683
1612870 683
1612880 683
1612890 683
1612900 683
1612910 683
1612920 682
1612930 682
1612940 682
1612950 682
1612960 682
1612970 682
1612980 682
1612990 682
1613000 681
1613010 681
1613020 681
1613030 680
1613040 680
1613050 680
1613060 679
1613070 678
1613080 678
1613090 677
1613100 677
1613110 677
1613120 675
1613130 674
1613140 674
1613150 674
1613160 673
1613170 673
1613180 673
1613190 673
1613200 673
1613210 673
1613220 674
1613230 674
1613240 674
1613250 674
1613260 674
1613270 675
1613280 677
1613290 677
1613300 677
1613310 678
1613320 678
1613330 678
1613340 679
1613350 679
1613360 680
1613370 681
1613380 681
1613390 681
1613400 681
1613410 682
1613420 683
1613430 683
1613440 683
1613450 684
1613460 684
1613470 684
1613480 685
1613490 685
1613500 686
1613510 686
1613520 686
1613530 687
1613540 687
1613550 687
1613560 688
1613570 688
1613580 688
1613590 689
1613600 690
1613610 690
1613620 691
1613630 691
1613640 691
1613650 692
1613660 693
1613670 693
1613680 694
1613690 695
1613700 695
1613710 696
1613720 698
1613730 698
1613740 700
1613750 702
1613760 702
1613770 703
1613780 704
1613790 704
1613800 704
1613810 704
1613820 704
1613830 705
1613840 705
1613850 705
1613860 706
1613870 707
1613880 707
1613890 708
1613900 708
1613910 708
1613920 709
1613930 710
1613940 710
1613950 710
1613960 711
1613970 711
1613980 712
1613990 712
1614000 712
1614010 713
1614020 715
1614030 715
1614040 716
1614050 717
1614060 717
1614070 718
1614080 719
1614090 719
1614100 721
1614110 722
1614120 722
1614130 723
1614140 723
1614150 723
1614160 724
1614170 724
1614180 724
1614190 725
1614200 726
1614210 726
1614220 727
1614230 727
1614240 728
1614250 729
1614260 729
1614270 730
1614280 731
1614290 731
1614300 733
1614310 735
1614320 735
1614330 737
1614340 739
1614350 739
1614360 741
1614370 743
1614380 743
1614390 745
1614400 748
1614410 748
1614420 751
1614430 754
1614440 753
1614450 756
1614460 759
1614470 759
1614480 761
1614490 763
1614500 763
1614510 764
1614520 766
1614530 766
1614540 767
1614550 768
1614560 768
1614570 769
1614580 771
1614590 771
1614600 772
1614610 774
1614620 774
1614630 775
1614640 777
1614650 777
1614660 779
1614670 780
1614680 780
1614690 780
1614700 780
1614710 780
1614720 779
1614730 779
1614740 779
1614750 778
1614760 777
1614770 777
1614780 775
1614790 772
1614800 772
1614810 769
1614820 765
1614830 765
1614840 763
1614850 761
1614860 761
1614870 759
1614880 758
1614890 758
1614900 757
1614910 756
1614920 756
1614930 755
1614940 755
1614950 755
1614960 754
1614970 753
1614980 753
1614990 753
1615000 752
1615010 752
1615020 751
1615030 751
1615040 751
1615050 751
1615060 752
1615070 752
1615080 752
1615090 752
1615100 752
1615110 753
1615120 753
1615130 753
1615140 754
1615150 754
1615160 754
1615170 755
1615180 755
1615190 756
1615200 757
1615210 757
1615220 758
1615230 759
1615240 759
1615250 760
1615260 761
1615270 761
1615280 763
1615290 765
1615300 765
1615310 766
1615320 769
1615330 769
1615340 772
1615350 775
1615360 775
1615370 778
1615380 781
1615390 781
1615400 784
1615410 787
1615420 787
1615430 789
1615440 791
1615450 791
1615460 793
1615470 796
1615480 796
1615490 798
1615500 800
1615510 800
1615520 802
1615530 804
1615540 804
1615550 806
1615560 808
1615570 808
1615580 809
1615590 811
1615600 811
1615610 812
1615620 812
1615630 812
1615640 813
1615650 813
1615660 813
1615670 813
1615680 813
1615690 813
1615700 813
1615710 813
1615720 813
1615730 813
1615740 813
1615750 813
1615760 812
1615770 812
1615780 812
1615790 811
1615800 811
1615810 811
1615820 811
1615830 811
1615840 811
1615850 812
1615860 812
1615870 812
1615880 812
1615890 812
1615900 812
1615910 812
1615920 812
1615930 813
1615940 813
1615950 813
1615960 814
1615970 814
1615980 814
1615990 814
1616000 814
1616010 814
1616020 815
1616030 815
1616040 815
1616050 815
1616060 816
1616070 816
1616080 816
1616090 817
1616100 817
1616110 818
1616120 818
1616130 818
1616140 819
1616150 819
1616160 819
1616170 820
1616180 821
1616190 821
1616200 821
1616210 822
1616220 822
1616230 825
1616240 829
1616250 829
1616260 831
1616270 832
1616280 832
1616290 832
1616300 831
1616310 831
1616320 830
1616330 829
1616340 829
1616350 827
1616360 825
1616370 825
1616380 824
1616390 822
1616400 822
1616410 821
1616420 819
1616430 819
1616440 817
1616450 815
1616460 815
1616470 813
1616480 811
1616490 811
1616500 809
1616510 807
1616520 807
1616530 805
1616540 804
1616550 804
1616560 802
1616570 801
1616580 801
1616590 800
1616600 798
1616610 798
1616620 797
1616630 795
1616640 795
1616650 794
1616660 793
1616670 793
1616680 791
1616690 790
1616700 790
1616710 788
1616720 786
1616730 786
1616740 785
1616750 785
1616760 784
1616770 783
1616780 783
1616790 782
1616800 780
1616810 780
1616820 779
1616830 778
1616840 778
1616850 777
1616860 775
1616870 775
1616880 774
1616890 772
1616900 772
1616910 770
1616920 768
1616930 768
1616940 767
1616950 765
1616960 765
1616970 763
1616980 761
1616990 761
1617000 758
1617010 756
1617020 756
1617030 753
1617040 751
1617050 751
1617060 748
1617070 745
1617080 745
1617090 742
1617100 740
1617110 740
1617120 738
1617130 736
1617140 736
1617150 734
1617160 732
1617170 732
1617180 730
1617190 730
1617200 730
1617210 729
1617220 729
1617230 729
1617240 728
1617250 728
1617260 728
1617270 729
1617280 729
1617290 729
1617300 730
1617310 731
1617320 731
1617330 731
1617340 731
1617350 731
1617360 731
1617370 731
1617380 731
1617390 731
1617400 730
1617410 730
1617420 728
1617430 728
1617440 728
1617450 727
1617460 726
1617470 726
1617480 726
1617490 725
1617500 725
1617510 725
1617520 725
1617530 725
1617540 724
1617550 724
1617560 724
1617570 724
1617580 723
1617590 723
1617600 723
1617610 723
1617620 723
1617630 722
1617640 722
1617650 721
1617660 721
1617670 721
1617680 720
1617690 720
1617700 720
1617710 719
1617720 718
1617730 718
1617740 717
1617750 716
1617760 716
1617770 715
1617780 714
1617790 714
1617800 713
1617810 713
1617820 713
1617830 712
1617840 711
1617850 711
1617860 710
1617870 709
1617880 709
1617890 709
1617900 708
1617910 708
1617920 707
1617930 707
1617940 707
1617950 706
1617960 706
1617970 706
1617980 706
1617990 706
1618000 706
1618010 706
1618020 706
1618030 706
1618040 706
1618050 706
1618060 706
1618070 706
1618080 707
1618090 707
1618100 707
1618110 708
1618120 708
1618130 708
1618140 709
1618150 709
1618160 710
1618170 711
1618180 711
1618190 712
1618200 713
1618210 713
1618220 714
1618230 715
1618240 715
1618250 717
1618260 719
1618270 719
1618280 721
1618290 723
1618300 723
1618310 725
1618320 727
1618330 727
1618340 730
1618350 732
1618360 732
1618370 734
1618380 737
1618390 737
1618400 740
1618410 743
1618420 743
1618430 746
1618440 746
1618450 749
1618460 752
1618470 752
1618480 755
1618490 758
1618500 758
1618510 761
1618520 764
1618530 764
1618540 765
1618550 767
1618560 767
1618570 768
1618580 770
1618590 770
1618600 771
1618610 773
1618620 773
1618630 773
1618640 774
1618650 774
1618660 775
1618670 775
1618680 775
1618690 776
1618700 777
1618710 777
1618720 777
1618730 778
1618740 778
1618750 778
1618760 779
1618770 779
1618780 779
1618790 780
1618800 780
1618810 780
1618820 781
1618830 781
1618840 782
1618850 782
1618860 782
1618870 782
1618880 782
1618890 782
1618900 783
1618910 783
1618920 783
1618930 783
1618940 783
1618950 783
1618960 783
1618970 783
1618980 783
1618990 783
1619000 783
1619010 783
1619020 783
1619030 782
1619040 782
1619050 782
1619060 782
1619070 782
1619080 782
1619090 782
1619100 782
1619110 782
1619120 781
1619130 781
1619140 781
1619150 781
1619160 781
1619170 781
1619180 781
1619190 781
1619200 781
1619210 781
1619220 781
1619230 781
1619240 781
1619250 781
1619260 781
1619270 780
1619280 780
1619290 780
1619300 780
1619310 779
1619320 779
1619330 779
1619340 778
1619350 777
1619360 777
1619370 777
1619380 776
1619390 776
1619400 775
1619410 773
1619420 773
1619430 772
1619440 771
1619450 771
1619460 770
1619470 770
1619480 770
1619490 769
1619500 768
1619510 768
1619520 766
1619530 765
1619540 765
1619550 764
1619560 763
1619570 763
1619580 762
1619590 761
1619600 761
1619610 761
1619620 761
1619630 761
1619640 760
1619650 760
1619660 760
1619670 760
1619680 760
1619690 760
1619700 759
1619710 759
1619720 759
1619730 758
1619740 758
1619750 758
1619760 758
1619770 757
1619780 757
1619790 757
1619800 757
1619810 757
1619820 757
1619830 757
1619840 757
1619850 756
1619860 756
1619870 756
1619880 756
1619890 755
1619900 755
1619910 755
1619920 754
1619930 754
1619940 754
1619950 753
1619960 753
1619970 753
1619980 752
1619990 752
