1600580 562
1600590 563
1600600 563
1600610 564
1600620 565
1600630 565
1600640 567
1600650 568
1600660 568
1600670 569
1600680 571
1600690 571
1600700 572
1600710 574
1600720 574
1600730 576
1600740 578
1600750 578
1600760 579
1600770 580
1600780 580
1600790 581
1600800 582
1600810 582
1600820 583
1600830 584
1600840 584
1600850 585
1600860 586
1600870 586
1600880 587
1600890 587
1600900 587
1600910 588
1600920 588
1600930 589
1600940 590
1600950 590
1600960 591
1600970 592
1600980 592
1600990 592
1601000 592
1601010 592
1601020 593
1601030 594
1601040 594
1601050 594
1601060 595
1601070 595
1601080 596
1601090 597
1601100 597
1601110 598
1601120 599
1601130 599
1601140 600
1601150 601
1601160 601
1601170 602
1601180 603
1601190 603
1601200 604
1601210 604
1601220 604
1601230 605
1601240 606
1601250 606
1601260 607
1601270 608
1601280 608
1601290 608
1601300 609
1601310 609
1601320 609
1601330 610
1601340 610
1601350 611
1601360 611
1601370 611
1601380 612
1601390 613
1601400 613
1601410 613
1601420 614
1601430 614
1601440 615
1601450 615
1601460 615
1601470 616
1601480 616
1601490 616
1601500 617
1601510 617
1601520 617
1601530 618
1601540 619
1601550 619
1601560 619
1601570 620
1601580 620
1601590 621
1601600 621
1601610 621
1601620 622
1601630 623
1601640 623
1601650 623
1601660 623
1601670 623
1601680 624
1601690 624
1601700 624
1601710 624
1601720 624
1601730 625
1601740 625
1601750 625
1601760 626
1601770 626
1601780 626
1601790 626
1601800 626
1601810 626
1601820 625
1601830 625
1601840 625
1601850 625
1601860 624
1601870 624
1601880 624
1601890 624
1601900 624
1601910 623
1601920 622
1601930 622
1601940 622
1601950 621
1601960 621
1601970 620
1601980 620
1601990 620
1602000 619
1602010 619
1602020 619
1602030 619
1602040 618
1602050 618
1602060 618
1602070 617
1602080 617
1602090 616
1602100 615
1602110 616
1602120 615
1602130 613
1602140 613
1602150 612
1602160 611
1602170 611
1602180 610
1602190 609
1602200 609
1602210 608
1602220 607
1602230 607
1602240 606
1602250 604
1602260 604
1602270 603
1602280 601
1602290 601
1602300 600
1602310 599
1602320 599
1602330 599
1602340 599
1602350 599
1602360 599
1602370 599
1602380 599
1602390 599
1602400 599
1602410 599
1602420 599
1602430 599
1602440 599
1602450 599
1602460 600
1602470 600
1602480 601
1602490 601
1602500 603
1602510 604
1602520 604
1602530 605
1602540 606
1602550 606
1602560 607
1602570 608
1602580 608
1602590 609
1602600 610
1602610 610
1602620 611
1602630 612
1602640 612
1602650 613
1602660 614
1602670 614
1602680 615
1602690 615
1602700 615
1602710 616
1602720 617
1602730 617
1602740 617
1602750 618
1602760 618
1602770 619
1602780 620
1602790 620
1602800 620
1602810 620
1602820 620
1602830 621
1602840 621
1602850 621
1602860 622
1602870 623
1602880 623
1602890 623
1602900 623
1602910 623
1602920 624
1602930 624
1602940 624
1602950 625
1602960 625
1602970 625
1602980 625
1602990 626
1603000 626
1603010 626
1603020 627
1603030 627
1603040 627
1603050 628
1603060 628
1603070 628
1603080 628
1603090 628
1603100 629
1603110 629
1603120 629
1603130 629
1603140 629
1603150 629
1603160 630
1603170 630
1603180 630
1603190 630
1603200 631
1603210 631
1603220 632
1603230 632
1603240 632
1603250 632
1603260 632
1603270 632
1603280 632
1603290 632
1603300 632
1603310 631
1603320 631
1603330 630
1603340 630
1603350 630
1603360 630
1603370 630
1603380 630
1603390 629
1603400 629
1603410 629
1603420 629
1603430 629
1603440 629
1603450 629
1603460 628
1603470 628
1603480 628
1603490 628
1603500 628
1603510 627
1603520 627
1603530 627
1603540 627
1603550 627
1603560 627
1603570 627
1603580 627
1603590 627
1603600 627
1603610 627
1603620 627
1603630 627
1603640 628
1603650 628
1603660 628
1603670 628
1603680 628
1603690 628
1603700 628
1603710 628
1603720 629
1603730 629
1603740 629
1603750 629
1603760 630
1603770 630
1603780 630
1603790 631
1603800 631
1603810 631
1603820 632
1603830 632
1603840 632
1603850 633
1603860 633
1603870 633
1603880 634
1603890 634
1603900 634
1603910 635
1603920 635
1603930 635
1603940 636
1603950 636
1603960 636
1603970 637
1603980 637
1603990 637
1604000 638
1604010 638
1604020 638
1604030 639
1604040 639
1604050 639
1604060 639
1604070 640
1604080 640
1604090 640
1604100 641
1604110 641
1604120 641
1604130 642
1604140 642
1604150 642
1604160 642
1604170 643
1604180 643
1604190 643
1604200 643
1604210 643
1604220 644
1604230 644
1604240 644
1604250 644
1604260 645
1604270 645
1604280 645
1604290 645
1604300 645
1604310 645
1604320 646
1604330 646
1604340 646
1604350 646
1604360 646
1604370 646
1604380 647
1604390 647
1604400 647
1604410 647
1604420 647
1604430 647
1604440 647
1604450 647
1604460 648
1604470 648
1604480 648
1604490 648
1604500 648
1604510 648
1604520 649
1604530 649
1604540 649
1604550 649
1604560 649
1604570 649
1604580 649
1604590 650
1604600 650
1604610 650
1604620 650
1604630 650
1604640 650
1604650 650
1604660 650
1604670 651
1604680 651
1604690 651
1604700 651
1604710 651
1604720 651
1604730 651
1604740 651
1604750 651
1604760 651
1604770 651
1604780 651
1604790 651
1604800 651
1604810 651
1604820 651
1604830 651
1604840 651
1604850 651
1604860 651
1604870 651
1604880 651
1604890 651
1604900 651
1604910 651
1604920 651
1604930 651
1604940 650
1604950 650
1604960 650
1604970 650
1604980 650
1604990 650
1605000 650
1605010 650
1605020 650
1605030 650
1605040 650
1605050 650
1605060 650
1605070 650
1605080 650
1605090 650
1605100 650
1605110 651
1605120 651
1605130 651
1605140 651
1605150 652
1605160 652
1605170 652
1605180 653
1605190 653
1605200 653
1605210 653
1605220 653
1605230 654
1605240 655
1605250 655
1605260 655
1605270 656
1605280 656
1605290 657
1605300 657
1605310 657
1605320 658
1605330 659
1605340 659
1605350 659
1605360 660
1605370 660
1605380 661
1605390 661
1605400 662
1605410 662
1605420 663
1605430 663
1605440 663
1605450 664
1605460 664
1605470 664
1605480 665
1605490 665
1605500 665
1605510 666
1605520 666
1605530 666
1605540 666
1605550 666
1605560 667
1605570 667
1605580 667
1605590 668
1605600 668
1605610 668
1605620 669
1605630 669
1605640 669
1605650 670
1605660 670
1605670 670
1605680 670
1605690 670
1605700 671
1605710 671
1605720 671
1605730 671
1605740 672
1605750 672
1605760 672
1605770 673
1605780 673
1605790 673
1605800 673
1605810 673
1605820 673
1605830 673
1605840 673
1605850 674
1605860 674
1605870 674
1605880 674
1605890 675
1605900 675
1605910 675
1605920 675
1605930 675
1605940 675
1605950 675
1605960 675
1605970 676
1605980 676
1605990 676
1606000 677
1606010 677
1606020 677
1606030 677
1606040 678
1606050 678
1606060 678
1606070 678
1606080 678
1606090 678
1606100 679
1606110 679
1606120 679
1606130 680
1606140 680
1606150 681
1606160 681
1606170 681
1606180 681
1606190 682
1606200 682
1606210 682
1606220 683
1606230 683
1606240 683
1606250 684
1606260 684
1606270 684
1606280 684
1606290 684
1606300 685
1606310 686
1606320 686
1606330 686
1606340 687
1606350 687
1606360 688
1606370 689
1606380 689
1606390 690
1606400 690
1606410 691
1606420 692
1606430 692
1606440 693
1606450 694
1606460 694
1606470 695
1606480 697
1606490 697
1606500 699
1606510 700
1606520 700
1606530 702
1606540 704
1606550 704
1606560 705
1606570 707
1606580 707
1606590 709
1606600 710
1606610 710
1606620 711
1606630 712
1606640 712
1606650 713
1606660 714
1606670 714
1606680 716
1606690 717
1606700 717
1606710 719
1606720 721
1606730 721
1606740 721
1606750 721
1606760 721
1606770 720
1606780 720
1606790 720
1606800 720
1606810 720
1606820 720
1606830 720
1606840 720
1606850 720
1606860 719
1606870 719
1606880 719
1606890 719
1606900 719
1606910 719
1606920 719
1606930 718
1606940 718
1606950 717
1606960 715
1606970 715
1606980 712
1606990 709
1607000 709
1607010 706
1607020 704
1607030 704
1607040 702
1607050 702
1607060 702
1607070 703
1607080 706
1607090 706
1607100 710
1607110 715
1607120 715
1607130 718
1607140 720
1607150 720
1607160 722
1607170 722
1607180 723
1607190 723
1607200 723
1607210 724
1607220 724
1607230 724
1607240 724
1607250 724
1607260 724
1607270 723
1607280 723
1607290 723
1607300 722
1607310 721
1607320 721
1607330 721
1607340 721
1607350 721
1607360 720
1607370 719
1607380 719
1607390 719
1607400 720
1607410 720
1607420 721
1607430 722
1607440 722
1607450 723
1607460 725
1607470 725
1607480 725
1607490 726
1607500 726
1607510 727
1607520 729
1607530 729
1607540 731
1607550 730
1607560 730
1607570 732
1607580 734
1607590 734
1607600 735
1607610 737
1607620 737
1607630 738
1607640 739
1607650 739
1607660 739
1607670 740
1607680 740
1607690 740
1607700 740
1607710 740
1607720 740
1607730 740
1607740 740
1607750 740
1607760 740
1607770 740
1607780 740
1607790 740
1607800 740
1607810 741
1607820 741
1607830 741
1607840 741
1607850 742
1607860 742
1607870 742
1607880 743
1607890 743
1607900 743
1607910 744
1607920 744
1607930 744
1607940 744
1607950 744
1607960 744
1607970 744
1607980 745
1607990 745
1608000 745
1608010 745
1608020 746
1608030 746
1608040 746
1608050 746
1608060 746
1608070 747
1608080 747
1608090 747
1608100 747
1608110 747
1608120 747
1608130 748
1608140 748
1608150 748
1608160 747
1608170 748
1608180 748
1608190 748
1608200 748
1608210 748
1608220 748
1608230 748
1608240 748
1608250 748
1608260 748
1608270 748
1608280 748
1608290 748
1608300 748
1608310 747
1608320 747
1608330 747
1608340 747
1608350 747
1608360 747
1608370 747
1608380 747
1608390 747
1608400 747
1608410 747
1608420 747
1608430 747
1608440 747
1608450 747
1608460 746
1608470 746
1608480 746
1608490 746
1608500 746
1608510 746
1608520 746
1608530 746
1608540 746
1608550 745
1608560 745
1608570 745
1608580 745
1608590 745
1608600 745
1608610 744
1608620 744
1608630 744
1608640 744
1608650 743
1608660 743
1608670 743
1608680 743
1608690 743
1608700 742
1608710 742
1608720 742
1608730 742
1608740 742
1608750 742
1608760 741
1608770 741
1608780 741
1608790 741
1608800 741
1608810 741
1608820 740
1608830 740
1608840 740
1608850 740
1608860 740
1608870 740
1608880 739
1608890 739
1608900 739
1608910 738
1608920 738
1608930 738
1608940 738
1608950 738
1608960 737
1608970 737
1608980 737
1608990 737
1609000 737
1609010 737
1609020 736
1609030 736
1609040 736
1609050 736
1609060 736
1609070 736
1609080 735
1609090 735
1609100 735
1609110 735
1609120 735
1609130 735
1609140 734
1609150 734
1609160 734
1609170 734
1609180 734
1609190 734
1609200 734
1609210 734
1609220 734
1609230 734
1609240 734
1609250 734
1609260 734
1609270 733
1609280 733
1609290 733
1609300 733
1609310 733
1609320 733
1609330 733
1609340 733
1609350 733
1609360 733
1609370 733
1609380 733
1609390 734
1609400 734
1609410 734
1609420 734
1609430 734
1609440 734
1609450 734
1609460 734
1609470 734
1609480 734
1609490 734
1609500 734
1609510 734
1609520 733
1609530 733
1609540 733
1609550 733
1609560 733
1609570 733
1609580 733
1609590 733
1609600 733
1609610 733
1609620 733
1609630 733
1609640 733
1609650 732
1609660 732
1609670 733
1609680 732
1609690 732
1609700 732
1609710 732
1609720 732
1609730 732
1609740 732
1609750 732
1609760 732
1609770 731
1609780 731
1609790 731
1609800 732
1609810 732
1609820 732
1609830 731
1609840 731
1609850 731
1609860 731
1609870 731
1609880 731
1609890 731
1609900 731
1609910 731
1609920 731
1609930 731
1609940 731
1609950 730
1609960 730
1609970 730
1609980 730
1609990 730
1610000 730
1610010 730
1610020 730
1610030 730
1610040 730
1610050 730
1610060 730
1610070 730
1610080 730
1610090 730
1610100 730
1610110 730
1610120 730
1610130 730
1610140 730
1610150 730
1610160 730
1610170 730
1610180 730
1610190 730
1610200 730
1610210 730
1610220 730
1610230 730
1610240 730
1610250 730
1610260 730
1610270 730
1610280 730
1610290 730
1610300 730
1610310 730
1610320 730
1610330 729
1610340 729
1610350 729
1610360 729
1610370 729
1610380 729
1610390 729
1610400 729
1610410 728
1610420 728
1610430 728
1610440 728
1610450 728
1610460 728
1610470 727
1610480 727
1610490 727
1610500 727
1610510 728
1610520 728
1610530 728
1610540 729
1610550 729
1610560 729
1610570 729
1610580 729
1610590 728
1610600 728
1610610 728
1610620 728
1610630 728
1610640 728
1610650 728
1610660 727
1610670 727
1610680 727
1610690 725
1610700 725
1610710 724
1610720 724
1610730 724
1610740 723
1610750 723
1610760 723
1610770 722
1610780 721
1610790 721
1610800 721
1610810 720
1610820 720
1610830 719
1610840 718
1610850 718
1610860 717
1610870 717
1610880 717
1610890 717
1610900 717
1610910 717
1610920 718
1610930 717
1610940 717
1610950 717
1610960 717
1610970 717
1610980 717
1610990 717
1611000 717
1611010 717
1611020 717
1611030 717
1611040 717
1611050 716
1611060 716
1611070 716
1611080 716
1611090 716
1611100 716
1611110 716
1611120 716
1611130 716
1611140 716
1611150 715
1611160 715
1611170 715
1611180 715
1611190 715
1611200 715
1611210 715
1611220 714
1611230 714
1611240 714
1611250 714
1611260 714
1611270 714
1611280 713
1611290 713
1611300 713
1611310 713
1611320 713
1611330 713
1611340 712
1611350 712
1611360 712
1611370 712
1611380 712
1611390 711
1611400 711
1611410 711
1611420 711
1611430 711
1611440 711
1611450 711
1611460 711
1611470 711
1611480 713
1611490 715
1611500 715
1611510 716
1611520 716
1611530 716
1611540 717
1611550 717
1611560 717
1611570 717
1611580 717
1611590 717
1611600 716
1611610 716
1611620 716
1611630 716
1611640 716
1611650 716
1611660 716
1611670 716
1611680 716
1611690 715
1611700 715
1611710 715
1611720 715
1611730 714
1611740 714
1611750 714
1611760 714
1611770 714
1611780 714
1611790 714
1611800 714
1611810 714
1611820 714
1611830 714
1611840 715
1611850 715
1611860 715
1611870 716
1611880 716
1611890 716
1611900 716
1611910 716
1611920 717
1611930 717
1611940 717
1611950 717
1611960 718
1611970 718
1611980 719
1611990 720
1612000 720
1612010 721
1612020 721
1612030 721
1612040 722
1612050 723
1612060 723
1612070 724
1612080 725
1612090 725
1612100 725
1612110 726
1612120 726
1612130 727
1612140 728
1612150 728
1612160 728
1612170 729
1612180 729
1612190 730
1612200 731
1612210 731
1612220 732
1612230 734
1612240 734
1612250 737
1612260 738
1612270 738
1612280 739
1612290 739
1612300 739
1612310 738
1612320 737
1612330 737
1612340 737
1612350 737
1612360 737
1612370 737
1612380 736
1612390 736
1612400 735
1612410 734
1612420 734
1612430 732
1612440 731
1612450 731
1612460 730
1612470 728
1612480 728
1612490 727
1612500 725
1612510 725
1612520 723
1612530 722
1612540 722
1612550 720
1612560 719
1612570 719
1612580 718
1612590 716
1612600 716
1612610 715
1612620 715
1612630 713
1612640 711
1612650 711
1612660 710
1612670 708
1612680 708
1612690 706
1612700 705
1612710 705
1612720 703
1612730 702
1612740 702
1612750 701
1612760 700
1612770 700
1612780 699
1612790 698
1612800 698
1612810 698
1612820 697
1612830 697
1612840 696
1612850 696
1612860 696
1612870 695
1612880 695
1612890 695
1612900 696
1612910 697
1612920 697
1612930 699
1612940 699
1612950 699
1612960 697
1612970 697
1612980 697
1612990 696
1613000 696
1613010 696
1613020 697
1613030 697
1613040 697
1613050 698
1613060 699
1613070 699
1613080 699
1613090 700
1613100 700
1613110 702
1613120 703
1613130 703
1613140 703
1613150 705
1613160 705
1613170 706
1613180 707
1613190 707
1613200 708
1613210 709
1613220 709
1613230 711
1613240 712
1613250 712
1613260 713
1613270 714
1613280 714
1613290 716
1613300 717
1613310 717
1613320 718
1613330 719
1613340 719
1613350 720
1613360 722
1613370 722
1613380 723
1613390 724
1613400 724
1613410 726
1613420 726
1613430 727
1613440 728
1613450 728
1613460 729
1613470 731
1613480 731
1613490 732
1613500 733
1613510 733
1613520 734
1613530 736
1613540 736
1613550 737
1613560 737
1613570 737
1613580 739
1613590 740
1613600 740
1613610 741
1613620 742
1613630 742
1613640 744
1613650 745
1613660 745
1613670 747
1613680 749
1613690 749
1613700 751
1613710 753
1613720 753
1613730 755
1613740 757
1613750 757
1613760 760
1613770 762
1613780 762
1613790 764
1613800 767
1613810 767
1613820 770
1613830 773
1613840 773
1613850 776
1613860 779
1613870 779
1613880 781
1613890 784
1613900 784
1613910 787
1613920 789
1613930 789
1613940 791
1613950 792
1613960 792
1613970 793
1613980 795
1613990 795
1614000 797
1614010 799
1614020 799
1614030 801
1614040 804
1614050 804
1614060 806
1614070 806
1614080 806
1614090 806
1614100 806
1614110 806
1614120 806
1614130 806
1614140 806
1614150 805
1614160 805
1614170 805
1614180 804
1614190 804
1614200 802
1614210 800
1614220 800
1614230 798
1614240 795
1614250 795
1614260 794
1614270 792
1614280 792
1614290 792
1614300 791
1614310 791
1614320 790
1614330 790
1614340 790
1614350 789
1614360 790
1614370 790
1614380 790
1614390 790
1614400 790
1614410 790
1614420 791
1614430 791
1614440 791
1614450 792
1614460 792
1614470 792
1614480 793
1614490 793
1614500 793
1614510 794
1614520 794
1614530 795
1614540 796
1614550 796
1614560 796
1614570 796
1614580 796
1614590 797
1614600 798
1614610 798
1614620 798
1614630 798
1614640 798
1614650 799
1614660 799
1614670 799
1614680 799
1614690 800
1614700 800
1614710 800
1614720 800
1614730 800
1614740 800
1614750 800
1614760 800
1614770 802
1614780 802
1614790 802
1614800 802
1614810 802
1614820 802
1614830 803
1614840 804
1614850 804
1614860 805
1614870 806
1614880 806
1614890 807
1614900 808
1614910 808
1614920 809
1614930 810
1614940 810
1614950 811
1614960 811
1614970 812
1614980 813
1614990 813
1615000 814
1615010 815
1615020 815
1615030 816
1615040 817
1615050 817
1615060 818
1615070 820
1615080 820
1615090 821
1615100 822
1615110 822
1615120 823
1615130 824
1615140 824
1615150 825
1615160 826
1615170 826
1615180 828
1615190 830
1615200 830
1615210 832
1615220 834
1615230 834
1615240 836
1615250 838
1615260 838
1615270 839
1615280 841
1615290 841
1615300 842
1615310 843
1615320 843
1615330 844
1615340 845
1615350 845
1615360 845
1615370 844
1615380 844
1615390 843
1615400 843
1615410 843
1615420 842
1615430 842
1615440 842
1615450 842
1615460 842
1615470 842
1615480 842
1615490 843
1615500 843
1615510 843
1615520 843
1615530 843
1615540 844
1615550 844
1615560 844
1615570 845
1615580 845
1615590 845
1615600 845
1615610 846
1615620 846
1615630 847
1615640 847
1615650 847
1615660 845
1615670 843
1615680 843
1615690 841
1615700 838
1615710 838
1615720 835
1615730 835
1615740 833
1615750 830
1615760 830
1615770 826
1615780 823
1615790 823
1615800 819
1615810 816
1615820 816
1615830 813
1615840 811
1615850 811
1615860 809
1615870 806
1615880 806
1615890 804
1615900 802
1615910 802
1615920 800
1615930 798
1615940 798
1615950 796
1615960 795
1615970 795
1615980 793
1615990 791
1616000 791
1616010 790
1616020 788
1616030 788
1616040 787
1616050 785
1616060 785
1616070 784
1616080 782
1616090 782
1616100 781
1616110 780
1616120 780
1616130 780
1616140 779
1616150 779
1616160 778
1616170 776
1616180 776
1616190 774
1616200 772
1616210 772
1616220 768
1616230 766
1616240 766
1616250 765
1616260 764
1616270 764
1616280 763
1616290 762
1616300 762
1616310 760
1616320 759
1616330 759
1616340 756
1616350 753
1616360 753
1616370 748
1616380 743
1616390 743
1616400 739
1616410 737
1616420 737
1616430 735
1616440 734
1616450 734
1616460 732
1616470 730
1616480 730
1616490 728
1616500 728
1616510 725
1616520 723
1616530 723
1616540 720
1616550 718
1616560 718
1616570 717
1616580 715
1616590 715
1616600 713
1616610 711
1616620 711
1616630 709
1616640 708
1616650 708
1616660 705
1616670 702
1616680 702
1616690 699
1616700 696
1616710 696
1616720 693
1616730 691
1616740 691
1616750 689
1616760 687
1616770 687
1616780 686
1616790 684
1616800 684
1616810 683
1616820 682
1616830 682
1616840 681
1616850 679
1616860 679
1616870 678
1616880 678
1616890 678
1616900 677
1616910 676
1616920 676
1616930 675
1616940 675
1616950 675
1616960 675
1616970 675
1616980 675
1616990 675
1617000 675
1617010 675
1617020 674
1617030 674
1617040 674
1617050 674
1617060 674
1617070 674
1617080 673
1617090 674
1617100 674
1617110 674
1617120 674
1617130 674
1617140 675
1617150 675
1617160 675
1617170 674
1617180 674
1617190 674
1617200 673
1617210 673
1617220 673
1617230 673
1617240 674
1617250 674
1617260 674
1617270 676
1617280 676
1617290 679
1617300 679
1617310 682
1617320 683
1617330 683
1617340 683
1617350 680
1617360 680
1617370 678
1617380 679
1617390 679
1617400 677
1617410 673
1617420 673
1617430 670
1617440 672
1617450 672
1617460 675
1617470 678
1617480 678
1617490 681
1617500 684
1617510 684
1617520 686
1617530 687
1617540 687
1617550 689
1617560 691
1617570 691
1617580 692
1617590 694
1617600 694
1617610 696
1617620 698
1617630 698
1617640 699
1617650 701
1617660 701
1617670 702
1617680 704
1617690 704
1617700 705
1617710 707
1617720 707
1617730 707
1617740 708
1617750 706
1617760 706
1617770 706
1617780 706
1617790 706
1617800 707
1617810 707
1617820 707
1617830 707
1617840 707
1617850 708
1617860 708
1617870 708
1617880 708
1617890 708
1617900 708
1617910 709
1617920 709
1617930 709
1617940 709
1617950 709
1617960 709
1617970 709
1617980 709
1617990 709
1618000 708
1618010 708
1618020 708
1618030 707
1618040 707
1618050 707
1618060 707
1618070 707
1618080 707
1618090 706
1618100 706
1618110 706
1618120 706
1618130 706
1618140 706
1618150 706
1618160 706
1618170 707
1618180 708
1618190 708
1618200 708
1618210 708
1618220 708
1618230 709
1618240 709
1618250 709
1618260 709
1618270 709
1618280 709
1618290 708
1618300 708
1618310 708
1618320 707
1618330 707
1618340 707
1618350 707
1618360 707
1618370 707
1618380 706
1618390 705
1618400 705
1618410 704
1618420 702
1618430 702
1618440 701
1618450 700
1618460 700
1618470 699
1618480 699
1618490 699
1618500 699
1618510 698
1618520 698
1618530 698
1618540 697
1618550 697
1618560 697
1618570 696
1618580 696
1618590 696
1618600 695
1618610 695
1618620 694
1618630 694
1618640 694
1618650 693
1618660 692
1618670 692
1618680 692
1618690 691
1618700 691
1618710 691
1618720 690
1618730 689
1618740 688
1618750 688
1618760 688
1618770 687
1618780 687
1618790 687
1618800 686
1618810 686
1618820 686
1618830 686
1618840 686
1618850 685
1618860 685
1618870 685
1618880 684
1618890 684
1618900 684
1618910 683
1618920 682
1618930 682
1618940 681
1618950 680
1618960 680
1618970 679
1618980 679
1618990 679
1619000 678
1619010 678
1619020 678
1619030 677
1619040 677
1619050 677
1619060 677
1619070 677
1619080 677
1619090 677
1619100 677
1619110 677
1619120 677
1619130 677
1619140 677
1619150 677
1619160 678
1619170 678
1619180 679
1619190 680
1619200 680
1619210 681
1619220 682
1619230 682
1619240 684
1619250 685
1619260 685
1619270 686
1619280 688
1619290 688
1619300 689
1619310 691
1619320 691
1619330 692
1619340 694
1619350 694
1619360 695
1619370 697
1619380 697
1619390 698
1619400 700
1619410 700
1619420 701
1619430 703
1619440 703
1619450 705
1619460 706
1619470 706
1619480 708
1619490 710
1619500 710
1619510 711
1619520 713
1619530 713
1619540 715
1619550 716
1619560 716
1619570 718
1619580 719
1619590 719
1619600 721
1619610 721
1619620 723
1619630 724
1619640 724
1619650 726
1619660 727
1619670 727
1619680 728
1619690 730
1619700 730
1619710 732
1619720 733
1619730 733
1619740 734
1619750 735
1619760 735
1619770 737
1619780 739
1619790 739
1619800 741
1619810 742
1619820 742
1619830 744
1619840 746
1619850 746
1619860 748
1619870 749
1619880 749
1619890 751
1619900 752
1619910 752
1619920 752
1619930 753
1619940 753
1619950 753
1619960 753
1619970 753
1619980 753
1619990 754
