1606860 736
1606870 736
1606880 738
1606890 740
1606900 740
1606910 742
1606920 744
1606930 744
1606940 745
1606950 747
1606960 747
1606970 748
1606980 748
1606990 749
1607000 750
1607010 750
1607020 751
1607030 753
1607040 753
1607050 754
1607060 756
1607070 756
1607080 757
1607090 757
1607100 757
1607110 758
1607120 758
1607130 758
1607140 758
1607150 758
1607160 758
1607170 758
1607180 758
1607190 758
1607200 758
1607210 759
1607220 759
1607230 758
1607240 758
1607250 758
1607260 757
1607270 756
1607280 756
1607290 756
1607300 755
1607310 755
1607320 755
1607330 754
1607340 754
1607350 753
1607360 752
1607370 752
1607380 751
1607390 750
1607400 750
1607410 749
1607420 748
1607430 748
1607440 746
1607450 744
1607460 744
1607470 743
1607480 742
1607490 742
1607500 741
1607510 740
1607520 739
1607530 738
1607540 737
1607550 737
1607560 736
1607570 735
1607580 735
1607590 735
1607600 734
1607610 734
1607620 733
1607630 733
1607640 733
1607650 733
1607660 734
1607670 734
1607680 735
1607690 735
1607700 735
1607710 736
1607720 736
1607730 736
1607740 736
1607750 736
1607760 736
1607770 737
1607780 737
1607790 738
1607800 738
1607810 738
1607820 740
1607830 741
1607840 741
1607850 743
1607860 745
1607870 745
1607880 746
1607890 747
1607900 747
1607910 748
1607920 750
1607930 750
1607940 752
1607950 755
1607960 755
1607970 758
1607980 760
1607990 760
1608000 762
1608010 764
1608020 764
1608030 767
1608040 771
1608050 771
1608060 774
1608070 778
1608080 778
1608090 781
1608100 783
1608110 783
1608120 787
1608130 791
1608140 791
1608150 794
1608160 797
1608170 797
1608180 799
1608190 799
1608200 799
1608210 797
1608220 796
1608230 796
1608240 795
1608250 794
1608260 794
1608270 793
1608280 791
1608290 791
1608300 790
1608310 790
1608320 790
1608330 790
1608340 789
1608350 789
1608360 789
1608370 789
1608380 789
1608390 789
1608400 789
1608410 789
1608420 788
1608430 788
1608440 788
1608450 788
1608460 788
1608470 788
1608480 788
1608490 788
1608500 788
1608510 789
1608520 789
1608530 789
1608540 789
1608550 789
1608560 789
1608570 788
1608580 786
1608590 786
1608600 785
1608610 785
1608620 784
1608630 784
1608640 784
1608650 783
1608660 782
1608670 782
1608680 782
1608690 781
1608700 781
1608710 782
1608720 782
1608730 782
1608740 782
1608750 782
1608760 782
1608770 782
1608780 782
1608790 782
1608800 781
1608810 780
1608820 780
1608830 779
1608840 778
1608850 778
1608860 777
1608870 776
1608880 776
1608890 775
1608900 774
1608910 774
1608920 773
1608930 772
1608940 772
1608950 771
1608960 771
1608970 771
1608980 771
1608990 770
1609000 770
1609010 769
1609020 769
1609030 769
1609040 767
1609050 766
1609060 766
1609070 766
1609080 765
1609090 765
1609100 763
1609110 760
1609120 760
1609130 757
1609140 754
1609150 754
1609160 753
1609170 751
1609180 751
1609190 750
1609200 750
1609210 748
1609220 746
1609230 746
1609240 743
1609250 741
1609260 741
1609270 739
1609280 736
1609290 736
1609300 733
1609310 731
1609320 731
1609330 728
1609340 726
1609350 726
1609360 724
1609370 721
1609380 721
1609390 719
1609400 718
1609410 718
1609420 716
1609430 714
1609440 714
1609450 712
1609460 710
1609470 710
1609480 708
1609490 706
1609500 706
1609510 703
1609520 701
1609530 701
1609540 698
1609550 696
1609560 696
1609570 692
1609580 690
1609590 690
1609600 687
1609610 686
1609620 685
1609630 683
1609640 682
1609650 682
1609660 680
1609670 678
1609680 678
1609690 676
1609700 673
1609710 673
1609720 671
1609730 670
1609740 670
1609750 668
1609760 668
1609770 668
1609780 667
1609790 667
1609800 667
1609810 668
1609820 668
1609830 668
1609840 668
1609850 668
1609860 668
1609870 668
1609880 667
1609890 667
1609900 667
1609910 666
1609920 666
1609930 665
1609940 665
1609950 665
1609960 664
1609970 664
1609980 664
1609990 663
1610000 663
1610010 663
1610020 663
1610030 663
1610040 663
1610050 662
1610060 662
1610070 662
1610080 662
1610090 662
1610100 662
1610110 662
1610120 662
1610130 662
1610140 663
1610150 663
1610160 664
1610170 666
1610180 666
1610190 667
1610200 669
1610210 669
1610220 672
1610230 676
1610240 676
1610250 679
1610260 682
1610270 682
1610280 685
1610290 688
1610300 688
1610310 692
1610320 694
1610330 694
1610340 695
1610350 696
1610360 696
1610370 697
1610380 698
1610390 698
1610400 699
1610410 700
1610420 700
1610430 701
1610440 701
1610450 701
1610460 702
1610470 703
1610480 703
1610490 704
1610500 705
1610510 705
1610520 706
1610530 706
1610540 706
1610550 707
1610560 708
1610570 708
1610580 708
1610590 709
1610600 709
1610610 709
1610620 710
1610630 710
1610640 710
1610650 711
1610660 712
1610670 713
1610680 713
1610690 713
1610700 713
1610710 713
1610720 713
1610730 713
1610740 713
1610750 713
1610760 713
1610770 713
1610780 713
1610790 713
1610800 713
1610810 714
1610820 714
1610830 714
1610840 714
1610850 715
1610860 715
1610870 715
1610880 715
1610890 715
1610900 716
1610910 716
1610920 716
1610930 717
1610940 717
1610950 717
1610960 718
1610970 719
1610980 719
1610990 721
1611000 723
1611010 723
1611020 724
1611030 723
1611040 723
1611050 723
1611060 725
1611070 725
1611080 726
1611090 726
1611100 726
1611110 726
1611120 726
1611130 726
1611140 727
1611150 727
1611160 727
1611170 728
1611180 728
1611190 728
1611200 728
1611210 728
1611220 728
1611230 728
1611240 727
1611250 727
1611260 727
1611270 727
1611280 727
1611290 726
1611300 725
1611310 725
1611320 724
1611330 723
1611340 723
1611350 722
1611360 721
1611370 721
1611380 720
1611390 719
1611400 719
1611410 718
1611420 718
1611430 717
1611440 716
1611450 716
1611460 715
1611470 714
1611480 714
1611490 713
1611500 712
1611510 712
1611520 711
1611530 710
1611540 710
1611550 709
1611560 709
1611570 709
1611580 708
1611590 707
1611600 707
1611610 706
1611620 705
1611630 705
1611640 704
1611650 703
1611660 703
1611670 702
1611680 701
1611690 701
1611700 700
1611710 699
1611720 699
1611730 698
1611740 697
1611750 697
1611760 696
1611770 694
1611780 694
1611790 693
1611800 692
1611810 692
1611820 690
1611830 688
1611840 688
1611850 687
1611860 687
1611870 687
1611880 687
1611890 687
1611900 687
1611910 688
1611920 688
1611930 688
1611940 688
1611950 688
1611960 688
1611970 687
1611980 687
1611990 687
1612000 686
1612010 686
1612020 686
1612030 686
1612040 686
1612050 686
1612060 686
1612070 685
1612080 685
1612090 685
1612100 685
1612110 685
1612120 685
1612130 684
1612140 684
1612150 684
1612160 684
1612170 684
1612180 685
1612190 685
1612200 685
1612210 685
1612220 685
1612230 685
1612240 686
1612250 686
1612260 686
1612270 687
1612280 687
1612290 686
1612300 686
1612310 686
1612320 685
1612330 685
1612340 685
1612350 685
1612360 684
1612370 684
1612380 684
1612390 684
1612400 684
1612410 684
1612420 684
1612430 684
1612440 684
1612450 684
1612460 684
1612470 684
1612480 684
1612490 684
1612500 684
1612510 683
1612520 683
1612530 683
1612540 682
1612550 682
1612560 681
1612570 680
1612580 680
1612590 680
1612600 679
1612610 679
1612620 678
1612630 678
1612640 678
1612650 677
1612660 676
1612670 676
1612680 676
1612690 675
1612700 675
1612710 675
1612720 674
1612730 674
1612740 673
1612750 672
1612760 672
1612770 671
1612780 670
1612790 670
1612800 669
1612810 668
1612820 668
1612830 668
1612840 667
1612850 667
1612860 666
1612870 665
1612880 665
1612890 664
1612900 664
1612910 664
1612920 663
1612930 663
1612940 662
1612950 662
1612960 662
1612970 661
1612980 661
1612990 661
1613000 660
1613010 659
1613020 659
1613030 659
1613040 658
1613050 658
1613060 658
1613070 657
1613080 657
1613090 656
1613100 656
1613110 656
1613120 655
1613130 654
1613140 654
1613150 654
1613160 653
1613170 653
1613180 652
1613190 652
1613200 652
1613210 651
1613220 650
1613230 650
1613240 650
1613250 649
1613260 649
1613270 649
1613280 648
1613290 648
1613300 647
1613310 647
1613320 647
1613330 646
1613340 646
1613350 646
1613360 645
1613370 645
1613380 645
1613390 644
1613400 644
1613410 644
1613420 643
1613430 642
1613440 642
1613450 642
1613460 641
1613470 641
1613480 641
1613490 640
1613500 640
1613510 640
1613520 639
1613530 639
1613540 638
1613550 638
1613560 638
1613570 637
1613580 637
1613590 637
1613600 636
1613610 636
1613620 636
1613630 635
1613640 635
1613650 635
1613660 634
1613670 634
1613680 634
1613690 633
1613700 633
1613710 632
1613720 632
1613730 632
1613740 632
1613750 631
1613760 631
1613770 631
1613780 630
1613790 630
1613800 629
1613810 629
1613820 629
1613830 629
1613840 628
1613850 628
1613860 628
1613870 628
1613880 628
1613890 627
1613900 626
1613910 626
1613920 626
1613930 627
1613940 627
1613950 627
1613960 627
1613970 627
1613980 627
1613990 627
1614000 627
1614010 627
1614020 627
1614030 627
1614040 628
1614050 628
1614060 628
1614070 628
1614080 628
1614090 628
1614100 628
1614110 628
1614120 628
1614130 628
1614140 628
1614150 628
1614160 628
1614170 628
1614180 628
1614190 628
1614200 628
1614210 628
1614220 628
1614230 628
1614240 628
1614250 628
1614260 628
1614270 628
1614280 628
1614290 628
1614300 628
1614310 627
1614320 627
1614330 627
1614340 627
1614350 627
1614360 627
1614370 627
1614380 627
1614390 627
1614400 627
1614410 627
1614420 628
1614430 628
1614440 628
1614450 630
1614460 630
1614470 630
1614480 630
1614490 631
1614500 631
1614510 631
1614520 630
1614530 630
1614540 630
1614550 629
1614560 629
1614570 628
1614580 628
1614590 628
1614600 628
1614610 629
1614620 629
1614630 630
1614640 630
1614650 630
1614660 630
1614670 630
1614680 630
1614690 629
1614700 629
1614710 629
1614720 629
1614730 629
1614740 628
1614750 629
1614760 629
1614770 629
1614780 629
1614790 629
1614800 629
1614810 629
1614820 629
1614830 629
1614840 629
1614850 629
1614860 629
1614870 629
1614880 629
1614890 629
1614900 629
1614910 629
1614920 629
1614930 629
1614940 629
1614950 629
1614960 629
1614970 629
1614980 629
1614990 630
1615000 630
1615010 630
1615020 630
1615030 629
1615040 629
1615050 627
1615060 627
1615070 627
1615080 628
1615090 629
1615100 629
1615110 630
1615120 631
1615130 631
1615140 631
1615150 631
1615160 632
1615170 632
1615180 632
1615190 633
1615200 634
1615210 634
1615220 635
1615230 637
1615240 637
1615250 638
1615260 638
1615270 638
1615280 639
1615290 640
1615300 640
1615310 641
1615320 642
1615330 642
1615340 644
1615350 645
1615360 645
1615370 645
1615380 645
1615390 645
1615400 645
1615410 646
1615420 646
1615430 646
1615440 646
1615450 646
1615460 646
1615470 646
1615480 646
1615490 646
1615500 646
1615510 646
1615520 646
1615530 647
1615540 647
1615550 647
1615560 648
1615570 648
1615580 648
1615590 648
1615600 648
1615610 648
1615620 647
1615630 647
1615640 647
1615650 646
1615660 646
1615670 645
1615680 644
1615690 644
1615700 643
1615710 642
1615720 642
1615730 641
1615740 639
1615750 639
1615760 639
1615770 638
1615780 638
1615790 637
1615800 636
1615810 636
1615820 635
1615830 633
1615840 633
1615850 631
1615860 629
1615870 629
1615880 629
1615890 629
1615900 628
1615910 628
1615920 628
1615930 628
1615940 628
1615950 628
1615960 628
1615970 628
1615980 628
1615990 628
1616000 628
1616010 628
1616020 629
1616030 629
1616040 629
1616050 630
1616060 630
1616070 630
1616080 631
1616090 631
1616100 631
1616110 631
1616120 632
1616130 632
1616140 632
1616150 632
1616160 632
1616170 632
1616180 633
1616190 633
1616200 633
1616210 633
1616220 633
1616230 634
1616240 634
1616250 634
1616260 635
1616270 636
1616280 636
1616290 637
1616300 638
1616310 638
1616320 640
1616330 642
1616340 642
1616350 644
1616360 645
1616370 645
1616380 645
1616390 646
1616400 646
1616410 646
1616420 646
1616430 646
1616440 645
1616450 644
1616460 644
1616470 643
1616480 642
1616490 642
1616500 640
1616510 639
1616520 639
1616530 637
1616540 637
1616550 637
1616560 636
1616570 635
1616580 635
1616590 635
1616600 634
1616610 634
1616620 634
1616630 634
1616640 633
1616650 633
1616660 633
1616670 633
1616680 632
1616690 632
1616700 632
1616710 632
1616720 632
1616730 631
1616740 630
1616750 630
1616760 629
1616770 629
1616780 629
1616790 629
1616800 629
1616810 629
1616820 629
1616830 629
1616840 629
1616850 629
1616860 629
1616870 629
1616880 629
1616890 629
1616900 629
1616910 629
1616920 629
1616930 629
1616940 629
1616950 629
1616960 629
1616970 629
1616980 629
1616990 629
1617000 629
1617010 629
1617020 629
1617030 629
1617040 629
1617050 629
1617060 630
1617070 630
1617080 630
1617090 630
1617100 629
1617110 629
1617120 629
1617130 629
1617140 629
1617150 629
1617160 629
1617170 629
1617180 629
1617190 629
1617200 629
1617210 629
1617220 629
1617230 629
1617240 629
1617250 629
1617260 629
1617270 629
1617280 629
1617290 629
1617300 629
1617310 629
1617320 629
1617330 629
1617340 630
1617350 630
1617360 630
1617370 630
1617380 630
1617390 630
1617400 630
1617410 631
1617420 631
1617430 631
1617440 631
1617450 631
1617460 631
1617470 631
1617480 631
1617490 631
1617500 631
1617510 631
1617520 631
1617530 631
1617540 631
1617550 631
1617560 631
1617570 631
1617580 631
1617590 630
1617600 630
1617610 630
1617620 630
1617630 630
1617640 630
1617650 631
1617660 631
1617670 631
1617680 631
1617690 631
1617700 631
1617710 631
1617720 631
1617730 631
1617740 631
1617750 631
1617760 631
1617770 631
1617780 631
1617790 631
1617800 632
1617810 632
1617820 632
1617830 632
1617840 632
1617850 632
1617860 632
1617870 632
1617880 632
1617890 632
1617900 632
1617910 632
1617920 632
1617930 632
1617940 632
1617950 633
1617960 633
1617970 633
1617980 634
1617990 634
1618000 634
1618010 635
1618020 637
1618030 637
1618040 638
1618050 638
1618060 638
1618070 639
1618080 641
1618090 641
1618100 642
1618110 644
1618120 644
1618130 646
1618140 646
1618150 647
1618160 648
1618170 648
1618180 650
1618190 652
1618200 652
1618210 653
1618220 655
1618230 655
1618240 656
1618250 657
1618260 657
1618270 657
1618280 658
1618290 658
1618300 658
1618310 658
1618320 658
1618330 658
1618340 658
1618350 658
1618360 658
1618370 658
1618380 658
1618390 658
1618400 659
1618410 659
1618420 660
1618430 660
1618440 660
1618450 660
1618460 660
1618470 660
1618480 660
1618490 659
1618500 659
1618510 659
1618520 658
1618530 658
1618540 657
1618550 656
1618560 656
1618570 656
1618580 655
1618590 655
1618600 654
1618610 653
1618620 653
1618630 652
1618640 651
1618650 651
1618660 649
1618670 647
1618680 647
1618690 645
1618700 645
1618710 645
1618720 644
1618730 643
1618740 643
1618750 642
1618760 641
1618770 641
1618780 641
1618790 641
1618800 641
1618810 641
1618820 642
1618830 642
1618840 645
1618850 649
1618860 649
1618870 650
1618880 650
1618890 652
1618900 651
1618910 651
1618920 651
1618930 653
1618940 653
1618950 656
1618960 656
1618970 656
1618980 657
1618990 657
1619000 657
1619010 658
1619020 658
1619030 658
1619040 658
1619050 657
1619060 657
1619070 656
1619080 655
1619090 655
1619100 654
1619110 653
1619120 653
1619130 653
1619140 652
1619150 652
1619160 652
1619170 652
1619180 652
1619190 652
1619200 652
1619210 652
1619220 652
1619230 652
1619240 652
1619250 652
1619260 652
1619270 652
1619280 652
1619290 651
1619300 651
1619310 651
1619320 651
1619330 651
1619340 651
1619350 651
1619360 651
1619370 652
1619380 652
1619390 652
1619400 652
1619410 652
1619420 652
1619430 652
1619440 651
1619450 651
1619460 651
1619470 651
1619480 651
1619490 651
1619500 651
1619510 651
1619520 651
1619530 651
1619540 651
1619550 651
1619560 651
1619570 651
1619580 651
1619590 651
1619600 651
1619610 651
1619620 651
1619630 651
1619640 652
1619650 652
1619660 652
1619670 653
1619680 653
1619690 653
1619700 653
1619710 653
1619720 653
1619730 653
1619740 653
1619750 653
1619760 653
1619770 653
1619780 654
1619790 654
1619800 654
1619810 654
1619820 653
1619830 653
1619840 653
1619850 652
1619860 652
1619870 652
1619880 651
1619890 651
1619900 651
1619910 651
1619920 651
1619930 650
1619940 649
1619950 649
1619960 649
1619970 649
1619980 649
1619990 649
