1606510 763
1606520 763
1606530 763
1606540 763
1606550 764
1606560 764
1606570 765
1606580 765
1606590 765
1606600 766
1606610 766
1606620 766
1606630 765
1606640 764
1606650 764
1606660 764
1606670 764
1606680 764
1606690 764
1606700 764
1606710 764
1606720 763
1606730 762
1606740 762
1606750 761
1606760 760
1606770 760
1606780 760
1606790 759
1606800 759
1606810 758
1606820 757
1606830 757
1606840 756
1606850 756
1606860 756
1606870 755
1606880 754
1606890 754
1606900 753
1606910 753
1606920 753
1606930 752
1606940 752
1606950 752
1606960 751
1606970 751
1606980 751
1606990 750
1607000 750
1607010 750
1607020 748
1607030 748
1607040 748
1607050 748
1607060 748
1607070 747
1607080 747
1607090 747
1607100 747
1607110 747
1607120 747
1607130 746
1607140 746
1607150 746
1607160 746
1607170 746
1607180 746
1607190 746
1607200 745
1607210 745
1607220 745
1607230 744
1607240 744
1607250 744
1607260 743
1607270 743
1607280 743
1607290 743
1607300 743
1607310 742
1607320 742
1607330 742
1607340 741
1607350 741
1607360 741
1607370 740
1607380 740
1607390 740
1607400 740
1607410 740
1607420 740
1607430 740
1607440 741
1607450 741
1607460 741
1607470 741
1607480 741
1607490 742
1607500 742
1607510 742
1607520 742
1607530 743
1607540 743
1607550 744
1607560 746
1607570 746
1607580 747
1607590 748
1607600 748
1607610 749
1607620 750
1607630 750
1607640 751
1607650 752
1607660 752
1607670 754
1607680 756
1607690 756
1607700 757
1607710 759
1607720 759
1607730 761
1607740 761
1607750 764
1607760 767
1607770 767
1607780 770
1607790 774
1607800 774
1607810 776
1607820 778
1607830 778
1607840 782
1607850 784
1607860 784
1607870 786
1607880 788
1607890 788
1607900 790
1607910 792
1607920 792
1607930 794
1607940 797
1607950 797
1607960 799
1607970 801
1607980 801
1607990 803
1608000 803
1608010 803
1608020 804
1608030 804
1608040 804
1608050 804
1608060 803
1608070 803
1608080 803
1608090 801
1608100 801
1608110 801
1608120 801
1608130 801
1608140 801
1608150 802
1608160 802
1608170 802
1608180 802
1608190 802
1608200 801
1608210 801
1608220 801
1608230 801
1608240 801
1608250 801
1608260 801
1608270 801
1608280 801
1608290 801
1608300 801
1608310 801
1608320 801
1608330 801
1608340 801
1608350 801
1608360 801
1608370 801
1608380 801
1608390 800
1608400 800
1608410 800
1608420 799
1608430 799
1608440 797
1608450 795
1608460 795
1608470 793
1608480 793
1608490 791
1608500 789
1608510 789
1608520 787
1608530 785
1608540 785
1608550 783
1608560 781
1608570 781
1608580 779
1608590 777
1608600 777
1608610 775
1608620 774
1608630 774
1608640 772
1608650 771
1608660 771
1608670 770
1608680 768
1608690 768
1608700 767
1608710 765
1608720 765
1608730 764
1608740 763
1608750 763
1608760 760
1608770 757
1608780 757
1608790 754
1608800 752
1608810 752
1608820 751
1608830 749
1608840 749
1608850 748
1608860 747
1608870 747
1608880 746
1608890 745
1608900 745
1608910 744
1608920 743
1608930 743
1608940 742
1608950 741
1608960 741
1608970 740
1608980 739
1608990 739
1609000 738
1609010 737
1609020 737
1609030 736
1609040 735
1609050 735
1609060 735
1609070 734
1609080 734
1609090 733
1609100 732
1609110 732
1609120 732
1609130 731
1609140 730
1609150 728
1609160 727
1609170 727
1609180 725
1609190 723
1609200 723
1609210 720
1609220 717
1609230 717
1609240 716
1609250 716
1609260 714
1609270 712
1609280 712
1609290 710
1609300 709
1609310 709
1609320 708
1609330 707
1609340 707
1609350 706
1609360 705
1609370 705
1609380 704
1609390 703
1609400 703
1609410 702
1609420 701
1609430 701
1609440 700
1609450 700
1609460 700
1609470 699
1609480 699
1609490 699
1609500 699
1609510 698
1609520 698
1609530 698
1609540 697
1609550 697
1609560 695
1609570 694
1609580 694
1609590 693
1609600 692
1609610 692
1609620 692
1609630 693
1609640 693
1609650 695
1609660 698
1609670 698
1609680 701
1609690 704
1609700 704
1609710 706
1609720 708
1609730 708
1609740 710
1609750 711
1609760 711
1609770 711
1609780 712
1609790 712
1609800 712
1609810 713
1609820 713
1609830 713
1609840 713
1609850 713
1609860 713
1609870 713
1609880 713
1609890 714
1609900 714
1609910 714
1609920 715
1609930 715
1609940 715
1609950 716
1609960 716
1609970 716
1609980 716
1609990 716
1610000 716
1610010 715
1610020 715
1610030 714
1610040 713
1610050 713
1610060 712
1610070 711
1610080 711
1610090 710
1610100 709
1610110 709
1610120 708
1610130 707
1610140 707
1610150 706
1610160 705
1610170 705
1610180 704
1610190 702
1610200 702
1610210 701
1610220 700
1610230 700
1610240 698
1610250 696
1610260 696
1610270 693
1610280 690
1610290 690
1610300 687
1610310 685
1610320 685
1610330 683
1610340 682
1610350 682
1610360 682
1610370 683
1610380 683
1610390 684
1610400 684
1610410 684
1610420 683
1610430 683
1610440 683
1610450 685
1610460 686
1610470 686
1610480 688
1610490 689
1610500 689
1610510 691
1610520 692
1610530 692
1610540 693
1610550 694
1610560 694
1610570 695
1610580 696
1610590 696
1610600 698
1610610 699
1610620 699
1610630 701
1610640 702
1610650 702
1610660 704
1610670 705
1610680 705
1610690 707
1610700 710
1610710 710
1610720 712
1610730 713
1610740 713
1610750 715
1610760 715
1610770 717
1610780 718
1610790 718
1610800 719
1610810 721
1610820 721
1610830 722
1610840 723
1610850 723
1610860 724
1610870 726
1610880 726
1610890 727
1610900 727
1610910 727
1610920 728
1610930 729
1610940 729
1610950 730
1610960 730
1610970 730
1610980 731
1610990 731
1611000 731
1611010 732
1611020 733
1611030 733
1611040 734
1611050 736
1611060 736
1611070 737
1611080 737
1611090 737
1611100 737
1611110 737
1611120 737
1611130 737
1611140 737
1611150 737
1611160 737
1611170 737
1611180 737
1611190 737
1611200 737
1611210 737
1611220 736
1611230 736
1611240 736
1611250 735
1611260 735
1611270 735
1611280 734
1611290 734
1611300 734
1611310 735
1611320 735
1611330 735
1611340 735
1611350 735
1611360 735
1611370 735
1611380 735
1611390 735
1611400 735
1611410 734
1611420 734
1611430 734
1611440 734
1611450 734
1611460 733
1611470 733
1611480 733
1611490 733
1611500 733
1611510 732
1611520 731
1611530 731
1611540 730
1611550 729
1611560 729
1611570 727
1611580 726
1611590 726
1611600 724
1611610 722
1611620 722
1611630 719
1611640 718
1611650 718
1611660 716
1611670 715
1611680 715
1611690 714
1611700 713
1611710 713
1611720 712
1611730 711
1611740 711
1611750 710
1611760 709
1611770 709
1611780 707
1611790 706
1611800 706
1611810 705
1611820 704
1611830 704
1611840 704
1611850 704
1611860 704
1611870 704
1611880 703
1611890 703
1611900 703
1611910 703
1611920 703
1611930 703
1611940 704
1611950 704
1611960 704
1611970 704
1611980 704
1611990 703
1612000 703
1612010 703
1612020 703
1612030 703
1612040 703
1612050 703
1612060 703
1612070 703
1612080 703
1612090 703
1612100 703
1612110 703
1612120 703
1612130 703
1612140 704
1612150 704
1612160 704
1612170 705
1612180 705
1612190 705
1612200 705
1612210 704
1612220 704
1612230 703
1612240 702
1612250 701
1612260 700
1612270 700
1612280 700
1612290 699
1612300 699
1612310 698
1612320 697
1612330 697
1612340 697
1612350 697
1612360 697
1612370 696
1612380 696
1612390 696
1612400 695
1612410 695
1612420 695
1612430 694
1612440 694
1612450 694
1612460 693
1612470 692
1612480 692
1612490 691
1612500 691
1612510 691
1612520 690
1612530 689
1612540 689
1612550 688
1612560 687
1612570 687
1612580 685
1612590 684
1612600 684
1612610 683
1612620 682
1612630 682
1612640 680
1612650 678
1612660 678
1612670 677
1612680 675
1612690 675
1612700 674
1612710 672
1612720 672
1612730 671
1612740 669
1612750 669
1612760 668
1612770 666
1612780 666
1612790 665
1612800 664
1612810 664
1612820 663
1612830 661
1612840 661
1612850 660
1612860 659
1612870 659
1612880 658
1612890 657
1612900 657
1612910 655
1612920 654
1612930 654
1612940 652
1612950 651
1612960 651
1612970 649
1612980 648
1612990 648
1613000 648
1613010 648
1613020 648
1613030 649
1613040 649
1613050 650
1613060 651
1613070 651
1613080 653
1613090 656
1613100 656
1613110 659
1613120 660
1613130 660
1613140 662
1613150 663
1613160 663
1613170 664
1613180 664
1613190 664
1613200 664
1613210 663
1613220 663
1613230 662
1613240 662
1613250 662
1613260 662
1613270 661
1613280 661
1613290 662
1613300 663
1613310 663
1613320 664
1613330 665
1613340 665
1613350 667
1613360 668
1613370 668
1613380 669
1613390 670
1613400 670
1613410 671
1613420 672
1613430 672
1613440 673
1613450 674
1613460 674
1613470 676
1613480 677
1613490 677
1613500 679
1613510 680
1613520 680
1613530 681
1613540 682
1613550 682
1613560 683
1613570 683
1613580 683
1613590 684
1613600 685
1613610 685
1613620 686
1613630 687
1613640 687
1613650 688
1613660 688
1613670 688
1613680 689
1613690 691
1613700 691
1613710 693
1613720 696
1613730 696
1613740 698
1613750 701
1613760 701
1613770 704
1613780 704
1613790 705
1613800 705
1613810 705
1613820 704
1613830 704
1613840 704
1613850 704
1613860 704
1613870 704
1613880 703
1613890 703
1613900 703
1613910 703
1613920 703
1613930 703
1613940 703
1613950 702
1613960 702
1613970 701
1613980 700
1613990 700
1614000 700
1614010 699
1614020 699
1614030 698
1614040 696
1614050 696
1614060 695
1614070 693
1614080 693
1614090 692
1614100 691
1614110 691
1614120 689
1614130 688
1614140 688
1614150 686
1614160 685
1614170 685
1614180 682
1614190 680
1614200 680
1614210 679
1614220 679
1614230 679
1614240 678
1614250 677
1614260 677
1614270 676
1614280 674
1614290 674
1614300 673
1614310 673
1614320 673
1614330 672
1614340 672
1614350 672
1614360 671
1614370 671
1614380 671
1614390 670
1614400 670
1614410 670
1614420 669
1614430 669
1614440 669
1614450 668
1614460 668
1614470 668
1614480 667
1614490 667
1614500 667
1614510 666
1614520 666
1614530 666
1614540 665
1614550 665
1614560 665
1614570 665
1614580 665
1614590 665
1614600 665
1614610 665
1614620 665
1614630 665
1614640 665
1614650 665
1614660 664
1614670 664
1614680 663
1614690 663
1614700 663
1614710 663
1614720 663
1614730 663
1614740 664
1614750 664
1614760 664
1614770 665
1614780 665
1614790 665
1614800 665
1614810 665
1614820 665
1614830 665
1614840 665
1614850 665
1614860 664
1614870 664
1614880 664
1614890 665
1614900 665
1614910 665
1614920 665
1614930 666
1614940 666
1614950 666
1614960 667
1614970 667
1614980 667
1614990 668
1615000 668
1615010 668
1615020 669
1615030 669
1615040 669
1615050 670
1615060 670
1615070 670
1615080 670
1615090 670
1615100 670
1615110 671
1615120 671
1615130 671
1615140 671
1615150 671
1615160 671
1615170 671
1615180 671
1615190 671
1615200 671
1615210 671
1615220 671
1615230 671
1615240 671
1615250 671
1615260 671
1615270 671
1615280 670
1615290 669
1615300 669
1615310 669
1615320 669
1615330 669
1615340 668
1615350 668
1615360 668
1615370 668
1615380 668
1615390 668
1615400 668
1615410 668
1615420 667
1615430 667
1615440 667
1615450 666
1615460 666
1615470 666
1615480 665
1615490 665
1615500 665
1615510 664
1615520 663
1615530 663
1615540 663
1615550 663
1615560 663
1615570 662
1615580 662
1615590 662
1615600 662
1615610 662
1615620 662
1615630 661
1615640 661
1615650 661
1615660 661
1615670 661
1615680 661
1615690 660
1615700 660
1615710 660
1615720 660
1615730 660
1615740 660
1615750 659
1615760 659
1615770 659
1615780 659
1615790 658
1615800 658
1615810 658
1615820 657
1615830 657
1615840 657
1615850 657
1615860 657
1615870 656
1615880 656
1615890 656
1615900 655
1615910 655
1615920 655
1615930 654
1615940 654
1615950 654
1615960 653
1615970 652
1615980 652
1615990 652
1616000 652
1616010 652
1616020 651
1616030 651
1616040 650
1616050 650
1616060 650
1616070 649
1616080 648
1616090 648
1616100 648
1616110 647
1616120 647
1616130 647
1616140 646
1616150 646
1616160 646
1616170 645
1616180 645
1616190 645
1616200 644
1616210 644
1616220 643
1616230 643
1616240 643
1616250 642
1616260 641
1616270 641
1616280 640
1616290 640
1616300 640
1616310 639
1616320 638
1616330 638
1616340 638
1616350 637
1616360 637
1616370 637
1616380 636
1616390 636
1616400 636
1616410 635
1616420 635
1616430 635
1616440 636
1616450 636
1616460 637
1616470 638
1616480 638
1616490 639
1616500 639
1616510 639
1616520 639
1616530 639
1616540 639
1616550 639
1616560 639
1616570 639
1616580 638
1616590 636
1616600 636
1616610 635
1616620 634
1616630 634
1616640 634
1616650 635
1616660 635
1616670 635
1616680 635
1616690 635
1616700 635
1616710 636
1616720 636
1616730 636
1616740 637
1616750 637
1616760 638
1616770 638
1616780 638
1616790 639
1616800 639
1616810 640
1616820 641
1616830 641
1616840 642
1616850 642
1616860 642
1616870 643
1616880 643
1616890 643
1616900 644
1616910 644
1616920 644
1616930 644
1616940 644
1616950 644
1616960 644
1616970 645
1616980 645
1616990 645
1617000 645
1617010 645
1617020 645
1617030 645
1617040 645
1617050 646
1617060 646
1617070 646
1617080 646
1617090 646
1617100 646
1617110 646
1617120 646
1617130 646
1617140 646
1617150 646
1617160 646
1617170 647
1617180 647
1617190 647
1617200 647
1617210 647
1617220 647
1617230 647
1617240 647
1617250 647
1617260 648
1617270 648
1617280 648
1617290 648
1617300 648
1617310 648
1617320 649
1617330 649
1617340 649
1617350 650
1617360 650
1617370 650
1617380 651
1617390 652
1617400 652
1617410 653
1617420 654
1617430 654
1617440 655
1617450 656
1617460 656
1617470 657
1617480 658
1617490 658
1617500 660
1617510 660
1617520 660
1617530 661
1617540 661
1617550 660
1617560 660
1617570 660
1617580 660
1617590 659
1617600 659
1617610 659
1617620 658
1617630 658
1617640 658
1617650 657
1617660 657
1617670 656
1617680 655
1617690 655
1617700 653
1617710 651
1617720 651
1617730 650
1617740 648
1617750 648
1617760 648
1617770 647
1617780 647
1617790 646
1617800 646
1617810 646
1617820 646
1617830 646
1617840 646
1617850 645
1617860 645
1617870 645
1617880 644
1617890 644
1617900 644
1617910 644
1617920 644
1617930 644
1617940 643
1617950 643
1617960 643
1617970 643
1617980 642
1617990 642
1618000 641
1618010 641
1618020 641
1618030 641
1618040 641
1618050 641
1618060 642
1618070 643
1618080 643
1618090 644
1618100 645
1618110 645
1618120 645
1618130 644
1618140 644
1618150 644
1618160 644
1618170 644
1618180 644
1618190 644
1618200 644
1618210 644
1618220 644
1618230 644
1618240 644
1618250 643
1618260 643
1618270 644
1618280 644
1618290 644
1618300 644
1618310 644
1618320 645
1618330 646
1618340 646
1618350 646
1618360 647
1618370 647
1618380 647
1618390 647
1618400 647
1618410 648
1618420 648
1618430 648
1618440 649
1618450 649
1618460 649
1618470 649
1618480 650
1618490 650
1618500 650
1618510 651
1618520 651
1618530 652
1618540 652
1618550 652
1618560 653
1618570 653
1618580 653
1618590 655
1618600 656
1618610 656
1618620 656
1618630 657
1618640 657
1618650 658
1618660 659
1618670 659
1618680 661
1618690 663
1618700 663
1618710 663
1618720 661
1618730 661
1618740 659
1618750 658
1618760 658
1618770 658
1618780 658
1618790 658
1618800 658
1618810 659
1618820 659
1618830 659
1618840 660
1618850 660
1618860 665
1618870 672
1618880 672
1618890 675
1618900 676
1618910 676
1618920 676
1618930 676
1618940 676
1618950 676
1618960 677
1618970 677
1618980 677
1618990 677
1619000 677
1619010 676
1619020 676
1619030 676
1619040 676
1619050 676
1619060 676
1619070 675
1619080 675
1619090 674
1619100 673
1619110 673
1619120 672
1619130 670
1619140 670
1619150 669
1619160 668
1619170 668
1619180 668
1619190 667
1619200 667
1619210 667
1619220 666
1619230 666
1619240 665
1619250 665
1619260 665
1619270 664
1619280 663
1619290 663
1619300 663
1619310 662
1619320 662
1619330 662
1619340 662
1619350 662
1619360 661
1619370 661
1619380 661
1619390 661
1619400 660
1619410 660
1619420 660
1619430 659
1619440 659
1619450 659
1619460 658
1619470 658
1619480 658
1619490 658
1619500 658
1619510 658
1619520 658
1619530 658
1619540 657
1619550 656
1619560 656
1619570 655
1619580 654
1619590 654
1619600 652
1619610 650
1619620 650
1619630 648
1619640 647
1619650 647
1619660 647
1619670 647
1619680 647
1619690 647
1619700 648
1619710 648
1619720 648
1619730 648
1619740 648
1619750 648
1619760 648
1619770 648
1619780 648
1619790 648
1619800 648
1619810 648
1619820 648
1619830 648
1619840 647
1619850 647
1619860 647
1619870 649
1619880 649
1619890 651
1619900 655
1619910 655
1619920 658
1619930 659
1619940 659
1619950 661
1619960 663
1619970 663
1619980 665
1619990 667
