1607050 724
1607060 724
1607070 724
1607080 724
1607090 724
1607100 723
1607110 723
1607120 723
1607130 723
1607140 723
1607150 723
1607160 723
1607170 723
1607180 722
1607190 722
1607200 722
1607210 722
1607220 722
1607230 722
1607240 722
1607250 722
1607260 722
1607270 722
1607280 722
1607290 722
1607300 722
1607310 723
1607320 723
1607330 723
1607340 723
1607350 723
1607360 723
1607370 723
1607380 723
1607390 722
1607400 722
1607410 722
1607420 722
1607430 722
1607440 722
1607450 722
1607460 722
1607470 722
1607480 722
1607490 721
1607500 721
1607510 721
1607520 720
1607530 720
1607540 721
1607550 725
1607560 725
1607570 728
1607580 729
1607590 729
1607600 728
1607610 727
1607620 727
1607630 727
1607640 727
1607650 727
1607660 727
1607670 726
1607680 726
1607690 724
1607700 723
1607710 723
1607720 722
1607730 721
1607740 721
1607750 719
1607760 718
1607770 718
1607780 717
1607790 716
1607800 716
1607810 715
1607820 714
1607830 714
1607840 713
1607850 713
1607860 713
1607870 712
1607880 711
1607890 711
1607900 710
1607910 710
1607920 709
1607930 707
1607940 707
1607950 706
1607960 704
1607970 704
1607980 703
1607990 702
1608000 702
1608010 700
1608020 699
1608030 699
1608040 697
1608050 696
1608060 696
1608070 693
1608080 691
1608090 691
1608100 688
1608110 685
1608120 685
1608130 684
1608140 681
1608150 681
1608160 677
1608170 675
1608180 675
1608190 673
1608200 671
1608210 671
1608220 670
1608230 669
1608240 669
1608250 666
1608260 665
1608270 665
1608280 664
1608290 663
1608300 663
1608310 663
1608320 662
1608330 662
1608340 662
1608350 662
1608360 662
1608370 662
1608380 661
1608390 661
1608400 661
1608410 660
1608420 660
1608430 660
1608440 660
1608450 660
1608460 659
1608470 659
1608480 659
1608490 659
1608500 659
1608510 659
1608520 659
1608530 659
1608540 659
1608550 659
1608560 659
1608570 659
1608580 659
1608590 659
1608600 659
1608610 659
1608620 659
1608630 659
1608640 659
1608650 659
1608660 658
1608670 657
1608680 657
1608690 657
1608700 658
1608710 658
1608720 659
1608730 659
1608740 659
1608750 659
1608760 660
1608770 660
1608780 660
1608790 660
1608800 660
1608810 659
1608820 659
1608830 659
1608840 659
1608850 659
1608860 659
1608870 658
1608880 658
1608890 658
1608900 658
1608910 657
1608920 657
1608930 657
1608940 656
1608950 656
1608960 655
1608970 655
1608980 655
1608990 655
1609000 654
1609010 654
1609020 654
1609030 655
1609040 655
1609050 655
1609060 655
1609070 655
1609080 655
1609090 655
1609100 655
1609110 655
1609120 655
1609130 655
1609140 655
1609150 655
1609160 655
1609170 655
1609180 655
1609190 655
1609200 655
1609210 655
1609220 655
1609230 655
1609240 655
1609250 655
1609260 655
1609270 655
1609280 655
1609290 655
1609300 655
1609310 655
1609320 656
1609330 656
1609340 656
1609350 657
1609360 657
1609370 657
1609380 658
1609390 658
1609400 658
1609410 659
1609420 659
1609430 658
1609440 658
1609450 658
1609460 657
1609470 657
1609480 657
1609490 657
1609500 656
1609510 656
1609520 656
1609530 656
1609540 656
1609550 656
1609560 656
1609570 656
1609580 655
1609590 655
1609600 655
1609610 654
1609620 654
1609630 654
1609640 653
1609650 653
1609660 653
1609670 652
1609680 651
1609690 651
1609700 650
1609710 649
1609720 649
1609730 648
1609740 646
1609750 646
1609760 644
1609770 642
1609780 642
1609790 641
1609800 641
1609810 641
1609820 641
1609830 643
1609840 643
1609850 646
1609860 651
1609870 651
1609880 655
1609890 659
1609900 659
1609910 662
1609920 666
1609930 666
1609940 669
1609950 672
1609960 672
1609970 675
1609980 678
1609990 678
1610000 680
1610010 682
1610020 682
1610030 684
1610040 687
1610050 687
1610060 689
1610070 689
1610080 693
1610090 696
1610100 696
1610110 696
1610120 697
1610130 697
1610140 699
1610150 701
1610160 701
1610170 702
1610180 704
1610190 704
1610200 706
1610210 708
1610220 708
1610230 710
1610240 711
1610250 711
1610260 713
1610270 715
1610280 715
1610290 716
1610300 717
1610310 717
1610320 718
1610330 720
1610340 720
1610350 721
1610360 722
1610370 722
1610380 723
1610390 725
1610400 725
1610410 726
1610420 727
1610430 727
1610440 727
1610450 727
1610460 727
1610470 727
1610480 726
1610490 726
1610500 726
1610510 725
1610520 725
1610530 724
1610540 723
1610550 723
1610560 722
1610570 721
1610580 721
1610590 720
1610600 720
1610610 720
1610620 719
1610630 718
1610640 718
1610650 717
1610660 716
1610670 716
1610680 715
1610690 714
1610700 714
1610710 713
1610720 712
1610730 712
1610740 712
1610750 711
1610760 710
1610770 709
1610780 708
1610790 708
1610800 707
1610810 707
1610820 706
1610830 706
1610840 706
1610850 705
1610860 705
1610870 705
1610880 704
1610890 703
1610900 703
1610910 703
1610920 702
1610930 702
1610940 701
1610950 700
1610960 700
1610970 699
1610980 699
1610990 699
1611000 699
1611010 699
1611020 699
1611030 698
1611040 698
1611050 698
1611060 697
1611070 697
1611080 697
1611090 696
1611100 696
1611110 696
1611120 695
1611130 695
1611140 695
1611150 694
1611160 694
1611170 694
1611180 693
1611190 693
1611200 693
1611210 693
1611220 693
1611230 693
1611240 692
1611250 692
1611260 692
1611270 693
1611280 693
1611290 693
1611300 693
1611310 693
1611320 693
1611330 693
1611340 693
1611350 693
1611360 691
1611370 690
1611380 690
1611390 689
1611400 688
1611410 688
1611420 686
1611430 685
1611440 685
1611450 684
1611460 683
1611470 683
1611480 681
1611490 680
1611500 680
1611510 677
1611520 677
1611530 675
1611540 672
1611550 672
1611560 668
1611570 666
1611580 666
1611590 665
1611600 664
1611610 664
1611620 663
1611630 663
1611640 663
1611650 662
1611660 662
1611670 662
1611680 662
1611690 661
1611700 661
1611710 661
1611720 661
1611730 661
1611740 660
1611750 660
1611760 660
1611770 660
1611780 659
1611790 659
1611800 659
1611810 658
1611820 658
1611830 657
1611840 656
1611850 656
1611860 655
1611870 652
1611880 652
1611890 651
1611900 650
1611910 650
1611920 649
1611930 649
1611940 649
1611950 648
1611960 648
1611970 648
1611980 648
1611990 647
1612000 647
1612010 647
1612020 646
1612030 646
1612040 646
1612050 646
1612060 646
1612070 645
1612080 645
1612090 645
1612100 644
1612110 644
1612120 644
1612130 643
1612140 643
1612150 643
1612160 642
1612170 642
1612180 642
1612190 641
1612200 641
1612210 641
1612220 640
1612230 639
1612240 639
1612250 638
1612260 638
1612270 638
1612280 638
1612290 638
1612300 637
1612310 637
1612320 637
1612330 637
1612340 636
1612350 636
1612360 636
1612370 635
1612380 635
1612390 635
1612400 634
1612410 634
1612420 634
1612430 634
1612440 634
1612450 634
1612460 633
1612470 633
1612480 633
1612490 633
1612500 633
1612510 633
1612520 632
1612530 632
1612540 632
1612550 632
1612560 632
1612570 632
1612580 632
1612590 632
1612600 632
1612610 632
1612620 632
1612630 632
1612640 632
1612650 632
1612660 631
1612670 631
1612680 631
1612690 631
1612700 631
1612710 631
1612720 631
1612730 631
1612740 631
1612750 630
1612760 630
1612770 630
1612780 630
1612790 630
1612800 630
1612810 630
1612820 630
1612830 630
1612840 629
1612850 629
1612860 629
1612870 629
1612880 629
1612890 629
1612900 629
1612910 629
1612920 629
1612930 629
1612940 628
1612950 628
1612960 628
1612970 628
1612980 628
1612990 628
1613000 628
1613010 628
1613020 628
1613030 628
1613040 627
1613050 627
1613060 627
1613070 627
1613080 627
1613090 627
1613100 627
1613110 627
1613120 627
1613130 627
1613140 627
1613150 627
1613160 627
1613170 627
1613180 627
1613190 627
1613200 627
1613210 627
1613220 627
1613230 627
1613240 627
1613250 627
1613260 627
1613270 627
1613280 627
1613290 627
1613300 627
1613310 627
1613320 626
1613330 626
1613340 626
1613350 626
1613360 626
1613370 626
1613380 626
1613390 626
1613400 626
1613410 626
1613420 626
1613430 626
1613440 626
1613450 626
1613460 625
1613470 625
1613480 625
1613490 625
1613500 624
1613510 624
1613520 624
1613530 624
1613540 624
1613550 624
1613560 623
1613570 623
1613580 623
1613590 621
1613600 621
1613610 619
1613620 618
1613630 618
1613640 618
1613650 619
1613660 619
1613670 619
1613680 619
1613690 619
1613700 619
1613710 619
1613720 619
1613730 619
1613740 619
1613750 619
1613760 619
1613770 619
1613780 619
1613790 619
1613800 619
1613810 619
1613820 619
1613830 619
1613840 619
1613850 619
1613860 619
1613870 619
1613880 619
1613890 619
1613900 619
1613910 619
1613920 619
1613930 619
1613940 620
1613950 620
1613960 622
1613970 624
1613980 624
1613990 625
1614000 625
1614010 625
1614020 626
1614030 627
1614040 627
1614050 627
1614060 627
1614070 627
1614080 627
1614090 627
1614100 627
1614110 628
1614120 628
1614130 628
1614140 629
1614150 630
1614160 630
1614170 630
1614180 631
1614190 631
1614200 631
1614210 632
1614220 632
1614230 633
1614240 634
1614250 634
1614260 635
1614270 635
1614280 635
1614290 636
1614300 636
1614310 636
1614320 637
1614330 638
1614340 638
1614350 638
1614360 639
1614370 639
1614380 639
1614390 640
1614400 640
1614410 640
1614420 640
1614430 640
1614440 640
1614450 640
1614460 641
1614470 641
1614480 641
1614490 641
1614500 641
1614510 641
1614520 641
1614530 641
1614540 641
1614550 641
1614560 641
1614570 641
1614580 641
1614590 641
1614600 641
1614610 641
1614620 641
1614630 641
1614640 640
1614650 640
1614660 640
1614670 641
1614680 641
1614690 641
1614700 641
1614710 641
1614720 641
1614730 641
1614740 641
1614750 641
1614760 641
1614770 641
1614780 641
1614790 641
1614800 641
1614810 641
1614820 641
1614830 641
1614840 641
1614850 641
1614860 641
1614870 641
1614880 642
1614890 642
1614900 642
1614910 642
1614920 642
1614930 642
1614940 643
1614950 643
1614960 643
1614970 643
1614980 643
1614990 643
1615000 643
1615010 643
1615020 643
1615030 644
1615040 644
1615050 644
1615060 644
1615070 645
1615080 645
1615090 645
1615100 645
1615110 645
1615120 645
1615130 645
1615140 646
1615150 646
1615160 646
1615170 647
1615180 647
1615190 647
1615200 648
1615210 648
1615220 648
1615230 648
1615240 649
1615250 649
1615260 649
1615270 649
1615280 649
1615290 650
1615300 650
1615310 650
1615320 650
1615330 651
1615340 651
1615350 651
1615360 652
1615370 652
1615380 652
1615390 652
1615400 652
1615410 653
1615420 653
1615430 653
1615440 654
1615450 654
1615460 654
1615470 655
1615480 655
1615490 655
1615500 655
1615510 656
1615520 656
1615530 656
1615540 656
1615550 656
1615560 657
1615570 658
1615580 658
1615590 659
1615600 659
1615610 659
1615620 660
1615630 660
1615640 660
1615650 661
1615660 661
1615670 661
1615680 661
1615690 662
1615700 662
1615710 662
1615720 663
1615730 663
1615740 663
1615750 664
1615760 664
1615770 664
1615780 664
1615790 664
1615800 665
1615810 665
1615820 665
1615830 665
1615840 665
1615850 665
1615860 665
1615870 665
1615880 665
1615890 665
1615900 665
1615910 664
1615920 664
1615930 664
1615940 664
1615950 663
1615960 663
1615970 663
1615980 663
1615990 663
1616000 663
1616010 663
1616020 663
1616030 662
1616040 662
1616050 662
1616060 661
1616070 661
1616080 661
1616090 660
1616100 660
1616110 660
1616120 659
1616130 659
1616140 659
1616150 658
1616160 657
1616170 657
1616180 657
1616190 656
1616200 656
1616210 656
1616220 657
1616230 657
1616240 658
1616250 660
1616260 660
1616270 661
1616280 662
1616290 662
1616300 662
1616310 662
1616320 662
1616330 663
1616340 663
1616350 663
1616360 664
1616370 664
1616380 664
1616390 665
1616400 665
1616410 665
1616420 666
1616430 666
1616440 666
1616450 667
1616460 667
1616470 667
1616480 667
1616490 668
1616500 668
1616510 668
1616520 668
1616530 668
1616540 668
1616550 668
1616560 668
1616570 668
1616580 668
1616590 669
1616600 670
1616610 670
1616620 671
1616630 672
1616640 672
1616650 672
1616660 672
1616670 672
1616680 673
1616690 673
1616700 673
1616710 674
1616720 674
1616730 674
1616740 675
1616750 675
1616760 675
1616770 676
1616780 676
1616790 676
1616800 677
1616810 677
1616820 677
1616830 678
1616840 678
1616850 678
1616860 679
1616870 679
1616880 679
1616890 678
1616900 677
1616910 677
1616920 677
1616930 676
1616940 676
1616950 675
1616960 675
1616970 675
1616980 675
1616990 675
1617000 675
1617010 674
1617020 674
1617030 674
1617040 674
1617050 675
1617060 675
1617070 675
1617080 675
1617090 675
1617100 675
1617110 676
1617120 676
1617130 676
1617140 676
1617150 676
1617160 677
1617170 677
1617180 677
1617190 678
1617200 678
1617210 678
1617220 678
1617230 679
1617240 679
1617250 679
1617260 679
1617270 679
1617280 679
1617290 680
1617300 680
1617310 680
1617320 680
1617330 680
1617340 681
1617350 681
1617360 681
1617370 681
1617380 681
1617390 682
1617400 682
1617410 682
1617420 682
1617430 683
1617440 683
1617450 683
1617460 683
1617470 683
1617480 684
