1607370 697
1607380 696
1607390 696
1607400 695
1607410 694
1607420 694
1607430 693
1607440 692
1607450 692
1607460 691
1607470 690
1607480 690
1607490 689
1607500 689
1607510 689
1607520 688
1607530 687
1607540 687
1607550 687
1607560 686
1607570 686
1607580 685
1607590 685
1607600 685
1607610 684
1607620 683
1607630 683
1607640 682
1607650 681
1607660 681
1607670 681
1607680 680
1607690 680
1607700 680
1607710 679
1607720 679
1607730 678
1607740 678
1607750 678
1607760 678
1607770 678
1607780 678
1607790 677
1607800 677
1607810 677
1607820 677
1607830 677
1607840 677
1607850 676
1607860 676
1607870 676
1607880 675
1607890 675
1607900 675
1607910 675
1607920 676
1607930 676
1607940 676
1607950 676
1607960 676
1607970 677
1607980 678
1607990 678
1608000 678
1608010 678
1608020 679
1608030 680
1608040 680
1608050 681
1608060 682
1608070 683
1608080 684
1608090 685
1608100 685
1608110 687
1608120 688
1608130 688
1608140 690
1608150 691
1608160 691
1608170 692
1608180 694
1608190 694
1608200 695
1608210 697
1608220 697
1608230 698
1608240 699
1608250 699
1608260 701
1608270 703
1608280 703
1608290 704
1608300 706
1608310 706
1608320 707
1608330 709
1608340 709
1608350 711
1608360 713
1608370 713
1608380 715
1608390 716
1608400 716
1608410 717
1608420 717
1608430 717
1608440 717
1608450 717
1608460 717
1608470 717
1608480 718
1608490 718
1608500 717
1608510 717
1608520 717
1608530 716
1608540 715
1608550 715
1608560 714
1608570 713
1608580 713
1608590 712
1608600 711
1608610 711
1608620 710
1608630 709
1608640 709
1608650 707
1608660 706
1608670 706
1608680 704
1608690 703
1608700 703
1608710 701
1608720 701
1608730 700
1608740 699
1608750 699
1608760 698
1608770 696
1608780 696
1608790 695
1608800 694
1608810 694
1608820 693
1608830 692
1608840 692
1608850 692
1608860 691
1608870 691
1608880 690
1608890 688
1608900 688
1608910 687
1608920 685
1608930 685
1608940 684
1608950 684
1608960 684
1608970 682
1608980 681
1608990 681
1609000 680
1609010 679
1609020 679
1609030 677
1609040 676
1609050 676
1609060 674
1609070 673
1609080 673
1609090 672
1609100 670
1609110 670
1609120 667
1609130 666
1609140 666
1609150 664
1609160 663
1609170 663
1609180 661
1609190 660
1609200 660
1609210 659
1609220 658
1609230 658
1609240 657
1609250 655
1609260 655
1609270 655
1609280 654
1609290 654
1609300 653
1609310 652
1609320 652
1609330 650
1609340 649
1609350 649
1609360 648
1609370 647
1609380 647
1609390 647
1609400 646
1609410 646
1609420 645
1609430 645
1609440 644
1609450 643
1609460 643
1609470 643
1609480 643
1609490 643
1609500 641
1609510 639
1609520 639
1609530 639
1609540 638
1609550 638
1609560 637
1609570 637
1609580 637
1609590 637
1609600 636
1609610 636
1609620 636
1609630 637
1609640 637
1609650 638
1609660 640
1609670 640
1609680 644
1609690 648
1609700 648
1609710 651
1609720 655
1609730 655
1609740 658
1609750 662
1609760 662
1609770 665
1609780 669
1609790 669
1609800 672
1609810 675
1609820 675
1609830 677
1609840 679
1609850 679
1609860 681
1609870 683
1609880 683
1609890 684
1609900 685
1609910 685
1609920 686
1609930 686
1609940 686
1609950 687
1609960 687
1609970 687
1609980 687
1609990 687
1610000 687
1610010 687
1610020 687
1610030 687
1610040 687
1610050 687
1610060 687
1610070 687
1610080 687
1610090 687
1610100 687
1610110 688
1610120 688
1610130 688
1610140 688
1610150 689
1610160 691
1610170 691
1610180 693
1610190 694
1610200 694
1610210 695
1610220 695
1610230 695
1610240 695
1610250 694
1610260 694
1610270 693
1610280 692
1610290 692
1610300 691
1610310 690
1610320 690
1610330 689
1610340 688
1610350 688
1610360 687
1610370 687
1610380 687
1610390 686
1610400 685
1610410 685
1610420 684
1610430 683
1610440 683
1610450 682
1610460 682
1610470 682
1610480 681
1610490 681
1610500 681
1610510 680
1610520 679
1610530 679
1610540 678
1610550 678
1610560 678
1610570 678
1610580 678
1610590 678
1610600 677
1610610 676
1610620 676
1610630 675
1610640 674
1610650 674
1610660 673
1610670 672
1610680 672
1610690 672
1610700 674
1610710 674
1610720 676
1610730 677
1610740 677
1610750 678
1610760 678
1610770 678
1610780 678
1610790 678
1610800 678
1610810 678
1610820 678
1610830 678
1610840 677
1610850 676
1610860 676
1610870 676
1610880 676
1610890 676
1610900 676
1610910 676
1610920 676
1610930 676
1610940 676
1610950 677
1610960 678
1610970 678
1610980 678
1610990 679
1611000 679
1611010 679
1611020 679
1611030 679
1611040 679
1611050 679
1611060 679
1611070 679
1611080 678
1611090 678
1611100 677
1611110 676
1611120 676
1611130 676
1611140 675
1611150 675
1611160 675
1611170 674
1611180 674
1611190 674
1611200 673
1611210 673
1611220 673
1611230 672
1611240 672
1611250 671
1611260 670
1611270 670
1611280 669
1611290 667
1611300 667
1611310 664
1611320 661
1611330 661
1611340 660
1611350 659
1611360 659
1611370 658
1611380 657
1611390 657
1611400 656
1611410 655
1611420 655
1611430 655
1611440 654
1611450 654
1611460 653
1611470 652
1611480 652
1611490 651
1611500 650
1611510 650
1611520 650
1611530 649
1611540 649
1611550 648
1611560 647
1611570 647
1611580 647
1611590 647
1611600 646
1611610 645
1611620 645
1611630 645
1611640 644
1611650 644
1611660 643
1611670 643
1611680 643
1611690 642
1611700 642
1611710 642
1611720 641
1611730 640
1611740 640
1611750 640
1611760 639
1611770 639
1611780 638
1611790 638
1611800 638
1611810 637
1611820 637
1611830 637
1611840 636
1611850 636
1611860 636
1611870 636
1611880 635
1611890 635
1611900 635
1611910 634
1611920 634
1611930 634
1611940 633
1611950 633
1611960 632
1611970 632
1611980 632
1611990 631
1612000 631
1612010 631
1612020 630
1612030 630
1612040 630
1612050 630
1612060 630
1612070 630
1612080 630
1612090 630
1612100 630
1612110 630
1612120 629
1612130 629
1612140 629
1612150 629
1612160 629
1612170 629
1612180 629
1612190 629
1612200 628
1612210 628
1612220 628
1612230 627
1612240 627
1612250 627
1612260 627
1612270 627
1612280 627
1612290 627
1612300 627
1612310 627
1612320 627
1612330 627
1612340 627
1612350 626
1612360 626
1612370 626
1612380 626
1612390 626
1612400 626
1612410 626
1612420 626
1612430 626
1612440 626
1612450 626
1612460 626
1612470 626
1612480 626
1612490 625
1612500 625
1612510 625
1612520 625
1612530 625
1612540 625
1612550 625
1612560 625
1612570 625
1612580 625
1612590 625
1612600 625
1612610 625
1612620 625
1612630 625
1612640 624
1612650 624
1612660 624
1612670 624
1612680 624
1612690 624
1612700 624
1612710 624
1612720 624
1612730 624
1612740 624
1612750 624
1612760 624
1612770 624
1612780 624
1612790 624
1612800 624
1612810 624
1612820 624
1612830 624
1612840 624
1612850 624
1612860 624
1612870 624
1612880 624
1612890 624
1612900 624
1612910 624
1612920 623
1612930 623
1612940 623
1612950 623
1612960 623
1612970 623
1612980 623
1612990 623
1613000 623
1613010 623
1613020 623
1613030 623
1613040 623
1613050 623
1613060 623
1613070 623
1613080 622
1613090 622
1613100 622
1613110 622
1613120 622
1613130 622
1613140 622
1613150 622
1613160 622
1613170 622
1613180 622
1613190 622
1613200 622
1613210 622
1613220 622
1613230 622
1613240 621
1613250 622
1613260 621
1613270 621
1613280 621
1613290 621
1613300 621
1613310 621
1613320 620
1613330 620
1613340 620
1613350 619
1613360 619
1613370 619
1613380 619
1613390 619
1613400 619
1613410 618
1613420 618
1613430 618
1613440 618
1613450 618
1613460 618
1613470 618
1613480 618
1613490 618
1613500 618
1613510 618
1613520 618
1613530 618
1613540 618
1613550 618
1613560 618
1613570 618
1613580 618
1613590 618
1613600 618
1613610 618
1613620 618
1613630 618
1613640 618
1613650 618
1613660 618
1613670 618
1613680 618
1613690 618
1613700 618
1613710 618
1613720 618
1613730 618
1613740 619
1613750 619
1613760 620
1613770 621
1613780 621
1613790 622
1613800 623
1613810 623
1613820 624
1613830 625
1613840 625
1613850 625
1613860 625
1613870 625
1613880 626
1613890 626
1613900 626
1613910 626
1613920 626
1613930 626
1613940 627
1613950 627
1613960 627
1613970 627
1613980 627
1613990 627
1614000 627
1614010 627
1614020 627
1614030 628
1614040 628
1614050 628
1614060 628
1614070 629
1614080 629
1614090 629
1614100 629
1614110 629
1614120 630
1614130 630
1614140 630
1614150 631
1614160 631
1614170 631
1614180 632
1614190 632
1614200 632
1614210 632
1614220 633
1614230 633
1614240 633
1614250 633
1614260 633
1614270 635
1614280 635
1614290 635
1614300 635
1614310 636
1614320 636
1614330 636
1614340 636
1614350 636
1614360 637
1614370 637
1614380 637
1614390 637
1614400 637
1614410 637
1614420 638
1614430 638
1614440 638
1614450 638
1614460 638
1614470 638
1614480 638
1614490 638
1614500 638
1614510 639
1614520 639
1614530 639
1614540 639
1614550 639
1614560 639
1614570 640
1614580 640
1614590 640
1614600 640
1614610 640
1614620 640
1614630 640
1614640 640
1614650 641
1614660 641
1614670 641
1614680 642
1614690 642
1614700 642
1614710 643
1614720 643
1614730 643
1614740 643
1614750 644
1614760 644
1614770 644
1614780 644
1614790 644
1614800 645
1614810 645
1614820 645
1614830 646
1614840 646
1614850 646
1614860 647
1614870 647
1614880 647
1614890 647
1614900 648
1614910 648
1614920 648
1614930 649
1614940 649
1614950 650
1614960 651
1614970 651
1614980 652
1614990 653
1615000 653
1615010 653
1615020 654
1615030 654
1615040 655
1615050 656
1615060 656
1615070 656
1615080 657
1615090 657
1615100 657
1615110 657
1615120 657
1615130 657
1615140 657
1615150 657
1615160 657
1615170 657
1615180 658
1615190 658
1615200 658
